1336,2431
5790,4286
3249,4533
7334,6989
4996,4775
7604,3849
7020,5925
4093,3078
3844,4975
5722,3518
8583,9048
3300,3217
6542,2352
1601,1755
1860,2485
5193,5250
4039,2923
4636,5589
6284,5725
5395,5550
3206,4490
7190,4885
7090,4053
4315,2360
6184,5133
6966,7993
4086,5595
2065,1323
4543,6534
5781,6008
4832,6720
4784,2879
5592,6459
3673,5208
2548,3010
2650,2222
5385,5356
1610,1974
4267,5644
5112,4670
9336,4906
7423,7842
6119,5637
2890,4521
5880,6688
7211,8994
8208,8133
4461,3922
5851,6786
1834,4404
1147,1820
1862,1145
5324,3590
3415,4638
2719,1431
4437,5655
7877,7393
3191,4586
7595,6721
1141,1386
2445,6857
2629,3435
4758,8122
4864,6271
7102,7916
5046,7553
6909,5120
5609,8690
3041,1745
8317,6297
6999,6458
5306,2881
3164,1794
1523,1313
4953,6109
2500,3304
5396,2325
5997,4783
5264,6442
6337,5459
1653,2356
3475,5122
7262,4153
1662,1236
9630,9560
4933,4817
5638,6532
6769,6645
8065,7362
1037,765
5636,6019
5624,5707
2415,286
2864,3061
5424,5642
2900,6598
7396,6823
6896,6323
7339,5918
6469,6303
4654,6133
3181,3666
4614,4352
3763,2762
4316,7279
3400,5798
3008,5181
7361,4288
4766,5003
7870,7801
7156,7051
8554,9433
6087,7660
3477,3677
3381,825
4029,2768
5561,6776
3295,1207
6431,6964
3246,2528
6733,5063
6346,8752
7485,7258
4020,6291
3915,3769
5111,3849
9074,9355
6893,8350
1188,930
4602,1682
6496,6232
7483,7870
5292,3944
8055,6904
3988,7281
4095,4238
1949,1214
3760,2624
8068,5655
6854,5594
8494,5822
6496,8199
8541,8761
4554,2108
7883,8368
9008,9082
6097,5854
4415,4148
9547,9024
2725,1723
6156,2642
5647,3307
2274,2743
2184,5655
2278,5602
5090,1706
4508,3711
2046,2505
5704,5517
8440,9123
6095,2253
3097,1808
1186,1356
1848,2837
2602,4062
1357,1429
1812,3433
7852,7598
8245,8517
3052,2144
2285,2219
7052,3644
6400,4521
3828,5907
6371,4305
7137,6892
2849,3207
8003,7120
3717,3192
5104,4423
5247,7557
4699,3666
5938,5692
68,77
6157,7309
7845,8247
1778,5145
2164,4728
5627,6618
6269,3822
3114,4700
7276,3650
6748,3405
6085,4891
5164,3426
3751,6560
7781,6203
5576,8576
6642,3285
2441,4012
6236,4458
7314,6030
1784,1353
6663,6027
961,461
3804,3597
5522,7138
5181,3998
7175,7705
7550,3914
4203,3696
4192,5230
7136,5107
6900,6917
8863,8714
2147,2318
2444,1609
2198,3147
5990,5167
5748,3934
342,392
8336,7889
1843,1345
7746,5701
8686,8532
2701,1218
7147,7649
3512,2151
5879,4862
5557,6117
5742,3245
7451,4723
2066,4989
3157,1451
3670,6553
7726,4962
5183,4919
6080,6388
7252,8128
5597,4948
2671,5817
2777,3082
2968,6281
3412,8800
4527,5738
8578,8680
5639,7646
8528,8604
4410,2567
4207,4029
4740,2073
3302,1852
6190,6529
3163,1125
5995,3315
6093,4448
1712,2004
7257,6520
7947,6126
3814,6322
4520,4162
2805,6079
4384,4441
9214,8363
3371,1533
3952,3410
6759,5097
5089,4125
2372,3641
5450,6299
9260,9343
2372,4179
5230,4983
2359,3327
1486,2624
6130,4352
4974,5290
4829,2770
7107,5333
3744,3065
7413,8232
7144,4814
6127,7120
3248,7447
3806,3714
5301,2571
3903,5178
6586,5857
2815,1256
7392,7020
7479,7789
6962,6398
1671,671
7056,5120
1644,1378
4594,6520
2765,2747
754,2012
785,1084
6944,5720
7010,4659
2623,2795
6256,5726
7572,6535
5842,7168
5768,2722
4340,5559
7199,7672
6742,5316
5570,5771
9012,9374
4512,2759
4786,8035
3925,4031
4566,8285
3171,3742
7931,6908
2953,2798
2346,1386
6003,8673
5351,7029
8275,5608
6778,6525
9470,8996
4494,5075
9010,7768
1582,3013
1266,1347
3265,4291
2305,3085
7557,7995
6771,5932
2788,4037
6898,7309
2522,1903
2638,5887
3833,3508
1240,1298
7167,6177
2296,3367
2312,3492
6629,4121
5819,7221
6804,4557
5510,8680
8911,1297
7148,6860
7863,3414
5824,5320
6313,6714
7331,3053
8248,8620
6970,5752
4241,6278
2986,3185
1554,4049
5685,6636
3985,5929
451,330
3552,3317
3900,4674
7694,7850
6579,3696
2666,2034
6021,8362
2841,3171
3809,4125
3590,3159
3244,5899
5604,6542
6673,4205
1418,1622
3536,5578
1008,982
3658,7827
3161,3233
7398,5961
8622,6851
6137,6023
4686,6034
2271,2663
4333,4986
3482,5291
8512,8764
3393,5947
6438,7878
4855,4198
8245,8783
933,697
7720,1675
9429,9488
3456,2755
1674,1658
7752,8373
5175,6444
4325,5063
9212,9184
3529,5748
1582,1503
4845,3847
6547,8375
1807,1043
6141,6055
2856,2779
8518,8379
3076,6125
4555,5635
2882,3927
3181,3604
7587,6129
4210,5764
7823,5554
7610,7587
3655,3720
4531,8147
4844,6088
6308,5182
5517,8863
2992,5944
8741,8119
7633,7450
9197,9094
4426,6750
3822,4149
6230,7269
2345,3262
3035,2170
3528,3594
7731,6776
4079,2319
7116,6964
8765,8259
2604,2503
6185,5275
5533,3806
8120,8021
9035,5572
3950,3352
5273,4758
7410,3261
5303,7094
3583,5100
5844,7129
2183,6460
4867,3671
333,386
2972,3814
6741,3421
4313,5698
5502,4882
7975,8152
5527,5156
5002,2524
7026,6136
2927,1581
3931,1131
4770,7139
4714,6072
7157,8515
8150,6875
5560,7205
6795,7065
5421,2588
3221,4477
6212,7534
2796,2404
4666,4917
1547,1791
7378,7127
5883,3949
5666,1740
8722,8574
3733,3656
2176,3330
6141,8045
6000,6516
5814,6182
6913,4409
6765,8146
5796,5530
4317,4658
4121,3702
5556,7252
7112,5400
6051,3485
3326,6987
5014,1855
7645,5940
2117,2737
5204,5593
4857,6876
6789,6351
8208,9188
6815,5468
3930,3105
377,509
4916,2584
8377,8444
921,2482
7105,6638
5075,3037
6123,8083
4103,4912
6325,7589
6629,5694
3452,1917
6124,4470
1374,4625
2793,1846
3766,2000
5926,3440
7157,7584
3908,4997
5987,1874
2794,2705
8714,9399
5383,2179
4427,4831
7804,4374
5150,3998
2983,6695
5276,5421
8353,8346
2394,2958
6682,5613
3617,3111
2997,2623
7173,4390
7816,8795
2348,6443
7430,2285
4234,3306
5985,8528
5143,5436
3995,3276
5673,3781
6133,6006
4447,5948
9036,9190
1227,2516
2982,6672
5762,2251
7769,5699
9174,9437
7202,6735
4341,6787
6391,5442
3217,5112
6263,4549
4135,4213
3210,3675
8584,6304
4177,3964
5167,2867
3643,3014
6031,2503
3343,1656
5828,7433
4622,5434
5327,4552
8495,5679
3805,7036
6582,7329
5240,7813
4865,6613
3157,6369
6159,6319
6165,7063
5108,5528
5595,4642
7260,7563
4621,5006
745,652
5113,4845
7318,3769
4323,4876
6282,6144
4110,3045
6179,7976
6256,6437
7056,7697
9686,9546
6981,7150
5089,4444
4392,5254
5659,6200
5869,7802
3070,3805
7269,5461
3578,2754
5686,4632
1690,1275
1356,1297
6445,7114
1789,2923
5545,5289
893,1321
7418,7550
5366,6229
2126,3877
2189,4631
5495,7307
8060,7443
3121,1774
6676,7694
8121,8641
4204,6208
2371,2163
3963,8015
5410,6189
8431,9340
4880,5441
2676,3284
1885,3759
5250,1874
4812,4104
4603,5152
7982,8417
4427,2623
8494,8230
7321,6166
4761,4285
5152,4483
1205,1105
4521,3848
4216,6112
5189,5471
4677,5449
6913,5981
7775,8015
6226,4389
5275,4015
4288,2693
7332,5886
3145,3803
3658,1674
5130,3479
4069,4685
6876,6824
3088,2445
4795,2616
4452,6613
1310,1240
4032,2198
5377,4177
4581,2845
9271,9424
3091,2613
1381,1362
3720,2501
6548,3920
3708,4041
5215,2022
6403,3406
2937,3843
4597,4345
5282,4583
3765,5446
3715,2139
3381,4548
2571,1778
4916,4574
4093,4996
3719,3971
4358,4878
3030,2011
1439,7151
6193,7813
7992,7539
4976,6067
2075,2223
6348,6365
4208,3101
4810,3888
3430,2554
8552,7864
7888,8210
3038,2616
3718,5700
3224,6819
7852,7622
1007,906
7688,7512
7453,8353
8348,8176
7004,6256
5333,9102
7152,4075
8575,7244
977,841
2506,1992
5153,5047
3902,4231
7600,5311
2539,2065
3861,7122
5109,3474
2190,1717
7814,8771
3517,2461
404,660
8715,7720
5501,3748
4874,5369
7215,6907
6399,5499
6318,8004
6159,5579
4055,4623
4496,6190
6651,7812
7333,8108
7162,6592
8260,8047
4987,6066
6352,7117
6780,3179
2667,1466
4272,7738
6595,6900
4079,6725
6121,6450
2523,4344
6887,5679
6662,9123
1612,2056
9154,8789
2299,3798
7248,6531
4372,5501
3711,3936
4000,6276
2993,2514
7846,4043
7351,7984
1435,1429
4447,7131
4042,5420
7024,7336
7166,8398
2152,2365
5096,6024
8697,9066
2859,3271
2601,4197
5281,4350
4861,3662
2094,3055
1984,2258
8477,6946
2701,2998
7021,2360
3520,6007
8357,4919
9436,9389
7366,6279
4349,5249
7041,5470
4740,7170
3861,856
6907,4137
2731,2951
7622,7558
1188,784
8765,8622
8342,8838
4869,4656
2212,3470
7567,6503
5319,8256
4576,2859
8137,8662
2359,2520
1055,730
3264,4098
6426,2523
3422,3776
6557,6750
3229,1949
3210,5179
3718,3708
4028,3540
4090,7142
5168,4396
5828,2058
6301,5980
7487,6111
6561,3401
1312,897
4556,5958
2856,5913
1857,1177
3219,3096
1477,2330
8277,5891
3185,2788
5566,7111
3278,4218
2493,4706
3420,2651
6929,6981
3858,5950
989,2268
3514,3663
8074,8074
3674,5868
2683,4241
4647,4335
3963,4602
7747,5216
7033,7919
724,559
5140,4903
7298,7137
1474,1258
4332,5161
2903,4018
8196,6510
5211,3294
2860,1946
3243,3186
4711,4735
4213,3151
7231,8108
4818,6533
1850,1051
4852,3662
4415,3540
8315,8945
6038,4771
1341,1198
7275,1686
8303,9101
4614,6990
7041,8491
2322,729
3465,3169
6572,6640
3802,3823
4970,5887
4559,5564
8734,4730
2883,2198
8550,8407
5208,6316
3194,5839
8205,2011
8328,6496
8333,6942
5905,3115
4607,5677
2072,2565
3033,5850
5629,4036
5864,3993
2455,4680
7442,6995
8657,8288
7696,5875
5094,4708
3011,3092
5949,3298
3498,3805
3938,2876
4715,4161
4963,3106
7496,3002
7557,7134
3559,2237
2300,1757
6586,6819
4508,4572
7852,7729
4303,6435
5078,3196
2330,6115
6117,2837
1491,873
8040,4814
6451,8275
4954,6247
8081,8901
7187,4801
6390,2932
4459,3200
3479,2945
5053,4148
6414,7482
6012,2677
9014,9242
1183,1416
2946,2206
5140,5054
9040,8327
8321,8092
4120,5457
3268,3798
7099,5615
2047,2605
5855,7900
3068,4162
4290,4460
2968,5778
2415,2445
4442,4588
2962,4083
4569,5505
730,650
2251,5230
3569,5704
5318,4062
3113,3431
5548,2270
3238,3913
3043,2929
4024,2984
3546,3394
4976,4070
5843,5571
2547,3685
3895,2168
4651,4235
1069,1245
5859,2929
6545,6973
7300,8227
3083,2456
6563,8359
4477,5511
5310,6389
3161,3847
5520,3974
4908,3654
2704,6672
4654,5647
1429,3824
3029,4629
3674,5917
7076,7148
5331,5708
3922,4374
2536,3967
3254,1387
4072,3907
8154,7863
6712,5132
8714,7932
4816,6615
8406,8852
5058,7697
9672,9582
5385,6958
7641,8002
4277,5792
8372,7854
5760,1814
6040,4343
5844,6884
5712,6333
3382,8231
9151,9301
9718,9567
4040,5599
5542,6199
7667,6154
5416,6477
1738,978
2884,4596
5623,3420
6727,8446
7156,7129
8497,7697
5877,5181
6375,5291
4567,4319
4504,6159
5024,6746
1093,2871
2509,2943
3585,5073
6730,5358
4349,7326
3072,3036
3745,7132
4455,2428
6478,8575
6003,6235
2948,7351
8769,1283
2746,1200
3800,7783
4999,7060
8006,8117
4597,4064
4849,3889
2423,4452
7400,7009
777,1101
5305,5684
7366,5345
4880,6473
2385,6403
2690,7283
5788,5219
3768,7566
1642,1083
4670,934
5267,4880
8913,8305
5679,4990
9378,8321
4852,4781
9252,9410
5295,4688
6630,5982
4509,2439
7766,5553
6514,6326
4761,2884
5559,2550
2692,1725
2437,2750
8324,8234
5327,3330
4208,4664
3734,5482
9277,9644
5244,6520
3236,5058
975,1619
7586,5843
1730,3804
4588,5209
5603,3726
7607,6118
2766,3211
4292,6401
4392,6999
7765,8678
3624,4564
6433,5821
3592,4415
1581,3475
7297,8213
7460,6314
2007,3640
4428,2683
8546,7714
3927,2557
2756,2892
9158,9524
246,172
1446,1843
2882,2337
6797,8215
2521,5558
5857,2403
6764,5979
8641,7533
6476,4212
4108,4051
4435,3564
3734,7454
5638,4983
3710,4598
4742,5201
5478,2265
8818,7982
3445,2759
4789,3337
3678,5168
9672,9730
7598,6107
4489,5169
1686,929
3844,3427
4700,2010
3206,5730
3165,2423
1501,3151
4084,2218
4958,4766
9022,8788
5887,7878
6534,6414
3218,2181
8207,5003
2865,2307
5634,3673
6345,2980
5621,5190
8221,7799
6664,2725
4614,3295
9025,8576
3026,2048
5516,3552
6725,5452
7155,5591
6935,7502
2272,1739
739,975
6104,5071
4354,2780
4864,3342
1551,4435
6538,4752
3642,4118
8517,8685
6158,4689
2344,5052
5943,4889
4561,4766
1184,2255
1409,1904
2184,1215
6313,7264
6381,6912
2252,5747
1824,2544
4525,5863
6948,7101
8445,8293
5751,5005
849,1926
5875,4925
5906,7267
6512,2841
5453,6500
1790,4989
2414,4026
4943,5417
868,666
4330,3148
1068,1059
2700,2163
1147,1586
8846,6857
6481,7287
4332,5238
7898,9429
3758,2478
7466,6922
344,346
3417,7436
7917,7963
5605,4753
8273,9166
3609,3158
5493,5904
5556,3386
3133,4091
5836,5194
4290,4486
1178,1291
6558,6028
4658,3940
4570,4371
4724,4381
2138,2386
5241,3684
5452,2694
6246,4019
7259,7816
5452,4610
2013,3697
4365,6770
5676,7615
3701,7111
3493,3337
3679,3765
6123,3039
5009,5081
4098,2998
2727,5456
3920,5519
7244,5707
6117,5158
5921,4585
4863,3673
8014,7543
8292,8680
2052,1864
5215,4512
4385,5169
5776,5241
6671,3202
5352,2768
1830,4304
3270,3895
7038,6452
8274,6104
3308,5850
8835,8844
1661,3231
377,890
8569,8602
1835,2531
5864,3786
7016,4603
6818,6607
1580,1957
7616,7273
5243,6680
4909,3585
2972,3515
5957,4971
3438,3495
5626,7478
5164,5793
2567,3748
6701,2943
1679,4808
6880,6128
6358,5345
2028,2604
2993,3887
5628,4059
7511,8066
3237,2794
4478,4280
5227,7084
9628,7981
875,1937
3601,4887
4890,3932
7952,7277
5232,5245
2600,2347
4221,5455
6771,7743
4171,5147
5298,6449
5830,4131
1245,2239
3115,3594
3172,3884
4895,3381
8525,9081
6747,7093
3855,4341
8736,8783
3433,2549
5687,5772
3228,7787
4933,5849
3799,3254
1873,1264
5852,7408
3751,5684
410,811
6665,6606
959,1426
4182,4652
7087,3251
7110,7843
8815,9023
6752,6063
3147,2916
6831,6485
7256,5132
7352,8315
8128,5279
4494,4343
7758,6522
6264,5575
5035,6515
4939,4156
9204,8277
9009,7478
3377,4128
3738,6208
2581,5758
4957,6182
5403,7361
4708,3026
3023,6252
9119,9257
2874,4193
2210,4687
3130,2646
1965,5221
6458,2994
3103,4855
5244,4720
5459,5971
8588,8054
6990,6383
2478,5330
4509,4103
884,611
6122,3684
4685,6072
8303,7415
5946,6837
5282,4719
6811,6069
1293,5235
1104,800
5766,2361
7684,5598
5142,2362
4346,7950
8998,6131
7255,6553
9082,9390
4452,2401
5667,2446
5144,1665
6379,5159
863,941
3442,4005
4242,6888
6557,4825
1421,1578
5776,3560
8332,6154
6059,5319
5177,5454
5401,6897
8187,5482
3712,3501
5267,3703
2334,2303
3678,6025
2914,3510
4825,4595
2943,2451
2193,2910
2405,6961
7095,6240
3976,3905
6087,7667
3992,4359
5707,4456
1784,2444
2279,3820
6002,5943
1134,599
389,388
3659,4899
2150,2901
3374,6225
4652,6705
6903,8320
6582,6487
4152,4722
2514,1317
6708,6395
5755,5058
8651,8304
7083,5474
3983,2724
3648,1644
7928,6441
8361,7538
5059,5175
6535,5422
3754,5065
2447,2106
2493,3291
6512,6893
3912,3628
9187,8375
9373,8983
4388,2056
8240,8661
6359,5862
5961,4781
2263,1579
7868,8942
7356,6848
3058,2375
5514,3045
2097,2868
7477,5991
6847,6507
4141,4307
4090,3386
1949,2413
3841,5542
8534,8487
4195,6516
5801,4307
2885,5455
6139,6852
3653,4933
5586,6232
8091,5600
6934,5248
4123,7843
1072,2497
5492,6325
5224,4667
3247,4327
2758,3477
6194,4395
4479,4472
5197,4372
7889,8517
1655,2684
2105,4343
3647,7379
2943,4338
7928,6547
3293,7129
5867,4084
2776,3017
4749,4694
8314,8547
7260,8733
1869,2824
8601,8870
1265,1358
3009,2107
2777,4368
2227,2313
5001,6565
5326,6710
7801,5763
5382,4136
5283,4255
4121,5416
2583,4969
4988,4642
6037,7559
5611,2603
5963,5571
2224,3016
2892,2319
7680,6886
6774,6563
5176,3940
4432,3915
6524,4721
5250,3884
1127,902
744,1493
3276,2301
1936,5460
2945,3442
5819,2159
9488,9780
5102,6883
3437,2900
5403,5729
7381,5456
5260,3652
7381,6391
3476,4523
3516,3654
3105,4603
7806,5790
4352,5329
2836,1967
3799,2131
5788,2054
9085,7697
3949,7369
5194,6121
5151,5897
5763,7310
7334,5888
1919,2272
7659,5442
2357,3601
5103,3322
6433,6301
1019,759
2715,5531
6571,6943
2406,7101
6729,6997
3562,2901
4523,4784
6007,4267
5834,3779
7246,3552
8041,8216
2744,3668
6029,6283
2210,2771
3241,3034
8459,8559
1358,2285
8575,8435
6090,4423
8094,8449
3868,2515
4598,3236
4502,6878
1193,1439
4954,4248
3300,2985
5937,2971
6064,7420
3970,3223
2689,4658
7494,8325
1560,1643
4006,5045
3925,3452
5778,7022
4968,6864
2951,6426
4880,7492
3925,5266
6425,5665
9356,9468
7995,5175
3493,3137
3816,7521
3398,3966
8138,4863
7570,2811
1628,1800
1843,1004
9418,9687
6744,2583
6213,5368
8611,8420
5144,4478
8427,7971
2589,2383
1554,1816
2381,3046
404,1088
1861,2405
4864,6593
3525,3654
4958,7624
5336,1727
8513,8069
2997,2894
6777,5695
5315,4780
4480,4780
4912,7098
2815,4375
4832,2665
3957,7143
7379,4788
4033,3620
5838,4829
1036,1394
7849,6760
9486,9550
8609,8888
5730,5543
6412,5282
6012,5865
7088,4363
6555,4472
5335,4652
4579,3690
2963,4201
7190,5907
6045,6052
5275,3586
3178,3886
3614,3043
2375,3661
4755,6042
6942,6259
4364,3415
7496,5956
6203,3929
8254,8361
6304,4310
3370,7207
4238,4067
5153,5334
6632,5108
1875,1314
3835,3764
1017,1348
1763,4269
2272,3555
5717,2406
7118,3900
8635,9122
5187,6527
8465,6968
8618,7804
2614,7940
2947,3454
7499,6053
5922,4457
3953,7765
5097,5618
7842,3921
3812,4866
1712,2037
3816,4593
5392,5753
7431,7332
3859,3495
3117,2567
6882,6430
9879,9835
6805,5013
4860,2673
6001,6653
1545,4573
5311,5005
3087,4529
1610,1604
4003,3668
874,1316
7333,5956
7287,4746
5259,5624
1735,3905
3762,2941
3705,5743
5719,5232
5644,4311
4156,6359
3450,7191
7610,5917
8445,8825
8091,9113
2728,3958
5233,6313
3644,4239
2169,3010
6297,5151
7253,5626
7238,6001
3391,3837
4818,4102
7694,7144
7268,6845
5685,8545
6355,7788
1604,2731
4319,4707
3116,3308
8540,7571
1419,1446
1703,4092
4267,5307
4450,3220
4032,3763
3753,2385
2811,5711
3540,6712
4853,7286
6313,7748
7351,6299
1385,3664
6393,8008
6029,5755
3098,1992
2251,4167
8063,4513
8425,8579
1051,1181
1431,1437
3313,4747
2807,3207
3362,3419
2473,1407
6578,3396
3291,4369
4495,4105
5601,4749
6014,3834
2728,4224
3980,5417
4177,4825
6822,6257
4335,4181
1807,1663
6121,7928
3094,4848
6174,3918
5723,2967
8513,8509
1250,604
5127,1562
5398,2345
3104,4321
7218,4047
3905,5773
8450,7815
2217,3344
2534,3988
3073,5164
4579,4086
7240,6375
5735,5876
8151,8754
3105,5454
8194,4819
2916,4211
3129,6713
6539,3660
201,298
4724,4292
2727,2010
4463,2093
3630,6825
1205,1366
3862,2591
2505,3820
5736,3241
9198,8777
2698,3511
2476,4906
4180,5315
2928,3738
4786,5157
8770,8126
5536,1060
7487,5397
7252,3329
4704,2773
5818,6031
6049,3459
4980,4605
6242,6233
5508,4818
6548,8765
5669,5304
5722,3824
6493,6501
8632,4646
646,4375
3964,2676
2329,2093
2995,2778
3861,6400
3692,4875
4163,2922
1841,1453
5409,6218
1343,3461
1647,3609
7325,6727
2098,4391
1552,2202
8979,6626
4752,4285
4001,6273
5293,6353
3098,1529
3974,7132
6914,5754
8226,8679
5199,5162
5667,6263
4367,7042
9023,6679
3365,5155
5671,4435
6176,4184
6701,5963
4776,3807
2704,2949
9886,9760
3009,6055
4525,3796
9399,9278
6148,6646
1109,2025
5045,4615
3787,3020
6165,5174
7269,5347
8305,8139
5866,2909
4174,7047
1951,1254
4593,5829
2819,2217
3517,5965
1468,2158
3341,1432
4987,4741
2778,6173
1454,4043
5094,4688
4121,2925
5524,5700
3037,3824
2525,4501
1706,2172
6790,4761
4210,3905
7965,7895
5745,5574
5191,5094
2251,1884
6111,3919
1742,1348
2655,2019
3796,4226
1648,2786
4937,6455
675,254
9556,9171
6276,5309
2763,2363
7343,7530
3494,2261
5135,5624
2887,4767
2928,4731
644,953
6932,7302
6321,6013
2827,2693
8154,9058
4963,4540
5822,4462
6083,3594
8118,6166
3694,5894
6606,6575
8410,8401
4784,2813
2115,2632
5638,4565
8218,4635
1652,891
6642,4130
8925,7027
6739,6033
8278,7200
3011,6255
7399,5614
9584,9614
3718,6108
6945,7975
4173,6508
5190,5556
6876,5050
7284,7028
2382,2373
2878,8125
4964,6772
7335,5999
2823,4658
2821,2608
4813,7660
2949,2169
8107,6340
8255,8716
8170,8620
6977,6375
3409,5818
3577,3676
1677,2032
7949,6406
4594,3847
5599,4047
5843,7270
9005,8998
5783,6331
2269,3061
3557,6661
6675,5607
7172,3546
4115,4733
6510,4805
4279,3608
6602,5975
5803,4002
6948,6448
162,247
3247,6420
7489,6359
1910,2588
7718,9348
8664,8091
3168,3697
6137,5038
6921,4984
8813,8583
2740,3125
5183,6102
8047,7320
7682,7280
5561,3043
5021,5543
4057,5696
5289,7508
1200,2332
5122,5664
1708,1335
1246,2416
5128,4738
2909,2458
4337,3996
4598,6706
4566,6090
4492,6450
5106,7074
2372,7459
6708,6363
593,1147
1495,3644
4964,4552
4141,4318
6047,5025
1898,1689
4045,5588
5098,3190
3384,7764
3220,3574
7255,6666
7504,6647
8092,7861
7051,7953
5858,3017
6982,5516
3295,1303
2937,6475
8185,6678
9547,9117
7496,8483
4720,4288
7103,8130
7729,3837
2355,4618
5803,6129
4424,5799
2818,3345
7973,6907
8325,5744
5364,7363
5799,4028
5951,3341
4800,4946
4290,3185
3573,2911
4472,5029
7914,8359
3525,4836
2734,3592
5834,7932
7511,7429
2122,3190
2807,5185
2314,6460
4737,4917
3797,3082
6576,8220
9660,9592
5392,6651
5968,7134
3188,2744
9265,9585
5541,3132
2388,2731
2747,6191
3001,3713
7659,6039
1506,609
3113,1796
1864,4625
4869,4355
5888,6916
7135,5960
4543,2216
6904,7628
3253,4399
4327,1939
3944,7668
6345,6691
9072,8260
3683,5501
5844,7682
3865,5052
2842,3338
6514,4162
4528,3615
5156,6392
4904,5915
8643,8351
5459,6194
1285,1722
3401,5465
6766,4523
5835,5267
5335,6540
6173,5830
3399,6521
8624,8482
9493,9107
6431,5356
7171,5847
2724,2113
6785,5406
4348,4034
3554,2211
5261,5460
4461,5782
6701,8241
4026,4293
5538,4465
4703,1379
3245,4124
2129,2804
3359,5391
8528,9026
6442,4949
4601,5497
1227,2402
6224,4435
4043,6211
6145,6596
5642,6768
4184,5630
7587,8613
4615,4445
4530,4440
5161,5064
5739,4044
7351,5739
6520,6698
4752,7250
8741,8139
4837,7182
4524,5077
2362,3892
3424,5329
5889,7207
7631,8506
4649,4604
5336,7031
6668,1819
9906,9874
5578,4969
9012,9099
5698,5058
7541,7069
9162,9264
4021,5963
4431,3398
8439,8250
6366,5956
4357,5629
6847,7660
5345,7216
2317,2440
4167,7312
289,413
3849,3323
2990,3044
5926,8861
1080,1373
4768,4066
3588,4505
4108,3100
6836,6979
6298,6045
8431,7920
1191,1409
5407,5455
2287,1518
3898,7047
4854,6897
3713,4312
4892,2056
8757,5652
2806,1950
7220,4266
508,867
4853,7036
4074,2962
2801,5621
5998,4491
2755,1731
3595,4032
5235,2895
4253,5733
2297,2506
2371,4518
7621,6801
7051,7767
4943,5893
5448,5750
2246,3329
3254,3097
4993,3850
5684,3597
8031,6021
7148,8155
5820,7530
6141,5429
4588,6592
3209,6604
5636,4795
5396,6083
3162,3509
5804,4452
6710,6465
1650,2507
3211,3174
2512,3607
2691,3828
7697,6121
9662,9486
3625,6711
1845,2234
4354,3176
5554,5913
8062,8023
2411,6484
5193,7319
2156,7299
8387,7835
2143,1428
3060,5092
2647,1965
5985,4881
6184,3879
8451,9263
2398,3423
5444,6156
5061,4594
3596,3648
8061,9121
3736,4239
5505,4045
4234,3133
2996,1673
4642,1900
4869,3973
5982,4731
7929,3738
7727,7636
7098,1975
4706,5657
7737,7951
5340,4141
7661,5372
2603,1323
2565,6536
3408,5684
6074,3295
6636,7280
2252,2562
3299,3588
5792,4482
4057,2192
6916,4708
4712,5618
2751,1816
2702,2699
6635,7248
3716,5828
6720,5840
1546,2294
4600,4963
7855,4502
3660,5743
5695,7653
2819,4498
5894,4498
4840,4128
8503,5446
3742,3139
7500,5106
3857,3103
5669,5367
3842,3226
3065,1877
3285,2619
5241,6226
9278,8297
1442,1572
4378,4624
4986,6535
5589,2559
4648,5242
4691,7406
7041,5807
6962,7340
4967,7173
6514,3691
4546,5582
2299,3846
1536,1474
2925,2373
2567,1677
4284,3838
8831,6502
7132,3026
4305,4846
4129,2446
5615,3269
4115,2992
3209,2782
4609,3653
8000,6325
2801,6603
1320,2952
2911,3269
5108,1986
3240,4952
677,788
3485,2398
4766,5086
3841,3394
4498,5862
5908,5887
5030,6423
4442,5390
4803,4657
7107,6764
2652,2845
2824,2516
1917,2827
6362,6400
2926,4883
5939,7009
2732,1547
4210,6514
1493,2413
2918,2775
6342,7229
6630,7566
8172,7461
2616,4279
7172,6848
2677,4385
9309,9192
7620,7834
5728,5078
5344,2374
4938,6428
803,948
6338,6233
8359,6954
4516,6473
2192,2856
7948,7258
7445,5862
7482,3645
7191,7319
8109,8744
4444,5379
6964,6979
5523,3271
2244,1189
4295,4679
7548,5944
6232,4218
4344,6216
1767,4484
1486,2814
6944,5574
8964,9391
4894,3685
6690,6119
7428,5703
2815,2450
4634,6370
3773,4589
4820,7240
5525,4373
4985,4764
7059,5692
4779,6022
8881,7677
4376,4165
2022,5238
4638,7293
4654,6167
3574,4492
2581,2091
8771,8615
6397,5140
6470,3394
4420,3244
5525,5261
3198,4190
4447,4916
1490,1057
9250,8630
6112,4090
7996,2209
5723,3715
7004,3093
4658,4623
2992,3153
4783,6282
5930,2928
436,462
2391,2353
7623,7368
3848,2242
5491,6598
7395,6920
6802,6139
7245,6479
6885,4461
7801,7917
5689,8801
2730,3266
7452,7712
5659,8313
6241,5720
6406,4455
2766,4846
2456,8294
4172,3719
4509,3694
7246,2375
2550,2514
5373,3873
4938,5004
1936,1973
8183,6485
3751,3153
3437,3408
2418,2636
8970,8119
6963,5484
531,869
6892,7792
4250,3048
2084,3256
4408,4277
4107,4072
1631,2878
2040,2056
3463,3317
6892,7365
1647,2014
5931,6692
1350,3229
7973,8697
6416,5957
2599,4540
5904,5399
5530,8364
5000,3381
5423,5483
3695,2722
6757,6627
7162,6716
2306,4125
2133,1963
8361,8697
8467,7294
4200,3447
6452,5174
2746,6969
7604,5628
3296,3245
4330,2004
3840,1912
7653,4188
4923,4759
3234,6143
5528,3616
2021,4315
9280,6154
6262,7446
3714,6686
5387,6257
8465,6557
5701,5529
4958,3754
8220,7249
1868,3272
2792,2304
2514,3053
3027,6899
6682,6646
7875,7879
6663,4858
2216,7407
3561,1920
815,1081
4032,4154
1736,4275
5902,2760
7396,8093
2114,2857
4658,4655
4996,6761
729,522
7600,7751
9595,9210
5935,3048
7109,7712
6085,1321
1769,7973
2857,3625
5494,6560
5148,4525
4023,4053
3594,3264
4481,3686
1365,618
4174,6241
1386,1807
242,434
5473,6821
4118,3940
2398,2286
9427,7837
3288,2974
3617,2322
5583,5237
5638,3825
2069,3303
1537,1174
2206,5484
3009,7023
3800,5213
7066,5898
7022,4816
4140,1490
5356,3115
4351,5059
3082,3314
7055,8236
6008,8354
3087,2644
1457,3989
4337,4905
6159,3370
3601,3783
3701,5331
8890,8695
6153,7735
9042,7794
961,2068
6675,1800
5186,5033
5907,4568
3344,3602
8744,7443
3480,6773
5508,2961
2377,2660
7493,5860
3720,2516
5011,3721
3830,3462
5609,8480
4361,5226
7310,7325
3442,1367
1581,2774
5152,5051
1746,1894
1981,7170
9228,9244
3620,2805
3696,2368
7154,7946
7068,7565
3359,4703
4578,5988
8640,7972
4503,6421
6588,4379
1498,3074
7512,5359
7064,7075
3464,2787
9512,9486
5915,4042
9478,9129
6079,6517
7476,7058
3818,3828
7107,8272
6551,4258
4746,7027
8053,8350
1518,6098
7578,6698
4455,5993
6463,4937
8065,7584
1961,1502
7086,8019
1823,5208
4359,4733
1516,3868
4855,5192
4701,3306
5289,5118
6639,5000
5017,5659
5594,4106
5926,7310
7012,7757
5731,6758
4559,3674
3183,5374
1893,747
3230,6188
2596,5537
7539,5304
4535,6436
6381,5552
8397,5890
2764,3534
1633,1018
6035,4741
1130,1601
3356,4452
7076,5734
5467,4139
9184,8978
4075,2895
1586,2663
5497,5854
2968,2317
7785,7294
4917,5664
8365,8758
7875,7317
2212,2110
9290,9150
8314,8419
8109,5051
1576,1331
7086,6608
8809,9547
2846,3137
4355,3094
1583,861
8643,8715
3152,1968
7585,3144
8390,5364
5671,6532
4565,3447
4892,7301
3793,3305
4370,3816
2155,1839
5918,6335
3039,4388
7172,7141
4243,6484
6184,3218
5147,5967
3450,3797
3337,6811
1689,2862
5746,4939
4249,5503
3891,3343
4286,7162
5796,2761
2838,1598
3418,2514
8334,7801
6048,4521
1141,3831
9665,9680
4556,3916
544,612
4106,5121
2400,2754
3428,1366
6386,5145
5972,6715
5135,6338
4854,3827
6368,6785
6067,5649
4176,3803
595,9460
6527,7038
7893,5988
3000,1891
9441,9204
6275,8499
7028,8389
7468,5728
3240,2760
5244,5776
6479,4734
1464,1275
6081,3488
5429,7122
2722,5553
4147,3379
4266,5616
4749,2074
3289,3410
4545,2870
2338,3540
6905,7734
3598,4438
3859,5733
2881,4284
2643,3060
3385,4032
6431,5508
2490,5966
2912,3019
7282,8748
4402,5111
2649,2023
7628,7948
5028,7534
8734,8672
2827,3113
8618,9394
6456,3329
5961,4092
6705,5805
2429,4814
7286,7239
7760,6618
2796,2589
2158,3430
4926,3617
2266,4065
6774,5781
2007,4855
8719,7439
6348,2581
2736,6841
6819,3920
9690,9648
8658,8200
3106,6613
7876,6804
1993,2423
5983,5860
8752,4051
6354,6103
8398,7788
3972,5610
6684,3480
3891,6912
2012,2079
7147,6408
6537,4169
6662,6890
6192,3708
5562,7091
6935,6730
2950,1726
7976,7634
8300,6902
2994,4580
6746,5927
6713,6416
5361,7102
7393,4115
5325,4043
3911,6704
4093,3282
1590,2003
4983,2415
5588,5597
1302,996
4330,2644
7631,7556
8806,8408
4045,1952
7353,5821
3491,4900
1896,1323
5745,5516
7523,5894
5894,6236
7023,7550
4762,5303
2968,1944
3557,2699
878,1152
4659,4319
3484,3291
6699,6313
2622,3001
1189,2964
2529,7118
3363,4004
3576,5622
3438,4424
4809,6246
3620,5817
911,636
3147,7731
3405,3109
6700,6478
2414,3172
5487,4732
1234,1079
5331,4448
4453,7236
5303,6997
6737,4349
7460,7741
5068,5176
2576,2902
6128,7110
4877,3157
3484,7151
7081,6329
5341,8224
2980,4661
7171,6669
4139,3678
3873,3592
5284,4901
3396,4308
2739,6147
1308,1723
6022,7338
7495,7298
3239,2759
4614,3792
5738,6385
3406,3045
2032,3640
4798,3935
2518,2510
9733,9638
8580,9126
1241,2617
2086,1956
4286,3440
8129,8373
3723,4035
8195,7752
7195,7418
4571,4056
8171,6848
5396,4577
3157,6281
5971,7860
4764,4583
9733,9633
1723,1608
8535,8754
5164,7338
4020,3413
2260,5031
3552,5203
7605,8406
1600,1890
7937,7077
2828,3454
4376,2453
293,237
5690,4582
7063,4386
3910,3304
3349,4180
4448,4138
1818,4934
6697,7838
4235,2811
6132,5630
4673,5137
4629,4408
1838,2001
2958,2150
3209,2722
6633,5888
7469,5003
1436,1426
3213,4450
7121,5311
2979,1664
1412,1403
6031,7370
3060,3835
7898,3947
5232,3001
3554,2420
4343,5226
8178,9216
2531,4609
4650,6018
6000,7346
4983,4904
3291,4416
7799,7864
6761,8370
2888,4916
785,781
6372,6339
4764,3972
1149,2210
4126,5645
8176,7360
5018,5786
7896,6393
2532,1809
7590,8364
7826,7492
4963,4286
6636,6457
5565,3817
5801,6594
5698,6628
2247,1360
5691,6637
7589,8037
4108,5982
8353,8912
6367,6904
7514,8339
1704,3117
2432,2321
6257,5570
3225,4606
1895,3545
6050,3349
4329,4622
1815,2096
5896,3671
7533,6530
2900,3714
3641,4056
5273,6763
3449,5366
4707,3824
7655,6470
5871,6560
5794,4656
6696,7147
5379,7809
9052,9192
6085,7322
6304,5113
3641,6832
5390,1870
2524,4695
4764,4947
4404,4318
2784,4024
4977,5051
4632,2869
4772,3447
3102,1938
4756,6106
5870,4318
5783,7392
3258,4361
4306,3444
8060,7339
6371,7528
1550,1304
7192,4033
5608,1587
4425,3407
6706,6263
3592,3167
3672,6797
3792,8130
7247,6664
8296,8639
4227,2821
3545,3079
7997,8240
1687,4923
6825,4355
5599,3720
1917,1220
1939,4558
4340,4456
3860,5950
6399,4911
3655,5635
6115,5567
7842,7415
2558,6133
2452,5366
8752,8143
6143,3775
6964,4080
5744,5273
2348,5712
5195,4038
7997,6108
7141,7535
2004,2725
7960,7704
3346,1889
7676,6367
3276,3990
6931,7593
3129,2747
9288,9725
3749,3518
3791,4235
8281,4625
1780,4190
7068,2239
6721,4877
8480,7778
7278,5419
7095,5435
9245,8159
6147,7542
7463,8428
1279,1481
2689,3301
760,840
3045,3166
6650,7643
3745,5127
6875,4048
4620,4206
2266,2410
1611,3648
7151,5957
6526,4205
7075,4184
2538,1776
5561,5882
7072,5849
3647,2493
8232,8468
7369,5737
7627,5770
7742,9527
3325,4901
8917,8883
5889,5759
3140,5963
1591,2483
3871,3511
3542,3870
7551,8102
6509,6326
5397,4121
4356,4748
6446,6417
5298,6606
7547,4767
7719,3339
465,526
3378,6710
1914,5695
6547,7019
7158,7508
7630,2485
5633,3057
2897,2030
846,880
5901,5517
4025,6090
7453,7816
1418,4108
6086,4444
3952,4575
4783,4729
6773,6764
4548,8008
4103,4772
2024,2465
4153,2805
5183,5191
5799,4473
2818,1544
5499,4972
1830,5760
578,470
1429,3511
2532,1153
9180,9175
5944,7354
5282,7181
6429,1917
2872,4172
6521,7233
7021,7125
4339,3987
6309,8370
3275,2255
8398,7464
4349,5935
7032,6461
7259,7985
7367,7410
5078,2902
5951,5960
3744,5242
7442,6196
6209,7762
2773,1931
4894,5686
6853,5677
5899,4420
6123,5168
4946,4903
5030,6690
1584,1674
4500,5782
2051,2733
8344,8659
8122,9060
7534,7750
8025,7851
9464,9549
3994,4754
7911,3154
4767,7091
4016,4106
6160,7298
1474,1720
7759,5778
5759,2826
6424,4507
7420,7674
4293,4724
7601,7579
4962,4762
340,2782
2914,3070
2393,1808
8890,7624
8950,8710
6137,3066
6702,5136
363,446
4274,5130
6675,6525
5599,7601
6802,6964
6209,2031
1694,2079
3871,3216
4985,4222
3269,940
6895,6799
4042,7820
8240,8327
7944,6073
2319,3393
3921,4373
777,500
6707,6893
4562,2907
6676,9004
4423,4178
3870,3735
3907,6124
5665,2458
7680,8610
4279,4225
7214,8542
6021,5464
5161,3595
6166,7589
6000,6136
6702,5343
4792,4803
2109,2791
1447,1242
4628,4590
2524,1458
8292,7698
4484,4825
8209,7712
4648,4674
6830,3534
3768,2404
8744,3137
1855,7088
7424,5426
6264,6209
6166,4634
2917,3565
5297,4778
3258,6358
4599,6282
7842,2412
8097,8945
4757,5274
6976,7654
6097,7184
4651,5414
6048,5906
3974,4420
8782,6473
7826,6975
1767,4046
3393,6928
1480,1806
9135,8402
2460,7599
5599,5719
4801,4100
6521,5891
6638,4838
5058,5705
3240,3278
4964,4015
2612,3902
7261,3897
7194,6221
3944,4367
3836,3375
5457,6016
7037,6844
2138,7437
6055,6158
4500,8002
3623,2667
1630,2686
3109,2465
1144,2800
6230,7320
8976,8927
3276,7619
5767,6991
6159,3335
8859,8847
7632,6782
6417,8130
5298,5916
8517,8042
2675,3323
6402,8016
1336,1342
7116,8547
8434,9095
4237,5576
2998,3038
6096,6935
5768,3239
7397,8160
7588,7712
4401,6729
7927,2111
8138,8682
4862,4736
4012,5236
3755,6014
8593,8246
1353,2426
2610,1600
6660,4419
3999,5910
6178,5671
1933,2843
6848,5859
4457,3561
5126,6777
5898,6854
2773,3181
7863,7273
6951,6568
6304,2867
9513,9264
8858,7435
7469,3620
4772,4445
3569,4533
4273,4116
5420,4923
3022,4678
6304,8632
5431,3349
3953,2385
3059,3567
1972,2942
6945,6188
5721,6672
2039,848
8911,9270
7076,7483
2723,3283
4700,2853
5436,6539
6240,6370
1729,3085
7877,8242
3829,5191
4358,4402
7329,7907
7532,8126
5042,3508
844,778
5163,7712
6612,5996
6279,6255
2711,6006
1867,5237
4846,4260
5166,4175
6707,5388
8950,8906
5329,2712
6023,6882
3604,3715
3322,8201
7161,4486
6127,3476
8092,5347
4823,3553
5531,4905
7033,6204
3722,4310
7172,8384
1022,2481
6032,5588
3873,5122
5673,9164
2259,1874
7704,2364
8895,7489
3476,4570
7926,4948
3126,3289
3287,2154
5359,6774
6334,6404
9512,9588
6849,6271
9690,9490
2635,6627
4289,4216
5632,3654
3858,3763
3509,3574
8045,7268
3120,4112
5497,4925
5206,2381
5853,5816
4521,5559
3480,8438
3450,1161
7639,8483
9297,9356
7996,8644
7760,8426
1303,1383
8241,9154
2655,700
2043,3376
8054,7509
2368,5464
7328,8383
8878,6401
1319,1715
5335,5238
7589,7245
5324,5451
8177,7232
5707,2618
6100,4125
2049,2432
5509,8034
2639,4356
5591,6275
7938,7601
4186,4937
6866,7533
7754,6752
7043,5822
169,376
2221,1781
7287,4715
5575,4838
4904,3325
5360,5642
2078,2186
4323,3297
7398,5793
4007,4398
4392,3644
4236,3988
7695,7941
2816,2935
4065,3623
2489,2069
5603,6045
2577,2641
6263,5793
5751,8229
1484,1330
2833,4159
5992,5718
263,184
5742,5525
4754,2661
965,1828
7926,7330
4512,4331
3957,3604
3156,3085
6967,5303
3671,2466
6729,5623
6909,7651
2177,2778
4607,4246
3875,3285
5272,5561
1464,3604
8247,7228
6276,7312
2003,1665
8149,6921
6094,4034
2299,3263
4576,3874
8927,8070
2693,4250
4493,5246
5117,5665
7668,7116
4252,4620
4977,6033
4276,6951
4492,6891
7517,4069
6570,5363
8935,9312
6849,6315
7854,1096
1409,1533
6378,6472
5759,5214
6204,5762
8052,7795
2595,3144
5859,6077
7394,2288
2855,2407
7256,4508
2496,3416
2779,1514
5715,6729
8450,8922
6430,3735
1161,2540
8462,6947
4076,2432
737,677
9475,9486
5136,4823
5781,7685
5990,4678
7729,7564
6954,6719
3536,3852
1154,3289
3451,5636
6636,4961
7485,5395
5340,4426
1985,2979
4230,3536
6118,5021
6447,8219
9485,9316
1287,9337
8538,7644
4830,2422
8695,7885
3125,4245
3249,4775
5916,6156
7511,1764
3861,2768
3535,3919
3063,2319
6629,6120
6848,6161
6520,2069
5979,7182
6283,5922
4010,2398
8901,7088
6995,7564
2560,2567
6542,7885
1797,839
8322,5595
3862,2406
8219,7818
621,1347
4231,7183
7209,4282
2142,3218
3477,2845
4611,3994
4212,6781
8430,8618
4468,3187
3179,3727
2511,2751
7174,4897
6499,3978
7437,7780
2188,1697
3620,5126
4818,5553
6888,5469
5193,6431
8162,5114
6111,4070
6963,3669
7782,5106
4906,7556
5567,6499
4731,2860
4157,6875
4879,5016
1441,2239
2133,5769
7971,8305
6485,2788
6377,7619
6647,8072
114,130
8595,9003
6548,5602
7165,8044
1898,3768
2213,3302
2573,2386
6158,5773
4786,7068
3392,2702
8037,8766
3670,2416
8342,9047
2542,4140
6126,4433
4776,5844
786,658
4253,4249
5081,4300
1315,933
7728,2891
6115,6330
7822,7224
1544,1917
6627,6690
5573,1805
3280,6545
4243,6385
7194,4519
7636,7787
7335,6722
1534,1240
4298,3704
5062,2870
6497,2239
6810,3074
6142,7130
5180,6446
4869,1496
6485,5782
4114,5926
6404,4701
6338,4908
8683,7635
5987,5915
7316,2559
7860,3403
6138,8035
4147,6710
7788,7523
2571,7147
8475,7866
859,612
4049,5800
5905,5703
9858,9837
5460,2460
4948,3452
6017,4764
5629,5718
6486,5812
3448,4668
3909,1623
1211,562
8857,9198
4797,5688
7409,5867
4705,6852
1531,712
8216,6765
6196,4865
4336,5592
5117,2670
7386,8748
3550,1983
3208,292
2655,5750
1401,1142
3443,3187
3904,2697
7737,8333
2605,2212
1934,1517
7071,8763
4356,5630
2311,5635
2462,3133
3170,3770
5864,2742
2916,3901
2720,1533
1431,1239
9019,8315
4605,4501
6244,4260
6813,6075
5692,7225
2010,4009
1294,1983
1620,1230
7032,6036
4146,7892
2991,4110
4960,3069
2048,5473
5722,5154
1883,2333
5087,3302
3071,4745
2700,1590
4833,4806
8322,5441
5330,6885
4983,4517
2655,4932
2069,8027
5532,4930
5785,3974
1931,1288
8882,6935
3281,6544
5671,2201
2714,3225
8991,8381
4590,4187
8023,2934
6468,4788
7175,6467
5534,7182
3668,5685
2538,1952
7272,4166
799,1045
1667,6329
6069,4298
8563,1483
9442,8876
9041,8319
6120,7247
7285,3799
8948,9001
4674,7303
3372,2710
3342,2245
4345,4781
8635,8863
7260,3505
6841,6561
6217,5813
3540,3000
4113,4658
2440,4956
7088,6607
1050,1527
6961,6395
2658,3914
5326,6471
6485,5436
6242,5341
9458,8936
9065,8318
1104,1208
6173,4334
6557,5962
9462,9444
6291,3847
1298,1640
6356,4345
4965,3700
4478,2668
3354,4067
2455,3727
4912,7477
3199,1312
8749,8706
4186,6154
5851,2872
8951,8685
6886,7088
9408,9783
7153,2044
2501,1939
4542,6154
3814,5575
2271,1757
7664,7741
5779,3864
7136,5367
5564,5142
5254,5170
4696,4318
2918,5017
6135,6169
2999,1963
3223,2925
8594,6471
1734,2904
5605,6001
6577,4767
3507,3236
8786,8930
3058,5285
9425,8690
5248,5429
3760,2096
4895,3190
3589,3294
9718,9739
5374,3138
2747,3923
4213,4452
4119,2365
8810,7294
7771,8203
6549,5796
6585,5609
3450,3266
4358,3717
2049,1561
6855,7627
3290,5484
5920,2570
1193,1319
874,1161
3724,2592
9873,9863
3882,1657
7718,4628
3904,8237
3485,7156
4481,6594
4268,2474
6938,4327
7727,6734
3827,4705
4002,6723
7351,7618
5415,4136
1851,2524
4728,8050
2655,1522
3878,3451
6784,7873
5290,6450
2835,2372
3184,4577
5524,3959
8263,8003
2761,2082
5384,5131
3389,1536
3086,3793
7498,3753
3141,3546
5872,6612
4449,6403
3734,4625
2416,2744
7658,7691
5656,3509
2554,3423
5144,5619
6954,5622
8242,8322
5248,6159
3887,2850
2240,5718
3904,1394
8528,6802
4659,7299
2887,4144
6412,6275
3096,2317
5335,7569
5202,5262
8464,8712
8273,7409
6254,7593
7570,6027
745,1261
3896,4241
6917,7158
4454,1904
4714,4195
8381,7750
6767,6080
2299,2945
3289,4468
2105,2398
5465,6605
9299,9524
5548,3806
4530,4231
5384,5233
9093,9007
5451,4098
6204,3623
7817,8614
1935,4719
2302,3059
4842,1840
8505,7329
5531,5881
3417,5154
7052,7315
6202,7631
6508,6645
4274,4719
4199,5667
8294,7480
6096,6902
935,1059
2645,1670
4550,6737
4950,6583
2085,5851
6452,6057
8596,8008
2307,1739
3236,5345
3907,4714
1536,1614
5857,7048
649,1400
2383,4836
2273,7660
4856,7371
3176,2601
2253,1355
5690,6691
5741,6167
3997,5176
5004,5979
8271,7324
3631,4302
2656,2028
3326,2752
1491,3510
4057,2493
8928,7941
6730,7844
7810,5815
1609,2429
1775,2100
3884,4330
6091,4107
2769,2893
6203,7428
3235,3625
3709,3831
6672,6327
953,635
8164,7727
3769,4742
2735,2266
3279,1676
2761,3092
7744,2502
7266,6470
7012,5073
9010,8127
7767,7934
2564,6965
6984,6704
2658,6495
2703,3779
2797,2820
7051,5420
3615,2863
6953,5666
9350,9186
9064,8082
6682,7328
4735,5863
8028,5316
792,1454
3201,3022
911,1067
6103,7388
4191,4437
2095,2982
8003,8634
5111,5852
2812,4055
7715,3428
6854,5741
7696,8656
4566,4107
5603,5260
1031,4831
1574,1325
5478,6734
2523,1172
8491,8078
6765,6480
6233,7000
5194,4920
2193,4472
4704,5267
2888,2776
6259,6949
1968,7585
7663,7230
5512,7391
6221,7137
579,621
6319,5660
5160,4032
4156,2375
4966,3991
1905,1848
8856,8715
4820,4956
6256,2850
3745,3970
5969,6260
9503,9397
7608,7168
4464,3801
5218,3954
8583,7631
2607,5421
6312,4993
6532,8350
5704,5633
7576,8036
5170,6379
4334,5233
3633,6417
4568,3648
7969,8830
7211,6729
4347,3194
430,544
3759,2530
3194,2506
3515,2247
5604,5381
2839,1134
2667,1831
4417,6761
8702,8616
3863,3836
7349,6067
4046,6173
5786,8247
7998,8792
5308,2389
8589,7649
6349,6873
2375,1570
2278,1192
5528,4336
6207,5025
8091,4780
5745,7588
8393,8544
6091,6237
898,1056
7326,7891
8149,7192
1459,2364
8640,775
4576,5504
7070,6470
2729,5934
4829,5095
5119,4747
8555,8385
6189,6547
2331,5136
8179,7220
4518,4628
3990,6129
9319,9477
4799,4318
9112,8745
2295,5616
9092,8989
4150,2129
4340,4990
4365,6441
1683,5497
7117,3018
9342,8944
1900,4697
2372,3377
2939,1667
4231,5241
5405,7393
1613,4841
7796,7908
3511,1200
3846,3338
1961,1787
1412,1997
7087,6149
6808,5906
5246,1976
5229,2784
5852,1233
4341,4166
6986,7796
3884,5017
7743,7530
1282,1512
3918,2766
3162,4733
6767,2990
1051,2311
486,583
5875,5881
3837,5814
7937,6339
6319,6645
2904,4078
3863,5492
4791,2650
5211,2726
5730,5839
8439,9151
3123,2594
6713,4082
6604,7563
1974,4701
2887,1959
7105,5331
8069,8329
4772,6158
7871,5465
2442,2938
5918,4374
3464,3693
7893,8683
6602,7042
6397,3780
4643,5040
3339,4813
2481,4635
5971,6763
4320,6672
799,1541
8576,2862
3763,2253
2222,3609
8598,8851
5101,5283
4019,4299
5568,5010
4000,3514
2831,1538
6246,8650
5912,7769
3095,1329
3171,4307
3835,5273
8354,7547
4222,5405
7761,6829
1437,1305
5254,3095
6990,6547
7418,7772
6581,5511
3240,4647
8189,7666
5169,3160
4723,3872
6187,5034
3652,3880
3712,4522
8493,7222
5644,6093
6228,6173
8119,7297
1871,2506
2722,1762
5263,6128
7463,7899
7455,5069
4571,4119
3243,5158
3564,6191
1960,2056
7437,2277
5372,6054
8201,8479
1399,2857
5124,7058
3308,6489
5885,2660
8967,8935
4628,3848
7003,7369
6044,5935
3084,3832
5671,7222
8769,8780
5121,3199
5264,4373
8034,6991
1297,1787
5404,4298
4930,2264
6449,3979
4317,6576
6112,5046
8263,7407
7976,8159
7518,4849
2152,3829
3170,1832
2694,2087
4518,3389
4468,2857
5166,4215
1631,4823
6489,6167
2469,1950
5233,2746
3611,4263
4372,1980
4000,4341
1916,996
2483,3482
5522,5221
5850,4564
3264,4342
3435,7359
5820,4907
4378,4340
6003,8579
7235,5472
6160,3757
8390,7294
6467,4247
4879,9248
1216,1105
3314,1193
3515,4531
6703,6696
7114,8498
2427,1685
2228,2368
6779,2612
7844,6834
9601,9165
2269,2972
5446,4917
6429,7202
742,658
3775,1688
2396,4140
5083,1760
7325,6418
7581,4607
6748,6425
5859,7350
4989,6140
2278,976
2259,6638
1234,2046
2562,2401
5080,5060
4318,4765
4447,4328
2939,3223
3231,4917
8244,8221
4232,4488
2695,1325
5211,4583
4169,3847
2495,4256
3875,3404
3471,7044
1789,862
7920,7820
3352,7165
5187,3102
7286,5762
2435,6437
244,206
5555,2032
5933,7938
5312,7470
3211,3918
8621,8647
4449,3953
6872,3938
4432,6253
5093,4549
5645,5764
2180,2236
6991,6403
6578,4965
4073,2599
5451,3589
1580,2360
7929,4873
4779,2994
4742,5320
6366,6801
6695,2733
3218,1525
3806,2950
4386,3126
8425,8860
7706,3714
4289,4284
8540,8989
8315,3210
6335,7305
2567,3514
5867,5055
8999,9004
3100,3839
7611,6548
7664,8706
2264,2737
5686,4739
3374,3737
5527,6961
4649,4188
8511,8608
7786,7851
8579,7867
2300,5541
8371,5454
7025,6365
5351,4624
6713,8087
6500,6316
7983,6755
7997,8249
1237,1332
5769,6897
6894,5027
4123,5258
5934,6463
4445,2191
3375,3208
7248,5986
2730,2336
5977,4987
5580,4850
6152,3132
2772,2016
6072,4101
7845,9307
8256,5279
3483,1748
5398,4265
2234,3607
5211,5851
6298,7233
5818,4095
7304,8064
2410,3678
4574,4319
7106,7557
8109,7545
7313,5315
4466,5014
6651,5327
2929,5771
5426,5817
4426,5374
5187,4219
3277,2937
2335,1309
8513,8997
1172,2424
4079,4880
4359,7013
6959,7560
7991,8634
6536,3763
4264,4896
7195,7238
5918,6974
2800,3824
6037,6638
8820,8712
6328,2554
5885,7365
5040,5246
5615,4193
8273,6926
4669,3250
4399,4655
7653,7050
7675,7182
2894,2683
2166,1782
4244,4478
6755,7346
4398,5122
5337,7135
5955,7849
5024,5411
8670,7811
847,1106
7083,5131
3574,5260
7886,8263
4771,6470
475,251
2551,1698
8383,7103
3578,6404
341,875
5370,5796
3457,3810
3090,2157
3344,4964
3289,4627
811,1897
2974,6973
3705,5697
7747,3522
4469,3495
4807,5390
3579,3546
6367,7009
9667,9742
3193,7696
5269,1817
4562,5010
3863,4691
4331,3372
8015,6929
6846,7720
6330,7403
5150,3525
6951,7956
4126,2184
1289,394
5617,5965
4909,3555
7215,6964
2071,5232
6707,5846
7510,6223
6100,3787
4309,4764
2644,6724
6656,7452
1614,2972
5689,5608
636,816
5724,7831
5544,7990
3640,7860
5074,5652
4535,2630
6687,5943
1580,1979
6341,8345
6694,7555
4324,3395
3697,6367
2167,4698
9018,8596
5461,7013
5253,5095
4410,6444
3833,3492
7692,8121
1229,1484
7059,7260
1813,1155
7933,6166
2424,3762
6471,5005
8290,5402
6862,5697
5510,5013
7382,5777
5318,5289
2233,2272
4810,3447
633,917
7117,8004
4228,3485
3520,4348
3063,3237
8570,7896
6612,7127
6091,7348
1166,885
6369,5242
5047,4465
6154,2239
2662,1486
5971,3849
4962,5323
6976,5957
4356,3754
3275,6703
5763,4899
6823,5216
4881,6792
1253,2672
9413,9667
3498,3408
8007,7337
2966,6483
8629,9396
4490,1915
7281,8542
8243,6409
5250,4975
4602,4032
4315,7584
434,648
3108,6203
6620,7115
3379,1832
9177,8882
7997,6917
7317,6537
1298,2113
3598,2880
885,2162
5247,8151
7519,8897
2349,4650
4882,5791
6720,7834
4156,5009
5540,6204
4752,6525
3089,3320
6167,3199
656,808
5672,4532
992,3065
3547,4071
1631,2926
5434,5651
7769,8588
6424,6641
2243,2820
2771,3239
8344,7205
7057,4564
980,906
3752,5961
3089,2881
9763,9834
3048,3551
7504,6964
2163,5380
5206,2108
7875,7779
8333,4951
2632,909
6225,6162
7977,6008
3886,3331
6133,4224
6275,6092
4300,7889
7711,6299
3071,1840
6539,5523
6112,3457
2841,3306
7008,8008
9299,8881
3747,5388
8886,8651
2548,2244
4541,5477
1411,1708
4767,7936
8601,8548
5890,4582
8936,8009
4781,4399
4449,7969
4076,5947
1528,5445
8270,8624
6324,3992
6900,5146
2799,3780
2500,1459
3501,6038
5831,4655
1909,2495
6025,4213
6780,3592
3619,9501
6236,1840
3502,2495
3440,1773
3367,4072
7464,8130
2207,5994
6665,4441
5615,5514
2416,1828
6244,7167
4097,4903
3287,2658
7668,7345
7750,8597
7494,8820
6628,6511
4654,2041
1375,2508
851,2084
5603,3534
615,656
9173,9077
804,3173
8079,6039
4336,4909
6082,4695
7481,7266
5340,4024
843,451
5254,1959
7297,6516
8709,9105
5437,5059
7699,8578
6387,5703
5173,4218
5564,6287
2992,4142
6682,3197
2061,1524
6621,2297
3943,6216
4117,4011
6796,5735
3124,5959
8845,9217
2750,3344
4213,4719
3602,3176
7378,3051
6631,4756
5623,3507
2284,875
1654,2019
3360,2348
6078,4382
2460,2582
3111,3747
7332,6688
7054,6993
4416,5817
6049,2362
5271,6007
4383,2409
4023,5148
9575,9695
3723,5152
9031,8372
6235,3210
4757,7487
260,98
5063,4163
2958,4226
4291,4078
6884,7043
6194,7874
6698,3460
8516,8453
5910,2672
5220,3876
6338,5029
7334,4477
6107,5983
2783,1996
6408,4232
4033,6241
4886,4548
8834,8877
5234,2839
7238,5520
3858,5998
8847,9025
2674,2021
2829,1536
3161,4970
6765,6501
2438,938
8647,9005
3071,3188
9546,9291
3116,3937
2702,3788
6742,2828
3225,6930
7574,5745
4666,4781
7513,7330
7603,3185
6141,6741
2845,2683
4957,6789
8679,8516
6700,7971
7317,6968
5641,8701
4339,3753
1249,979
6853,6940
8424,9077
1424,3487
5957,1815
4698,1519
4962,3519
5395,2767
6908,3411
6496,7157
8281,7774
1376,2272
927,430
5653,3909
4214,6371
160,211
2238,4317
6319,5700
2505,2212
7387,7399
6908,6826
2856,2920
1878,4489
2490,2398
2000,2797
5663,7137
7665,7651
5759,6766
5228,5776
6465,6734
6291,6784
4606,5677
9440,8832
3689,2401
5544,4352
2943,3279
1066,779
4843,6425
2317,3017
6405,7373
8210,6718
8397,7226
3706,4302
4572,4238
5057,6699
7999,8597
7213,7373
6680,6374
6272,6317
8761,8021
2412,3705
8053,9003
4627,4313
7507,4763
1577,3223
6523,6018
7127,5202
7217,5218
5288,2149
3042,7926
2159,4583
5084,4375
3478,2750
5932,6270
8943,8576
6739,5907
7595,7681
5453,7404
6390,3825
2473,1607
7009,5894
2253,4210
7926,7240
2866,5674
3947,2577
4065,4953
7873,8571
7439,7097
3061,3764
853,1946
5150,7122
4087,3052
4037,6605
5994,6198
6196,4931
3735,2304
6408,5867
3309,2966
5087,4480
6171,6030
699,1828
7955,7841
8100,8509
9106,8670
7196,4366
4212,2469
2775,6681
5955,7121
3577,6630
2029,1680
4661,2482
4608,4080
1500,2275
6217,7544
4309,4560
3069,2372
7132,7302
7413,5715
6886,6256
7112,7429
5171,5429
4478,2912
3989,4730
2434,2173
2490,3906
2110,4333
4274,1930
4505,4297
3280,4511
4231,5911
5990,6608
6306,6842
1883,8125
3280,6512
5367,6696
5653,6642
4829,6178
3489,2971
4022,4348
4424,3316
4595,3900
3038,6395
9151,9021
5874,3087
6552,2712
6328,1878
9170,8966
4349,4629
1188,3215
7190,7428
7743,8652
7516,6955
8798,8312
3328,3766
4697,6554
1950,2005
8271,6482
2022,2751
4826,5921
2198,2150
5478,5574
1738,1660
6311,7474
4293,1882
5597,4618
4673,1616
2836,6998
1993,2759
5207,3464
1533,2759
3586,4196
8036,8543
7347,6850
6394,3831
4915,8222
3788,4923
6797,7961
6807,3527
7400,6473
8082,8337
5358,5019
2923,3941
4989,5746
1997,3049
4108,4897
2736,5146
6550,6199
3665,3508
5566,6483
5154,4229
4005,4773
4204,6503
4146,7228
5556,1775
1273,2533
1245,690
4232,2769
3764,3332
4337,3014
8094,5651
5656,7189
2664,4822
2988,2472
2639,6964
5119,6273
1928,1584
5890,4718
3806,6121
8643,8573
3387,4458
847,2389
6340,5661
4843,7267
2822,3789
3003,2963
7159,4739
5195,4244
2849,3066
5121,7297
3089,4351
6573,6097
4089,7603
5914,4258
8576,9024
6171,7902
2936,7995
7226,7869
3274,4858
2806,5551
6434,3036
6356,7971
2698,2950
6641,6879
3406,6331
6044,7167
5411,3030
6760,6421
6127,7348
3982,3388
6791,5079
8014,6886
2975,7136
9682,8493
2480,4053
4589,2965
4921,5738
3883,6756
7289,8441
3970,4449
2329,3203
7154,3196
3544,4655
3456,4291
5996,6682
7696,6168
5263,5607
6695,8183
3589,4753
2877,3806
2200,2242
7190,7519
5620,6502
2471,3044
3953,4095
1984,2591
2551,1313
8079,6516
1493,1771
4071,4938
4053,5857
1226,1303
6190,5326
2169,2251
3329,7263
5486,6994
5527,4736
4059,4071
2596,2563
4426,2584
7099,1574
2757,3528
5611,4356
7837,7717
7818,7754
1633,1433
1649,1380
8044,7623
4275,7539
2832,4470
5833,2138
5275,6837
4636,5003
3346,3603
4137,2081
369,537
4340,5061
4586,3993
4019,5500
8094,6416
5813,5574
687,947
6423,5312
3126,7777
2482,4601
8036,8378
3535,2887
1435,477
8555,8769
4901,8101
6274,4297
4336,4753
2740,5463
6064,5257
2220,4745
8269,7582
5342,3874
7854,8464
4005,8586
4476,4604
5080,8550
8126,4718
4233,6088
6757,5418
1550,1533
7622,4960
2566,3849
7658,7724
3119,2488
7681,3128
8542,8625
2232,4490
9442,9002
5003,5498
1530,1319
2766,5622
2884,3747
4770,7368
7744,7839
7747,7737
7333,3564
4173,3130
1350,2044
3824,6604
705,810
3357,4938
3237,2847
5630,5331
7807,4807
2713,2512
7133,5921
4040,3790
6439,5780
4786,6387
2288,3720
2472,1903
7002,7199
2276,1263
3962,5128
6349,4749
6268,5673
7493,4459
7531,2170
3047,6184
3938,6897
3949,4058
6553,6556
7800,5429
4988,7231
1381,1373
1342,2178
6659,4219
7759,3205
8071,7732
7657,7044
6167,6228
5876,4891
6400,4320
6489,4568
1368,1506
3189,4310
7284,6587
5587,4161
202,485
5108,2292
1867,4490
3106,3567
2538,7060
4220,6614
4164,2219
3036,2427
4882,5417
5112,4192
9264,9494
7358,6368
5595,7149
3440,2422
8956,9043
7451,7139
4004,5305
7119,7491
6249,6781
3856,2288
7098,8187
5394,5440
7148,7621
3121,3508
7132,6828
5185,5924
988,904
6078,6472
5478,4533
8171,8750
1235,5195
6290,5861
5281,4742
4509,6059
3046,2892
4456,4320
5681,1770
2218,1766
6894,8258
219,386
5389,8243
5791,4030
8556,8686
544,3135
7904,8331
6984,4738
1964,5236
3418,3518
6154,5542
8452,6568
7365,6090
8507,9148
3914,4367
1088,1421
7619,7873
1242,1144
1772,3545
6439,3463
4307,6713
3135,2714
8115,8731
1092,1010
3400,6015
5852,3150
7740,6239
5148,3339
6174,3595
5931,7552
8210,6508
2299,1299
6567,6584
5050,8198
1910,1356
4358,3237
3041,3622
712,988
3929,6009
70,98
5426,6191
2552,2263
5284,7085
1779,4250
2046,982
7144,8094
7608,8738
3073,6681
5819,2605
5739,5018
6674,6867
2185,2246
1466,1031
3752,3928
1890,4043
1044,1277
6495,6386
2995,7545
6740,4309
3868,7666
