6;1;9
+150882791,9927192;1078046779,1312795824
=1639514715,68768276;1021693283,1653573450;498436394,1607941082,1176825984,61349026,1965690290,1651903577;0
=140362533,889805779;85630789,712711021;913292379,1952708530,1746871758,611782039,1588397333,809316449;0
=432429437,462250702;1604836373,1281543417;2099237766,1550320177,1748480530,1142696323,1962541385,108910099;0
=1947976026,1957758917;1689298658,1019140154;1095885142,1959941935,112647822,1175837326,127510659,746397436;0
=1192116027,317716085;219248492,1104487142;241558994,1743035241,2139525442,138113340,902757997,202730109;0
=818719103,613621150;422686369,1391212812;1786164908,1254934204,1520455982,2090270783,2006573833,190362969;1
+475478758,575202990;472520583,1332099236
=1140023262,908545193;927883348,735298941;523437279,182365747,1743539814,1777822706,1110382256,1437504948;0
=1246477727,2069660765;199724999,201999773;753256438,1905796089,1402898570,87574948,960044915,461433666;0
=1132616677,1768599374;2063871898,520414643;2092358401,112722035,1361330214,1169730589,2016522680,337385636;0
=770700207,1279443444;91724149,254010836;1154137853,1117726577,777163958,1671521985,921844753,451209532;0
=1263735030,821031426;17951749,1397577006;1229620987,362648147,1580440832,1180281260,620411001,1293892984;0
=1878118613,1994346576;1191643910,1597510050;2086437846,1749990135,1686218075,431753396,821850025,783168469;1
+1204244250,839329357;1172336474,1635388705
=1833460387,62581712;428191841,318857826;1046807211,1355213242,1933362933,555858997,1302968846,727414205;0
=1140903326,377009275;1323974097,1482850352;565206518,2033926035,88408652,1436256706,1476733061,1584703164;0
=225263612,672479392;544973316,938220453;323143512,725311806,1770609885,1610281007,1160322772,1316763679;0
=525982319,1244339109;672978800,764666398;1501381421,673804740,251054,1008575175,1561886649,1077355398;0
=75722471,1697522669;1975934,813083501;1694610152,1915613832,360899520,1346966589,1968993360,1664854553;0
=710305210,1716877411;1944564482,250916469;2110379664,1543617363,865714024,469471468,1743775035,356494263;1
+1165929508,213708809;1311706319,635954535
=1223442138,677297743;252958391,48505681;555338024,1478417748,1588312328,2008717367,773393537,1700668720;0
=847840672,2132127940;1382399299,1559276366;362600514,799827546,1528928768,948962206,552619951,1483696236;0
=1513630356,1720366959;2106199166,1184687057;1875165995,410588768,980716323,529394649,1954127020,1639970315;0
=1115600738,1954492806;1372377721,817178032;1108418895,1766469033,1046840891,759055757,87249658,1452264581;0
=617699162,373112972;976964614,1510867292;444276562,1300212601,1721898517,699272439,1027615811,522568793;1
