6;1;7
+2187946974,2324278090;1730459362,1677350060
=532494159,695700369;1158732513,2150246242;3593838362,2671979520,1903828214,1472048699,2494432263,2212340212;0
=3291865363,2653090174;1350460155,2989105770;3326359820,1721848523,2364243849,2932323385,3800137721,1903107946;0
=3485840515,2564585420;4145433495,3192492986;1984765324,2274379228,1967568733,2166678726,2097984772,1009333713;0
=1674859401,3023340086;1565152236,2238616037;3200564104,1546637889,2064342175,1962522508,1611297101,3038378225;1
+891722711,2821877889;2839514411,2298493989
=2320378089,2809101030;2520104222,882960971;1484040567,3261324658,305283026,2119414675,1040719407,2334133616;0
=1040637597,2260589013;2457895010,2046176921;2781141887,250464267,3070485085,375312357,2095565322,2918086671;0
=851556957,2047122542;3436288339,1509689247;2557992268,273547417,1115180990,3099982505,2969323297,824914745;0
=1233860162,1677546377;1548942429,3692409972;814705760,1636931078,3597267064,1004758949,3368005135,1661156735;1
+1492305313,1643416716;1048589936,3373398158
=1552139509,1566217755;3556764429,2144689892;2433537293,2759880572,3087785603,2312181787,1913887532,3029079076;0
=2578801075,3383266459;2005511698,1315463276;2108962669,2792697891,3730329923,1791365151,1909915549,3629659247;0
=1268756886,2304099639;3098288683,1269568952;1507519569,2392576953,2227425095,2163327861,2749360168,1244045623;0
=1119920365,3066993704;3087070347,2890616365;2048715013,882875300,1614028175,3427781278,1813165227,2682801226;1
+2536074705,1156184598;749380077,2061831640
=2895345717,2947960094;2144050471,766571362;1398658100,2418719557,1592316870,2122475734,2848076192,3874969247;0
=3338708606,3120367792;3137477745,1258170977;1523193496,2134203113,3049357971,1189955874,3110361500,1919046803;0
=1596445002,3327822719;1230074415,1834252187;1547267869,1619371058,1869920469,2735468113,2136230268,2338401117;0
=3058253602,2203263757;1159390781,2359671755;1814352586,1540349346,905913305,2971505480,2351063476,1597821435;0
=3431767924,719249436;1549923237,3113640032;2523934518,1655986877,2337257689,2950155630,749873356,828472906;0
=1917253273,3735953279;2646757740,874873396;2105277203,2889294090,1954742822,890086066,2645271114,3178684929;0
=441769517,2197567916;3018592215,2258159850;2313950345,1201528169,2676764260,3064926067,2778324364,2884000670;1
+2027917449,3599712522;1961484165,1409734394
=3496760050,1965141770;2494964539,2680907892;3610439029,880636965,2429342231,3493899635,2595167031,2152756221;0
=2632145982,1972481394;3252327710,2348612030;1022295839,1856792572,1849424622,1587480301,1567375819,1918436916;0
=3231941773,3195794739;4053726446,2806521529;768705203,1761759932,2587040354,3586443766,4137808776,2994417368;0
=2140868958,1197013704;2068190227,1061275826;2160111844,2385509249,3963347803,1552174666,1468975086,2220545883;1
