6;1;8
+1162030061,2995498205;1033479052,3131508084
=4088305278,2579339274;2200122883,1635508626;2487234918,2837762918,2509266406,2287119207,3739330091,645562565;0
=1773761003,2450139552;2178193769,2006280467;2525191598,3421648160,2553879511,2776512459,841356049,2034225555;0
=3332974996,615195808;1954831176,771815955;1078789867,3093993795,2689821373,2360053933,2342214230,3896167736;0
=2325862761,1804346538;1833386680,993236793;836750388,2191795225,2587637310,1638578385,2332736909,1893361651;1
+2160900858,2325466984;1773324935,1577632053
=1353783920,1946013207;3739441291,1004134591;2235889789,1781805912,414534898,1369517314,3593524587,3258563512;0
=3111041193,3877148193;766856460,2999940356;2370254964,3643485977,3092466578,2994167632,2924610133,1714357565;0
=1730669468,1886915347;1635313645,2806551958;123965442,1301075664,1119573061,1121797255,2466761602,1315639171;0
=3136946965,1417637697;991848722,3186895649;2267793968,1074695387,2989412855,3146798556,2935681369,2638564594;0
=1685604113,3319576276;1650956031,2176656192;3623497351,2311406258,1192211872,1215451462,3244499788,2280504127;0
=3164702662,1279659578;1082463966,1692670774;2298164689,1321529421,3227957466,1678816931,1932791637,4004413508;0
=1456661861,2396637189;1151422766,3256468013;1524553191,2448074473,2271659948,2174724111,2167703920,2390273450;0
=2797030706,3152770242;3406828355,3511251307;3688107577,1088118567,1294172994,1165113986,4008320468,2144381128;1
+246367646,2884376326;2720303294,1498677465
=2224421574,1285082510;2831531197,1088154005;2227269772,1525232826,1107943265,654702680,206392261,1022070638;0
=1828303605,1237479634;1023073733,2204247802;2443514222,2095065067,1661947873,1925685482,758686695,2527120842;0
=2345223226,655445891;2507943709,3373635691;2406048515,2276068292,3224866010,2507343314,2342145756,1498225187;0
=473987855,1318671890;2283647895,2818966521;1991248401,3021463381,2218599888,1901695018,1604510804,832888702;1
+2342728498,822710807;996315625,2883358485
=2830465753,1492582262;1693579358,2154633107;1106135582,1885609295,2185506803,1088186321,2383616924,2440787391;0
=2909175451,2353239512;1288283901,2963479985;3986146062,1359919920,2155059786,634936828,2577100676,3381810653;0
=2527614762,1192839273;714461765,2382124308;367382204,2081690107,1812876297,2026347417,120732796,3094104372;0
=3168049081,2144749638;740242418,2097462396;1885961548,1361352838,1894947372,3560773170,2203633272,903829565;0
=2614965637,1577762496;1430651232,981212564;2119175229,3765545289,1681514545,3735022826,1393876010,2964530919;0
=2766276772,2467235409;1661503164,4138039163;3573982709,2262477408,799976954,1911370012,2627295255,2669205823;0
=1347549045,1469187171;1396884493,2528446547;1545098444,829270929,1644745820,1167953340,2917286413,2079876868;1
