6;1;10
+469992588,1185781238;1676198030,494119719
=2067706171,1946467837;1703171113,749233100;1373849039,464848446,508590282,1553784888,315570252,1765034819;0
=208929930,621966414;1669917732,399295403;851402537,8534805,1284821723,241800854,515541814,981256183;0
=1972134890,851199613;1028543739,1282314578;282684213,1261031304,1823049047,1809030724,1365857138,313633043;0
=338066320,117422945;1619698341,782516471;1067988415,1032852546,2141504481,887095785,177900391,282583941;0
=245060965,259154396;186128311,1674982048;834738493,448588552,1729072885,579923381,808758737,875721391;1
+1380814853,1195809082;1170134088,187567199
=381667827,1865004965;805362521,1007499123;1505534358,1006566654,1957559689,373011658,2093616269,1787541734;0
=636808234,2028427152;1369596718,1886990682;1909829941,53301865,1430586167,778534890,956947156,1560504224;0
=655821466,145516369;1436334333,161755032;1069875215,78397627,1190210921,1217434638,2029352097,943304898;0
=1603450610,1166601620;940014596,698215099;996421913,243235656,734958539,1693121878,1035190275,254357789;0
=1344945912,1601993245;1782515659,1821136632;1309053236,862172476,765666447,1991421542,692655581,73383647;0
=283439510,182577292;501047136,1517178909;894279773,1939049348,783888046,2026695474,804177599,1752085350;1
+497479223,897252652;206304715,1838500739
=1597089191,1875180211;1416674656,60152954;481490594,1290849818,2085723754,2068315330,1383878074,40731099;0
=926044484,212750156;723013147,178269647;1739410244,704313135,257691108,555643897,122097767,281984917;0
=1096658460,547254104;677777001,1473096777;1297224221,1587896395,1234568917,1488495974,1779418326,1197586101;0
=2028018283,286141788;1316799884,387838003;167291458,458681664,2144602799,1710776496,2049296233,539103715;0
=314643384,232487422;1461569660,1504663042;499252059,414740836,1251105099,749631622,244867664,1726217892;0
=430641871,839836698;1911115091,668567895;957212993,1773777386,542247657,690167956,471999387,1942416343;1
+1301126029,982908185;1237940364,91878377
=1612542337,1384656619;337103166,1505175876;1244854213,1762232675,846565899,1780555402,587956161,427162732;0
=282312767,492766601;1021358702,470814868;1376291267,1634799087,2126178377,270776731,989347754,1106994684;0
=1429007602,2106188931;25001615,413870139;813002487,260033426,749859694,469208787,580692845,390563428;0
=1230953556,1261219149;2062134531,1034358328;2117999599,518822075,58615147,855497608,1887056887,1820598248;0
=964140548,2057987345;631682971,219806523;120356433,1519720770,527598052,446230491,2018845123,2038026866;0
=771397951,356163775;1184220597,1961644444;1384850633,651084829,615625417,1162990951,740089314,568754706;1
