6;2;4
+2060684466,509226623;292665139,2113885806
++468122629,984256170;1549939719,2032561613
==2059007338,1282104647;466418244,1305736539;428600720,591435388,813313279,1618953476,686182107,1911268572;0
==938158966,1788172279;360663002,45895794;614975764,1034427357,1443734431,945164341,1624564092,527252504;0
==131218070,453593706;1118542666,269360092;1379816585,1993693174,223550377,857927648,1877005129,971187647;1
++469664780,1218628436;1408913706,177156910
==765208633,1548650708;538411714,1201174348;1858013391,1445488630,847690615,1565958168,1096614992,1111611493;0
==11415167,1134540328;1201760422,469263100;1123260996,1146003339,1682770354,1905687083,94003611,267272318;0
==1978487318,60599398;362489963,1221644026;1884765179,1904167396,1703387341,438564729,1016954436,483883254;1
+367267148,2001173225;1632747877,1679003943
++1282475451,1736004222;692537328,911989326
==781876267,1489513575;171519186,1664074588;1035505666,1649517320,1888840421,910152665,1395061153,477939385;0
==512949497,1162710878;970542796,1672309106;1588217077,1912434103,2049719627,604548075,1238509583,1517270313;1
++1486855849,40705214;24874498,1247999927
==459003331,1486849069;1719046959,1687533811;201975898,803772303,217154000,715275842,808335655,1710440629;0
==803370024,1623830927;2078333848,478469752;1651114109,1510203414,1348495123,384170970,1172283839,1903694558;0
==410186853,1885746532;519150839,1341225923;1072769787,1588403938,205047935,192388235,1221359944,567375517;1
+66687662,1228624724;356351389,1032333571
++35300306,1650896875;1370422107,380825146
==1236402211,1625790621;770296078,632588218;1900650738,843368791,1866735604,884196299,938533855,1612714724;0
==2121592944,502129369;1392694789,2139654396;506635006,236664325,343870885,1753372852,821098981,1949539893;0
==315794380,1474785973;1579837092,948178863;401502462,1888287430,542873025,836712780,1913303466,1528492497;1
++466205008,2008048248;1027512161,242082371
==145707463,1384720628;808452531,425257297;507754880,22760889,1950889026,701260482,1415857862,1674872677;0
==1273594141,1050409005;150767050,1127382165;1910305000,84223118,1740753743,1895941732,436921994,317829660;0
==886081572,1966158175;1315940977,608976339;1166416622,1222464886,1483625904,81301215,954869580,1599956397;1
+1354323212,345574088;553745006,159624694
++1861277009,1802839538;1791819281,1133802500
==520596667,1668023560;822144082,1239311105;1034109180,152337967,224045672,1422101422,426859568,1122934099;0
==1431251067,1801178152;1063792560,1667511583;622893509,864611063,658844050,434308717,714826765,1653410467;1
++1537254647,1815622260;552799813,2137846990
==521283905,936232760;899698988,86371553;942970907,943642142,1428999103,1848562763,1857577233,787740133;0
==1869990512,1997257791;1073310828,1602813177;1850695470,539602611,1149078993,2001773917,1169332792,1868199427;1
++387099087,863079770;856561871,1956606512
==1012122120,1276586109;224287299,705128438;2059312781,557254840,970805294,954531294,1513723447,607592245;0
==226274361,1068710910;1984547822,2095185314;1879050236,508287163,2014989244,603271871,1560388515,1192583265;1
