6;2;5
+2383071367,2756014503;2490471626,2673790438
++426019235,1565658820;1797888884,2233703086
==3205787443,713056436;521528610,2721557021;1407964256,2076801026,344757909,3180082150,1505225284,3573591603;0
==2672798821,2216213716;956325745,3493948979;2855375959,2953651209,2776195390,825808293,1518185006,471521261;0
==3128093862,2604584186;2403335159,1451388223;1768251544,2274210839,1802705347,1471666440,3163788884,2684199388;1
++2391886328,2628811898;1669538712,3311778913
==1158057960,1818208488;899165554,599928688;2640724456,3459447473,3016111390,2290289900,2833501865,2159218218;0
==2649970859,2437131666;3955742722,865145720;2031322247,2755214086,2146373971,2957664494,2520775471,1387066911;0
==2877583629,2332955533;1062881918,732005025;1750789253,1665413981,2242775807,2397576301,703144460,2691475619;1
++3356618040,2531871940;2620321137,2273580067
==1092273529,2371615719;3339494417,2447160024;1951198143,1939077191,1604084504,1739867417,2186583336,2363719345;0
==1378136983,3103024681;3807321934,3925525991;990353554,2158509316,2567022102,2378336923,367143516,2163618981;0
==1667389631,1946559196;1135334569,262666406;1579538045,2108720675,2271866741,3472500122,3075225995,1412821611;1
+1440597135,2686510864;2703093053,2477804095
++337897160,2727713225;3279596842,1232196421
==1005146734,2032106814;1787516342,1808930108;1030217261,1098138163,3223825027,2509277475,1148396923,3784485372;0
==2242945082,3490073326;1634077419,1373259364;915603845,1108210562,554612053,4056566774,2430295348,1403243718;0
==1541163188,3691264056;1430646917,596367631;3481889275,2145950827,2820978316,2996663457,1857538828,2104836045;0
==2273904635,3284847422;3534554440,2569473588;2215148158,2992018661,2644775143,2915170988,1378769702,1646336212;0
==2680897716,2263493924;2113167393,1080160946;3238105287,3520845453,2345883471,3266305990,2024246347,1331612309;1
++3214770528,835798374;2952210218,2235544033
==1829988498,1991776147;695456006,1920608775;1195850005,2844939875,1636847769,2650736870,1335683845,2541736315;0
==2484284634,2524519495;1308342002,1688633046;3072384147,1546949498,3361890115,1217347842,2483249267,2290375569;0
==1742462670,1379798334;834430502,2546826073;3236007985,2616237642,2920284090,1598853889,3186854536,2740105256;1
++2875440751,1150897820;3102434493,2143490197
==1735024205,142219545;2528502012,3180585629;3966717009,2675558074,3755203865,2247664934,2181007215,2839202604;0
==3015662418,363624052;3757084939,2179119347;2459981464,3231311003,1178268798,1534708169,1670232724,2418969320;0
==2558967910,1331305596;2313575482,2610125124;2007945108,725897641,2533679085,3313438063,1879752637,3103705324;1
++2683740593,1736919460;3474322054,2143316374
==3907190638,3004206944;3889421530,1414203489;2522369928,2440200472,1403886250,2856052440,2156893274,772643517;0
==2911509380,1822704839;2921796508,2912368865;1324337065,1821146441,892044367,2996944931,2566663226,2371537080;0
==1621338258,1172308263;619367471,1099662869;2900882825,2759604302,1376857513,2968053584,2127955173,1448942165;1
