8779,5572,431,4598,1964,6776
4047,7389,1694,7078,1033,3794
3840,7464,498,6236,404,8645
2373,6306,3570,4835,2511,9825
8504,3363,667,6264,1409,5912
2901,5952,2088,9853,5849,4404
6011,5388,2922,5155,4354,6255
2155,9103,3079,9638,4017,2032
6448,2551,6123,3996,2125,4579
7623,3145,5696,1707,4444,3997
6205,624,5648,6011,2918,7460
8258,5651,4002,3324,1897,4535
7727,2125,4306,8896,180,8149
2422,4302,6555,1499,4881,7861
843,5818,3470,7396,3893,5652
3866,2167,5078,7783,3712,3760
6396,3475,3674,5826,9655,5273
3822,8195,7345,1734,8415,3467
3046,2983,7412,7780,8893,965
7304,7143,1976,1330,5401,3416
5347,7419,1642,3094,2032,9286
8816,1204,5024,3194,6298,1651
8815,1389,4976,4399,7707,4506
7834,8549,3283,490,8524,1611
4767,3692,5360,3732,7516,6906
4553,6451,4520,2130,4532,7304
7785,5274,4097,9032,3432,4551
8632,3392,3586,4521,1841,8996
8890,442,8727,4551,4920,814
8249,3249,6086,8068,2689,6374
8821,8317,4295,670,5037,5143
2454,8541,5003,1157,6146,9561
1633,32,7876,6225,9102,4680
9173,4815,3344,2136,7113,1457
4744,6836,1719,436,7085,8709
6481,4622,6130,4184,6067,1791
7418,2818,2346,4959,9081,4519
3168,1188,5777,9028,5686,8978
9655,1788,93,5368,6154,5543
4970,5370,9014,5776,3375,4376
7865,3408,5213,2502,6565,6676
3604,9906,3015,3597,9736,5384
2066,9227,6903,5578,2147,8051
3654,7195,5767,6168,7695,918
3928,8386,2477,6360,3755,2989
8656,5123,5779,5289,3762,2968
1933,2188,8611,9901,4001,3216
1860,8627,7297,444,8371,4279
8948,4029,1847,9733,1716,4887
3983,3943,7626,1872,5189,3054
4694,5017,1988,9190,1116,9088
4178,1964,2773,6961,7453,5969
678,4619,8610,128,6174,8702
2831,9977,3721,6633,5638,5392
9586,3185,1455,7850,8932,2669
5675,3799,1763,1740,5726,9891
2090,8946,3096,7025,6333,1695
5394,352,4455,8764,2729,7606
6467,9081,3528,5753,3645,569
4015,7026,6602,3165,4615,2097
5924,2532,5079,6907,335,5465
6622,6639,4459,9852,4376,1236
5949,5270,5329,7425,4540,4888
8460,7155,2226,7074,2843,5014
8418,4076,6199,5513,6888,1755
8442,688,5928,6891,2334,3793
9686,840,5606,9623,3889,3804
502,8805,3984,2744,2706,5006
2188,1850,2746,1796,9303,6468
2692,4830,1236,8044,5411,1754
2788,3625,7887,999,4144,7078
4830,8556,2663,4818,5162,2601
302,7366,5670,4720,8009,8680
4296,6764,2596,8894,417,5687
5253,677,7763,662,7150,5840
7800,4056,8939,2394,5568,2800
8565,7972,2287,3280,570,6228
7059,3040,2887,3885,8298,3817
7268,7912,6744,6706,3688,273
7640,1292,3012,6763,7935,1911
7462,6231,5653,4908,3527,3717
5208,1319,5255,7137,7936,2139
2420,5924,6869,784,4932,8898
5197,7244,7295,1725,8384,3108
6576,6683,4303,1385,9971,1403
4277,9510,6382,2975,7980,601
1505,4159,7495,5402,1731,8650
349,9241,6671,5393,1470,7084
1712,6959,4008,7063,5431,7202
1884,1026,6465,4437,4952,8243
255,5169,7736,5790,7055,4142
4665,1078,6951,904,7166,6030
7054,6726,8053,2149,6056,3573
35,6715,4974,3180,3901,8399
5388,6064,5049,4658,4567,4286
6601,5773,1151,9752,1838,8204
1716,9490,4322,7312,2412,4134
5085,8764,3041,2391,6854,2102
847,2607,2269,4312,9178,8731
5884,2997,7606,2508,2596,5697
5770,9521,627,4175,5691,7515
3865,3898,6543,6336,5508,2799
2216,8107,4580,2044,6946,5026
7333,5011,6111,4565,3502,3018
662,5670,5110,8924,5456,6485
5101,4689,9453,2129,7617,5242
9518,7188,631,9179,2981,587
3033,4702,4734,4018,2445,9465
7015,5227,3542,9630,2488,6692
346,8318,9485,3584,2180,7555
8954,1874,7186,2698,4948,3315
4703,1524,7820,5382,1698,9800
5412,2953,8639,5104,5841,1223
8718,3738,1972,2976,4024,4814
5711,6111,4117,6421,5378,2834
6517,3083,9261,4398,458,9619
5220,7265,2833,9073,2652,4867
1181,4215,6707,1193,7597,6117
9410,201,5483,8169,5730,1773
7186,7901,848,4276,4632,5127
7080,6989,6937,3870,1332,8013
2844,7930,1705,8498,2378,8120
6697,697,7766,6050,4671,1738
328,2432,8378,4812,1788,6740
7628,3510,8693,4952,6080,2586
4253,4040,5914,7814,6904,7417
3280,5740,1793,4640,6855,8843
8294,1667,6295,9513,7043,2796
1880,9947,560,6635,4627,4513
1371,8461,1477,6754,8182,5752
4985,4801,755,7197,7646,7237
8768,2182,4564,3448,9285,4914
6491,7798,4229,704,6900,2978
8348,5498,2613,3005,3464,4327
7457,5841,7726,4413,4950,506
3743,9634,3154,6279,2253,1958
1195,9180,2246,5239,1714,8575
5543,2676,6119,5579,3817,8125
3625,1977,2430,7566,1941,6487
3373,6610,1207,1123,8687,8494
5131,6047,3284,4752,4299,8546
6963,7777,1840,1519,9346,4515
2507,3496,8535,1129,5560,6656
2118,6948,7186,48,5351,9812
1199,8896,3951,5725,3328,5509
6030,3142,2086,8432,4462,6242
9027,4183,6481,2674,440,2924
3057,1960,5321,5164,6708,9092
4814,3017,5130,6395,4257,5911
6014,2395,5383,81,6819,4521
7723,4303,2413,5571,6124,2351
8638,4370,1198,7653,585,9814
4487,6772,5822,5904,9381,4241
1631,8915,5835,1594,8686,3725
2458,4465,8840,5528,3159,2789
4990,5512,4412,8355,3970,5588
9419,4326,7944,4155,4365,806
4946,9352,3529,8406,3920,1346
8513,155,5713,3991,6372,2469
4296,9648,3402,5054,3182,4597
220,4594,8036,8544,6793,5347
5322,7599,3904,5217,2768,6217
5930,7327,4921,2303,6340,4950
103,5764,9000,6552,2464,5529
3639,7227,2503,4482,4662,9405
1073,7828,5374,2085,4659,6911
2526,9304,4100,7879,2400,5732
3655,1905,9398,1462,4179,7168
6774,363,8181,2320,3304,7733
8440,4932,8376,4056,3462,4141
6044,2231,9268,2781,2925,8253
400,5794,9737,4312,2082,6642
3822,8159,6088,2134,5098,1450
3230,3114,7683,6151,4387,8160
3959,1300,8107,6083,4937,4073
1456,8560,48,8615,5961,6185
6171,7872,2910,1231,3153,4052
3829,5034,6676,5304,4316,6549
11,6820,8795,1420,4446,8051
4733,4630,1893,7903,1245,7135
3001,5100,4748,9329,3796,1579
1351,9751,5229,4209,5557,5760
5580,9826,1320,7606,5819,2727
6529,177,7069,6300,236,7018
8681,2089,1552,6506,8228,4562
6881,2036,3435,8513,6526,805
6708,1287,9477,1577,8221,5770
2651,9631,3371,5408,5031,8867
5142,1012,5918,4144,8203,6205
6210,3432,4327,5545,1629,7327
3549,4963,6610,6838,5578,3058
9303,5192,1153,5039,5720,5780
9165,4596,2064,4534,1483,6325
274,4281,8184,7840,2396,7062
8620,5521,1742,8048,5035,4770
4935,6171,3847,2487,6434,7998
1267,8201,8276,3803,4096,6681
1507,3647,7541,4146,6348,4846
9820,1575,5124,2161,5817,1236
4648,4875,2973,9462,1893,5592
6319,4347,2320,4032,5695,3981
1663,5376,6621,3264,6069,9626
7909,1246,5464,7803,7229,244
355,3924,4255,8457,9662,1932
4914,1609,9056,3509,4155,4751
5332,1845,8583,4905,341,3947
9783,832,3389,6837,7246,6145
6682,6329,4714,1812,5209,8607
7021,4220,2859,7231,1818,7821
95,7765,4689,5154,9410,5733
4789,7149,8501,4980,4755,2295
4433,9473,3462,4848,5698,5976
1783,2195,9800,2624,2228,9674
3077,6238,5770,2962,36,8357
5871,5570,6133,7445,3556,3199
5067,5304,2525,8787,5925,4479
1668,5991,7826,3480,5737,3676
7159,4290,3688,7451,6940,859
5484,5979,7416,6168,3538,1721
4327,3830,2934,7593,5859,3828
4599,1404,4157,8175,3092,7650
3311,5342,6147,6637,578,5739
5093,4847,627,9401,4101,6307
3063,5639,1057,5021,6303,8823
8661,5752,882,5409,3578,6785
5479,1983,1108,7130,7367,6000
1563,1629,9535,1993,7591,4186
3498,4108,2383,5594,5958,5116
4338,9443,1331,6334,5292,6059
1321,7053,758,8580,1572,6659
5799,9520,1935,6097,4404,5425
1260,7096,1766,7925,7865,7166
5996,2282,473,8406,5518,4630
4296,9562,1321,5942,4658,6984
6432,15,1747,4163,9843,6359
8771,7164,5039,6615,2905,1845
554,6501,6822,4497,9334,3210
8542,5756,1317,7414,3616,5118
3085,5999,6016,2237,2574,6095
775,5496,3420,5655,5973,3661
4550,3347,4800,6460,2574,5776
4690,4565,3767,7420,1694,4555
4437,6802,3961,9576,5485,3760
7991,2318,276,4355,7552,3995
3850,3327,6966,7204,8058,5739
4278,8585,3784,6473,3113,5622
4008,1843,2580,7699,2427,6353
8189,1729,5858,1442,7838,681
9088,382,6983,9368,3849,2251
6333,4807,5365,7057,807,8227
2354,4692,4294,4772,4325,8105
16,7562,4489,2046,9872,4330
8023,2375,5112,6576,1390,5762
5718,1380,6565,5745,7389,5306
3507,5712,8959,4612,4317,1592
7308,3739,4883,5952,7730,2584
5499,5801,6285,9972,1386,3483
327,8342,3448,8039,4890,4290
4,9983,2280,5568,4373,4641
716,4345,6763,4064,4392,5462
2845,6750,5425,6421,5837,4747
677,6889,6874,2770,7603,4582
9587,4628,290,9510,2637,1998
2409,5012,6921,3780,7213,3759
2473,8100,7847,2383,5754,2712
1837,7800,3971,822,3508,5484
3586,4579,1963,5862,5694,5190
279,9009,3984,2374,8590,300
9037,5848,2914,1847,762,6639
25,5455,5297,8364,6878,6107
2499,5889,323,9747,2536,4110
8112,7135,3825,6459,315,6621
3682,8978,940,5849,3812,6734
5311,1575,7718,3220,4317,9399
9190,2059,4468,6827,3451,5933
4008,6217,7050,1827,3078,9433
4126,6032,5409,3694,271,3185
1119,2140,4942,8873,4334,7808
2829,6246,9860,1661,7680,3650
1680,4137,6365,6650,2897,9711
8064,3601,2046,50,7557,7729
8360,7087,2233,9381,3987,1842
4843,1525,3854,9081,4688,8463
4662,4504,1936,5099,6090,8360
9288,6268,1260,4369,7623,1295
2576,6381,4327,851,7818,4952
6996,5393,2359,4197,9744,877
6249,2567,9103,4196,6119,4503
4018,6951,5506,5971,3721,5885
4685,5506,7999,4810,4053,9493
3142,9380,748,6429,4542,8364
3099,4834,6408,7898,1477,7558
6977,1695,7185,5570,7698,1733
5782,4274,9680,75,8001,1708
5892,5541,7987,3778,1189,4483
8561,602,3923,8373,3505,376
855,9837,3268,6419,6737,4861
1236,6929,7222,7116,4773,3787
1591,1963,9505,4040,4310,7100
6637,4993,5360,7279,1218,8760
3521,4217,4285,5158,8304,3333
2079,1984,5507,6928,9313,2561
1528,4453,5099,7707,8740,3917
5800,3835,5682,9875,4984,2863
4076,8699,2669,995,4889,4807
7296,7257,5031,2371,1908,4346
3747,9166,4260,5709,5353,7297
9540,6204,5121,1806,5064,5287
9702,4771,5682,8673,260,2588
2202,8813,2483,5645,8173,4072
1091,9755,8970,1237,3924,5479
8293,1857,8385,3822,6116,6092
4873,4766,7121,3222,2857,1094
2218,1068,8475,1399,3355,6965
4433,6963,7982,2682,252,4075
641,4336,7042,7324,7183,4461
8625,1224,2037,8681,7608,866
2196,6062,6631,4835,2239,5216
3578,7451,8294,2657,1199,6609
2913,7408,9286,7506,2601,3009
5656,3278,3143,5694,5100,9431
9959,6649,1888,5797,2075,2717
4501,5429,7107,4877,3425,3645
4489,5687,9692,4778,1382,1822
3723,5802,4543,1263,400,9492
4831,2266,6585,6427,4321,2964
3542,9678,5483,801,7695,1228
9140,8953,447,2714,6129,5530
1405,6425,5437,9294,6159,1652
6087,4139,5352,8484,4130,1486
1408,3714,6917,3913,711,8340
640,5976,7924,8970,3950,4672
598,9735,3283,2470,2676,9128
1474,7965,7140,4652,4475,7555
6419,6216,4890,2078,5022,4413
2637,3609,8853,2462,7666,4933
5435,388,9468,997,3875,5316
1974,8359,5625,5335,5559,6939
3726,1735,2885,6261,6211,6011
7971,8068,4742,4109,4032,4121
4701,3336,4730,2713,3621,8174
9845,4081,202,6249,6041,4920
7425,1566,7885,4507,5348,5271
7477,5311,8218,1127,4219,6297
2439,4415,6663,2166,8387,3766
5432,3397,4113,4555,4828,2522
4911,4469,6702,2756,1859,9754
1828,3523,4057,9516,8077,4792
513,6138,6427,3229,9000,6560
7276,1868,5821,5471,9717,6427
6197,7973,4935,7371,2725,4139
7579,2728,7121,4174,6306,4790
8615,2028,9583,2671,3568,3929
6784,215,6562,1246,7077,2297
6293,3602,8361,2698,6819,1957
9372,3176,308,8341,1440,6965
2271,6792,4364,7365,5800,499
4846,3756,2749,5771,2409,6239
8090,4242,4027,3493,2864,5126
8613,2546,4053,3494,6426,3427
2476,7130,5241,1216,9338,6768
3872,3796,7543,6916,7709,3003
8338,2396,4199,642,2691,6181
7161,5738,7831,1095,5020,8401
6362,5734,6282,5325,2992,4611
7371,1144,6168,3050,9793,5224
4727,915,1790,5844,3449,9814
6737,3095,7776,5273,5423,8102
8241,6669,2199,4363,8638,496
1271,7829,5224,7359,3192,2857
3213,4067,7882,4799,5051,5802
5456,6146,1182,7568,5893,1956
5888,1276,5102,3270,7141,7543
9066,1658,4157,4083,1963,8099
3095,8625,6153,2669,4593,6956
6091,376,7318,8690,1394,7363
2267,7898,1428,5696,3469,2787
8820,4553,3683,6314,1501,3620
2128,4033,8073,1650,4716,7736
5365,2156,2527,3675,4309,9393
6503,2834,6609,7910,8065,1627
9675,802,4921,4055,7159,1610
2828,2671,6242,6621,8901,7687
3831,3514,6610,363,3360,9215
2196,1599,5034,8468,4193,6878
2402,576,2970,6027,5365,8728
3889,9553,2458,8934,5660,783
4700,538,4934,9576,1013,5528
9427,4355,4218,2596,1844,5489
6833,5406,1449,8655,7077,2681
5767,6932,4058,4521,2545,7077
9383,1039,7172,3118,4663,1010
4495,6370,4373,5279,6309,2781
9021,3217,5970,4838,4745,3531
7308,519,9108,4637,3333,286
4747,3034,4312,5145,7786,5760
7369,5537,475,3530,3787,5271
2391,4408,3008,9416,2536,7842
4649,6921,6336,4794,1932,2061
813,3619,7312,8320,6298,4016
9506,3424,7686,1492,4134,2468
9257,615,7958,5324,5839,6221
2203,9719,4479,709,4853,7114
382,9081,4617,7444,6516,6328
7812,7077,1524,947,8869,3637
7191,5170,3007,9850,1880,70
3419,6705,5298,9108,5616,862
1791,6009,2710,7544,2740,9997
2114,8195,2664,1034,5276,8209
5344,8410,3049,1885,6281,1824
1423,3143,7404,3124,1881,9535
5964,2605,5551,8787,905,3046
8414,2703,9350,5304,1084,522
763,6835,9229,5432,7630,3104
3919,8918,2840,9162,1461,2688
446,5141,6380,9789,4732,7601
9482,3887,5273,6333,4890,3684
9131,5326,897,5838,6810,2090
7111,5964,7662,4665,4964,1148
3066,9141,3588,3813,7843,5919
1764,1189,5353,8147,6455,7799
3117,6085,7318,5989,2498,6440
7721,9169,59,2987,3073,5380
9569,620,5861,9350,5996,1301
3526,6988,3025,4814,3036,7300
6826,2400,5918,1462,6081,9089
3639,7577,3348,2774,8023,5195
2950,4196,4904,8434,5217,3236
546,1742,7894,6501,6162,5604
5988,1423,3432,8669,5880,3138
2441,1792,9358,4119,5579,8440
5662,2781,7844,684,8507,2279
2738,2112,5927,9447,2680,7729
5505,5387,3472,8801,79,5146
5615,6679,3051,7537,4087,3686
3575,2732,5077,7643,7840,5780
4245,3515,3412,5341,5124,9283
2615,8120,2789,7224,181,6119
5505,7842,2416,4634,7384,4413
6818,7626,1123,5824,5165,5692
8626,1186,7002,7910,2030,4562
7395,3931,4435,6457,2875,7052
7609,6013,6078,6883,1635,5460
4537,5842,3625,7649,3724,8644
2435,9916,4439,4786,732,2904
1576,6393,1396,6550,1918,6834
5496,3792,7173,2588,8104,5028
7008,8724,1504,7813,1549,6348
1821,7808,6077,7289,4037,3753
5590,2870,3942,8845,3406,2837
4065,4990,6336,2958,1218,7230
3118,3604,9123,1693,5786,7006
9664,839,4021,2476,7250,5218
1722,9390,2790,893,8762,7554
9417,4084,3720,2144,5618,4567
6895,6980,6715,4329,3104,1203
2554,6396,2836,4184,9872,2349
1241,4953,7134,666,7091,4455
7585,6158,1698,5898,4610,4789
2809,5751,2437,6457,498,8213
3390,6384,4711,7115,1459,1791
2782,5822,7423,6155,1867,1574
9393,677,2873,3272,7420,5384
4380,8416,5259,6279,337,3050
7215,1682,3895,9913,4210,1596
5247,4227,7124,4829,5208,6668
3393,2319,6099,8603,8905,5109
9337,2200,1397,7061,5130,1724
7333,1172,6925,2782,1078,8687
2687,3657,9593,1692,9501,7240
3011,8791,5360,962,7512,9349
8715,6745,4608,4639,2369,5036
5974,5393,3067,7083,4628,1737
620,60,9857,7376,4385,5701
900,8424,4626,4921,237,9656
815,6755,3749,3616,7011,6134
599,9516,1891,2852,4959,7848
6368,5991,1412,5343,9237,1964
5614,4543,9778,3484,4363,8597
1202,5472,8189,6356,7650,3165
6719,5985,4983,2822,7044,786
3495,5300,5392,1143,7909,3197
5351,4014,9393,1619,1076,8402
4472,7640,2849,4501,7723,5419
4570,8857,3928,6379,4021,1252
8650,5138,2807,6958,1039,3741
5054,3155,5829,7270,842,6442
3341,9636,6169,1464,4132,2940
8036,1792,5604,4271,5792,1550
2153,9898,2736,7173,2024,7609
8600,3763,3663,6630,1352,8591
8363,3092,7505,5918,6124,2623
8733,5481,3315,4784,4664,1830
3942,6014,6806,4791,9007,1756
9371,3461,3719,6622,1424,3198
2412,6628,3528,7697,5900,5908
8094,2448,2665,5357,5131,3968
4610,8222,8155,4266,3275,313
1701,7537,7433,175,4360,3079
7220,4134,2561,5105,6247,3863
7649,4904,5522,3312,5823,1289
3812,4491,5526,566,9149,6158
6550,1142,8776,1500,7896,5830
7108,1510,8686,2824,6526,2812
61,5645,6696,8288,4568,5628
4261,2838,9939,3798,4616,6945
6358,1712,7316,3551,6039,1497
7062,3145,414,5503,5289,7151
3734,567,1213,7176,6161,8738
146,6871,942,9413,2017,7003
1540,6242,9871,3453,4460,5317
4904,4305,2193,3044,9953,7495
360,5984,6488,7629,5921,5498
3255,9831,2596,3033,4388,9460
2074,3804,5486,6889,6597,5320
5143,925,901,6884,7678,3130
1133,1821,7767,8345,1955,6720
4879,3369,3913,1602,7338,8638
6069,8434,3734,276,5535,5754
7645,3695,3197,7856,4484,3732
6160,2163,8449,5795,3298,5638
7195,3540,9212,2886,4487,5247
6758,5218,4929,2748,7652,2665
5179,5374,4773,1004,9790,4467
3981,1754,3385,5280,6762,9465
2213,6065,3553,6369,483,5761
6025,5096,3463,6700,2842,1930
8523,6812,1750,829,6629,6268
9260,2275,7910,2574,2058,7425
3822,5681,6192,4667,2033,8837
5740,5827,3057,2132,8512,7537
6208,5062,7030,3319,6107,189
8339,2822,4569,1702,8200,1757
5537,2540,8559,1199,6721,7561
1786,9523,4333,5027,4544,4188
4978,9883,4752,4080,8088,200
4689,5226,3275,5027,1598,5148
5658,653,2985,7509,9747,139
3262,5800,5338,5747,7899,4123
5357,3494,4258,8950,1779,1551
1247,9552,1831,5053,3327,9123
1065,6274,3820,3086,5961,9871
8491,2546,7081,7904,2665,3894
4109,6711,4060,6103,3603,8947
9642,1426,6599,9816,1247,2559
7791,5338,8384,1387,3435,693
7391,2659,6941,6917,5844,360
2091,9548,1459,3896,4011,7643
7191,6508,6425,1960,6982,1128
3569,7219,3773,5733,3846,3376
8744,3952,2100,5979,7762,1380
3068,5234,8560,2105,5617,7822
3505,5083,6999,3948,9594,2664
672,8371,4519,5312,9054,3900
4931,5738,5385,2616,5005,3994
6347,3656,5085,2416,5939,8759
2303,7007,1368,5468,5389,6368
5885,1712,1,5560,8207,7691
9709,2693,3090,5050,2952,7372
4385,886,6008,5182,7890,7504
3924,5602,4591,3309,7289,1225
3035,6244,3783,3255,8065,2012
231,6987,1853,7012,7428,4479
4773,5546,6338,5880,3421,940
3238,9696,7661,120,7274,6081
5547,6826,2633,520,6343,6331
4255,5358,82,5844,5137,6517
3894,7497,7200,6446,2333,6275
9852,1875,7886,141,4403,5009
1076,7066,1653,5494,3345,7308
4960,5392,5630,3472,9223,1716
5813,8003,5817,399,7181,4
3183,4971,4582,2820,4975,3362
6500,3035,9112,4681,1369,6527
2391,1983,5208,6921,7128,8557
2274,7880,6636,5429,2360,5269
5842,6874,5532,6196,7427,716
1279,5546,8618,7168,2380,9113
3011,6687,5491,4475,7458,2348
5908,7245,7389,5023,3773,2635
5808,2046,9510,2801,6066,1304
5102,1422,8964,5180,6392,3108
977,6750,6667,4204,4329,8428
6075,9313,1390,7016,2847,4502
394,7865,5293,6045,1280,8748
849,4796,8789,2288,9493,3235
7286,3818,2919,9533,1132,4751
2187,9658,6154,1857,3993,8201
7687,482,5351,8872,5750,953
9153,4589,4683,2765,4736,6697
1990,9417,3197,3678,3622,4613
5595,4548,9332,2575,5044,6723
1776,5411,3040,4592,6902,7925
3777,6137,2186,5708,7411,3555
9752,583,4336,7765,6305,1544
2651,7219,6996,7392,3310,4149
6410,7236,4088,3956,5397,1015
7192,5781,1702,5078,7557,3764
4320,1454,8105,6708,1553,9438
5657,3324,8905,1628,2098,6490
4843,1215,2874,7147,7060,9472
8111,6784,2690,43,4027,3971
2015,9730,726,8333,7051,10
4122,4913,6172,721,4027,4449
9201,2919,7939,5669,183,6840
2721,4940,3730,5674,6299,2391
2460,5658,9330,2962,7434,5886
6473,3332,6068,5737,1861,7846
3218,6502,7713,3648,6378,3679
1146,5991,6961,5274,8790,4228
2696,4721,8944,5074,5466,533
4165,5424,5884,953,6564,5430
5390,7192,5420,3305,7823,2541
7156,2253,6534,6257,3557,4761
6470,763,8755,7374,7059,1135
8408,1965,7656,7367,1278,9072
4165,4379,9839,1859,8831,6912
231,6155,8268,3881,3808,6633
7943,1948,2712,5028,7366,3824
6433,3604,4801,3446,527,7581
160,4497,4659,1565,9760,9004
7283,5280,9374,1085,1419,8034
3710,5428,8333,3148,5592,4427
7810,537,8965,1365,4357,5730
1139,9493,3244,1213,5369,5257
6309,4304,5513,2786,5058,2779
3766,8462,3182,3467,5673,5373
1574,3400,6152,4680,6640,7034
6666,4238,6461,3279,8659,2211
7249,363,4134,2937,9280,368
3245,2559,6272,7370,42,7377
5784,3690,3670,5640,2908,5422
5361,4947,3622,6425,4029,2949
8174,2579,3765,950,5757,6805
7588,3559,9309,5494,2540,4580
3099,7235,6629,5534,231,9259
1630,9616,2487,3651,1478,9817
6385,2637,4697,2480,3401,6195
8321,3918,5856,1462,6847,1618
3082,5975,9799,978,5557,6358
155,6097,5610,3489,3854,9213
682,7467,5241,4071,7494,4485
3711,3447,3011,5889,6317,7755
7008,9160,7151,270,6814,3435
6324,3103,1900,9364,375,7128
4765,9486,3763,3892,1845,6086
5204,9013,1908,6381,1073,5407
6532,4206,5589,2222,7467,6813
4079,4868,5059,4456,2526,9082
776,4738,3614,5645,7423,6712
7073,2531,7861,2220,4599,1057
6444,4902,3156,7566,3947,5924
2418,6344,7932,5248,7294,2972
5350,5979,7065,6475,1948,4637
2103,8377,2479,5221,7476,4741
5993,6089,5833,24,6251,7903
2833,7530,3301,3192,6237,7196
5105,2312,7624,5838,4407,4540
5522,9851,1342,4704,2267,3475
1530,4479,7405,4159,5712,5203
3802,7702,6038,8115,2338,2841
5021,4457,7387,3445,6458,2550
4501,7897,640,8559,55,2822
28,3771,5633,5570,7718,3350
152,9716,2336,3678,8930,3987
3224,1534,5269,9366,4067,6099
2713,2054,8084,7365,3291,8621
4438,6669,5668,835,5993,6509
7877,7269,4466,679,7853,4120
5443,6905,8796,2844,2454,6846
5859,1906,2609,5265,3793,8508
2458,5181,5113,9133,5291,2846
5477,4772,6606,4206,3832,7217
4796,7502,582,3659,4583,6664
6513,1792,6886,5070,8527,2913
5682,4225,2706,6587,6029,7009
8562,607,2611,8351,9665,1678
7158,4022,7162,50,2737,6896
9519,1460,6567,4848,7594,1229
4295,1173,6572,3512,8759,2502
2820,2287,9795,4081,4249,7155
6968,2163,9473,9330,839,3610
2724,4644,5157,9083,2919,6136
4928,4332,3600,5563,1223,9128
5478,1885,2044,8033,5865,2278
1203,8894,2247,3910,7636,7539
3428,6097,8380,5575,3056,6303
2802,4232,5819,2711,7607,4473
4853,8077,953,6561,4402,5017
1708,6982,2234,7120,4772,9007
468,7227,6304,5456,6346,3021
4679,6231,6533,958,9998,2890
7901,9014,1494,5460,3519,843
8095,4998,2878,4871,2853,8813
4214,7373,4755,6128,3313,8213
5438,6517,5768,8928,964,7432
6407,9613,4162,7681,2145,3715
3034,6685,2842,6821,2038,4963
6253,5635,7102,6829,8590,1461
7890,5632,3453,5223,5263,3191
4290,3363,5873,3889,6470,8427
9442,3526,1059,8352,1883,3852
6337,6048,4738,5952,4744,1436
1886,2559,8723,3530,6433,9550
5343,9380,1057,7311,2367,2125
4021,5635,7590,3285,4008,1268
5428,2862,5858,1004,7265,9217
3561,8048,4349,1592,4153,3303
6087,7619,1572,6445,2841,4752
3272,8405,5701,1953,6912,1901
70,7186,7904,3301,9486,6383
4789,2758,5506,2447,3108,9204
7300,4058,8845,1166,5395,2814
7877,4407,2529,6483,4368,4273
9670,5970,3512,5591,2200,6177
1180,3193,3947,8952,4279,3028
8687,4738,5609,491,9341,1980
9751,5979,5164,1216,7208,4039
5556,2191,8604,1968,4637,8634
5648,5843,7564,1281,6658,6218
8964,2421,4049,8442,2090,4540
7891,5026,1238,6605,1531,8906
5353,4712,1771,1813,4822,4871
5392,3281,5941,7050,3725,4834
7124,4140,5666,1880,6189,2002
4206,1384,9321,67,6589,8904
5844,354,9088,5916,4940,7804
6259,7023,468,4749,5300,6977
8767,4609,9646,4131,1538,915
4095,7622,7775,4376,1675,630
5080,3714,1678,4325,6834,3591
1666,4513,7198,662,8178,5712
2107,7672,4115,5212,1221,7170
3717,7191,5499,8185,2724,570
5670,2776,3786,2795,7286,6373
6389,8538,931,8553,6663,409
9789,4213,870,9206,5468,3363
2096,9349,7443,4709,738,2866
4755,8313,1226,7447,3471,8941
1220,8217,1123,7235,4155,9840
566,5872,6752,6754,5135,7477
3137,7337,6478,1877,530,5956
6425,6525,6019,2269,3374,2224
8658,5620,1275,9604,8639,819
3110,6307,8436,4376,3310,9121
2683,7674,862,2998,7940,6288
90,7428,6989,2517,4760,7393
7128,7347,4055,5652,5326,1021
7236,5486,1562,3745,5026,2388
8216,6542,1495,8777,4707,2710
8073,3108,6579,8996,8118,169
6338,4411,7427,3481,3674,7370
9427,8256,5617,1463,4668,430
3742,5357,6205,6201,4986,2099
1920,3902,8504,2432,7143,6716
139,6356,6801,8917,4566,4385
1612,4617,119,7382,9260,3557
6257,6639,1134,6433,5418,3343
4762,8326,3779,5856,5266,6937
9672,4697,4130,2325,8012,2564
6699,4290,7959,2981,3395,7027
9705,4552,3532,3326,8101,1732
7699,5423,4757,3396,5830,4133
2556,5796,3507,3019,6407,1817
4597,6202,4843,4909,1407,4294
9726,3476,2032,8519,6410,2393
227,8888,2562,1368,6882,3955
934,6983,3573,7348,9963,2759
5961,7627,3659,5250,6081,4079
1562,3626,4264,9363,8281,2297
377,8321,8139,2658,5626,6499
5486,5248,8197,6191,1216,4272
8431,958,7191,4113,6398,3955
2991,5595,3502,5263,6160,7182
3576,1855,5202,2340,6402,9423
5639,6019,1545,8745,3372,3797
7573,4878,9262,2588,2891,4424
1976,28,4947,6371,5972,5728
2738,8561,1278,7609,6887,1483
3309,9583,6842,5520,341,6949
6612,6751,2591,2210,2140,7145
2637,1166,8080,6527,4572,9557
5980,3463,421,8275,4078,5449
3776,4093,6266,7757,9316,3311
5125,4871,7130,6963,6579,1988
7659,5778,3207,6656,2948,6689
5427,4265,2173,5565,7382,4936
7467,7419,5271,8711,29,3617
7054,1683,5132,8618,4853,511
4319,5297,1675,6530,6934,7641
6374,6583,2668,4473,1192,5840
2519,2255,1650,8783,9552,5864
3445,8843,3399,5698,4251,8770
9563,7799,730,9438,4425,933
6302,2132,3630,9090,5065,2543
8872,2685,5932,5479,5809,473
6615,3523,8044,603,8848,5342
1557,9506,6920,2813,7079,4303
5084,8346,2030,8533,3251,250
5866,6160,7251,8015,3864,2601
6939,5981,4012,3931,1693,7006
5997,3823,115,6845,6784,3115
4940,4649,1798,1013,5700,7625
8026,1981,6625,3311,9316,5345
2734,2731,6477,8285,3189,4836
4510,2928,6563,7629,5648,157
5689,9202,6495,5233,3466,2689
1586,1939,8941,4073,2308,8442
2244,4835,5703,9939,4431,3999
5515,102,2687,7530,9084,4923
9768,1089,403,3553,5800,8464
8932,6909,6078,2016,1070,3921
5566,7013,3389,7965,3365,2700
9691,1945,2611,6841,4303,6664
4118,930,8754,6413,288,9644
5565,491,9433,489,7389,8871
1193,8804,4812,5673,3201,7165
9153,7945,7476,4710,2367,944
6717,2412,5744,8848,5800,1432
8816,8893,234,5458,3751,3286
7241,7232,7268,5900,5957,354
6614,4712,487,9825,118,1099
429,4754,7789,2217,6343,4872
857,8109,8336,3637,4739,5277
3133,9188,15,7590,2377,7086
4007,3543,7544,2827,4961,7225
4623,7817,1503,1388,7477,6426
3680,6566,3053,4373,7909,3809
7410,5359,2209,3655,4456,4505
5148,1852,6314,9985,4727,3709
3222,9149,1735,5156,7035,8196
6312,331,2401,9279,7793,4563
6646,3385,4266,8159,1586,5035
1522,3348,4231,6256,6826,5752
1454,4081,1608,7536,6187,7743
8925,2251,1432,8025,4575,5186
3609,5893,8192,7607,387,970
8671,2791,1503,4868,6221,5782
7716,115,7288,6471,1609,7954
9966,1199,8644,4667,5150,991
4517,6030,3254,7788,5292,5505
2263,8930,3346,2632,4267,6361
1215,6033,6662,2693,2886,8037
6373,7337,5787,837,7388,2722
335,4592,7413,8764,1128,4912
2711,8941,8470,3305,2670,7035
8527,8575,2613,5383,2331,6129
3510,7577,1961,8840,88,7252
4930,4477,2967,8405,9397,3183
8707,5585,2016,32,8300,4629
7575,6818,7712,510,7007,421
4124,8719,1314,5632,7209,5854
9825,3513,3568,1893,9503,1175
222,5477,5824,6315,2794,5422
5722,875,8712,3620,5040,4829
1991,6237,9728,7444,5705,3084
2967,1640,4012,8460,5711,3060
2701,5478,2823,4236,2749,8163
3739,3886,2596,5510,6312,7772
3905,7631,9889,1626,6258,4649
4511,6213,2149,5768,5932,7112
7780,1841,2916,6119,8868,276
4909,2933,9333,5614,3816,3674
4804,5486,3146,8124,2857,3119
1431,3770,6820,5055,1774,6592
8044,2133,5959,2373,5404,7421
6013,5304,533,6679,4765,3280
3089,8478,2280,9986,3293,4135
2541,5223,5734,6981,4296,6124
4870,4122,9183,8899,389,4737
2086,4060,1832,4913,7486,5829
3022,3455,5375,5851,7195,1335
8558,5587,3665,5123,5542,7412
1162,4517,2993,7260,4920,3598
6630,475,2750,7000,8791,2865
6445,5643,4112,6288,717,4226
9702,2648,7514,1192,6961,1986
4211,2637,5435,434,6298,6517
4767,1988,7805,6559,4731,5124
5283,297,2335,9485,4526,5905
2273,8542,1780,234,6914,9440
7015,839,7946,4254,7412,1833
3733,4182,4387,8998,5701,3428
4559,8189,2269,7548,5183,2271
1758,7136,6258,1167,8106,7317
6213,7903,3965,3516,3327,5361
4182,5042,6240,4092,8089,102
3333,4860,9377,6852,2079,1683
1103,8756,2304,4077,8813,867
4579,3155,3214,4624,3530,9705
3948,1096,6525,7817,3819,6783
7600,7340,4505,3282,9316,1576
5792,5525,2529,2967,5247,5114
7139,3357,6206,6549,8946,1380
4254,7532,4451,1938,7092,3343
7241,6413,243,8317,4904,8767
7354,7470,303,3202,7686,8123
3446,9087,5234,3535,4348,1571
522,8222,4962,794,8819,5560
4023,1533,7874,3847,3320,4769
2230,3125,8903,2287,7324,9894
4476,4726,6219,8380,937,4713
4469,7602,1659,4255,9115,883
4602,7771,5932,4861,6115,355
3646,4275,8278,9155,6547,1989
3122,9495,4550,9493,1070,4909
6535,6475,4267,845,3475,5626
4446,7372,2318,225,8286,7171
3581,4299,6688,8873,3695,47
9937,2418,5497,6203,3110,2137
4323,7639,3792,2051,1163,4593
1100,4446,9500,1849,7050,6712
2059,4255,6348,2958,6449,6038
6688,8057,3485,5042,1278,5309
2655,6982,625,3291,6807,6254
8072,2886,8881,8993,1381,3397
4215,6187,6882,3448,8481,2107
6729,2188,149,8658,7915,1728
763,8257,6623,2704,7774,3460
2773,8731,6189,857,7133,3904
734,7214,8529,708,4048,6486
1685,2398,9945,8638,5310,1660
7220,1591,5971,5492,3579,6220
4863,6754,4515,5628,3804,4186
9613,3864,5917,6659,3788,2982
1576,9904,3640,4954,5571,4685
1114,7574,4128,6841,3503,7430
3456,1474,7553,7913,7779,4522
4816,2064,4530,8129,6752,5391
4774,7573,4709,9304,2552,5749
6617,794,9600,2902,3141,9114
5174,4583,885,5228,7592,1719
376,7501,7017,6615,6955,2983
6862,951,4761,9861,1820,3077
8656,3699,5404,4675,5899,3437
9261,1807,2411,8564,1743,6348
3374,7259,301,8477,8363,1533
5340,6797,424,5827,9406,1502
2117,7884,4139,8410,1680,7168
7235,3393,2807,7135,234,6848
4772,7312,359,7983,7478,1368
9469,965,979,5068,8508,336
4824,4856,3230,2700,8341,4160
9203,4721,130,7063,2984,3307
8596,432,9404,90,5759,4754
6347,1993,8256,8382,681,4836
6129,1011,7358,8827,1025,6478
4109,8324,8538,1013,5890,1469
7757,4205,5319,2484,9899,2038
2597,3615,8115,6449,1044,7868
8237,1973,5686,7401,5706,7766
3419,8682,1780,3243,8127,2172
1058,4342,8831,1827,6283,8312
5870,9198,4142,3261,6682,5317
2967,8378,3005,7706,4583,8968
5334,5813,3997,3436,3666,6386
2058,9865,5041,4801,4532,6458
1882,6663,1160,9951,6253,1292
3221,5317,5679,5122,8564,7716
1389,9871,1279,2701,6784,8370
4973,1400,6443,5427,6175,6076
3670,2199,8478,1527,7441,3776
2532,8981,2482,4136,3134,4272
8856,1923,2901,6848,6964,4472
7267,7017,3528,3544,1657,6895
9070,2328,7517,5373,7709,358
7334,671,4085,6605,9833,201
6508,7592,7061,8429,2327,2034
3279,6514,2350,362,8507,6754
4939,6944,6985,531,8758,1065
6119,6463,5341,4418,5184,1855
7521,3863,5438,1117,8818,7644
7813,8519,3326,1044,7779,5558
4527,7393,2294,5124,4247,7980
7904,4269,1937,7971,4552,2051
3559,3509,488,4400,9644,6839
2766,6627,5664,1803,6356,5346
3138,2388,7538,7862,3979,3253
3508,3185,5581,7883,9326,1030
2404,8912,5813,208,9002,5318
6396,748,5812,6453,4996,2551
4359,8061,3880,6972,4858,2955
7347,6874,2349,4307,3143,3680
7550,6112,3132,3984,8404,878
4684,2810,3064,8968,2526,9064
2053,9150,2277,5154,4708,5545
5722,4086,8764,8741,6220,16
6667,576,5875,6403,3257,8885
478,6560,8412,4491,552,9416
9870,1027,1103,5428,4950,4996
2471,6561,3567,7892,3680,2004
4423,6170,4857,4735,6564,111
8224,95,6193,8159,5218,4937
6294,2422,5055,2650,6243,8708
4984,1709,6386,352,4934,8993
5876,2416,1306,7720,5756,9530
7065,9539,2822,9230,2874,4536
7404,9065,3065,217,2793,7194
3491,7453,2622,4598,7443,943
2171,4348,4183,3573,8380,9034
