3;1;8
+0,0;13560,20000
=5892,0;7115,20000;7108,7330,12690;0
=0,0;13560,20000;12392,15464,928;0
=0,0;9111,4101;11114,872,16242;0
=0,0;4093,20000;3510,6088,19388;1
+9702,4682;20000,20000
=9702,15877;20000,20000;4676,16290,11612;0
=11077,6222;12474,11342;7122,10410,11250;0
=12474,9227;20000,11342;7122,10410,11250;0
=12467,4682;20000,7687;7108,7330,12690;0
=13560,14970;20000,20000;12392,15464,928;0
=11070,4682;12467,8870;7108,7330,12690;1
+7312,0;20000,20000
=7312,3480;9271,6709;3510,6088,19388;0
=9271,4061;20000,6709;3510,6088,19388;0
=12472,0;13640,20000;12552,12274,2930;0
=9118,0;11753,20000;11114,872,16242;0
=12921,0;13073,6573;11114,872,16242;0
=9837,0;10925,11342;7122,10410,11250;1
+13073,0;20000,20000
=16277,0;20000,20000;17826,8044,3022;0
=16429,0;20000,5039;15032,2034,11132;0
=13792,0;14880,8255;15032,2034,11132;0
=13073,0;20000,1453;11114,872,16242;0
=15189,0;16277,11260;17826,8044,3022;0
=13640,0;20000,13375;12552,12274,2930;1
+0,0;9757,20000
=0,0;5892,11810;7108,7330,12690;0
=0,0;5899,20000;4676,16290,11612;0
=0,0;9757,20000;7122,10410,11250;0
=4093,0;5309,11189;3510,6088,19388;0
=5316,0;7312,6709;3510,6088,19388;1
+10925,0;16429,20000
=10925,0;11077,11342;7122,10410,11250;0
=11753,0;11833,8168;11114,872,16242;0
=11833,0;12921,6573;11114,872,16242;0
=14880,0;16429,20000;15032,2034,11132;1
+5309,0;9837,20000
=8534,15877;9702,20000;4676,16290,11612;0
=5309,0;5316,6709;3510,6088,19388;0
=9757,0;9837,12937;7122,10410,11250;0
=5899,13350;8534,20000;4676,16290,11612;0
=9111,0;9118,5641;11114,872,16242;1
+0,0;20000,20000
=0,0;13792,7154;15032,2034,11132;0
=0,0;15189,10159;17826,8044,3022;0
=0,0;12472,13869;12552,12274,2930;0
=0,0;20000,20000;14728,14476,866;0
=7115,0;11070,8870;7108,7330,12690;1
