3;1;10
+2308131786,2321707348;2754109618,1489166999
=2543481022,792286634;2179548832,1991819323;1333314283,2163291328,3402219153;0
=833000641,2328812845;2731974884,2934632889;1277120545,1341257434,4117930900;0
=1352685683,631329726;2577357102,2081996347;2345805577,3449690679,3425296091;0
=2208092037,3383324302;3372625956,2863654367;1908243790,4054600004,3188174115;0
=1508779783,1702733188;1977908412,2661064805;3391370701,2459386809,336636683;0
=1253746206,1011010143;2011019038,3251036933;2920871933,1371917417,2207595909;0
=261710757,1162855157;873766634,3787702137;1398983394,2838886094,3302694650;0
=2848327333,1098363509;2891129833,2239768528;3388411978,1627190031,2432573398;0
=856898014,2990823963;1889902605,1422081542;2348663757,2454489713,3935647491;1
+3114691466,1815741872;2045698825,1491242877
=872669178,782918832;204006842,2165547196;2915584592,1851323193,1730154161;0
=3289136547,3430139833;3169802301,2229711929;1071970101,2644974178,2761162913;0
=291460128,1640561535;293003363,1964705680;476409538,2317987865,215486107;0
=2226664963,1412423956;1659913313,2227019061;1851715328,1854814457,1954591017;0
=2928908979,3180597567;785400454,2634344430;1590952691,428401465,1628301353;0
=1243008861,1549262346;3968360422,3865185277;2490394363,3677774887,1954045180;1
+3784914093,2194963430;3757793736,1217364684
=1991983629,1869460808;1743877487,2539608626;2494019658,2810535305,2658767071;0
=665807116,2226039657;2858880717,1066451538;3206858048,1164610755,1372876889;0
=3233776491,2290253726;3488377556,1267105386;2053145374,3734632106,2510579098;0
=389587455,1710159310;1524785976,1933647811;1070612378,2576766514,1757734365;0
=2283106135,2967111299;2398800292,4007079455;3035016363,2358906790,2365257000;1
+3588629190,1521836782;1748636545,569886783
=2287245434,2538837351;1178901298,3094684977;2374384651,3466897843,568759560;0
=2058292419,2298587171;2424293632,2073746533;2113956704,2180534974,2595204835;0
=749653275,3823490885;1793663077,1693804344;1910184331,3015508491,1457456747;0
=2875983660,2992973463;3695614078,621838414;864549412,2434399447,1513241801;0
=466066247,2366335050;2134096848,3425997106;1742598346,1149008644,2739915784;0
=1861931250,2236016531;2444275888,1647487602;1269027351,2505473895,3361765495;0
=1845834983,1953481843;1658765775,771651482;1191587409,2490664119,3708528776;0
=2291556780,2586674338;3331329026,1956719597;3563739701,711094094,2899635120;0
=3316673883,563934838;2223248605,2878367352;1507165906,2285153473,2136265905;0
=1232601218,1545238716;2554661407,3272827395;1147897769,1369666791,3514418463;1
+1551684411,2667291162;2519249731,3251557994
=2743491033,1673647779;1105976996,2381893823;1675708719,2144673472,2194379541;0
=3028235697,3532353379;805777785,2150568254;676869353,2152450061,1303163759;0
=2901153456,3096432927;803351716,2289835063;3263748211,2326549440,3539441330;0
=3659140025,1392622313;1368416620,2458883150;2699850428,1382254553,1735174574;0
=2748560518,1283908296;561730963,1256013226;1780438961,2222278154,761592040;0
=1948663924,2010403239;1745748525,1700274941;2035192407,1085588052,1797768510;1
+2886883179,1708614523;3372689631,865104158
=1184078292,3823239338;1963397895,1044100682;1809456194,1713004833,910718854;0
=2113412107,2803611444;1477266842,2055425127;692863687,280477680,1603250098;0
=4077722482,2047350187;1010979053,1177029970;955672240,3604387811,2354958037;0
=2757008617,1996898418;1359938286,2308294312;2071642698,1938259139,2828236184;0
=3600446925,3065948760;2933101400,3169480949;3535026808,2668622621,2031793354;1
