5;4;7
+0,0;14702,20000
++9610,8326;14702,20000
+++12984,8761;14528,20000
++++13229,8761;14196,14224
====13959,8761;14196,10972;13344,10752,13226,13890,12184;0
====13229,10307;13558,11475;15048,10412,11478,13464,12096;0
====13869,13270;13950,14224;15306,14002,14334,15100,12596;0
====13558,10307;13560,11475;15048,10412,11478,13464,12096;0
====13687,13652;13869,14224;15306,14002,14334,15100,12596;1
++++13106,8761;13965,13133
====13150,12751;13390,13051;16130,12964,15358,15626,13380;0
====13390,12751;13770,13133;16130,12964,15358,15626,13380;0
====13721,8761;13959,11645;13344,10752,13226,13890,12184;0
====13346,9125;13849,12009;12594,11480,10110,13906,11406;0
====13464,9424;13481,9584;14856,9452,16584,11338,14324;0
====13133,9424;13464,9584;14856,9452,16584,11338,14324;0
====13106,8981;13965,11865;14574,11192,12906,10984,11194;1
++++13885,11394;14442,20000
====14365,12147;14442,20000;14156,13102,16962,12678,16678;0
====13885,11394;14233,12067;16360,11596,13516,12914,13026;0
====13959,12941;14330,20000;14562,13344,11970,14590,13334;0
====13885,14560;14123,20000;13672,16582,13610,17270,12766;0
====13911,13263;14149,20000;13724,13988,15526,14306,15702;1
++++12984,11394;14413,20000
====12984,11394;13265,12067;16360,11596,13516,12914,13026;0
====13500,13623;13875,20000;14406,14708,13304,15730,14768;0
====13417,11718;14413,12391;14728,12244,13788,12266,12226;0
====13770,12751;14281,13133;16130,12964,15358,15626,13380;1
++++13772,12751;14528,20000
====13772,13104;14528,14385;12696,13670,13642,13640,14892;0
====14102,13819;14473,20000;14848,15100,12686,13264,10642;0
====14281,12751;14362,13154;16130,12964,15358,15626,13380;0
====14286,13263;14414,14544;13724,13988,15526,14306,15702;1
++++13026,8761;14286,20000
====14226,13263;14286,20000;13724,13988,15526,14306,15702;0
====13026,11693;13397,20000;12696,13670,13642,13640,14892;0
====13243,13819;14102,20000;14848,15100,12686,13264,10642;0
====13869,12643;13901,20000;13704,15434,14416,14058,16490;0
====13350,8761;13721,20000;13344,10752,13226,13890,12184;1
+++9610,8326;14202,20000
++++9610,8326;11601,20000
====11270,9978;11601,20000;11130,11736,9240,13464,11818;0
====9610,8326;9826,11372;10638,9798,11544,11276,11410;0
====10472,14468;10732,20000;11320,15444,11776,13480,14034;0
====9869,10783;10050,20000;14098,12538,8602,8194,8320;1
++++12975,8591;14202,20000
====13078,13829;13159,20000;13724,13988,15526,14306,15702;0
====12975,9125;13346,20000;12594,11480,10110,13906,11406;0
====13569,15878;13976,20000;16488,16070,16198,15630,15020;0
====13198,12820;14095,20000;14156,13102,16962,12678,16678;0
====13577,8591;14202,11475;15048,10412,11478,13464,12096;1
++++11152,9424;13229,20000
====12782,9424;13133,9584;14856,9452,16584,11338,14324;0
====11152,11059;13181,20000;15104,14446,6830,13790,8542;0
====13089,10307;13229,11475;15048,10412,11478,13464,12096;0
====12722,9784;13053,10027;14034,9852,13830,10446,13024;1
++++11618,9424;13150,20000
====11618,10969;12614,20000;11130,11736,9240,13464,11818;0
====12616,12955;13150,13051;16130,12964,15358,15626,13380;0
====12489,9424;12753,9584;14856,9452,16584,11338,14324;0
====12449,11718;13069,12391;14728,12244,13788,12266,12226;1
+++11716,8680;14702,20000
++++13481,8680;14278,20000
====13869,8680;14106,9652;14856,9452,16584,11338,14324;0
====14095,12820;14127,20000;14156,13102,16962,12678,16678;0
====14216,13986;14276,20000;13704,15434,14416,14058,16490;0
====13976,15878;14278,20000;16488,16070,16198,15630,15020;0
====13481,8680;13869,9584;14856,9452,16584,11338,14324;1
++++11716,11718;14702,20000
====11716,13891;13687,14224;15306,14002,14334,15100,12596;0
====12509,13819;13053,20000;14848,15100,12686,13264,10642;0
====13950,13270;14702,14224;15306,14002,14334,15100,12596;0
====13397,13104;13635,20000;12696,13670,13642,13640,14892;0
====11719,15181;12870,20000;13672,16582,13610,17270,12766;0
====13452,14515;14699,20000;14836,15686,14416,14822,13932;0
====14413,11718;14651,20000;14728,12244,13788,12266,12226;1
++++12230,14026;14627,20000
====14484,14026;14627,20000;14406,14708,13304,15730,14768;0
====12230,14761;12301,16750;14836,15686,14416,14822,13932;0
====13150,14733;13452,20000;14836,15686,14416,14822,13932;0
====12830,14733;13150,20000;14836,15686,14416,14822,13932;1
++++12528,10307;13089,20000
====12657,11509;12894,20000;12432,13302,13858,13398,11802;0
====12528,14244;12863,15076;14406,14708,13304,15730,14768;0
====12609,10307;13089,11074;15048,10412,11478,13464,12096;0
====12846,12941;12986,13562;14562,13344,11970,14590,13334;0
====12580,11394;12984,12067;16360,11596,13516,12914,13026;1
++++12072,9524;12916,20000
====12078,9784;12722,10027;14034,9852,13830,10446,13024;0
====12284,10948;12906,20000;12930,12180,13922,9392,16788;0
====12372,9524;12916,11865;14574,11192,12906,10984,11194;0
====12366,12941;12846,13562;14562,13344,11970,14590,13334;0
====12490,13006;12709,13405;14156,13102,16962,12678,16678;0
====12072,11313;12680,20000;11262,12910,15044,9294,14366;1
+++12725,9475;13569,20000
++++12725,10234;13169,20000
====12783,12820;13114,13405;14156,13102,16962,12678,16678;0
====12798,11712;13169,20000;12240,13708,15476,10198,14768;0
====12789,11693;13026,20000;12696,13670,13642,13640,14892;0
====12725,10234;13113,20000;13344,10752,13226,13890,12184;0
====13068,14552;13149,20000;13704,15434,14416,14058,16490;0
====12743,14761;12830,20000;14836,15686,14416,14822,13932;1
++++13053,9475;13540,20000
====13114,12820;13131,13405;14156,13102,16962,12678,16678;0
====13131,12820;13198,13405;14156,13102,16962,12678,16678;0
====13070,9784;13458,20000;14034,9852,13830,10446,13024;0
====13534,10379;13540,20000;13724,13988,15526,14306,15702;0
====13143,9475;13514,20000;12930,12180,13922,9392,16788;0
====13069,11718;13417,12391;14728,12244,13788,12266,12226;0
====13053,9784;13070,20000;14034,9852,13830,10446,13024;1
++++12863,13829;13133,20000
====12863,14244;12935,20000;14406,14708,13304,15730,14768;0
====12886,14552;13068,20000;13704,15434,14416,14058,16490;0
====12982,13829;13078,20000;13724,13988,15526,14306,15702;0
====12870,14031;13133,20000;13672,16582,13610,17270,12766;0
====12896,13848;12982,20000;13724,13988,15526,14306,15702;1
++++13127,12370;13569,20000
====13149,14552;13200,20000;13704,15434,14416,14058,16490;0
====13210,12370;13534,20000;13724,13988,15526,14306,15702;0
====13127,15878;13569,20000;16488,16070,16198,15630,15020;0
====13237,13623;13500,20000;14406,14708,13304,15730,14768;0
====13133,13667;13508,20000;13672,16582,13610,17270,12766;0
====13200,13093;13524,20000;13704,15434,14416,14058,16490;0
====13159,13829;13210,20000;13724,13988,15526,14306,15702;1
++0,0;13127,20000
+++7148,10285;8782,20000
++++8520,10635;8782,20000
====8617,14855;8686,20000;9624,15350,10320,12042,13370;0
====8520,10708;8688,11296;9954,10938,14910,10606,15750;0
====8688,10635;8782,11296;9954,10938,14910,10606,15750;0
====8539,12246;8707,13109;9992,12830,13170,10192,16306;1
++++7148,10285;8309,20000
====7148,10285;7166,13316;6722,12656,10416,10088,13298;0
====7606,11137;7850,20000;8126,14360,9638,8056,8268;0
====8295,12160;8309,13461;8800,12562,10822,11924,9962;0
====7612,13598;7793,20000;9584,14004,11444,7880,14596;1
++++8412,13664;8726,20000
====8426,15895;8483,20000;9766,17814,9004,13560,11938;0
====8413,13664;8536,20000;10824,13836,13708,7498,13588;0
====8412,14855;8617,20000;9624,15350,10320,12042,13370;0
====8536,13664;8726,20000;10824,13836,13708,7498,13588;0
====8686,14855;8707,20000;9624,15350,10320,12042,13370;1
++++7734,10361;8412,20000
====8355,14855;8412,20000;9624,15350,10320,12042,13370;0
====7892,11260;8073,20000;10144,13492,9034,7112,11366;0
====7850,10418;7972,20000;8126,14360,9638,8056,8268;0
====7734,10361;7869,20000;7894,13388,11832,7294,14928;1
+++0,0;13127,20000
++++0,13268;13127,16942
====0,15878;13127,16942;16488,16070,16198,15630,15020;0
====0,15518;12230,16750;14836,15686,14416,14822,13932;0
====0,13268;10101,13418;14562,13344,11970,14590,13334;0
====0,13581;9168,13677;12696,13670,13642,13640,14892;0
====0,13989;11196,14181;15306,14002,14334,15100,12596;0
====0,14534;10803,14975;14406,14708,13304,15730,14768;1
++++0,7882;11723,20000
====0,7882;10073,7911;13554,7908,15808,9082,11350;0
====0,9356;7943,9641;12106,9396,8322,9858,11764;0
====0,8738;7327,11762;9136,10332,5360,8764,11592;0
====0,14211;10866,20000;15104,14446,6830,13790,8542;0
====0,8763;7188,20000;7748,9316,6560,9780,8796;0
====0,10835;10830,11427;14574,11192,12906,10984,11194;0
====0,11394;11723,11629;16360,11596,13516,12914,13026;1
++++0,0;7267,7624
====6682,5172;7236,7624;7844,7334,10704,7198,10080;0
====0,6217;7058,7119;9014,6854,9048,7176,10506;0
====0,5061;7164,6438;10136,6002,7304,12576,4230;0
====7146,5634;7267,7384;9014,6854,9048,7176,10506;0
====0,0;5281,3317;7086,3010,7218,7044,5404;0
====0,3734;5386,3982;7296,3844,7646,8182,5160;1
++++0,7267;8388,7941
====6058,7267;6267,7935;7014,7660,6902,7796,7818;0
====0,7267;6058,7935;7014,7660,6902,7796,7818;0
====0,7408;8388,7941;11258,7672,5890,10530,8354;0
====0,7318;6654,7703;7790,7492,7160,8662,6960;0
====6267,7267;6455,7935;7014,7660,6902,7796,7818;1
++++0,6747;9568,20000
====9352,8234;9568,20000;10122,9614,12172,10152,11260;0
====6056,7814;6244,20000;6592,8754,7086,8616,7724;0
====0,6755;3628,20000;3780,9886,6018,7024,9622;0
====0,6747;6338,20000;7574,7914,7028,6918,5666;1
++++0,4267;7587,20000
====0,7917;7587,8065;8582,7920,7930,9302,10258;0
====0,6005;7090,20000;9078,6430,8864,6172,7088;0
====0,4267;4856,20000;5520,4414,6792,6962,5366;0
====7374,8226;7555,8635;9108,8242,12294,7142,9472;0
====0,7949;6055,20000;6592,8754,7086,8616,7724;1
++++0,5666;9626,8033
====0,5666;8685,5877;12268,5752,8912,14012,7164;0
====0,6718;8370,8033;11638,7856,10522,6908,6616;0
====0,6623;9626,6822;13356,6770,7138,9098,8582;0
====0,6988;8620,7218;11344,7102,14266,8094,13856;1
+++0,9616;9919,20000
++++6657,9616;7071,20000
====6657,10433;6675,20000;6722,12656,10416,10088,13298;0
====6948,11368;7071,20000;7894,13388,11832,7294,14928;0
====6712,9616;7007,20000;7422,10478,10854,9006,9268;0
====6883,11694;7064,20000;8126,14360,9638,8056,8268;0
====6767,11368;6948,20000;7894,13388,11832,7294,14928;1
++++0,10465;9593,20000
====0,10841;9593,11571;12594,11480,10110,13906,11406;0
====7071,10799;7261,20000;7894,13388,11832,7294,14928;0
====0,14022;6883,20000;8126,14360,9638,8056,8268;0
====0,10465;6959,20000;7200,13976,4898,9890,7420;0
====8940,13600;9349,13772;12240,13708,15476,10198,14768;0
====0,13247;9036,13397;12432,13302,13858,13398,11802;1
++++8156,13664;9919,20000
====8156,14801;8297,20000;8468,15242,10784,9828,12946;0
====8955,13664;9334,20000;10824,13836,13708,7498,13588;0
====9334,13664;9919,20000;10824,13836,13708,7498,13588;0
====8757,14786;8778,20000;9766,17814,9004,13560,11938;1
++++7277,9984;8872,13007
====8851,10635;8872,11296;9954,10938,14910,10606,15750;0
====8782,10635;8851,11296;9954,10938,14910,10606,15750;0
====8576,10993;8597,13007;9404,11654,13370,9958,13170;0
====8245,11066;8413,11658;9404,11654,13370,9958,13170;0
====7277,9984;7590,12867;8552,11758,8450,10912,7482;1
++++0,9625;8171,20000
====8063,9625;8171,20000;8552,11758,8450,10912,7482;0
====7348,9788;7592,20000;7610,11662,7558,8592,8022;0
====0,10393;7277,12867;8552,11758,8450,10912,7482;0
====0,9936;6625,12673;7610,11662,7558,8592,8022;0
====6531,9753;6712,20000;7422,10478,10854,9006,9268;0
====0,9632;5371,20000;5640,13684,7090,6332,7734;1
++++8714,10429;9306,20000
====8860,12286;9174,12928;11262,12910,15044,9294,14366;0
====8801,11581;8870,13109;9992,12830,13170,10192,16306;0
====8714,10429;9299,20000;9584,14004,11444,7880,14596;0
====8802,12787;9306,20000;8468,15242,10784,9828,12946;1
+++0,9188;10724,12081
++++0,9424;10724,10138
====0,9424;10724,9533;14856,9452,16584,11338,14324;0
====8633,9557;8862,10138;10638,9798,11544,11276,11410;0
====0,9481;6951,9750;10122,9614,12172,10152,11260;0
====0,9532;8331,9801;12882,9716,12206,8942,11742;1
++++0,9465;10215,12081
====0,11699;8385,11747;11130,11736,9240,13464,11818;0
====8604,9465;8772,10046;10122,9614,12172,10152,11260;0
====0,10615;10215,11207;13344,10752,13226,13890,12184;0
====0,9753;6531,12081;7422,10478,10854,9006,9268;0
====0,9713;10199,11881;14758,10078,13282,6750,12154;1
++++0,9188;9530,11629
====5763,9188;5944,11516;6248,9348,9532,6424,9570;0
====7622,10964;8733,11629;11464,11596,10592,14310,13608;0
====7606,9196;9530,11070;7422,10478,10854,9006,9268;0
====0,9188;5763,11516;6248,9348,9532,6424,9570;0
====7516,9196;7606,11070;7422,10478,10854,9006,9268;1
++++0,9382;8615,11341
====8443,9557;8615,10138;10638,9798,11544,11276,11410;0
====0,9573;7209,9842;10638,9798,11544,11276,11410;0
====0,9382;8355,11341;10708,9736,14874,10982,6862;0
====6951,9481;8062,10046;10122,9614,12172,10152,11260;1
+++0,10044;8827,20000
++++0,11637;8554,13842
====0,13450;8033,13842;9608,13708,5164,12434,12456;0
====0,11637;5837,13536;7894,13388,11832,7294,14928;0
====0,11689;6962,13588;10144,13492,9034,7112,11366;0
====0,12160;7220,13123;8800,12562,10822,11924,9962;0
====8145,13042;8554,13165;10650,13138,12194,9608,13270;0
====0,13042;8145,13165;10650,13138,12194,9608,13270;0
====0,11896;7371,12298;9102,12034,15296,13598,12764;1
++++8385,10993;8827,20000
====8385,11699;8794,11747;11130,11736,9240,13464,11818;0
====8525,11581;8741,20000;8468,15242,10784,9828,12946;0
====8614,11896;8827,12298;9102,12034,15296,13598,12764;0
====8507,10993;8576,13007;9404,11654,13370,9958,13170;1
++++0,13760;8355,20000
====7632,14855;8355,20000;9624,15350,10320,12042,13370;0
====0,14855;7632,20000;9624,15350,10320,12042,13370;0
====0,14801;7054,20000;8468,15242,10784,9828,12946;0
====0,13760;8232,20000;10824,13836,13708,7498,13588;1
++++0,10044;8404,20000
====0,10044;7926,10932;12072,10202,8166,10380,11232;0
====0,13844;7612,20000;9584,14004,11444,7880,14596;0
====8163,10092;8404,13842;9608,13708,5164,12434,12456;0
====5837,11368;6767,13536;7894,13388,11832,7294,14928;0
====0,10987;8086,20000;10170,12946,9600,9124,6324;0
====6904,10158;6961,20000;6722,12656,10416,10088,13298;1
+++0,9069;10621,20000
++++6625,9069;7218,20000
====7070,9069;7218,20000;7422,10478,10854,9006,9268;0
====6675,9805;6720,20000;6722,12656,10416,10088,13298;0
====6961,10158;7148,13316;6722,12656,10416,10088,13298;0
====6625,9936;7119,20000;7610,11662,7558,8592,8022;0
====7025,9069;7070,20000;7422,10478,10854,9006,9268;0
====7007,9344;7025,20000;7422,10478,10854,9006,9268;1
++++0,9784;8907,12924
====0,9784;8907,9869;14034,9852,13830,10446,13024;0
====5251,11002;6181,12924;6722,12656,10416,10088,13298;0
====6485,10705;6590,12924;6722,12656,10416,10088,13298;0
====6362,11002;6485,12924;6722,12656,10416,10088,13298;0
====0,9994;8594,11167;11186,10672,13632,13870,9106;1
++++0,9117;8451,20000
====8171,9117;8185,20000;8552,11758,8450,10912,7482;0
====7498,9196;7516,20000;7422,10478,10854,9006,9268;0
====5944,9188;6125,20000;6248,9348,9532,6424,9570;0
====0,12286;8451,12928;11262,12910,15044,9294,14366;1
++++0,9143;10621,20000
====0,13982;10462,13996;13724,13988,15526,14306,15702;0
====0,12001;10184,12391;14728,12244,13788,12266,12226;0
====0,9143;9769,20000;13536,9258,8450,15702,6804;0
====0,14730;10244,20000;14848,15100,12686,13264,10642;0
====0,15471;10379,17198;13672,16582,13610,17270,12766;0
====0,13024;10621,13120;14156,13102,16962,12678,16678;1
++9577,7939;11931,20000
+++11161,8254;11931,20000
++++11161,9717;11841,11865
====11794,9717;11841,11865;14574,11192,12906,10984,11194;0
====11240,10477;11757,11244;13344,10752,13226,13890,12184;0
====11578,9717;11794,11865;14574,11192,12906,10984,11194;0
====11161,9717;11182,11475;14574,11192,12906,10984,11194;0
====11235,10372;11329,11037;15048,10412,11478,13464,12096;0
====11563,9717;11578,11865;14574,11192,12906,10984,11194;1
++++11196,13891;11716,14975
====11196,13989;11253,14181;15306,14002,14334,15100,12596;0
====11266,14356;11437,14975;14406,14708,13304,15730,14768;0
====11253,13891;11364,14181;15306,14002,14334,15100,12596;0
====11364,13891;11716,14181;15306,14002,14334,15100,12596;1
++++11600,8254;11918,20000
====11723,11394;11891,11629;16360,11596,13516,12914,13026;0
====11600,11885;11838,12286;9102,12034,15296,13598,12764;0
====11673,12703;11913,13725;12696,13670,13642,13640,14892;0
====11601,10969;11618,20000;11130,11736,9240,13464,11818;0
====11776,12955;11870,13051;16130,12964,15358,15626,13380;0
====11678,8254;11918,20000;14758,10078,13282,6750,12154;0
====11751,11552;11825,20000;12240,13708,15476,10198,14768;1
++++11229,11752;11931,20000
====11298,14730;11319,20000;14848,15100,12686,13264,10642;0
====11715,14023;11931,20000;14848,15100,12686,13264,10642;0
====11487,14023;11715,20000;14848,15100,12686,13264,10642;0
====11365,11832;11694,20000;11320,15444,11776,13480,14034;0
====11838,11885;11915,12286;9102,12034,15296,13598,12764;0
====11301,11752;11921,13541;12432,13302,13858,13398,11802;0
====11229,14730;11298,20000;14848,15100,12686,13264,10642;1
++++11169,9726;11768,13725
====11766,9726;11768,12688;11464,11596,10592,14310,13608;0
====11420,13404;11673,13725;12696,13670,13642,13640,14892;0
====11426,12955;11608,13051;16130,12964,15358,15626,13380;0
====11169,12001;11640,12391;14728,12244,13788,12266,12226;1
+++9577,8734;11192,20000
++++10215,8786;10948,11207
====10504,8786;10948,10024;12882,9716,12206,8942,11742;0
====10215,10615;10383,11207;13344,10752,13226,13890,12184;0
====10336,8786;10363,10024;12882,9716,12206,8942,11742;0
====10246,8786;10336,10024;12882,9716,12206,8942,11742;1
++++9694,8734;10082,20000
====9694,11921;10008,12563;12930,12180,13922,9392,16788;0
====9759,13124;9927,13397;12432,13302,13858,13398,11802;0
====9839,13363;9908,14070;12068,13780,9968,13068,10926;0
====9769,8734;10082,20000;13536,9258,8450,15702,6804;1
++++9577,10841;11192,13772
====9577,13581;11152,13689;12696,13670,13642,13640,14892;0
====9720,13600;11192,13772;12240,13708,15476,10198,14768;0
====10102,10841;10573,11619;12594,11480,10110,13906,11406;0
====9616,13042;9832,13315;10650,13138,12194,9608,13270;1
++++10133,8786;10755,12614
====10363,8786;10504,10024;12882,9716,12206,8942,11742;0
====10407,9937;10755,12300;9404,11654,13370,9958,13170;0
====10133,9697;10637,12614;11130,11736,9240,13464,11818;0
====10151,9656;10407,12300;9404,11654,13370,9958,13170;1
+++9864,7939;11751,20000
++++10693,8254;11678,20000
====10967,14730;11024,20000;14848,15100,12686,13264,10642;0
====11135,14730;11229,20000;14848,15100,12686,13264,10642;0
====10724,9424;10971,9533;14856,9452,16584,11338,14324;0
====10693,8254;11678,20000;14758,10078,13282,6750,12154;0
====11152,13581;11420,13725;12696,13670,13642,13640,14892;0
====11096,13912;11654,13996;13724,13988,15526,14306,15702;1
++++9927,7939;11288,20000
====10510,8636;10766,11280;10122,9614,12172,10152,11260;0
====9996,7939;11154,20000;11410,8220,8418,9792,11216;0
====9927,8658;9948,9864;12106,9396,8322,9858,11764;0
====9948,8658;10344,9864;12106,9396,8322,9858,11764;0
====10021,13124;11288,13397;12432,13302,13858,13398,11802;1
++++9910,8527;10621,20000
====9910,9061;9931,20000;12072,10202,8166,10380,11232;0
====10344,8527;10621,9864;12106,9396,8322,9858,11764;0
====9931,9061;10327,20000;12072,10202,8166,10380,11232;0
====10050,10374;10363,20000;14098,12538,8602,8194,8320;0
====10416,8586;10555,20000;13536,9258,8450,15702,6804;0
====10127,8586;10311,20000;13536,9258,8450,15702,6804;1
++++9864,9165;10678,20000
====10132,9165;10678,11809;11186,10672,13632,13870,9106;0
====10097,13363;10325,20000;12068,13780,9968,13068,10926;0
====9864,13042;10397,13315;10650,13138,12194,9608,13270;0
====9892,9165;10132,11809;11186,10672,13632,13870,9106;0
====10510,13145;10642,13418;14562,13344,11970,14590,13334;0
====10081,11222;10321,12888;9992,12830,13170,10192,16306;1
++++10948,8786;11751,12391
====11143,10685;11751,12300;9404,11654,13370,9958,13170;0
====10948,8786;11009,10024;12882,9716,12206,8942,11742;0
====10964,12001;11075,12391;14728,12244,13788,12266,12226;0
====10971,9424;11139,9533;14856,9452,16584,11338,14324;0
====11009,8786;11513,11604;12882,9716,12206,8942,11742;1
+++10588,9784;11289,20000
++++10728,9784;10883,20000
====10728,9784;10822,10027;14034,9852,13830,10446,13024;0
====10789,13024;10883,13120;14156,13102,16962,12678,16678;0
====10732,14195;10745,20000;11320,15444,11776,13480,14034;0
====10848,14421;10865,20000;9624,15350,10320,12042,13370;1
++++10745,10254;11135,20000
====11024,14730;11135,20000;14848,15100,12686,13264,10642;0
====10998,10254;11092,11427;14574,11192,12906,10984,11194;0
====10925,13912;11096,13996;13724,13988,15526,14306,15702;0
====10745,13590;10979,20000;11320,15444,11776,13480,14034;0
====10919,14008;10936,20000;9766,17814,9004,13560,11938;1
++++10592,10226;10836,20000
====10592,10226;10697,20000;14098,12538,8602,8194,8320;0
====10697,10226;10836,20000;14098,12538,8602,8194,8320;0
====10642,13145;10824,13418;14562,13344,11970,14590,13334;0
====10621,13024;10789,13120;14156,13102,16962,12678,16678;1
++++10588,11558;11289,20000
====11225,11558;11289,20000;11320,15444,11776,13480,14034;0
====10588,13017;10919,20000;9766,17814,9004,13560,11938;0
====10803,14534;11266,14975;14406,14708,13304,15730,14768;0
====10979,13590;11225,20000;11320,15444,11776,13480,14034;1
++++10756,10372;11067,13418
====10756,11256;10972,12563;12930,12180,13922,9392,16788;0
====10820,10372;11067,10445;15048,10412,11478,13464,12096;0
====10824,13145;10992,13418;14562,13344,11970,14590,13334;0
====10972,11256;11019,12563;12930,12180,13922,9392,16788;1
++++10604,10254;11161,12490
====11092,10254;11161,11475;14574,11192,12906,10984,11194;0
====10604,11885;10767,12490;9102,12034,15296,13598,12764;0
====10606,10276;10649,11942;9954,10938,14910,10606,15750;0
====10649,10276;10682,11942;9954,10938,14910,10606,15750;1
+++9579,8070;10611,20000
++++9579,8070;9996,20000
====9579,8070;9600,20000;11410,8220,8418,9792,11216;0
====9841,9759;9910,20000;12072,10202,8166,10380,11232;0
====9769,8224;9888,20000;9954,10938,14910,10606,15750;0
====9737,8963;9755,10024;12882,9716,12206,8942,11742;0
====9600,8070;9996,20000;11410,8220,8418,9792,11216;0
====9869,9165;9892,11809;11186,10672,13632,13870,9106;1
++++9606,8815;10593,14070
====9984,8815;10228,10024;12882,9716,12206,8942,11742;0
====9634,13363;9839,14070;12068,13780,9968,13068,10926;0
====10184,12001;10593,12391;14728,12244,13788,12266,12226;0
====9606,10964;10300,11666;11464,11596,10592,14310,13608;0
====10180,11885;10256,12490;9102,12034,15296,13598,12764;0
====10104,11034;10133,12614;11130,11736,9240,13464,11818;1
++++10332,10226;10592,20000
====10556,10226;10592,20000;14098,12538,8602,8194,8320;0
====10512,12743;10588,20000;9766,17814,9004,13560,11938;0
====10464,15397;10472,20000;11320,15444,11776,13480,14034;0
====10332,12736;10512,20000;9766,17814,9004,13560,11938;1
++++9897,11908;10464,20000
====10008,11921;10176,12563;12930,12180,13922,9392,16788;0
====10167,15397;10464,20000;11320,15444,11776,13480,14034;0
====9897,14421;10441,20000;9624,15350,10320,12042,13370;0
====9951,11908;10332,20000;9766,17814,9004,13560,11938;0
====10379,15471;10436,17198;13672,16582,13610,17270,12766;1
++++9864,8586;10611,20000
====10038,10276;10049,20000;9954,10938,14910,10606,15750;0
====10311,8586;10416,20000;13536,9258,8450,15702,6804;0
====9966,13664;10484,20000;10824,13836,13708,7498,13588;0
====9864,13748;10611,20000;9584,14004,11444,7880,14596;0
====10199,9713;10380,20000;14758,10078,13282,6750,12154;1
++9036,8786;12512,20000
+++10541,10276;12490,20000
++++11825,11533;12490,20000
====12403,13006;12490,13405;14156,13102,16962,12678,16678;0
====11825,11552;12173,20000;12240,13708,15476,10198,14768;0
====12384,11533;12401,20000;12696,13670,13642,13640,14892;0
====12382,11936;12384,20000;12696,13670,13642,13640,14892;1
++++10682,10276;12092,13418
====10682,10276;11013,11942;9954,10938,14910,10606,15750;0
====11751,10685;12081,12096;9404,11654,13370,9958,13170;0
====10992,13145;11086,13418;14562,13344,11970,14590,13334;0
====11329,10372;12092,11074;15048,10412,11478,13464,12096;1
++++10541,10477;12374,20000
====11877,10948;12284,20000;12930,12180,13922,9392,16788;0
====10547,15471;10899,17198;13672,16582,13610,17270,12766;0
====10936,14008;11932,20000;9766,17814,9004,13560,11938;0
====10541,13363;11119,20000;12068,13780,9968,13068,10926;0
====11757,10477;12237,11244;13344,10752,13226,13890,12184;0
====11664,14635;12177,15439;13704,15434,14416,14058,16490;0
====11144,10497;12374,20000;10650,13138,12194,9608,13270;1
++++11013,10383;12072,20000
====11450,10383;12072,20000;11262,12910,15044,9294,14366;0
====11319,14730;11487,20000;14848,15100,12686,13264,10642;0
====11013,10570;11030,11942;9954,10938,14910,10606,15750;0
====11550,10948;11877,13008;12930,12180,13922,9392,16788;1
++++11931,10841;12333,20000
====11931,14023;11978,20000;14848,15100,12686,13264,10642;0
====12331,10841;12333,20000;12594,11480,10110,13906,11406;0
====12002,10841;12331,12630;12594,11480,10110,13906,11406;0
====12250,11752;12252,20000;12432,13302,13858,13398,11802;0
====12252,11349;12269,20000;12432,13302,13858,13398,11802;1
+++9036,9165;10185,20000
++++9263,11581;9577,13878
====9550,11581;9564,13417;9992,12830,13170,10192,16306;0
====9526,11621;9553,12928;11262,12910,15044,9294,14366;0
====9503,11581;9550,13417;9992,12830,13170,10192,16306;0
====9263,13363;9577,13878;12068,13780,9968,13068,10926;1
++++9174,11621;9616,13315
====9436,11621;9526,12928;11262,12910,15044,9294,14366;0
====9342,12286;9436,12928;11262,12910,15044,9294,14366;0
====9174,12286;9342,12928;11262,12910,15044,9294,14366;0
====9388,13042;9616,13315;10650,13138,12194,9608,13270;1
++++9553,11183;10185,12928
====10138,11621;10185,12928;11262,12910,15044,9294,14366;0
====9612,11183;9623,12871;9102,12034,15296,13598,12764;0
====9553,11621;10138,12928;11262,12910,15044,9294,14366;0
====9905,11183;10116,12490;9102,12034,15296,13598,12764;1
++++9537,10964;10104,12614
====9537,10964;9606,11666;11464,11596,10592,14310,13608;0
====10072,11034;10104,12614;11130,11736,9240,13464,11818;0
====9636,11183;9870,12490;9102,12034,15296,13598,12764;0
====9870,11183;9905,12490;9102,12034,15296,13598,12764;1
++++9036,13042;9720,13772
====9036,13042;9130,13315;10650,13138,12194,9608,13270;0
====9130,13042;9220,13315;10650,13138,12194,9608,13270;0
====9168,13581;9577,13689;12696,13670,13642,13640,14892;0
====9349,13600;9720,13772;12240,13708,15476,10198,14768;0
====9036,13247;9445,13397;12432,13302,13858,13398,11802;1
++++9103,9759;9951,20000
====9256,10993;9270,20000;9404,11654,13370,9958,13170;0
====9370,11034;9439,11747;11130,11736,9240,13464,11818;0
====9465,15397;9555,20000;11320,15444,11776,13480,14034;0
====9332,9759;9350,10932;12072,10202,8166,10380,11232;0
====9555,15397;9951,20000;11320,15444,11776,13480,14034;0
====9103,12841;9319,20000;9624,15350,10320,12042,13370;1
++++9367,9165;9596,11747
====9367,9356;9596,9864;12106,9396,8322,9858,11764;0
====9467,9165;9488,11215;11186,10672,13632,13870,9106;0
====9398,9994;9467,11215;11186,10672,13632,13870,9106;0
====9439,11034;9460,11747;11130,11736,9240,13464,11818;1
+++10219,9717;11766,20000
++++10313,9784;10615,20000
====10313,9784;10560,10027;14034,9852,13830,10446,13024;0
====10536,9908;10544,11666;11464,11596,10592,14310,13608;0
====10544,9908;10615,11666;11464,11596,10592,14310,13608;0
====10363,10226;10556,20000;14098,12538,8602,8194,8320;0
====10383,10542;10477,11207;13344,10752,13226,13890,12184;1
++++10899,9717;11766,20000
====11182,9717;11563,11475;14574,11192,12906,10984,11194;0
====11532,13309;11751,20000;12240,13708,15476,10198,14768;0
====11297,9908;11437,20000;11464,11596,10592,14310,13608;0
====11303,10006;11450,20000;11262,12910,15044,9294,14366;0
====11551,9726;11766,20000;11464,11596,10592,14310,13608;0
====11119,10726;11663,20000;12068,13780,9968,13068,10926;0
====10899,15181;11719,17198;13672,16582,13610,17270,12766;1
++++10270,11256;10964,13996
====10270,11256;10360,12563;12930,12180,13922,9392,16788;0
====10907,12001;10964,12391;14728,12244,13788,12266,12226;0
====10587,11885;10604,12490;9102,12034,15296,13598,12764;0
====10412,11256;10756,12563;12930,12180,13922,9392,16788;0
====10462,13912;10925,13996;13724,13988,15526,14306,15702;1
++++10219,9784;11449,12754
====10817,9908;11297,11666;11464,11596,10592,14310,13608;0
====10360,11256;10412,12563;12930,12180,13922,9392,16788;0
====10219,10209;11449,12754;8800,12562,10822,11924,9962;0
====10477,10542;11240,11244;13344,10752,13226,13890,12184;0
====10302,10276;10606,11942;9954,10938,14910,10606,15750;0
====10560,9784;10728,10027;14034,9852,13830,10446,13024;1
+++10244,8786;12372,20000
++++10300,9713;10547,20000
====10300,9908;10536,11666;11464,11596,10592,14310,13608;0
====10397,13042;10410,20000;10650,13138,12194,9608,13270;0
====10380,9713;10503,20000;14758,10078,13282,6750,12154;0
====10436,15471;10547,17198;13672,16582,13610,17270,12766;1
++++10327,8786;12260,20000
====10327,8930;11485,20000;12072,10202,8166,10380,11232;0
====10822,9784;12078,10027;14034,9852,13830,10446,13024;0
====11513,8786;12260,20000;12882,9716,12206,8942,11742;0
====10766,8917;12110,11280;10122,9614,12172,10152,11260;1
++++10244,11222;10967,20000
====10517,14421;10848,20000;9624,15350,10320,12042,13370;0
====10244,14730;10967,20000;14848,15100,12686,13264,10642;0
====10321,11222;10701,12888;9992,12830,13170,10192,16306;0
====10325,13363;10541,20000;12068,13780,9968,13068,10926;1
++++10615,9165;11049,20000
====10615,9908;10817,11666;11464,11596,10592,14310,13608;0
====10678,9165;11042,20000;11186,10672,13632,13870,9106;0
====10637,9697;11014,20000;11130,11736,9240,13464,11818;0
====10701,11222;11049,12888;9992,12830,13170,10192,16306;1
++++10836,9009;11412,20000
====11222,9172;11412,20000;11186,10672,13632,13870,9106;0
====11024,9009;11355,20000;10638,9798,11544,11276,11410;0
====10866,14211;11152,20000;15104,14446,6830,13790,8542;0
====10836,9507;10958,20000;14098,12538,8602,8194,8320;0
====11194,9704;11270,20000;11130,11736,9240,13464,11818;0
====11139,9424;11233,9533;14856,9452,16584,11338,14324;1
++++11049,9524;12372,15029
====11841,9524;12372,11865;14574,11192,12906,10984,11194;0
====11995,14244;12015,15029;14406,14708,13304,15730,14768;0
====11049,11222;11437,12888;9992,12830,13170,10192,16306;0
====11437,14356;11995,15029;14406,14708,13304,15730,14768;1
+++10767,10477;12512,15439
++++10767,10835;11785,12688
====11768,10899;11785,12688;11464,11596,10592,14310,13608;0
====10830,10835;10998,11427;14574,11192,12906,10984,11194;0
====10767,11885;11600,12490;9102,12034,15296,13598,12764;0
====11033,10948;11550,12563;12930,12180,13922,9392,16788;0
====11075,12001;11169,12391;14728,12244,13788,12266,12226;0
====11019,11256;11033,12563;12930,12180,13922,9392,16788;0
====11640,11718;11764,12391;14728,12244,13788,12266,12226;1
++++12163,10477;12512,15439
====12264,14607;12512,15439;13704,15434,14416,14058,16490;0
====12237,10477;12377,12266;13344,10752,13226,13890,12184;0
====12163,13006;12403,13120;14156,13102,16962,12678,16678;0
====12177,14635;12264,15439;13704,15434,14416,14058,16490;0
====12187,13912;12274,14716;13724,13988,15526,14306,15702;1
++++11674,11718;12449,14716
====11674,13912;12187,14716;13724,13988,15526,14306,15702;0
====11764,11718;12449,12391;14728,12244,13788,12266,12226;0
====11913,11936;12053,13725;12696,13670,13642,13640,14892;0
====12053,11936;12382,13725;12696,13670,13642,13640,14892;1
++++10883,10570;12163,13772
====11086,13145;12085,13418;14562,13344,11970,14590,13334;0
====11445,13309;11532,13772;12240,13708,15476,10198,14768;0
====11437,11273;12045,12888;9992,12830,13170,10192,16306;0
====11785,10899;12029,12688;11464,11596,10592,14310,13608;0
====11382,10841;12002,12630;12594,11480,10110,13906,11406;0
====11030,10570;12026,11942;9954,10938,14910,10606,15750;0
====10883,13024;12163,13120;14156,13102,16962,12678,16678;1
++++11891,11394;12456,13562
====11985,11394;12456,11677;16360,11596,13516,12914,13026;0
====12353,13145;12366,13562;14562,13344,11970,14590,13334;0
====11891,11394;11985,11629;16360,11596,13516,12914,13026;0
====12085,13145;12353,13418;14562,13344,11970,14590,13334;0
====11921,11752;12250,13541;12432,13302,13858,13398,11802;1
++7164,0;14573,20000
+++7164,0;10716,13440
++++9774,0;10716,12928
====10199,0;10716,12928;11262,12910,15044,9294,14366;0
====10230,0;10404,11372;10638,9798,11544,11276,11410;0
====9774,0;9787,12573;9404,11654,13370,9958,13170;0
====10672,7882;10699,8075;13554,7908,15808,9082,11350;1
++++7164,0;8294,7624
====7164,0;7827,6438;10136,6002,7304,12576,4230;0
====7465,0;7709,7624;7844,7334,10704,7198,10080;0
====7267,4932;7821,7384;9014,6854,9048,7176,10506;0
====8050,0;8294,7384;9014,6854,9048,7176,10506;1
++++8733,6623;10564,11629
====9626,6623;9974,6862;13356,6770,7138,9098,8582;0
====10488,7882;10564,7911;13554,7908,15808,9082,11350;0
====8733,10964;9028,11629;11464,11596,10592,14310,13608;0
====9545,8224;9679,11296;9954,10938,14910,10606,15750;0
====10179,6766;10211,7672;11344,7102,14266,8094,13856;1
++++8446,9977;9766,13440
====8446,11896;8614,12298;9102,12034,15296,13598,12764;0
====8597,10993;8765,13007;9404,11654,13370,9958,13170;0
====8827,9977;8842,12298;9102,12034,15296,13598,12764;0
====9019,10121;9766,13440;7894,13388,11832,7294,14928;0
====8943,11581;9059,13417;9992,12830,13170,10192,16306;0
====8870,11581;8891,13109;9992,12830,13170,10192,16306;1
+++12935,9475;14260,20000
++++13578,12941;14260,20000
====14123,14560;14260,20000;13672,16582,13610,17270,12766;0
====13578,12941;13959,20000;14562,13344,11970,14590,13334;0
====13971,13623;14252,20000;14406,14708,13304,15730,14768;0
====13901,13986;14139,20000;13704,15434,14416,14058,16490;0
====13875,13623;13971,20000;14406,14708,13304,15730,14768;0
====14139,13986;14216,20000;13704,15434,14416,14058,16490;1
++++12935,12941;14226,20000
====12986,12941;13315,13562;14562,13344,11970,14590,13334;0
====14149,13263;14226,20000;13724,13988,15526,14306,15702;0
====13053,13819;13243,20000;14848,15100,12686,13264,10642;0
====12935,14244;13237,20000;14406,14708,13304,15730,14768;1
++++13265,12920;13640,20000
====13508,12920;13604,20000;13672,16582,13610,17270,12766;0
====13503,12920;13640,20000;12432,13302,13858,13398,11802;0
====13315,12941;13578,20000;14562,13344,11970,14590,13334;0
====13265,12920;13503,20000;12432,13302,13858,13398,11802;1
++++13514,9475;13911,20000
====13879,11920;13911,20000;13724,13988,15526,14306,15702;0
====13524,11102;13530,20000;13704,15434,14416,14058,16490;0
====13514,9475;13844,12359;12930,12180,13922,9392,16788;0
====13635,13104;13772,20000;12696,13670,13642,13640,14892;0
====13560,9904;13577,11475;15048,10412,11478,13464,12096;1
+++8778,0;13695,20000
++++12269,0;13695,20000
====12269,0;12657,20000;12432,13302,13858,13398,11802;0
====13458,8311;13695,20000;14034,9852,13830,10446,13024;0
====12333,0;12975,20000;12594,11480,10110,13906,11406;0
====12916,9524;13106,11865;14574,11192,12906,10984,11194;1
++++8778,0;10768,20000
====10404,0;10768,20000;10638,9798,11544,11276,11410;0
====8778,14786;9159,20000;9766,17814,9004,13560,11938;0
====9787,0;10151,12300;9404,11654,13370,9958,13170;0
====9229,7074;9538,20000;11258,7672,5890,10530,8354;0
====8820,0;10360,20000;9822,5510,8278,10214,7430;1
++++10439,0;11836,20000
====10673,0;11202,5877;12268,5752,8912,14012,7164;0
====10716,0;11043,13373;11262,12910,15044,9294,14366;0
====10484,0;11231,20000;10824,13836,13708,7498,13588;0
====10439,0;11173,20000;10708,9736,14874,10982,6862;0
====10555,7630;11836,20000;13536,9258,8450,15702,6804;1
++++9782,0;10672,8075
====10582,7882;10672,8075;13554,7908,15808,9082,11350;0
====9782,0;10029,5877;12268,5752,8912,14012,7164;0
====10185,6623;10465,7342;13356,6770,7138,9098,8582;0
====10037,6623;10185,7215;13356,6770,7138,9098,8582;0
====9974,6623;9992,6862;13356,6770,7138,9098,8582;1
+++11014,0;14573,20000
++++13540,0;14365,20000
====14127,0;14365,20000;14156,13102,16962,12678,16678;0
====13965,0;14336,11865;14574,11192,12906,10984,11194;0
====13604,0;13885,20000;13672,16582,13610,17270,12766;0
====13540,0;13879,20000;13724,13988,15526,14306,15702;1
++++11014,0;11491,20000
====11084,0;11491,20000;11344,7102,14266,8094,13856;0
====11043,0;11303,20000;11262,12910,15044,9294,14366;0
====11042,0;11222,20000;11186,10672,13632,13870,9106;0
====11014,0;11194,20000;11130,11736,9240,13464,11818;0
====11284,7882;11331,8075;13554,7908,15808,9082,11350;0
====11289,0;11365,20000;11320,15444,11776,13480,14034;1
++++11485,0;14573,20000
====11485,0;12714,20000;12072,10202,8166,10380,11232;0
====14202,0;14573,11475;15048,10412,11478,13464,12096;0
====13530,0;13869,20000;13704,15434,14416,14058,16490;0
====14252,0;14484,20000;14406,14708,13304,15730,14768;0
====14205,0;14445,9652;14856,9452,16584,11338,14324;1
++++11154,0;12731,20000
====11437,0;11551,20000;11464,11596,10592,14310,13608;0
====11154,0;12383,20000;11410,8220,8418,9792,11216;0
====11331,7882;12596,20000;13554,7908,15808,9082,11350;0
====11502,0;12731,20000;12106,9396,8322,9858,11764;1
++++11663,0;14066,20000
====13695,0;14066,20000;14034,9852,13830,10446,13024;0
====11663,0;12712,20000;12068,13780,9968,13068,10926;0
====12260,0;13490,20000;12882,9716,12206,8942,11742;0
====12173,0;12561,20000;12240,13708,15476,10198,14768;1
++++12401,0;13826,20000
====12401,0;12789,20000;12696,13670,13642,13640,14892;0
====12906,0;13143,20000;12930,12180,13922,9392,16788;0
====12596,0;13826,20000;13554,7908,15808,9082,11350;0
====13113,0;13350,20000;13344,10752,13226,13890,12184;1
+++7166,0;9133,20000
++++7166,0;8477,20000
====7703,15895;8426,20000;9766,17814,9004,13560,11938;0
====7209,9573;8320,10138;10638,9798,11544,11276,11410;0
====7166,12159;8433,13316;6722,12656,10416,10088,13298;0
====7798,7917;7834,9791;8582,7920,7930,9302,10258;0
====7359,0;7498,20000;7422,10478,10854,9006,9268;0
====8073,10851;8386,20000;10144,13492,9034,7112,11366;0
====7797,8404;8477,20000;9136,10332,5360,8764,11592;1
++++8246,5083;8993,20000
====8936,10993;8993,20000;9404,11654,13370,9958,13170;0
====8246,9467;8454,20000;7894,13388,11832,7294,14928;0
====8341,7336;8853,20000;9108,8242,12294,7142,9472;0
====8685,5083;8894,5877;12268,5752,8912,14012,7164;0
====8274,12160;8295,13461;8800,12562,10822,11924,9962;0
====8425,11896;8446,12298;9102,12034,15296,13598,12764;1
++++7516,7313;9108,11762
====7516,8404;7797,11762;9136,10332,5360,8764,11592;0
====7587,7917;7605,8065;8582,7920,7930,9302,10258;0
====8794,11699;9108,11747;11130,11736,9240,13464,11818;0
====8388,7313;8943,7941;11258,7672,5890,10530,8354;0
====8413,10993;8507,11658;9404,11654,13370,9958,13170;1
++++8294,0;9133,20000
====8297,0;8525,20000;8468,15242,10784,9828,12946;0
====8763,7306;8808,20000;10898,7658,6698,9732,6864;0
====8699,0;8939,20000;8800,12562,10822,11924,9962;0
====8294,0;9046,20000;9014,6854,9048,7176,10506;0
====8806,0;8820,5993;9822,5510,8278,10214,7430;0
====8370,0;9133,8033;11638,7856,10522,6908,6616;1
+0,0;20000,20000
++8866,8022;10313,20000
+++8875,8022;9634,20000
++++8897,8070;9367,11987
====9349,9356;9367,9864;12106,9396,8322,9858,11764;0
====9019,8070;9248,8768;11410,8220,8418,9792,11216;0
====9193,8859;9214,10778;10638,9798,11544,11276,11410;0
====8897,8825;9002,11341;10708,9736,14874,10982,6862;0
====8956,8767;9124,11987;10122,9614,12172,10152,11260;0
====9001,8215;9019,8768;11410,8220,8418,9792,11216;1
++++9371,8022;9634,20000
====9371,15397;9465,20000;11320,15444,11776,13480,14034;0
====9595,8859;9610,11372;10638,9798,11544,11276,11410;0
====9577,13363;9634,13878;12068,13780,9968,13068,10926;0
====9510,8070;9579,8768;11410,8220,8418,9792,11216;0
====9568,8022;9600,20000;10122,9614,12172,10152,11260;0
====9422,14073;9451,20000;9766,17814,9004,13560,11938;1
++++8875,9496;9485,20000
====8891,11581;8943,13109;9992,12830,13170,10192,16306;0
====8875,13554;9088,20000;9624,15350,10320,12042,13370;0
====9306,14367;9319,20000;8468,15242,10784,9828,12946;0
====9220,13042;9388,13315;10650,13138,12194,9608,13270;0
====9174,14073;9422,20000;9766,17814,9004,13560,11938;0
====8939,9496;9485,20000;8800,12562,10822,11924,9962;1
++++8993,8825;9355,20000
====9058,9232;9090,20000;9102,12034,15296,13598,12764;0
====8993,10993;9209,20000;9404,11654,13370,9958,13170;0
====9119,11183;9355,20000;9102,12034,15296,13598,12764;0
====9002,8825;9141,11341;10708,9736,14874,10982,6862;0
====9088,12841;9103,20000;9624,15350,10320,12042,13370;1
+++9124,8114;10167,20000
++++9919,8586;10167,20000
====10082,8586;10127,20000;13536,9258,8450,15702,6804;0
====9919,13664;9966,20000;10824,13836,13708,7498,13588;0
====9951,15397;10167,20000;11320,15444,11776,13480,14034;0
====9929,13363;10097,14070;12068,13780,9968,13068,10926;1
++++9723,10430;9951,20000
====9723,10430;9884,20000;9624,15350,10320,12042,13370;0
====9794,11662;9951,20000;9766,17814,9004,13560,11938;0
====9884,14421;9897,20000;9624,15350,10320,12042,13370;0
====9908,13363;9929,14070;12068,13780,9968,13068,10926;1
++++9319,8114;9984,20000
====9755,8815;9984,10024;12882,9716,12206,8942,11742;0
====9826,8114;9858,11372;10638,9798,11544,11276,11410;0
====9319,14367;9939,20000;8468,15242,10784,9828,12946;0
====9445,13124;9759,13397;12432,13302,13858,13398,11802;0
====9679,8224;9769,12471;9954,10938,14910,10606,15750;1
++++9124,9557;9380,20000
====9351,12841;9380,20000;9624,15350,10320,12042,13370;0
====9319,12841;9351,20000;9624,15350,10320,12042,13370;0
====9299,10217;9331,20000;9584,14004,11444,7880,14596;0
====9124,9557;9193,10778;10638,9798,11544,11276,11410;0
====9203,15397;9371,20000;11320,15444,11776,13480,14034;0
====9209,10993;9256,20000;9404,11654,13370,9958,13170;0
====9230,11581;9287,13417;9992,12830,13170,10192,16306;1
+++8866,9356;10313,13315
++++8866,9465;9136,11987
====8866,9465;8935,11987;10122,9614,12172,10152,11260;0
====9100,9994;9136,11167;11186,10672,13632,13870,9106;0
====8907,9994;9100,11167;11186,10672,13632,13870,9106;0
====9030,9557;9124,10730;10638,9798,11544,11276,11410;1
++++9832,10110;10102,13315
====9849,10110;10029,12754;8800,12562,10822,11924,9962;0
====9856,11034;10072,12614;11130,11736,9240,13464,11818;0
====9840,10841;10102,11571;12594,11480,10110,13906,11406;0
====10068,11222;10081,13161;9992,12830,13170,10192,16306;0
====10049,10276;10062,12215;9954,10938,14910,10606,15750;0
====9832,13042;9864,13315;10650,13138,12194,9608,13270;1
++++9037,9356;9370,11747
====9165,11699;9370,11747;11130,11736,9240,13464,11818;0
====9211,10635;9268,11296;9954,10938,14910,10606,15750;0
====9054,9356;9349,9864;12106,9396,8322,9858,11764;0
====9037,9759;9332,10932;12072,10202,8166,10380,11232;1
++++8889,9532;10313,11167
====8907,9784;10313,10027;14034,9852,13830,10446,13024;0
====8889,9994;8907,11167;11186,10672,13632,13870,9106;0
====9350,9759;9579,10932;12072,10202,8166,10380,11232;0
====9442,9532;9565,10024;12882,9716,12206,8942,11742;1
+++9275,9165;10302,13397
++++9927,10117;10302,13397
====10176,11921;10270,12563;12930,12180,13922,9392,16788;0
====9927,13124;10021,13397;12432,13302,13858,13398,11802;0
====10029,10117;10219,12754;8800,12562,10822,11924,9962;0
====10185,11621;10199,12928;11262,12910,15044,9294,14366;0
====10062,10276;10302,11942;9954,10938,14910,10606,15750;1
++++9275,9165;9869,11629
====9488,9165;9502,11215;11186,10672,13632,13870,9106;0
====9484,10635;9531,11296;9954,10938,14910,10606,15750;0
====9502,9165;9869,11215;11186,10672,13632,13870,9106;0
====9275,10964;9537,11629;11464,11596,10592,14310,13608;1
++++9531,9235;9927,11571
====9858,9356;9927,9864;12106,9396,8322,9858,11764;0
====9565,9235;9737,10024;12882,9716,12206,8942,11742;0
====9593,10841;9840,11571;12594,11480,10110,13906,11406;0
====9531,10635;9545,11296;9954,10938,14910,10606,15750;0
====9579,9759;9841,10932;12072,10202,8166,10380,11232;1
++++9285,9496;9856,12871
====9841,11034;9856,12614;11130,11736,9240,13464,11818;0
====9485,9496;9849,12754;8800,12562,10822,11924,9962;0
====9355,11183;9612,12871;9102,12034,15296,13598,12764;0
====9285,11921;9694,12563;12930,12180,13922,9392,16788;1
++8894,0;20000,20000
+++10057,8527;12896,20000
++++10057,11222;10587,20000
====10057,11222;10068,20000;9992,12830,13170,10192,16306;0
====10585,11885;10587,12490;9102,12034,15296,13598,12764;0
====10101,13268;10510,13418;14562,13344,11970,14590,13334;0
====10116,11885;10180,12490;9102,12034,15296,13598,12764;1
++++10755,10525;11776,14669
====11654,13912;11674,14669;13724,13988,15526,14306,15702;0
====10755,10525;11143,12300;9404,11654,13370,9958,13170;0
====11192,13423;11445,13772;12240,13708,15476,10198,14768;0
====11608,12955;11776,13051;16130,12964,15358,15626,13380;0
====11288,13124;11301,13541;12432,13302,13858,13398,11802;1
++++10948,8735;12782,20000
====12753,9424;12782,9584;14856,9452,16584,11338,14324;0
====10948,8735;11024,20000;10638,9798,11544,11276,11410;0
====12301,14761;12743,20000;14836,15686,14416,14822,13932;0
====12706,10477;12708,20000;13344,10752,13226,13890,12184;0
====11412,9264;12642,20000;11186,10672,13632,13870,9106;0
====12708,10234;12725,20000;13344,10752,13226,13890,12184;0
====12377,10477;12706,12266;13344,10752,13226,13890,12184;1
++++10573,10841;12781,15076
====10573,10841;11382,12213;12594,11480,10110,13906,11406;0
====12015,14244;12528,15076;14406,14708,13304,15730,14768;0
====12029,11538;12781,12688;11464,11596,10592,14310,13608;0
====12274,13884;12522,14716;13724,13988,15526,14306,15702;0
====11870,12955;12616,13051;16130,12964,15358,15626,13380;0
====12456,11394;12580,12067;16360,11596,13516,12914,13026;1
++++10228,8786;10693,20000
====10503,9144;10693,20000;14758,10078,13282,6750,12154;0
====10256,11885;10585,12490;9102,12034,15296,13598,12764;0
====10228,8786;10246,10024;12882,9716,12206,8942,11742;0
====10441,14421;10517,20000;9624,15350,10320,12042,13370;1
++++11231,10846;12896,20000
====12512,14607;12886,20000;13704,15434,14416,14058,16490;0
====12522,13884;12896,20000;13724,13988,15526,14306,15702;0
====11978,14023;12509,20000;14848,15100,12686,13264,10642;0
====11231,10846;12791,20000;10824,13836,13708,7498,13588;0
====12561,11712;12798,20000;12240,13708,15476,10198,14768;0
====12709,12820;12783,13405;14156,13102,16962,12678,16678;1
++++10621,8527;12609,20000
====10768,8728;10948,20000;10638,9798,11544,11276,11410;0
====12092,10307;12609,11074;15048,10412,11478,13464,12096;0
====10621,8527;11502,20000;12106,9396,8322,9858,11764;0
====11233,9424;12489,9533;14856,9452,16584,11338,14324;1
+++8894,0;20000,20000
++++9215,0;9788,13417
====9564,0;9788,13417;9992,12830,13170,10192,16306;0
====9215,6978;9594,7218;11344,7102,14266,8094,13856;0
====9677,4798;9782,5877;12268,5752,8912,14012,7164;0
====9248,8070;9510,8768;11410,8220,8418,9792,11216;0
====9493,4798;9677,5877;12268,5752,8912,14012,7164;1
++++12791,11394;20000,20000
====14362,12751;15114,13154;16130,12964,15358,15626,13380;0
====14442,12673;20000,20000;14156,13102,16962,12678,16678;0
====12791,11957;20000,20000;10824,13836,13708,7498,13588;0
====15229,11394;15467,20000;16360,11596,13516,12914,13026;1
++++9331,0;10226,20000
====9331,0;9864,20000;9584,14004,11444,7880,14596;0
====10211,0;10226,7672;11344,7102,14266,8094,13856;0
====9888,0;10038,20000;9954,10938,14910,10606,15750;0
====10073,7882;10091,7911;13554,7908,15808,9082,11350;0
====9451,0;9794,20000;9766,17814,9004,13560,11938;0
====9600,0;10146,20000;10122,9614,12172,10152,11260;0
====9594,6978;10179,7672;11344,7102,14266,8094,13856;1
++++10226,0;20000,20000
====10226,0;10744,10297;11344,7102,14266,8094,13856;0
====15205,0;20000,20000;15306,14002,14334,15100,12596;0
====10465,6623;10587,20000;13356,6770,7138,9098,8582;0
====10564,7882;10582,8075;13554,7908,15808,9082,11350;0
====10360,0;20000,6584;9822,5510,8278,10214,7430;1
++++8894,0;9774,20000
====8935,8767;8956,11987;10122,9614,12172,10152,11260;0
====9270,0;9774,20000;9404,11654,13370,9958,13170;0
====9187,8634;9725,20000;8552,11758,8450,10912,7482;0
====8894,4798;9493,5877;12268,5752,8912,14012,7164;0
====8988,7074;9229,10824;11258,7672,5890,10530,8354;0
====9090,0;9105,20000;9102,12034,15296,13598,12764;0
====9380,0;9723,20000;9624,15350,10320,12042,13370;1
++++9093,0;10510,20000
====10320,7882;10488,7911;13554,7908,15808,9082,11350;0
====9093,0;10373,20000;9108,8242,12294,7142,9472;0
====10146,0;10510,11280;10122,9614,12172,10152,11260;0
====10091,7882;10320,7911;13554,7908,15808,9082,11350;0
====9858,7654;10230,11372;10638,9798,11544,11276,11410;0
====9141,0;10439,11341;10708,9736,14874,10982,6862;1
++++9046,0;20000,20000
====9939,14367;20000,20000;8468,15242,10784,9828,12946;0
====9046,6642;20000,20000;9014,6854,9048,7176,10506;0
====9538,0;20000,20000;11258,7672,5890,10530,8354;0
====9611,0;20000,20000;10144,13492,9034,7112,11366;0
====9741,6882;20000,7595;7844,7334,10704,7198,10080;0
====9133,0;20000,20000;11638,7856,10522,6908,6616;0
====9530,9196;20000,11070;7422,10478,10854,9006,9268;1
+++10373,0;20000,20000
++++12045,10582;20000,14217
====14196,10582;20000,10972;13344,10752,13226,13890,12184;0
====15042,13263;20000,14217;13724,13988,15526,14306,15702;0
====12045,12684;20000,12888;9992,12830,13170,10192,16306;0
====12081,10866;20000,12096;9404,11654,13370,9958,13170;1
++++10410,0;20000,20000
====13826,0;20000,10223;13554,7908,15808,9082,11350;0
====16424,0;20000,20000;16488,16070,16198,15630,15020;0
====12383,7495;20000,20000;11410,8220,8418,9792,11216;0
====15718,0;16245,20000;16130,12964,15358,15626,13380;0
====14336,0;20000,20000;14574,11192,12906,10984,11194;0
====10410,0;11144,20000;10650,13138,12194,9608,13270;0
====10587,0;20000,20000;13356,6770,7138,9098,8582;1
++++10373,8049;20000,20000
====11694,14612;20000,20000;11320,15444,11776,13480,14034;0
====10611,13748;20000,20000;9584,14004,11444,7880,14596;0
====13083,13159;20000,20000;12068,13780,9968,13068,10926;0
====10373,8049;20000,20000;9108,8242,12294,7142,9472;0
====10410,12597;20000,12801;6722,12656,10416,10088,13298;1
++++14699,11688;15589,20000
====15489,11688;15589,13483;16130,12964,15358,15626,13380;0
====15114,12604;15346,13154;16130,12964,15358,15626,13380;0
====14702,13123;14940,14224;15306,14002,14334,15100,12596;0
====14699,13965;14705,20000;14836,15686,14416,14822,13932;1
+++10699,0;20000,20000
++++14330,0;14805,20000
====14782,12882;14797,20000;14836,15686,14416,14822,13932;0
====14705,13965;14782,20000;14836,15686,14416,14822,13932;0
====14445,0;14715,9765;14856,9452,16584,11338,14324;0
====14330,0;14805,20000;14562,13344,11970,14590,13334;0
====14651,0;14743,20000;14728,12244,13788,12266,12226;1
++++10865,0;20000,20000
====10865,14421;20000,20000;9624,15350,10320,12042,13370;0
====10969,7345;20000,20000;8582,7920,7930,9302,10258;0
====10958,0;20000,20000;14098,12538,8602,8194,8320;0
====11583,0;20000,20000;12268,5752,8912,14012,7164;0
====11836,0;20000,20000;13536,9258,8450,15702,6804;0
====11491,0;20000,7479;11344,7102,14266,8094,13856;1
++++10699,0;14396,11195
====14066,0;14396,11195;14034,9852,13830,10446,13024;0
====10699,7882;11284,8075;13554,7908,15808,9082,11350;0
====11202,0;11583,6705;12268,5752,8912,14012,7164;0
====10744,0;11084,10469;11344,7102,14266,8094,13856;1
++++13181,0;20000,20000
====14396,0;20000,9965;14034,9852,13830,10446,13024;0
====13490,0;20000,11127;12882,9716,12206,8942,11742;0
====13181,0;20000,20000;15104,14446,6830,13790,8542;0
====14473,0;20000,20000;14848,15100,12686,13264,10642;1
++++11173,8083;20000,20000
====12110,8917;20000,11076;10122,9614,12172,10152,11260;0
====11173,8796;20000,20000;10708,9736,14874,10982,6862;0
====12731,8083;20000,20000;12106,9396,8322,9858,11764;0
====11449,12550;20000,12754;8800,12562,10822,11924,9962;0
====11355,9009;20000,10000;10638,9798,11544,11276,11410;1
++++14573,0;20000,20000
====15589,0;15718,13483;16130,12964,15358,15626,13380;0
====14573,0;20000,20000;15048,10412,11478,13464,12096;0
====14807,0;20000,20000;14856,9452,16584,11338,14324;0
====15559,0;20000,20000;16360,11596,13516,12914,13026;0
====14715,0;14807,9765;14856,9452,16584,11338,14324;1
+++11932,8486;20000,20000
++++12026,10570;20000,12359
====12026,10570;20000,11738;9954,10938,14910,10606,15750;0
====12614,10969;20000,12137;11130,11736,9240,13464,11818;0
====13844,11129;20000,12359;12930,12180,13922,9392,16788;0
====14233,11394;15229,12067;16360,11596,13516,12914,13026;1
++++14276,10837;15559,20000
====14805,11878;14833,20000;14562,13344,11970,14590,13334;0
====14276,15267;15032,20000;13704,15434,14416,14058,16490;0
====15467,10837;15559,20000;16360,11596,13516,12914,13026;0
====14627,14026;14755,14904;14406,14708,13304,15730,14768;0
====14414,13263;15042,14217;13724,13988,15526,14306,15702;1
++++11932,8486;20000,20000
====13145,9264;20000,11605;11186,10672,13632,13870,9106;0
====12714,8486;20000,20000;12072,10202,8166,10380,11232;0
====12680,12724;20000,20000;11262,12910,15044,9294,14366;0
====11932,15176;20000,20000;9766,17814,9004,13560,11938;0
====13169,13123;20000,20000;12240,13708,15476,10198,14768;1
++++13849,9125;20000,20000
====13849,9125;20000,12009;12594,11480,10110,13906,11406;0
====14278,15878;15525,20000;16488,16070,16198,15630,15020;0
====14260,15841;20000,20000;13672,16582,13610,17270,12766;0
====14528,13104;20000,14385;12696,13670,13642,13640,14892;1
+++11915,11538;20000,20000
++++14842,14517;16309,20000
====15796,15036;15897,20000;16488,16070,16198,15630,15020;0
====15525,15878;15662,20000;16488,16070,16198,15630,15020;0
====15897,14517;16309,20000;16488,16070,16198,15630,15020;0
====14842,15393;15598,20000;14836,15686,14416,14822,13932;0
====15662,15585;15668,20000;16488,16070,16198,15630,15020;1
++++11915,11885;20000,14224
====14940,13123;15017,14224;15306,14002,14334,15100,12596;0
====15077,12207;15177,14224;15306,14002,14334,15100,12596;0
====11915,11885;20000,12139;9102,12034,15296,13598,12764;0
====15352,12604;15429,13483;16130,12964,15358,15626,13380;0
====15017,12207;15077,14224;15306,14002,14334,15100,12596;1
++++12781,11538;20000,14201
====15346,12604;15352,13483;16130,12964,15358,15626,13380;0
====12781,11538;20000,12067;11464,11596,10592,14310,13608;0
====13640,12920;20000,14201;12432,13302,13858,13398,11802;0
====14833,11878;20000,13895;14562,13344,11970,14590,13334;0
====15429,11688;15489,13483;16130,12964,15358,15626,13380;1
++++12374,12280;20000,20000
====14755,14577;20000,14904;14406,14708,13304,15730,14768;0
====16245,12280;20000,20000;16130,12964,15358,15626,13380;0
====15598,15393;20000,20000;14836,15686,14416,14822,13932;0
====15032,15267;20000,20000;13704,15434,14416,14058,16490;0
====16309,13833;16424,20000;16488,16070,16198,15630,15020;0
====12374,12838;20000,20000;10650,13138,12194,9608,13270;1
++0,0;20000,20000
+++8461,6882;9858,20000
++++8733,9557;9036,20000
====8862,9557;9030,10138;10638,9798,11544,11276,11410;0
====8733,10430;8872,20000;10170,12946,9600,9124,6324;0
====8741,11581;8802,20000;8468,15242,10784,9828,12946;0
====8868,13042;9036,13315;10650,13138,12194,9608,13270;0
====8872,10635;8924,11296;9954,10938,14910,10606,15750;0
====8765,10993;8936,13448;9404,11654,13370,9958,13170;1
++++8668,8825;8866,20000
====8688,14786;8757,20000;9766,17814,9004,13560,11938;0
====8668,8825;8713,11341;10708,9736,14874,10982,6862;0
====8707,12246;8801,13109;9992,12830,13170,10192,16306;0
====8772,9465;8866,10638;10122,9614,12172,10152,11260;1
++++8943,7313;9230,20000
====8943,7313;8988,10824;11258,7672,5890,10530,8354;0
====9159,14073;9174,20000;9766,17814,9004,13560,11938;0
====9059,11581;9230,13417;9992,12830,13170,10192,16306;0
====9105,10138;9119,20000;9102,12034,15296,13598,12764;0
====8951,9444;9058,20000;9102,12034,15296,13598,12764;0
====9108,11699;9165,11747;11130,11736,9240,13464,11818;1
++++8615,8767;9858,20000
====9596,9356;9858,9864;12106,9396,8322,9858,11764;0
====9124,8767;9352,20000;10122,9614,12172,10152,11260;0
====8615,9557;8633,10138;10638,9798,11544,11276,11410;0
====9028,10964;9275,11629;11464,11596,10592,14310,13608;0
====8628,10430;8733,20000;10170,12946,9600,9124,6324;0
====8713,8825;8897,11341;10708,9736,14874,10982,6862;1
++++8842,7336;9263,20000
====8924,10635;9211,11296;9954,10938,14910,10606,15750;0
====8854,13486;9263,13878;12068,13780,9968,13068,10926;0
====8842,9444;8951,12298;9102,12034,15296,13598,12764;0
====8853,7336;9093,20000;9108,8242,12294,7142,9472;1
++++8461,6882;9741,20000
====8615,10703;8859,20000;10144,13492,9034,7112,11366;0
====9623,11183;9636,12763;9102,12034,15296,13598,12764;0
====8461,6882;9741,20000;7844,7334,10704,7198,10080;0
====8859,9961;9611,20000;10144,13492,9034,7112,11366;0
====8463,12160;8676,20000;8800,12562,10822,11924,9962;0
====8483,14786;8688,20000;9766,17814,9004,13560,11938;0
====8594,9994;8889,11167;11186,10672,13632,13870,9106;1
+++5371,0;20000,20000
++++12642,0;15205,20000
====14797,0;14842,20000;14836,15686,14416,14822,13932;0
====15177,0;15205,14224;15306,14002,14334,15100,12596;0
====12642,9264;13145,11605;11186,10672,13632,13870,9106;0
====14106,8680;14205,9652;14856,9452,16584,11338,14324;0
====12894,11509;13265,20000;12432,13302,13858,13398,11802;0
====13265,11394;13885,12067;16360,11596,13516,12914,13026;0
====12712,10275;13083,20000;12068,13780,9968,13068,10926;1
++++5371,0;20000,20000
====9788,0;10057,20000;9992,12830,13170,10192,16306;0
====5371,0;20000,20000;5640,13684,7090,6332,7734;0
====6338,0;20000,20000;7574,7914,7028,6918,5666;0
====5865,0;20000,20000;6628,8210,5566,6694,6538;0
====6037,0;20000,20000;8598,5546,10800,2766,8588;0
====6303,0;20000,20000;7086,3010,7218,7044,5404;0
====6460,0;20000,20000;7818,6476,4610,7444,7046;1
++++6473,0;20000,20000
====8559,0;8806,5993;9822,5510,8278,10214,7430;0
====8016,0;20000,20000;10136,6002,7304,12576,4230;0
====6473,5874;6561,7359;7844,7334,10704,7198,10080;0
====7671,4677;8270,5993;9822,5510,8278,10214,7430;0
====6596,0;20000,20000;7296,3844,7646,8182,5160;0
====6610,8482;20000,20000;6592,8754,7086,8616,7724;1
++++7090,0;20000,20000
====7509,10226;20000,20000;7200,13976,4898,9890,7420;0
====7682,0;20000,20000;7790,7492,7160,8662,6960;0
====7416,7068;20000,20000;7014,7660,6902,7796,7818;0
====7090,0;20000,20000;9078,6430,8864,6172,7088;1
++++7714,0;20000,20000
====8713,0;20000,20000;9608,13708,5164,12434,12456;0
====7714,9069;20000,20000;7610,11662,7558,8592,8022;0
====8602,10395;20000,20000;8126,14360,9638,8056,8268;0
====7783,7896;20000,20000;7748,9316,6560,9780,8796;1
+++7220,8603;9054,20000
++++7312,9788;8156,20000
====7371,11896;7780,12298;9102,12034,15296,13598,12764;0
====8129,14801;8156,20000;8468,15242,10784,9828,12946;0
====7777,14801;8039,20000;8468,15242,10784,9828,12946;0
====8039,14801;8108,20000;8468,15242,10784,9828,12946;0
====7876,9836;8063,20000;8552,11758,8450,10912,7482;0
====7312,9788;7348,20000;7610,11662,7558,8592,8022;0
====7793,13598;8021,20000;9584,14004,11444,7880,14596;1
++++7816,8973;9054,13109
====7943,9356;9054,9864;12106,9396,8322,9858,11764;0
====8375,9465;8604,10046;10122,9614,12172,10152,11260;0
====7816,12743;8225,13011;9992,12830,13170,10192,16306;0
====8355,8973;8668,11341;10708,9736,14874,10982,6862;0
====8357,12246;8539,13109;9992,12830,13170,10192,16306;0
====7926,9759;9037,10932;12072,10202,8166,10380,11232;1
++++7327,8603;8375,12867
====8357,9465;8375,10046;10122,9614,12172,10152,11260;0
====7590,9836;7819,12867;8552,11758,8450,10912,7482;0
====7819,9836;7876,12867;8552,11758,8450,10912,7482;0
====7327,8603;7516,11762;9136,10332,5360,8764,11592;0
====8185,9465;8357,10046;10122,9614,12172,10152,11260;1
++++8205,9573;8443,13461
====8225,12743;8357,13109;9992,12830,13170,10192,16306;0
====8205,12160;8274,13461;8800,12562,10822,11924,9962;0
====8356,11896;8425,12298;9102,12034,15296,13598,12764;0
====8320,9573;8443,10138;10638,9798,11544,11276,11410;0
====8262,11896;8356,12298;9102,12034,15296,13598,12764;1
++++7220,11896;8205,13461
====7220,12160;7943,13269;8800,12562,10822,11924,9962;0
====7943,12160;8000,13269;8800,12562,10822,11924,9962;0
====7780,11896;8094,12298;9102,12034,15296,13598,12764;0
====8000,12160;8205,13461;8800,12562,10822,11924,9962;1
+++8096,6623;10907,20000
++++9136,6623;10037,13417
====9214,8859;9595,10778;10638,9798,11544,11276,11410;0
====9268,10635;9484,11296;9954,10938,14910,10606,15750;0
====9287,11581;9503,13417;9992,12830,13170,10192,16306;0
====9136,9994;9398,11167;11186,10672,13632,13870,9106;0
====9992,6623;10037,6862;13356,6770,7138,9098,8582;1
++++8331,9532;10907,12801
====10593,12001;10907,12391;14728,12244,13788,12266,12226;0
====8331,9532;9442,10024;12882,9716,12206,8942,11742;0
====8446,12159;10410,12801;6722,12656,10416,10088,13298;0
====9460,11034;9841,11747;11130,11736,9240,13464,11818;1
++++8096,7706;8413,20000
====8108,14801;8129,20000;8468,15242,10784,9828,12946;0
====8096,7706;8186,20000;8582,7920,7930,9302,10258;0
====8232,13664;8413,20000;10824,13836,13708,7498,13588;0
====8299,10959;8335,20000;9584,14004,11444,7880,14596;1
++++8386,10092;9019,20000
====8454,10121;9019,20000;7894,13388,11832,7294,14928;0
====8404,10092;8713,20000;9608,13708,5164,12434,12456;0
====8386,10703;8615,20000;10144,13492,9034,7112,11366;0
====8433,12159;8446,13074;6722,12656,10416,10088,13298;0
====8451,12286;8860,12928;11262,12910,15044,9294,14366;1
++++8097,7306;8763,20000
====8208,7306;8763,7934;10898,7658,6698,9732,6864;0
====8097,8078;8341,20000;9108,8242,12294,7142,9472;0
====8335,10959;8579,20000;9584,14004,11444,7880,14596;0
====8309,12160;8463,13461;8800,12562,10822,11924,9962;1
+++0,0;20000,20000
++++10029,0;20000,20000
====10029,0;10673,5877;12268,5752,8912,14012,7164;0
====11918,0;20000,20000;14758,10078,13282,6750,12154;0
====11067,10372;11235,10445;15048,10412,11478,13464,12096;0
====15668,15258;15796,20000;16488,16070,16198,15630,15020;1
++++8477,0;20000,20000
====9725,9708;20000,20000;8552,11758,8450,10912,7482;0
====8477,0;20000,20000;9136,10332,5360,8764,11592;0
====8872,0;20000,20000;10170,12946,9600,9124,6324;0
====8808,0;20000,20000;10898,7658,6698,9732,6864;1
++++0,0;20000,20000
====9766,10622;20000,13440;7894,13388,11832,7294,14928;0
====0,0;20000,20000;3476,3624,4200,2702,1968;0
====0,0;20000,20000;6458,13192,3476,7634,10648;0
====3816,0;20000,20000;4156,2938,9550,4646,8730;1
++++4856,0;20000,20000
====7709,0;8461,20000;7844,7334,10704,7198,10080;0
====4856,0;20000,20000;5520,4414,6792,6962,5366;0
====5097,0;20000,20000;6002,9028,7836,6408,5634;0
====5190,0;20000,20000;5278,7384,7318,6398,7350;0
====5204,9048;20000,20000;3780,9886,6018,7024,9622;1
++++0,0;20000,20000
====14743,11161;20000,20000;14728,12244,13788,12266,12226;0
====7663,7889;20000,20000;6248,9348,9532,6424,9570;0
====3834,0;20000,20000;4192,4120,4240,4734,2794;0
====0,0;20000,20000;6718,6954,4084,8846,5038;0
====4855,0;20000,20000;5518,7144,4970,8288,4026;0
====4647,0;20000,20000;5102,5580,4268,5312,5650;0
====4686,0;20000,20000;5896,6874,5340,7548,2290;1
++0,0;11664,20000
+++3628,0;10969,20000
++++7869,0;10969,20000
====8454,4677;8559,5993;9822,5510,8278,10214,7430;0
====8200,0;10969,20000;8582,7920,7930,9302,10258;0
====7972,0;8602,20000;8126,14360,9638,8056,8268;0
====7869,0;8246,20000;7894,13388,11832,7294,14928;0
====8270,4677;8454,5993;9822,5510,8278,10214,7430;0
====8185,0;9187,20000;8552,11758,8450,10912,7482;1
++++3628,0;6868,20000
====6720,0;6868,20000;6722,12656,10416,10088,13298;0
====3628,0;3986,20000;3780,9886,6018,7024,9622;0
====5281,0;5639,3565;7086,3010,7218,7044,5404;0
====5386,0;5744,3982;7296,3844,7646,8182,5160;1
++++5639,0;6821,20000
====6455,0;6821,7935;7014,7660,6902,7796,7818;0
====5744,0;6596,5359;7296,3844,7646,8182,5160;0
====5639,0;6303,3712;7086,3010,7218,7044,5404;0
====6244,0;6610,20000;6592,8754,7086,8616,7724;1
++++7064,0;8050,20000
====7064,11285;7377,20000;8126,14360,9638,8056,8268;0
====7827,0;8016,6438;10136,6002,7304,12576,4230;0
====7233,0;7783,20000;7748,9316,6560,9780,8796;0
====7821,4932;8050,7384;9014,6854,9048,7176,10506;0
====7209,0;7682,7703;7790,7492,7160,8662,6960;0
====7592,0;7714,20000;7610,11662,7558,8592,8022;1
+++0,10331;9285,20000
++++0,10708;9285,13011
====0,12743;7816,13011;9992,12830,13170,10192,16306;0
====0,11921;9285,12563;12930,12180,13922,9392,16788;0
====0,11271;5251,12924;6722,12656,10416,10088,13298;0
====0,10708;8520,11296;9954,10938,14910,10606,15750;0
====0,10964;7622,11629;11464,11596,10592,14310,13608;0
====6181,11002;6362,12924;6722,12656,10416,10088,13298;0
====0,11066;8245,11658;9404,11654,13370,9958,13170;1
++++7570,10430;8628,20000
====8444,10430;8628,20000;10170,12946,9600,9124,6324;0
====7570,11137;7606,20000;8126,14360,9638,8056,8268;0
====8151,11896;8262,12298;9102,12034,15296,13598,12764;0
====8094,11896;8151,12298;9102,12034,15296,13598,12764;0
====8106,10959;8299,20000;9584,14004,11444,7880,14596;0
====8021,11107;8106,20000;9584,14004,11444,7880,14596;1
++++0,10331;8868,20000
====0,13732;8854,13878;12068,13780,9968,13068,10926;0
====0,15895;7703,20000;9766,17814,9004,13560,11938;0
====8033,10331;8163,13842;9608,13708,5164,12434,12456;0
====8554,13042;8868,13315;10650,13138,12194,9608,13270;1
++++6590,10430;8444,20000
====6590,10705;6657,20000;6722,12656,10416,10088,13298;0
====8086,10430;8444,20000;10170,12946,9600,9124,6324;0
====7261,10651;7490,20000;7894,13388,11832,7294,14928;0
====7463,14801;7777,20000;8468,15242,10784,9828,12946;0
====7377,11137;7570,20000;8126,14360,9638,8056,8268;0
====7490,10651;7734,20000;7894,13388,11832,7294,14928;0
====6962,11260;7892,13588;10144,13492,9034,7112,11366;1
++++0,10669;9203,20000
====8579,10669;8714,20000;9584,14004,11444,7880,14596;0
====8726,13664;8955,20000;10824,13836,13708,7498,13588;0
====8707,14855;8875,20000;9624,15350,10320,12042,13370;0
====0,15397;9203,20000;11320,15444,11776,13480,14034;0
====0,13696;8940,13772;12240,13708,15476,10198,14768;1
+++0,0;8208,20000
++++0,4585;6904,20000
====0,5249;4686,20000;5896,6874,5340,7548,2290;0
====0,4585;6037,20000;8598,5546,10800,2766,8588;0
====6868,10158;6904,20000;6722,12656,10416,10088,13298;0
====6055,7814;6056,20000;6592,8754,7086,8616,7724;1
++++0,6028;8208,20000
====7119,9788;7312,20000;7610,11662,7558,8592,8022;0
====0,7401;8208,7934;10898,7658,6698,9732,6864;0
====4441,7733;5204,20000;3780,9886,6018,7024,9622;0
====0,6028;6460,20000;7818,6476,4610,7444,7046;0
====6655,7183;6843,7703;7790,7492,7160,8662,6960;0
====0,6457;6473,7359;7844,7334,10704,7198,10080;0
====0,8226;7374,8635;9108,8242,12294,7142,9472;1
++++0,0;7462,20000
====0,4962;7462,5545;9822,5510,8278,10214,7430;0
====0,3872;3834,20000;4192,4120,4240,4734,2794;0
====6843,0;7209,7703;7790,7492,7160,8662,6960;0
====0,4850;4647,20000;5102,5580,4268,5312,5650;1
++++0,0;7663,20000
====6959,0;7509,20000;7200,13976,4898,9890,7420;0
====6821,0;7416,20000;7014,7660,6902,7796,7818;0
====6125,0;7663,20000;6248,9348,9532,6424,9570;0
====0,0;3816,3281;4156,2938,9550,4646,8730;1
+++0,4962;11664,20000
++++7054,7161;8097,20000
====7054,14801;7463,20000;8468,15242,10784,9828,12946;0
====7254,7161;7359,20000;7422,10478,10854,9006,9268;0
====7868,8078;8097,20000;9108,8242,12294,7142,9472;0
====7555,8226;7868,20000;9108,8242,12294,7142,9472;0
====7218,7161;7254,20000;7422,10478,10854,9006,9268;0
====7188,8135;7233,20000;7748,9316,6560,9780,8796;1
++++7236,4962;8185,10046
====8078,7706;8096,9791;8582,7920,7930,9302,10258;0
====8062,9481;8185,10046;10122,9614,12172,10152,11260;0
====7236,5172;7465,7624;7844,7334,10704,7198,10080;0
====7462,4962;7671,5993;9822,5510,8278,10214,7430;0
====7834,7917;8078,9791;8582,7920,7930,9302,10258;0
====7605,7917;7798,9791;8582,7920,7930,9302,10258;1
++++0,10372;11664,15439
====0,10372;10820,10445;15048,10412,11478,13464,12096;0
====0,15392;11664,15439;13704,15434,14416,14058,16490;0
====0,10783;9869,13111;14098,12538,8602,8194,8320;0
====0,12955;11426,13051;16130,12964,15358,15626,13380;1
++++0,5632;8200,20000
====8186,7198;8200,20000;8582,7920,7930,9302,10258;0
====0,5632;4855,20000;5518,7144,4970,8288,4026;0
====7058,5634;7146,7119;9014,6854,9048,7176,10506;0
====6561,5874;6682,7624;7844,7334,10704,7198,10080;0
====6654,7183;6655,7703;7790,7492,7160,8662,6960;0
====0,6895;5865,20000;6628,8210,5566,6694,6538;0
====3986,7003;4441,20000;3780,9886,6018,7024,9622;1
++++0,6482;9215,20000
====0,8215;9001,8487;11410,8220,8418,9792,11216;0
====8676,9054;8699,20000;8800,12562,10822,11924,9962;0
====0,6574;5097,20000;6002,9028,7836,6408,5634;0
====0,6482;5190,20000;5278,7384,7318,6398,7350;0
====8620,6978;9215,7218;11344,7102,14266,8094,13856;1
