3;4;8
+0,0;20000,20000
++6442,0;13150,12330
+++6442,0;8532,12202
++++6736,8162;8397,11084
====6736,10907;7219,11084;1100,11078,18190;0
====7997,11064;8075,11084;1100,11078,18190;0
====7981,8162;8273,9321;9176,8378,16952;0
====6782,9217;7763,9389;3154,9260,17118;0
====7793,10404;8397,10654;10008,10572,10338;0
====6959,8560;7087,9705;4952,9174,13524;1
++++7493,0;8532,6590
====7493,4002;8125,5837;5764,4424,19220;0
====8374,0;8532,3117;8590,2924,19754;0
====7690,0;8168,6590;7370,2916,15920;0
====7922,0;8026,5280;8474,3310,17436;0
====8125,4002;8351,5837;5764,4424,19220;0
====7630,3113;7922,5280;8474,3310,17436;1
++++6442,0;8080,12025
====6442,0;6555,12025;8256,10736,9016;0
====6608,4687;6898,8347;5638,6458,18670;0
====6504,4687;6608,8347;5638,6458,18670;0
====6555,0;8080,12025;8256,10736,9016;1
++++7219,0;8144,12202
====7345,0;7521,11775;6786,10236,9320;0
====7398,0;7794,10320;8010,10264,11876;0
====7474,0;7690,6646;7370,2916,15920;0
====7219,11064;7414,11084;1100,11078,18190;0
====7681,8746;7760,9346;4952,9174,13524;0
====7646,10733;7822,12202;7388,11090,17506;0
====8084,0;8144,11916;8158,7250,16092;1
++++6545,4837;7551,8743
====6919,4972;7551,6807;4616,6364,18448;0
====7056,4884;7134,6854;5638,6458,18670;0
====6555,5083;7287,8743;8158,7250,16092;0
====6623,4972;6919,6807;4616,6364,18448;0
====6545,4837;6623,6807;4616,6364,18448;1
+++9032,0;13150,10486
++++9032,0;10543,10486
====9239,10208;9579,10486;6786,10236,9320;0
====10317,0;10543,5438;10148,2588,14878;0
====9032,0;10247,8903;10486,8288,11772;0
====9487,0;9688,9259;8966,7946,12812;0
====10247,0;10448,8903;10486,8288,11772;1
++++10704,6540;13150,10486
====12768,6540;13150,8592;10486,8288,11772;0
====10840,10208;10918,10486;6786,10236,9320;0
====10704,9035;11410,9346;4952,9174,13524;0
====12552,7104;12644,8816;10568,8736,13072;0
====10872,7462;11663,7512;3528,7504,16688;0
====12993,7733;13146,8000;8966,7946,12812;0
====11417,9128;12079,9346;4952,9174,13524;1
++++9198,2756;11262,9127
====9330,5965;9348,6854;5638,6458,18670;0
====10288,8512;10489,9127;10568,8736,13072;0
====10824,2756;11262,3083;8590,2924,19754;0
====10150,4369;10188,4827;5764,4424,19220;0
====9198,5918;9454,6807;4616,6364,18448;0
====9393,4281;9411,4948;5764,4424,19220;0
====9872,8348;10774,8557;9176,8378,16952;1
++++11377,0;12210,9849
====11391,0;11484,9849;10410,9518,9782;0
====12041,0;12210,1203;13934,336,15286;0
====11377,0;12009,3104;13532,2070,14444;0
====11603,0;11772,3690;13058,3242,17590;0
====11772,0;11813,3690;13058,3242,17590;1
++++11687,0;12505,9935
====12389,5912;12505,8592;10486,8288,11772;0
====12069,9207;12351,9849;10410,9518,9782;0
====11998,0;12370,4357;13058,3242,17590;0
====11687,0;12027,9935;11682,9690,11404;1
+++7763,0;13120,12330
++++10959,0;11927,12330
====10959,0;11084,12330;10486,8288,11772;0
====11768,6039;11927,6854;5638,6458,18670;0
====11057,10278;11149,10474;7578,10376,11286;0
====11066,9297;11735,9469;4264,9420,17194;0
====10994,6709;11629,8117;8966,7946,12812;0
====10992,10376;11190,12208;10008,10572,10338;1
++++8133,0;9009,12202
====8133,0;8290,10500;8010,10264,11876;0
====8778,0;8883,3252;8590,2924,19754;0
====8207,0;8364,8993;8158,7250,16092;0
====8273,8162;8377,9321;9176,8378,16952;0
====8296,0;8759,5431;7370,2916,15920;0
====8305,10913;8698,12202;7388,11090,17506;0
====8290,0;9009,10500;8010,10264,11876;0
====8793,0;8994,10474;7578,10376,11286;1
++++9410,0;13120,12249
====12743,0;12790,7184;13022,5472,11910;0
====9410,10913;9880,12202;7388,11090,17506;0
====10621,10615;12515,12249;13338,11050,6874;0
====9984,10458;10314,12187;8256,10736,9016;0
====12036,0;13120,11814;11692,10180,3876;1
++++7763,9217;12150,11084
====11868,10376;12150,10811;10008,10572,10338;0
====7763,9217;8441,9389;3154,9260,17118;0
====8075,11064;9857,11084;1100,11078,18190;0
====9102,9217;10511,9389;3154,9260,17118;0
====8318,9297;8996,9469;4264,9420,17194;1
++++8288,0;9424,12202
====9289,0;9424,12105;10008,10572,10338;0
====8288,5298;9330,6854;5638,6458,18670;0
====8698,10913;9410,12202;7388,11090,17506;0
====8598,0;9157,10127;10410,9518,9782;0
====8755,9035;9340,9346;4952,9174,13524;1
++++8004,8132;9073,9557
====8004,8132;8400,9291;9222,8318,13270;0
====8400,8132;8616,9291;9222,8318,13270;0
====8667,8162;8716,9557;9176,8378,16952;0
====8677,8512;9073,9127;10568,8736,13072;1
++++8548,0;10472,12187
====8791,3071;10472,3234;3046,3226,19440;0
====9132,0;9289,12105;10008,10572,10338;0
====9974,10458;9984,12187;8256,10736,9016;0
====8548,0;9064,12187;8256,10736,9016;0
====8636,0;9032,8903;10486,8288,11772;1
+++8800,0;12333,12006
++++8873,0;9210,11008
====8873,8162;9008,11008;9176,8378,16952;0
====8910,7462;9026,7725;3528,7504,16688;0
====8956,0;9069,10654;10008,10572,10338;0
====9026,7462;9032,7725;3528,7504,16688;0
====9009,0;9210,10418;8010,10264,11876;1
++++11470,0;12333,10283
====11530,10222;12233,10283;8010,10264,11876;0
====12133,4684;12174,5351;13780,5230,16130;0
====11980,0;12333,4805;10938,4138,12168;0
====12027,0;12120,9935;11682,9690,11404;0
====11470,6437;11563,9213;10568,8736,13072;0
====11499,2949;11505,3423;8474,3310,17436;1
++++9590,3084;11475,12006
====9763,11935;11265,12006;4632,11986,9204;0
====10314,10458;10797,11293;8256,10736,9016;0
====10558,11070;11141,11294;7388,11090,17506;0
====10797,8303;11475,8527;9222,8318,13270;0
====9784,3084;10844,3859;8630,3580,17608;0
====9880,10913;10363,11470;7388,11090,17506;0
====9590,11935;9763,12006;4632,11986,9204;1
++++8800,0;10317,10127
====8922,6632;10317,7028;3308,6806,18872;0
====9270,0;9333,10127;10410,9518,9782;0
====8800,6632;8916,7028;3308,6806,18872;0
====8837,5918;9198,6807;4616,6364,18448;0
====8916,6632;8922,7028;3308,6806,18872;0
====8828,7462;8910,7725;3528,7504,16688;0
====8906,0;9369,3252;8590,2924,19754;0
====8848,0;9311,5628;8474,3310,17436;1
+++7004,0;8956,11008
++++8657,0;8926,9346
====8903,0;8926,5763;8630,3580,17608;0
====8662,8955;8755,9346;4952,9174,13524;0
====8825,0;8848,5628;8474,3310,17436;0
====8735,0;8798,8609;8630,3580,17608;0
====8657,0;8720,8474;8474,3310,17436;0
====8785,3071;8791,3234;3046,3226,19440;0
====8720,0;8825,5628;8474,3310,17436;0
====8819,5918;8837,6807;4616,6364,18448;1
++++8544,0;8896,10978
====8593,8162;8653,9557;9176,8378,16952;0
====8610,0;8778,3252;8590,2924,19754;0
====8739,8132;8896,10978;9222,8318,13270;0
====8544,6632;8800,7028;3308,6806,18872;0
====8562,0;8690,7598;8158,7250,16092;1
++++8394,0;8956,11008
====8441,9217;8937,9389;3154,9260,17118;0
====8394,3445;8443,7158;8630,3580,17608;0
====8716,8162;8873,11008;9176,8378,16952;0
====8397,0;8956,10654;10008,10572,10338;1
++++7197,0;8365,7023
====8316,0;8365,7023;8474,3310,17436;0
====7197,4002;7493,5837;5764,4424,19220;0
====8026,0;8316,5280;8474,3310,17436;0
====8168,0;8296,5431;7370,2916,15920;0
====7551,4972;7777,6807;4616,6364,18448;1
++++7004,6632;8828,10654
====7007,7377;8828,7725;3528,7504,16688;0
====7123,6632;8183,7028;3308,6806,18872;0
====7318,10404;7320,10654;10008,10572,10338;0
====7004,8512;8677,9127;10568,8736,13072;0
====7760,8955;8662,9346;4952,9174,13524;0
====7337,9297;8318,9469;4264,9420,17194;0
====7087,8746;7681,9705;4952,9174,13524;0
====7796,8162;7981,9307;9176,8378,16952;1
++++8488,0;8676,9527
====8532,0;8580,8564;8590,2924,19754;0
====8548,0;8611,9341;8966,7946,12812;0
====8488,0;8548,9341;8966,7946,12812;0
====8522,0;8657,8757;8474,3310,17436;0
====8616,8132;8676,9527;9222,8318,13270;1
++++7119,0;8928,5837
====7119,3867;7197,5837;5764,4424,19220;0
====7980,0;8084,3117;8590,2924,19754;0
====8052,3071;8669,3234;3046,3226,19440;0
====8759,2752;8928,5431;7370,2916,15920;0
====7445,3113;7630,5280;8474,3310,17436;1
++7896,0;20000,20000
+++7896,0;14138,20000
++++12364,2329;13791,20000
====12364,10376;12451,10811;10008,10572,10338;0
====13675,2656;13791,3389;13058,3242,17590;0
====13163,14683;13317,20000;11432,16372,2130;0
====13264,3558;13642,3671;8630,3580,17608;0
====13657,4504;13773,8261;13022,5472,11910;0
====12744,2329;13643,3062;10148,2588,14878;1
++++7896,0;10527,18172
====7896,14441;8289,15630;6570,14678,13484;0
====9001,0;9309,17462;8130,16582,5960;0
====10489,8512;10527,12766;10568,8736,13072;0
====9874,17309;10028,18172;4854,18002,3476;0
====9178,17359;9761,17873;4628,17744,7890;1
++++8500,0;10584,20000
====10528,0;10584,20000;10568,8736,13072;0
====8500,17359;8504,17873;4628,17744,7890;0
====9424,0;9940,14457;10008,10572,10338;0
====9668,0;9798,14843;7904,13314,6392;1
++++9154,2752;10953,10486
====10753,10208;10840,10486;6786,10236,9320;0
====9154,2752;10652,3527;7370,2916,15920;0
====9548,5694;10590,7598;8158,7250,16092;0
====10947,2752;10953,3226;7370,2916,15920;1
++++13206,0;13679,20000
====13464,12737;13637,20000;12380,13448,2852;0
====13375,0;13657,8261;13022,5472,11910;0
====13206,9357;13639,10434;14720,9818,7082;0
====13506,11691;13679,11955;12464,11884,7390;1
++++13054,0;14138,20000
====13637,13221;13791,20000;12380,13448,2852;0
====13054,0;14138,20000;13728,11498,4418;0
====13656,0;13754,8364;13780,5230,16130;0
====13559,3650;13656,8364;13780,5230,16130;0
====13733,0;13928,9459;14128,7420,13216;1
++++13533,0;14116,11274
====14031,0;14113,3878;13934,336,15286;0
====13912,0;14028,2803;13532,2070,14444;0
====13815,0;14010,7517;14292,3536,8904;0
====13533,0;14116,11274;13338,11050,6874;1
+++15816,0;18256,20000
++++17079,0;18256,20000
====17890,0;18256,20000;17898,5620,3966;0
====17079,0;17503,20000;17138,1486,8712;0
====17518,0;17896,3553;17138,1486,8712;0
====17386,0;17764,4696;16874,3772,8364;0
====17604,0;17612,6889;17326,4696,11246;1
++++15816,0;16298,9143
====16284,0;16298,9143;16456,8396,5406;0
====15816,4509;16255,4877;14612,4792,10884;0
====15829,0;16284,9143;16456,8396,5406;0
====16111,3829;16184,4424;15348,3886,10954;1
++++16864,0;17451,20000
====17005,11916;17363,20000;16112,12614,4108;0
====17444,0;17451,8723;17020,7520,6402;0
====17006,7178;17084,8909;19118,8736,4072;0
====17162,0;17169,9161;16456,8396,5406;0
====16864,0;17006,2629;17138,1486,8712;0
====17050,9324;17128,9746;19206,9566,3726;0
====16990,11916;17005,20000;16112,12614,4108;1
++++16095,0;16963,9854
====16468,9450;16963,9854;14720,9818,7082;0
====16095,2511;16473,3649;14292,3536,8904;0
====16570,4234;16891,6108;17326,4696,11246;0
====16243,3829;16623,4424;15348,3886,10954;0
====16110,4461;16188,4829;17326,4696,11246;0
====16333,1699;16619,2842;15340,1912,12470;0
====16388,0;16466,9504;17882,9082,2842;0
====16269,0;16328,2394;15518,1016,16302;1
+++8648,0;20000,18172
++++12079,9128;20000,16411
====13457,15713;20000,16411;11712,15848,4642;0
====12079,9128;20000,9346;4952,9174,13524;0
====13633,11674;15135,11938;12372,11850,6890;0
====16832,10114;20000,10655;15050,10302,2302;0
====13001,11070;20000,11154;7388,11090,17506;0
====13134,10437;13953,10811;10008,10572,10338;0
====13435,10519;20000,10872;8256,10736,9016;0
====12501,10208;20000,10269;6786,10236,9320;1
++++10655,9297;20000,16885
====14313,9300;14808,9668;10410,9518,9782;0
====11735,9297;20000,9469;4264,9420,17194;0
====12845,16706;20000,16885;10488,16796,4646;0
====10655,13321;20000,13388;6416,13328,14404;0
====11666,16477;20000,16599;8130,16582,5960;0
====11265,11935;20000,12006;4632,11986,9204;0
====11399,13154;20000,13381;7904,13314,6392;1
++++13366,6966;20000,9908
====13366,9293;14069,9754;11682,9690,11404;0
====18409,6966;20000,7603;17020,7520,6402;0
====13538,8171;13906,8342;10486,8288,11772;0
====17969,9728;20000,9908;16140,9890,3850;1
++++13541,0;14235,10434
====13541,0;13931,7406;14524,3762,8652;0
====13817,5132;13871,8261;13022,5472,11910;0
====13937,4038;14132,7906;14536,4314,9330;0
====14158,4772;14164,6325;13780,5230,16130;0
====14229,0;14235,1936;13934,336,15286;0
====13779,4893;13817,8261;13022,5472,11910;0
====14054,2656;14199,3389;13058,3242,17590;0
====13639,0;14029,10434;14720,9818,7082;1
++++9176,14495;20000,17873
====9915,17359;20000,17873;4628,17744,7890;0
====9321,14495;20000,15182;3440,14786,12038;0
====9176,14824;20000,14997;3150,14862,13804;0
====10020,16466;20000,16571;4838,16560,8312;0
====9238,14959;20000,15355;3274,15132,12406;1
++++13143,3829;20000,10241
====13916,10035;14780,10241;11692,10180,3876;0
====17001,3829;20000,4424;15348,3886,10954;0
====13143,4012;13906,4182;10938,4138,12168;0
====15460,5217;20000,5546;13022,5472,11910;1
++++8648,13339;20000,18172
====8648,13339;20000,13399;2402,13350,16272;0
====10028,17309;20000,18172;4854,18002,3476;0
====10555,14003;20000,14183;5908,14162,12736;0
====11886,14024;20000,14891;8570,14204,8478;0
====10763,15659;20000,15794;6324,15740,11312;0
====10390,17371;20000,18055;5578,17768,9264;1
++++10472,2752;20000,9754
====10472,3071;20000,3234;3046,3226,19440;0
====14069,9293;14775,9754;11682,9690,11404;0
====11831,4369;20000,4560;5764,4424,19220;0
====13642,3558;20000,3645;8630,3580,17608;0
====13978,6831;20000,7335;8158,7250,16092;0
====11553,6632;20000,7028;3308,6806,18872;0
====12207,5992;20000,6388;4616,6364,18448;0
====12634,2752;20000,3226;7370,2916,15920;1
+++14326,0;18248,20000
++++14326,0;15034,20000
====14326,5591;14332,20000;14128,7420,13216;0
====14942,0;15034,4056;15348,3886,10954;0
====14936,0;14942,4056;15348,3886,10954;0
====14370,6106;14424,9723;14128,7420,13216;0
====14622,0;14709,6790;14524,3762,8652;0
====14593,0;14671,3649;14292,3536,8904;0
====14415,5011;14797,6325;13780,5230,16130;0
====14580,0;14666,20000;14612,4792,10884;1
++++16328,0;18248,20000
====17875,0;18248,20000;17882,9082,2842;0
====16328,0;16422,1251;15518,1016,16302;0
====16805,0;17444,20000;17020,7520,6402;0
====16474,0;17883,7351;17898,5620,3966;1
++++14511,0;15581,20000
====14511,6106;14589,8619;14128,7420,13216;0
====15275,0;15581,20000;15348,3886,10954;0
====14542,0;14628,8170;14536,4314,9330;0
====14574,0;14580,8409;14612,4792,10884;0
====15174,5217;15460,6496;13022,5472,11910;0
====14799,11164;15404,12510;14548,12026,2538;1
++++14637,0;15536,8745
====14637,0;15536,1124;13934,336,15286;0
====15238,0;15271,8745;15340,1912,12470;0
====15213,4509;15534,4877;14612,4792,10884;0
====14797,5096;15118,6325;13780,5230,16130;0
====15030,0;15117,3069;15340,1912,12470;1
++++15517,0;16137,10096
====16094,0;16137,2629;17138,1486,8712;0
====16037,0;16135,7426;15814,4962,8608;0
====15987,0;16054,2989;15518,1016,16302;0
====15517,0;15595,10096;16140,9890,3850;0
====15800,0;15898,2899;15340,1912,12470;1
++++14332,0;15213,20000
====15034,0;15121,4056;15348,3886,10954;0
====14332,5867;14338,20000;14128,7420,13216;0
====15093,0;15169,20000;15136,4226,8030;0
====15015,0;15093,7264;15136,4226,8030;0
====15021,0;15027,1464;15518,1016,16302;0
====14972,0;15126,20000;15050,10302,2302;0
====14349,0;15213,9393;12558,8896,5350;1
++++15126,0;15742,20000
====15271,0;15344,20000;15340,1912,12470;0
====15433,0;15666,20000;15518,1016,16302;0
====15126,0;15655,12940;15050,10302,2302;0
====15220,0;15228,8989;12558,8896,5350;0
====15185,5096;15400,6325;13780,5230,16130;0
====15159,0;15742,8225;16590,8054,5854;1
++++14885,0;15444,10060
====14949,9386;15444,9754;11682,9690,11404;0
====15292,6191;15359,7908;14128,7420,13216;0
====15267,4594;15354,7632;15814,4962,8608;0
====14885,0;15430,10060;14720,9818,7082;1
+++15301,0;18241,20000
++++15301,0;15957,7787
====15301,0;15884,3999;16874,3772,8364;0
====15374,0;15957,7787;17020,7520,6402;0
====15354,4594;15432,7632;15814,4962,8608;0
====15804,0;15902,4424;15348,3886,10954;0
====15638,0;15698,7058;15136,4226,8030;1
++++16732,0;18241,20000
====17011,9486;17673,9908;16140,9890,3850;0
====18049,6653;18057,20000;18216,7686,6178;0
====16754,10467;18241,20000;18614,11008,1448;0
====17459,6570;17618,8301;17020,7520,6402;0
====17371,0;17378,5646;16874,3772,8364;0
====16732,0;16947,20000;16874,3772,8364;1
++++15330,0;16581,12804
====15404,11622;16581,12510;14548,12026,2538;0
====16180,0;16239,2842;15340,1912,12470;0
====15330,11458;15503,12804;16112,12614,4108;0
====15715,2511;16095,3649;14292,3536,8904;0
====16054,0;16196,2989;15518,1016,16302;1
++++15430,0;15731,13398
====15595,0;15671,12734;16140,9890,3850;0
====15577,0;15731,13398;16260,11218,1826;0
====15496,4270;15563,4638;14536,4314,9330;0
====15430,0;15588,9854;14720,9818,7082;1
++++16856,0;17604,8739
====17597,0;17604,7311;17326,4696,11246;0
====17169,0;17177,8739;16456,8396,5406;0
====16947,0;17371,5646;16874,3772,8364;0
====16856,4367;17234,5291;15814,4962,8608;1
++0,0;20000,20000
+++8104,0;13435,11294
++++11971,4553;13343,8816
====11971,8303;12058,8527;9222,8318,13270;0
====12310,4553;12511,6844;14612,4792,10884;0
====12374,6361;12589,7335;8158,7250,16092;0
====12644,7104;12731,8816;10568,8736,13072;0
====12910,6446;13343,8158;14128,7420,13216;0
====12307,6446;12348,8078;14128,7420,13216;0
====12511,6301;12549,8592;10486,8288,11772;1
++++11141,0;13435,11294
====13277,0;13435,6560;13532,2070,14444;0
====11141,11070;11219,11294;7388,11090,17506;0
====12806,2949;13186,3423;8474,3310,17436;0
====12521,2329;12744,3062;10148,2588,14878;0
====11578,0;12041,1203;13934,336,15286;0
====12359,3650;12731,5351;13780,5230,16130;0
====11484,9207;12069,9849;10410,9518,9782;0
====12864,2756;13244,3083;8590,2924,19754;1
++++8104,2756;11461,9527
====11262,2756;11441,3083;8590,2924,19754;0
====8676,8132;8739,9527;9222,8318,13270;0
====11282,3411;11461,3859;8630,3580,17608;0
====10844,3411;11205,3859;8630,3580,17608;0
====8104,3445;8394,5415;8630,3580,17608;0
====9709,5965;9965,6854;5638,6458,18670;1
++++8351,2756;9772,10474
====8653,8162;8667,9557;9176,8378,16952;0
====9369,2756;9538,3252;8590,2924,19754;0
====9411,4281;9772,4948;5764,4424,19220;0
====8351,4281;9393,5837;5764,4424,19220;0
====8994,9947;9505,10474;7578,10376,11286;1
+++7777,0;20000,20000
++++7777,0;9975,12470
====8413,0;8548,12470;8256,10736,9016;0
====9635,10278;9975,10474;7578,10376,11286;0
====7777,5251;8819,6807;4616,6364,18448;0
====7868,0;8084,8757;8158,7250,16092;1
++++11663,6435;20000,8395
====12718,6435;20000,6854;5638,6458,18670;0
====18194,7233;20000,8395;16590,8054,5854;0
====11663,7462;20000,7512;3528,7504,16688;0
====12816,8348;20000,8387;9176,8378,16952;1
++++13002,0;20000,5291
====13244,2756;20000,3083;8590,2924,19754;0
====16473,2511;20000,3623;14292,3536,8904;0
====14034,0;14213,2803;13532,2070,14444;0
====16196,0;16269,2394;15518,1016,16302;0
====17234,4367;20000,5291;15814,4962,8608;0
====13002,676;14623,1464;15518,1016,16302;1
++++14139,0;15796,10270
====15475,0;15508,10270;15814,4962,8608;0
====14139,9207;14146,9668;10410,9518,9782;0
====15698,0;15796,7058;15136,4226,8030;0
====14507,0;15092,9143;16456,8396,5406;0
====14170,4553;14574,8409;14612,4792,10884;1
++++13317,0;20000,20000
====18910,0;19502,20000;19206,9566,3726;0
====13317,15975;20000,20000;11432,16372,2130;0
====16126,11252;16186,20000;16112,12614,4108;0
====16178,8816;20000,8989;12558,8896,5350;0
====15135,11674;20000,11938;12372,11850,6890;0
====14116,0;14194,11274;13338,11050,6874;0
====16381,11460;20000,20000;14894,12994,570;1
+++0,0;20000,20000
++++15838,1699;20000,11134
====15976,11029;20000,11134;13338,11050,6874;0
====16958,4234;17100,6108;17326,4696,11246;0
====17990,4203;20000,5158;17326,4696,11246;0
====15838,8816;15882,8989;12558,8896,5350;0
====16997,1699;20000,2811;15340,1912,12470;0
====16217,4270;20000,4638;14536,4314,9330;1
++++0,0;16396,9277
====0,0;2204,8033;3308,6806,18872;0
====0,0;16396,7351;17898,5620,3966;0
====0,8132;6331,9277;9222,8318,13270;0
====0,6411;4583,6981;5638,6458,18670;1
++++6743,2329;12521,18055
====12342,2329;12521,3062;10148,2588,14878;0
====8212,13321;8924,13483;6416,13328,14404;0
====6743,9297;7337,9828;4264,9420,17194;0
====10236,17371;10390,18055;5578,17768,9264;1
++++13871,0;17510,8619
====17503,0;17510,5706;17138,1486,8712;0
====16172,6520;16963,7470;14128,7420,13216;0
====15335,1991;15715,2803;13532,2070,14444;0
====14589,6106;14971,8619;14128,7420,13216;0
====13871,5132;13958,7645;13022,5472,11910;0
====14424,6106;14511,8619;14128,7420,13216;1
++++11748,0;15490,6790
====14830,0;15490,3994;14524,3762,8652;0
====14787,0;14830,6790;14524,3762,8652;0
====11748,0;11980,6517;10938,4138,12168;0
====14199,2656;15098,3389;13058,3242,17590;0
====13496,2656;13675,4236;13058,3242,17590;0
====15284,0;15327,1464;15518,1016,16302;0
====12913,0;14534,2724;15340,1912,12470;0
====14337,5011;14415,6325;13780,5230,16130;1
++++0,0;20000,20000
====0,10467;16754,12001;18614,11008,1448;0
====0,9324;17050,9746;19206,9566,3726;0
====0,0;20000,20000;17868,9926,30;0
====0,7178;17006,8909;19118,8736,4072;0
====0,4038;10661,6605;14536,4314,9330;1
++++0,0;17346,9504
====0,0;6203,9091;8966,7946,12812;0
====0,0;16774,4665;18654,3710,6886;0
====0,0;17346,8169;19798,6412,1536;0
====0,0;16388,9504;17882,9082,2842;1
+++0,0;15517,10096
++++0,0;14593,4056
====14408,0;14593,3649;14292,3536,8904;0
====0,3824;14538,4056;15348,3886,10954;0
====0,0;11377,3104;13532,2070,14444;0
====0,0;12913,2724;15340,1912,12470;0
====0,2920;5818,3075;8590,2924,19754;0
====0,3079;10214,3276;13058,3242,17590;1
++++0,0;13847,6561
====0,0;11578,1203;13934,336,15286;0
====0,0;9557,5267;10148,2588,14878;0
====0,0;12992,6216;14292,3536,8904;0
====0,0;13847,6561;15136,4226,8030;1
++++0,0;13108,6329
====0,3445;6791,5415;8630,3580,17608;0
====0,3113;6713,5280;8474,3310,17436;0
====0,0;6161,6045;7370,2916,15920;0
====0,0;4646,5394;5764,4424,19220;0
====0,0;13108,6329;14524,3762,8652;1
++++0,0;15433,7293
====13425,0;13815,7293;14292,3536,8904;0
====0,4594;14186,6929;15814,4962,8608;0
====0,0;15433,2624;17138,1486,8712;0
====0,0;15301,3999;16874,3772,8364;1
++++0,0;15517,10096
====0,8162;6352,8776;9176,8378,16952;0
====0,0;15374,7787;17020,7520,6402;0
====0,0;15517,10096;16140,9890,3850;0
====0,0;15159,8225;16590,8054,5854;0
====0,0;11754,6880;13022,5472,11910;0
====0,5083;6555,8212;8158,7250,16092;1
+++0,0;16381,20000
++++0,0;6379,15658
====0,0;2326,15184;3440,14786,12038;0
====1751,0;2125,12214;1100,11078,18190;0
====0,0;4630,14865;4632,11986,9204;0
====0,0;6379,15658;7904,13314,6392;0
====0,0;4196,10580;4952,9174,13524;0
====0,14420;5005,14732;6570,14678,13484;0
====0,0;1807,14466;2402,13350,16272;1
++++0,0;8305,20000
====0,16795;8305,17488;11756,16974,4000;0
====2243,0;3357,20000;3274,15132,12406;0
====0,0;7671,17399;10488,16796,4646;0
====0,13759;6599,15382;8570,14204,8478;0
====0,17756;5103,17885;5578,17768,9264;1
++++0,0;16381,20000
====0,0;2920,20000;1212,15582,11796;0
====0,0;16381,20000;14894,12994,570;0
====0,0;10236,17479;10600,16616,2722;0
====0,0;7363,20000;4854,18002,3476;0
====0,6653;15972,7870;18216,7686,6178;1
++++0,0;15048,20000
====0,14286;15048,20000;15202,15578,1748;0
====0,13014;11572,16110;11712,15848,4642;0
====0,13579;9940,14846;11976,13844,6886;0
====0,10615;10621,12182;13338,11050,6874;0
====0,0;11562,13276;11692,10180,3876;0
====0,0;10652,17357;11432,16372,2130;0
====0,0;12383,20000;9872,18342,1990;0
====0,0;11906,14910;12380,13448,2852;1
++++0,0;12125,9538
====0,8512;7004,9127;10568,8736,13072;0
====0,6446;11547,7683;14128,7420,13216;0
====0,4553;10699,6844;14612,4792,10884;0
====0,0;12125,9538;12558,8896,5350;0
====2129,0;2724,8288;3046,3226,19440;1
++++0,0;4733,20000
====1807,0;2776,20000;2402,13350,16272;0
====0,0;4733,17152;4838,16560,8312;0
====2125,0;2127,12214;1100,11078,18190;0
====0,0;1156,20000;1100,11078,18190;0
====0,0;2243,15357;3274,15132,12406;0
====0,0;2181,15222;3150,14862,13804;1
++++0,0;6492,20000
====2181,0;3212,20000;3150,14862,13804;0
====0,0;6492,17292;8130,16582,5960;0
====0,13863;5476,16150;6324,15740,11312;0
====0,0;4741,20000;4628,17744,7890;1
+++0,0;15577,14474
++++0,10169;10184,14474
====0,13074;4674,14474;5908,14162,12736;0
====2127,10169;2270,12214;1100,11078,18190;0
====0,10306;6103,11181;7578,10376,11286;0
====0,11867;10184,12599;12464,11884,7390;0
====0,13476;6734,13921;8840,13638,8970;0
====0,10663;6010,11538;7388,11090,17506;0
====0,12657;4928,13745;6416,13328,14404;0
====0,11015;10138,12582;12372,11850,6890;1
++++0,0;15577,14199
====0,9357;13206,9999;14720,9818,7082;0
====0,0;14074,8646;16456,8396,5406;0
====0,0;14972,11648;15050,10302,2302;0
====0,0;15577,12106;16260,11218,1826;0
====0,4505;15527,4744;17326,4696,11246;0
====0,12320;15330,12804;16112,12614,4108;0
====0,10839;12710,12473;13728,11498,4418;0
====0,0;12990,14199;14548,12026,2538;1
++++0,0;7398,13330
====1156,0;1751,13330;1100,11078,18190;0
====0,10250;7398,10320;8010,10264,11876;0
====0,0;6442,12025;8256,10736,9016;0
====0,10404;7318,10654;10008,10572,10338;0
====0,0;2073,7152;3046,3226,19440;0
====2204,0;2855,8033;3308,6806,18872;0
====0,9340;3333,11385;4264,9420,17194;0
====0,0;2965,10427;3528,7504,16688;1
++++0,0;10575,11305
====0,4684;10575,5351;13780,5230,16130;0
====0,0;2778,11305;3154,9260,17118;0
====0,9604;9234,9963;11682,9690,11404;0
====0,0;8598,9877;10410,9518,9782;0
====0,0;5707,11111;6786,10236,9320;1
++++0,0;11444,8903
====0,676;11444,1464;15518,1016,16302;0
====0,0;8636,8903;10486,8288,11772;0
====0,0;4028,6934;4616,6364,18448;0
====0,0;10712,6213;10938,4138,12168;0
====2073,0;2129,8288;3046,3226,19440;1
++2270,0;12855,20000
+++2270,0;6951,20000
++++2724,0;3152,20000
====2776,0;2921,14106;2402,13350,16272;0
====2920,0;2922,16663;1212,15582,11796;0
====2778,0;3152,12061;3154,9260,17118;0
====2724,0;3098,20000;3046,3226,19440;1
++++4903,0;6951,20000
====6555,12988;6951,20000;6324,15740,11312;0
====4903,0;5265,20000;4952,9174,13524;0
====5216,0;6741,20000;5578,17768,9264;0
====5951,0;6555,20000;6324,15740,11312;0
====6266,15529;6379,17873;4628,17744,7890;0
====5608,0;5773,20000;5638,6458,18670;0
====6447,0;6678,20000;6570,14678,13484;1
++++2326,0;4446,20000
====3896,0;4446,20000;4264,9420,17194;0
====2326,0;4034,20000;3440,14786,12038;0
====3229,0;3231,8033;3308,6806,18872;0
====2965,0;3484,11145;3528,7504,16688;0
====3025,13784;3768,16071;1212,15582,11796;1
++++2270,6585;4882,15673
====2270,10169;2314,12214;1100,11078,18190;0
====4139,13386;4882,15673;3440,14786,12038;0
====3504,10249;3758,11532;1100,11078,18190;0
====3962,6585;4130,7155;3308,6806,18872;0
====2682,10249;2866,12214;1100,11078,18190;0
====2314,10169;2682,12214;1100,11078,18190;0
====2866,10249;3026,11532;1100,11078,18190;0
====3026,10249;3504,11532;1100,11078,18190;1
+++3677,0;6322,16265
++++3677,0;4339,16265
====3677,12668;4155,14068;2402,13350,16272;0
====3709,8462;3852,12103;4264,9420,17194;0
====3943,10657;4235,11532;1100,11078,18190;0
====4034,0;4036,16265;3440,14786,12038;0
====4244,10657;4339,11084;1100,11078,18190;0
====3768,13784;3999,15661;1212,15582,11796;1
++++4051,12668;6322,15661
====5849,14893;6322,15661;1212,15582,11796;0
====4155,12668;4409,13756;2402,13350,16272;0
====4737,14824;6186,14997;3150,14862,13804;0
====5509,13386;5672,15263;3440,14786,12038;0
====4051,14824;4737,14997;3150,14862,13804;1
++++4036,13339;5621,16265
====4036,13386;4139,16265;3440,14786,12038;0
====4409,13339;5621,13756;2402,13350,16272;0
====5476,13863;5478,16150;6324,15740,11312;0
====4056,14959;4799,15846;3274,15132,12406;1
++++3893,6411;5733,10623
====5339,6632;5733,7155;3308,6806,18872;0
====3893,8382;4053,10623;3154,9260,17118;0
====4053,9217;4531,10623;3154,9260,17118;0
====4130,6585;4473,7155;3308,6806,18872;0
====5262,9217;5366,9748;3154,9260,17118;0
====4583,6411;5127,7816;5638,6458,18670;0
====4473,6632;4862,7155;3308,6806,18872;1
++++4235,9217;5684,13745
====4235,10657;4244,11532;1100,11078,18190;0
====5524,11251;5684,13745;6416,13328,14404;0
====4339,10727;4678,11084;1100,11078,18190;0
====4970,9217;5262,9748;3154,9260,17118;1
+++2855,0;9356,20000
++++6182,0;9356,20000
====8705,0;9356,20000;8840,13638,8970;0
====6678,12457;7074,20000;6570,14678,13484;0
====7114,14527;7227,20000;6324,15740,11312;0
====7470,14893;8053,15661;1212,15582,11796;0
====6444,11361;8032,12650;4632,11986,9204;0
====6182,0;7345,20000;6786,10236,9320;0
====6379,0;8017,20000;7904,13314,6392;0
====6379,17163;7558,17873;4628,17744,7890;1
++++2855,0;4078,20000
====3357,14959;3951,20000;3274,15132,12406;0
====2855,0;3229,8033;3308,6806,18872;0
====3484,0;4078,20000;3528,7504,16688;0
====2921,0;3517,14068;2402,13350,16272;0
====2922,13784;3025,16663;1212,15582,11796;1
++++4080,0;5843,10703
====4080,0;4183,9745;3528,7504,16688;0
====4196,0;4790,10580;4952,9174,13524;0
====4551,0;4608,10703;4264,9420,17194;0
====4784,0;5516,7769;4616,6364,18448;0
====5449,5210;5843,8339;3528,7504,16688;0
====4531,9217;4785,10623;3154,9260,17118;0
====4342,0;4405,4795;3046,3226,19440;1
++++3951,0;6567,20000
====4440,0;4622,20000;4616,6364,18448;0
====6275,0;6567,7330;5764,4424,19220;0
====3951,14959;4056,16438;3274,15132,12406;0
====6212,0;6504,8347;5638,6458,18670;0
====5430,0;5638,11668;4952,9174,13524;0
====4733,0;4846,20000;4838,16560,8312;0
====4630,0;4735,20000;4632,11986,9204;0
====4741,0;6266,17873;4628,17744,7890;1
++++4792,0;6880,17885
====4792,0;4895,12867;4952,9174,13524;0
====4799,14959;6880,15436;3274,15132,12406;0
====5208,0;5216,17885;5578,17768,9264;0
====6371,14937;6484,17281;4838,16560,8312;0
====5103,17164;5208,17885;5578,17768,9264;1
+++3758,0;12855,20000
++++8364,0;10845,10131
====8443,3445;8552,8892;8630,3580,17608;0
====8364,0;8562,8993;8158,7250,16092;0
====8552,0;8600,8892;8630,3580,17608;0
====9630,9604;10845,10131;11682,9690,11404;1
++++5921,0;6897,15263
====6265,6632;6897,7028;3308,6806,18872;0
====5921,9297;6743,9828;4264,9420,17194;0
====6005,14495;6724,15263;3440,14786,12038;0
====6239,0;6447,15209;6570,14678,13484;0
====6027,0;6212,9893;5638,6458,18670;1
++++3758,0;12855,13582
====3758,10249;3943,11532;1100,11078,18190;0
====5358,0;5701,5441;5764,4424,19220;0
====12465,10373;12855,12649;12372,11850,6890;0
====5709,0;5812,13398;6786,10236,9320;0
====4446,0;4448,13582;4264,9420,17194;0
====4727,0;4784,9175;4616,6364,18448;1
++++6186,0;10544,20000
====10180,0;10544,20000;10488,16796,4646;0
====6347,12199;6743,14951;5908,14162,12736;0
====6492,0;9001,20000;8130,16582,5960;0
====6963,14495;7436,15263;3440,14786,12038;0
====6186,14824;7291,14997;3150,14862,13804;1
+++4028,0;6736,14002
++++5086,9217;6736,13494
====5621,13339;5812,13494;2402,13350,16272;0
====5086,9297;5294,10703;4264,9420,17194;0
====5554,10907;6736,11084;1100,11078,18190;0
====5366,9217;6188,9748;3154,9260,17118;0
====5294,9297;5340,10703;4264,9420,17194;1
++++4028,0;4792,10580
====4790,0;4792,10580;4952,9174,13524;0
====4405,0;4731,3825;3046,3226,19440;0
====4072,0;4440,7892;4616,6364,18448;0
====4028,0;4072,6934;4616,6364,18448;1
++++5684,0;6444,14002
====6103,10306;6105,11181;7578,10376,11286;0
====5684,0;6162,13745;6416,13328,14404;0
====5812,0;6182,14002;6786,10236,9320;0
====5836,0;6044,9293;5764,4424,19220;0
====6268,0;6444,12650;4632,11986,9204;1
++++4972,0;6090,13471
====5265,0;5430,13471;4952,9174,13524;0
====6044,0;6090,9293;5764,4424,19220;0
====5295,0;5608,12113;5638,6458,18670;0
====5208,3071;5760,3825;3046,3226,19440;0
====5707,0;5709,11111;6786,10236,9320;0
====4972,0;5449,8339;3528,7504,16688;0
====5516,0;5993,7769;4616,6364,18448;1
++8926,0;13425,11578
+++10001,3650;12809,10486
++++12565,3650;12736,9668
====12731,3650;12736,5351;13780,5230,16130;0
====12615,3837;12731,4805;10938,4138,12168;0
====12652,9207;12730,9668;10410,9518,9782;0
====12565,9207;12652,9668;10410,9518,9782;1
++++10539,10208;11530,10486
====10539,10208;10655,10486;6786,10236,9320;0
====10655,10208;10753,10486;6786,10236,9320;0
====10653,10278;10935,10474;7578,10376,11286;0
====11051,10278;11057,10474;7578,10376,11286;0
====11452,10222;11530,10418;8010,10264,11876;1
++++10001,9035;12705,10474
====12467,9207;12473,9849;10410,9518,9782;0
====12120,9293;12705,9935;11682,9690,11404;0
====11149,10278;11236,10474;7578,10376,11286;0
====10001,9035;10704,9346;4952,9174,13524;1
++++10087,4369;12307,7854
====10789,4369;11545,4608;5764,4424,19220;0
====11547,6446;12307,7854;14128,7420,13216;0
====10971,5918;11257,6807;4616,6364,18448;0
====10087,5965;11482,6854;5638,6458,18670;0
====11501,4684;12133,5351;13780,5230,16130;0
====10713,7462;10872,7512;3528,7504,16688;1
++++12148,6025;12809,8816
====12148,7104;12430,8816;10568,8736,13072;0
====12546,7104;12552,8816;10568,8736,13072;0
====12505,6025;12511,8592;10486,8288,11772;0
====12549,6540;12603,8592;10486,8288,11772;0
====12731,7104;12809,8816;10568,8736,13072;1
+++9558,676;13028,10486
++++11127,676;13002,3724
====12833,676;13002,1464;15518,1016,16302;0
====11127,2949;11204,3724;8474,3310,17436;0
====12254,2752;12634,3226;7370,2916,15920;0
====11577,3558;11583,3671;8630,3580,17608;0
====12336,2329;12342,3062;10148,2588,14878;1
++++9558,2752;10947,10486
====9558,3084;9784,5763;8630,3580,17608;0
====10257,10208;10539,10486;6786,10236,9320;0
====10831,2752;10947,3226;7370,2916,15920;0
====9923,9035;10001,9346;4952,9174,13524;0
====10062,10208;10257,10486;6786,10236,9320;1
++++10317,5965;13028,8117
====12742,6361;13028,7335;8158,7250,16092;0
====11930,6709;12778,8117;8966,7946,12812;0
====11482,5965;11768,6854;5638,6458,18670;0
====10317,6632;10603,7028;3308,6806,18872;1
++++11795,7104;12939,10283
====12233,10222;12939,10283;8010,10264,11876;0
====12342,10208;12501,10269;6786,10236,9320;0
====11795,7104;12148,8816;10568,8736,13072;0
====12430,7104;12546,8816;10568,8736,13072;1
++++11225,6361;12905,9346
====11225,6361;11341,7335;8158,7250,16092;0
====12533,6446;12905,8158;14128,7420,13216;0
====11410,9035;11417,9346;4952,9174,13524;0
====11452,8348;11948,8557;9176,8378,16952;0
====11948,8348;12035,8557;9176,8378,16952;0
====11347,6361;12374,7335;8158,7250,16092;1
+++8937,676;13288,10418
++++8937,9207;12565,10418
====12473,9207;12565,9849;10410,9518,9782;0
====8937,9217;9024,9389;3154,9260,17118;0
====10511,9217;11180,9389;3154,9260,17118;0
====10869,10222;11365,10418;8010,10264,11876;0
====11621,10208;12327,10269;6786,10236,9320;1
++++9248,9293;13288,10418
====13201,9293;13288,9754;11682,9690,11404;0
====13109,9293;13201,9935;11682,9690,11404;0
====9248,9891;9721,10418;8010,10264,11876;0
====9657,9297;11066,9469;4264,9420,17194;0
====10191,10222;10869,10418;8010,10264,11876;0
====12705,9293;12987,9935;11682,9690,11404;0
====13103,9293;13109,9935;11682,9690,11404;1
++++9210,9297;12342,10418
====9210,9891;9248,10418;8010,10264,11876;0
====12327,10208;12342,10269;6786,10236,9320;0
====9492,9297;9579,9469;4264,9420,17194;0
====11365,10222;11452,10418;8010,10264,11876;0
====9234,9604;9630,10033;11682,9690,11404;1
++++10661,676;13264,7335
====10699,4553;12310,6844;14612,4792,10884;0
====10661,4038;13114,6605;14536,4314,9330;0
====11416,5992;12207,6807;4616,6364,18448;0
====11444,676;12370,1464;15518,1016,16302;0
====11505,2949;12806,3423;8474,3310,17436;0
====11583,3558;13264,3671;8630,3580,17608;0
====13028,6435;13187,7335;8158,7250,16092;1
+++9557,0;13425,11103
++++12235,0;12952,4357
====12251,0;12436,1203;13934,336,15286;0
====12235,0;12607,3771;13532,2070,14444;0
====12375,0;12715,4357;13058,3242,17590;0
====12607,0;12612,3771;13532,2070,14444;0
====12612,0;12952,3771;13532,2070,14444;0
====12436,0;12808,1203;13934,336,15286;0
====12370,0;12375,4357;13058,3242,17590;0
====12808,0;12813,1203;13934,336,15286;1
++++9557,0;10769,10377
====10713,0;10769,10377;10938,4138,12168;0
====9557,0;9685,5453;10148,2588,14878;0
====9726,0;9952,8117;8966,7946,12812;0
====9772,4281;10028,4827;5764,4424,19220;0
====10279,0;10317,6053;10148,2588,14878;0
====9615,0;9816,9445;9222,8318,13270;0
====9685,0;10078,6580;10148,2588,14878;1
++++10543,0;13401,6914
====12736,3650;13401,5351;13780,5230,16130;0
====11655,0;11748,6914;10938,4138,12168;0
====10543,0;11840,3363;10148,2588,14878;0
====12719,0;13040,4357;13058,3242,17590;0
====12050,0;12235,3104;13532,2070,14444;1
++++12220,0;13393,7146
====12220,2329;12336,3062;10148,2588,14878;0
====13295,2656;13393,7146;13058,3242,17590;0
====12333,0;12615,4805;10938,4138,12168;0
====12956,0;13277,3771;13532,2070,14444;0
====12511,4553;13152,6844;14612,4792,10884;1
++++11310,0;13425,7184
====13393,2656;13419,7146;13058,3242,17590;0
====11310,0;11315,6914;10938,4138,12168;0
====12992,0;13425,6216;14292,3536,8904;0
====11754,0;12352,7184;13022,5472,11910;0
====11813,0;11998,3690;13058,3242,17590;1
++++12357,0;13096,10474
====12357,0;12697,7184;13022,5472,11910;0
====12697,0;12701,7184;13022,5472,11910;0
====12701,0;12743,7184;13022,5472,11910;0
====12738,10339;13096,10474;7578,10376,11286;1
++++11051,0;13375,9849
====11051,0;11391,9849;10410,9518,9782;0
====13180,0;13375,8261;13022,5472,11910;0
====11429,0;11522,8989;10486,8288,11772;0
====11522,0;12107,8592;10486,8288,11772;0
====11315,0;11655,6914;10938,4138,12168;0
====12107,0;12389,8592;10486,8288,11772;0
====11089,0;11429,8989;10486,8288,11772;1
++++12952,0;13366,11103
====13288,9293;13366,9754;11682,9690,11404;0
====13120,0;13293,11103;11692,10180,3876;0
====13198,0;13295,7146;13058,3242,17590;0
====12987,9293;13103,9935;11682,9690,11404;0
====12952,0;12956,3771;13532,2070,14444;1
+++8926,0;12994,11578
++++10797,10339;12738,10893
====11314,10339;12738,10474;7578,10376,11286;0
====11390,10458;11488,10893;8256,10736,9016;0
====12272,10376;12364,10811;10008,10572,10338;0
====10797,10458;10992,10893;8256,10736,9016;0
====11488,10458;11575,10893;8256,10736,9016;0
====10992,10458;11274,10893;8256,10736,9016;1
++++8926,0;9726,11578
====9688,0;9726,8732;8966,7946,12812;0
====8928,2752;9154,5431;7370,2916,15920;0
====8926,0;9389,5763;8630,3580,17608;0
====9333,0;9490,11578;10410,9518,9782;0
====9490,0;9625,11578;10410,9518,9782;0
====9069,0;9132,10654;10008,10572,10338;1
++++10935,2752;12994,10474
====10935,10278;11051,10474;7578,10376,11286;0
====12916,3950;12994,4226;10938,4138,12168;0
====10953,2752;12254,3226;7370,2916,15920;0
====11140,2915;11603,3690;13058,3242,17590;0
====12589,6361;12742,7335;8158,7250,16092;1
++++11575,9207;12529,10893
====12351,9207;12467,9849;10410,9518,9782;0
====11575,10458;11653,10893;8256,10736,9016;0
====12451,10376;12529,10811;10008,10572,10338;0
====12266,10376;12272,10811;10008,10572,10338;0
====11673,10376;11868,10811;10008,10572,10338;1
++++10575,0;12469,11172
====12009,0;12050,3104;13532,2070,14444;0
====10918,10208;11621,10269;6786,10236,9320;0
====11084,0;11089,8989;10486,8288,11772;0
====10575,4684;10969,5351;13780,5230,16130;0
====12125,0;12469,11172;12558,8896,5350;1
++++11190,10376;12266,11294
====11219,11070;11824,11294;7388,11090,17506;0
====11190,10376;11673,11211;10008,10572,10338;0
====12150,10376;12266,10811;10008,10572,10338;0
====11653,10519;12258,10893;8256,10736,9016;1
+++9032,2752;12916,9346
++++9032,7462;11452,9127
====9073,8512;9289,9127;10568,8736,13072;0
====10774,8348;11452,8557;9176,8378,16952;0
====9032,7462;10059,7725;3528,7504,16688;0
====9793,8348;9872,8948;9176,8378,16952;0
====10059,7462;10274,7725;3528,7504,16688;0
====10274,7462;10713,7512;3528,7504,16688;1
++++11563,2756;12916,8592
====12737,3950;12916,4226;10938,4138,12168;0
====12603,6540;12690,8592;10486,8288,11772;0
====12905,6446;12910,8158;14128,7420,13216;0
====12731,3950;12737,4805;10938,4138,12168;0
====12690,6540;12768,8592;10486,8288,11772;0
====11563,2756;12864,3083;8590,2924,19754;0
====12136,8303;12839,8527;9222,8318,13270;0
====12113,8348;12816,8557;9176,8378,16952;1
++++9289,6437;12113,9213
====9289,8512;10288,9127;10568,8736,13072;0
====11629,6709;11745,8117;8966,7946,12812;0
====12035,8348;12113,8557;9176,8378,16952;0
====11130,6437;11470,9213;10568,8736,13072;1
++++9311,2756;11557,5763
====11441,2756;11557,3083;8590,2924,19754;0
====9389,3084;9558,5763;8630,3580,17608;0
====9311,2949;9480,5628;8474,3310,17436;0
====9764,2756;10824,3252;8590,2924,19754;1
++++9854,6437;12533,9213
====12348,6446;12533,8158;14128,7420,13216;0
====9854,8303;9895,8918;9222,8318,13270;0
====11751,6709;11930,8117;8966,7946,12812;0
====11745,6709;11751,8117;8966,7946,12812;0
====11125,6437;11130,9213;10568,8736,13072;1
++++9153,2752;10831,9346
====9340,9035;9836,9346;4952,9174,13524;0
====10652,2752;10831,3527;7370,2916,15920;0
====9153,4919;9322,7598;8158,7250,16092;0
====9454,5918;9570,6807;4616,6364,18448;0
====10028,4281;10144,4827;5764,4424,19220;0
====9322,4919;9548,7598;8158,7250,16092;1
+++9505,2756;12136,10486
++++9538,2756;11563,5351
====9538,2756;9764,3252;8590,2924,19754;0
====10969,4684;11501,5351;13780,5230,16130;0
====11204,2949;11383,3724;8474,3310,17436;0
====11383,2949;11499,3423;8474,3310,17436;0
====11557,2756;11563,3083;8590,2924,19754;0
====9706,2949;11127,3724;8474,3310,17436;1
++++9579,8348;10191,10486
====9579,10208;10062,10486;6786,10236,9320;0
====9579,9297;9657,9469;4264,9420,17194;0
====9592,8348;9793,9475;9176,8378,16952;0
====9851,10222;10191,10418;8010,10264,11876;0
====9721,9891;9846,10418;8010,10264,11876;1
++++9505,5965;11225,10474
====9505,9947;9635,10474;7578,10376,11286;0
====11143,6361;11225,7335;8158,7250,16092;0
====9965,5965;10081,6854;5638,6458,18670;0
====10081,5965;10087,6854;5638,6458,18670;0
====9975,10278;10653,10474;7578,10376,11286;1
++++9952,2915;11143,8117
====10766,2915;11140,3690;13058,3242,17590;0
====9952,6042;10994,8117;8966,7946,12812;0
====11046,6361;11143,7598;8158,7250,16092;0
====10214,2915;10608,3276;13058,3242,17590;0
====10590,6361;11046,7598;8158,7250,16092;0
====10188,4369;10789,4608;5764,4424,19220;1
++++10762,4369;12136,8816
====12058,8303;12136,8527;9222,8318,13270;0
====10762,6632;11553,7028;3308,6806,18872;0
====11545,4369;11831,4560;5764,4424,19220;0
====11563,6437;11795,8816;10568,8736,13072;1
++++9570,2915;10797,9346
====10608,2915;10766,3276;13058,3242,17590;0
====9836,9035;9923,9346;4952,9174,13524;0
====10603,6632;10762,7028;3308,6806,18872;0
====9895,8303;10797,8527;9222,8318,13270;0
====9570,5918;9576,6807;4616,6364,18448;1
+3098,0;20000,20000
++14138,0;20000,20000
+++14213,0;16301,11762
++++14225,0;14790,11762
====14225,8566;14233,8816;10568,8736,13072;0
====14414,0;14492,1936;13934,336,15286;0
====14782,9386;14790,9754;11682,9690,11404;0
====14311,0;14389,11762;13728,11498,4418;1
++++14389,8816;16301,11762
====15813,11358;16171,11762;13728,11498,4418;0
====14389,10900;14994,11762;13728,11498,4418;0
====15882,8816;16178,8989;12558,8896,5350;0
====16294,9107;16301,9854;14720,9818,7082;0
====14790,9386;14949,9754;11682,9690,11404;1
++++14213,0;15238,3069
====14213,0;14291,2803;13532,2070,14444;0
====15195,0;15238,3069;15340,1912,12470;0
====14726,0;14905,1464;15518,1016,16302;0
====14623,676;14726,1464;15518,1016,16302;0
====15117,0;15195,3069;15340,1912,12470;0
====15119,0;15206,1464;15518,1016,16302;1
++++14291,0;15638,8420
====14291,0;14436,2803;13532,2070,14444;0
====15624,0;15638,8420;15136,4226,8030;0
====14715,0;14793,7066;14536,4314,9330;0
====14928,0;15015,7264;15136,4226,8030;0
====15327,0;15360,1464;15518,1016,16302;1
++++14436,0;15478,3389
====15098,2656;15478,3389;13058,3242,17590;0
====14816,0;14932,2837;15340,1912,12470;0
====14436,1991;15335,2803;13532,2070,14444;0
====15206,0;15284,1464;15518,1016,16302;0
====14938,0;15030,3069;15340,1912,12470;1
++++14739,5217;15976,11762
====14739,5217;14806,6934;13022,5472,11910;0
====15021,5217;15174,6496;13022,5472,11910;0
====15618,10676;15976,11134;13338,11050,6874;0
====15574,6191;15727,7470;14128,7420,13216;0
====14994,11358;15813,11762;13728,11498,4418;1
++++15092,0;16211,9143
====15753,0;15829,9143;16456,8396,5406;0
====15175,4270;15496,4638;14536,4314,9330;0
====15969,4461;16110,4829;17326,4696,11246;0
====15699,0;16211,3767;14524,3762,8652;0
====15969,0;16111,4424;15348,3886,10954;0
====15563,4270;15778,4638;14536,4314,9330;0
====15092,0;15675,9143;16456,8396,5406;0
====15963,0;15977,8788;15814,4962,8608;1
+++14196,0;16476,11406
++++15829,0;16476,9807
====15829,0;15889,2989;15518,1016,16302;0
====15898,0;15965,2899;15340,1912,12470;0
====15902,0;15969,4424;15348,3886,10954;0
====15965,0;16107,2899;15340,1912,12470;0
====16137,0;16476,2629;17138,1486,8712;0
====16239,1699;16333,2842;15340,1912,12470;0
====16298,0;16358,9807;16456,8396,5406;1
++++14224,0;14885,11406
====14807,0;14885,11406;14720,9818,7082;0
====14250,5011;14337,6325;13780,5230,16130;0
====14224,0;14634,10922;14720,9818,7082;0
====14536,0;14622,7894;14524,3762,8652;0
====14338,5867;14370,9723;14128,7420,13216;1
++++14233,5217;16468,11134
====14418,5217;14739,7645;13022,5472,11910;0
====16301,9450;16309,9854;14720,9818,7082;0
====14233,8566;14392,8816;10568,8736,13072;0
====14799,10676;15618,11134;13338,11050,6874;0
====16309,9450;16468,9854;14720,9818,7082;1
++++14196,0;16231,6325
====16188,4461;16231,4829;17326,4696,11246;0
====15360,0;15429,1464;15518,1016,16302;0
====14196,5011;14250,6325;13780,5230,16130;0
====14538,3824;14936,4056;15348,3886,10954;1
++++15169,0;15916,10270
====15675,0;15753,9143;16456,8396,5406;0
====15169,0;15624,9902;15136,4226,8030;0
====15432,4594;15475,10270;15814,4962,8608;0
====15536,0;15916,911;13934,336,15286;1
+++14806,0;17875,9504
++++14806,0;15838,9393
====15213,0;15220,9393;12558,8896,5350;0
====15581,0;15730,4424;15348,3886,10954;0
====15344,0;15577,2899;15340,1912,12470;0
====14905,0;15021,1464;15518,1016,16302;0
====14806,5217;15021,6763;13022,5472,11910;0
====15228,7258;15838,8989;12558,8896,5350;0
====14836,4270;15175,7066;14536,4314,9330;0
====14971,6191;15292,8619;14128,7420,13216;1
++++14874,0;15839,7305
====14874,4509;15213,7305;14612,4792,10884;0
====15490,0;15699,3994;14524,3762,8652;0
====15199,0;15242,4056;15348,3886,10954;0
====15027,0;15119,1464;15518,1016,16302;0
====15553,5096;15839,6325;13780,5230,16130;0
====15400,5096;15553,6325;13780,5230,16130;0
====14932,0;14938,3069;15340,1912,12470;1
++++15429,0;15931,4877
====15666,0;15815,2989;15518,1016,16302;0
====15534,4509;15601,4877;14612,4792,10884;0
====15601,4509;15816,4877;14612,4792,10884;0
====15429,0;15433,2451;15518,1016,16302;0
====15527,4505;15931,4744;17326,4696,11246;1
++++16422,0;17875,9504
====16422,0;16708,1251;15518,1016,16302;0
====17229,0;17236,8990;16590,8054,5854;0
====17510,0;17518,5284;17138,1486,8712;0
====16466,0;17875,9504;17882,9082,2842;1
++++15796,0;16665,6508
====16202,0;16344,6508;15814,4962,8608;0
====15796,0;15863,6311;15136,4226,8030;0
====15889,0;15987,2989;15518,1016,16302;0
====15831,0;16016,2629;17138,1486,8712;0
====16005,0;16665,5913;16874,3772,8364;1
++++16891,0;17854,8739
====17244,6837;17854,8568;16590,8054,5854;0
====17177,7008;17787,8739;16456,8396,5406;0
====17336,6653;17403,7870;18216,7686,6178;0
====17451,0;17459,8301;17020,7520,6402;0
====16891,4234;16958,6108;17326,4696,11246;0
====17236,0;17244,8568;16590,8054,5854;1
+++14138,0;20000,20000
++++14138,0;14771,11762
====14146,9300;14154,9668;10410,9518,9782;0
====14152,4496;14158,6325;13780,5230,16130;0
====14186,4594;14771,7390;15814,4962,8608;0
====14138,0;14311,11762;13728,11498,4418;1
++++16555,0;18544,10287
====16555,6653;16633,7870;18216,7686,6178;0
====17612,0;17990,5158;17326,4696,11246;0
====18537,9324;18544,10287;19206,9566,3726;0
====17084,7178;18493,8909;19118,8736,4072;0
====17004,0;17011,9908;16140,9890,3850;1
++++14311,4012;20000,11955
====14311,10437;20000,10790;10008,10572,10338;0
====16255,4509;20000,4877;14612,4792,10884;0
====14351,8171;20000,8342;10486,8288,11772;0
====15444,9628;20000,9754;11682,9690,11404;0
====15839,5096;20000,5425;13780,5230,16130;0
====19007,7049;20000,8211;18216,7686,6178;0
====14418,4012;20000,4182;10938,4138,12168;0
====15181,11691;20000,11955;12464,11884,7390;1
++++14780,0;20000,10241
====18848,0;20000,6016;17898,5620,3966;0
====14780,10053;20000,10241;11692,10180,3876;0
====16589,3736;20000,3767;14524,3762,8652;0
====16895,3968;20000,4923;15136,4226,8030;0
====19458,7574;20000,9151;19118,8736,4072;0
====15478,2656;20000,3389;13058,3242,17590;1
++++14154,0;16535,20000
====15048,0;16535,20000;15202,15578,1748;0
====14154,9300;14313,9668;10410,9518,9782;0
====14721,0;14799,12510;14548,12026,2538;0
====14530,0;14542,20000;14536,4314,9330;0
====14192,8171;14351,8342;10486,8288,11772;0
====15581,0;15657,14096;16112,12614,4108;0
====15508,0;15963,20000;15814,4962,8608;0
====15657,0;16126,20000;16112,12614,4108;1
+++15715,0;20000,20000
++++16535,0;20000,20000
====17232,0;17597,20000;17326,4696,11246;0
====16581,11622;20000,12510;14548,12026,2538;0
====18241,0;20000,20000;18614,11008,1448;0
====19502,7989;20000,20000;19206,9566,3726;0
====16535,12752;16908,20000;15202,15578,1748;1
++++16171,0;20000,20000
====16171,11358;20000,11762;13728,11498,4418;0
====18930,0;19226,6223;18654,3710,6886;0
====17437,11113;20000,20000;16260,11218,1826;0
====16186,11916;16990,20000;16112,12614,4108;1
++++15715,0;20000,10045
====15715,1991;20000,2803;13532,2070,14444;0
====18840,7747;20000,10045;17882,9082,2842;0
====19226,0;20000,5061;18654,3710,6886;0
====16708,0;20000,1251;15518,1016,16302;0
====18127,7404;20000,8566;16456,8396,5406;0
====18833,0;19206,8710;19798,6412,1536;0
====15916,0;20000,911;13934,336,15286;1
++++17128,0;18840,10045
====18667,0;18711,8211;18216,7686,6178;0
====18248,0;18840,10045;17882,9082,2842;0
====18435,0;18634,7359;18654,3710,6886;0
====17346,0;18833,8169;19798,6412,1536;0
====17128,9324;18537,9746;19206,9566,3726;0
====17618,6570;18409,7603;17020,7520,6402;0
====18493,7178;18500,8909;19118,8736,4072;0
====18042,6653;18049,8384;18216,7686,6178;1
++8207,0;20000,20000
+++15727,0;18276,8566
++++16417,3091;18194,8566
====16417,4367;16856,6241;15814,4962,8608;0
====17403,6653;18042,8384;18216,7686,6178;0
====17100,3091;17173,6108;17326,4696,11246;0
====17831,7008;18127,8566;16456,8396,5406;0
====17787,7008;17831,8566;16456,8396,5406;0
====17898,6837;18194,8395;16590,8054,5854;1
++++15727,0;16243,8225
====16013,6520;16172,7470;14128,7420,13216;0
====15727,6191;16013,7470;14128,7420,13216;0
====15977,0;16037,7426;15814,4962,8608;0
====16184,3829;16243,4424;15348,3886,10954;0
====15730,0;15744,4424;15348,3886,10954;0
====15931,4461;15969,4744;17326,4696,11246;0
====15742,0;15820,8225;16590,8054,5854;0
====15957,0;16035,7787;17020,7520,6402;1
++++15962,0;17079,5913
====15962,0;16005,3999;16874,3772,8364;0
====16211,0;16589,3767;14524,3762,8652;0
====16619,1699;16997,2842;15340,1912,12470;0
====16665,0;16732,5913;16874,3772,8364;0
====17006,0;17079,4503;17138,1486,8712;0
====16476,0;16797,2629;17138,1486,8712;1
++++15820,0;16738,8225
====16396,0;16474,7351;17898,5620,3966;0
====15820,0;16523,8225;16590,8054,5854;0
====16344,4367;16417,6508;15814,4962,8608;0
====16016,0;16094,2629;17138,1486,8712;0
====16135,0;16202,6679;15814,4962,8608;0
====15972,6653;16555,7870;18216,7686,6178;0
====16078,0;16517,5873;15136,4226,8030;0
====16035,0;16738,7787;17020,7520,6402;1
++++16623,0;18276,7351
====17883,0;17890,7351;17898,5620,3966;0
====16623,3829;17001,4424;15348,3886,10954;0
====17378,0;17386,5646;16874,3772,8364;0
====16774,0;18276,4665;18654,3710,6886;1
++++15740,0;16217,4638
====15740,0;15800,2899;15340,1912,12470;0
====15744,0;15804,4424;15348,3886,10954;0
====15815,0;15829,2989;15518,1016,16302;0
====16107,0;16180,2842;15340,1912,12470;0
====15778,4270;16217,4638;14536,4314,9330;1
+++13050,0;20000,20000
++++16908,0;20000,20000
====18634,0;18886,20000;18654,3710,6886;0
====17896,0;20000,2598;17138,1486,8712;0
====16908,13293;20000,20000;15202,15578,1748;0
====18711,0;19007,8211;18216,7686,6178;0
====17764,3741;20000,4696;16874,3772,8364;1
++++13589,0;20000,20000
====13754,0;13857,20000;13780,5230,16130;0
====13589,13646;20000,14711;11976,13844,6886;0
====19206,0;20000,20000;19798,6412,1536;0
====17363,11916;20000,20000;16112,12614,4108;0
====13643,2329;14023,3062;10148,2588,14878;0
====13726,0;13804,10197;12558,8896,5350;1
++++13050,2949;20000,20000
====13479,16276;20000,20000;11756,16974,4000;0
====13471,6625;13538,8342;10486,8288,11772;0
====13186,2949;20000,3423;8474,3310,17436;0
====13050,11674;13460,12649;12372,11850,6890;1
++++13928,0;19162,20000
====13928,0;14210,20000;14128,7420,13216;0
====18866,0;19162,20000;19118,8736,4072;0
====13953,10437;14311,10811;10008,10572,10338;0
====18057,0;18415,20000;18216,7686,6178;0
====13954,2783;14036,6325;13780,5230,16130;1
++++13591,0;20000,8000
====13591,7816;20000,8000;8966,7946,12812;0
====13733,0;13831,5917;13934,336,15286;0
====13791,2656;13797,3389;13058,3242,17590;0
====13630,0;13830,6784;13532,2070,14444;1
++++13187,0;14418,9668
====13478,0;13733,1203;13934,336,15286;0
====13575,0;13733,9235;14128,7420,13216;0
====13906,4012;14418,4182;10938,4138,12168;0
====13187,6435;13978,7335;8158,7250,16092;0
====13433,9207;14139,9668;10410,9518,9782;1
+++8207,0;20000,20000
++++13077,4038;14192,10893
====13547,4038;13937,7682;14536,4314,9330;0
====13585,4553;13975,7921;14612,4792,10884;0
====13773,4617;13779,8261;13022,5472,11910;0
====13906,8171;14192,8342;10486,8288,11772;0
====13077,10519;13435,10893;8256,10736,9016;1
++++12537,8566;20000,20000
====12537,16960;20000,20000;9872,18342,1990;0
====12901,16494;20000,20000;10600,16616,2722;0
====13512,8566;14218,8816;10568,8736,13072;0
====13791,13221;20000,14513;12380,13448,2852;0
====13096,10339;20000,10474;7578,10376,11286;1
++++15359,0;18508,9872
====15359,6191;15574,7737;14128,7420,13216;0
====18500,7178;18508,9872;19118,8736,4072;0
====16738,0;16805,7787;17020,7520,6402;0
====16517,0;16895,4923;15136,4226,8030;0
====16633,6653;17336,7870;18216,7686,6178;1
++++12948,0;14721,20000
====12948,0;13533,20000;13338,11050,6874;0
====12990,0;14721,20000;14548,12026,2538;0
====13143,0;13726,10197;12558,8896,5350;0
====13371,0;13916,10241;11692,10180,3876;1
++++13797,0;14530,20000
====13831,0;14031,20000;13934,336,15286;0
====14132,4038;14530,20000;14536,4314,9330;0
====13847,0;14432,7022;15136,4226,8030;0
====13804,0;14349,9599;12558,8896,5350;0
====13797,2656;13976,3389;13058,3242,17590;0
====13931,0;14126,7630;14524,3762,8652;0
====13857,2783;13954,20000;13780,5230,16130;0
====13830,0;13912,4745;13532,2070,14444;1
++++8207,8303;20000,15661
====12839,8303;20000,8357;9222,8318,13270;0
====12021,13543;20000,13741;8840,13638,8970;0
====12939,10222;20000,10283;8010,10264,11876;0
====13679,11691;15181,11955;12464,11884,7390;0
====11180,9217;20000,9389;3154,9260,17118;0
====8207,15580;20000,15661;1212,15582,11796;0
====9857,11064;20000,11084;1100,11078,18190;0
====10886,14441;20000,15128;6570,14678,13484;1
+++13958,0;20000,20000
++++14010,0;16200,20000
====15671,0;16200,20000;16140,9890,3850;0
====14010,0;14408,20000;14292,3536,8904;0
====14634,0;14807,20000;14720,9818,7082;0
====14126,0;14536,20000;14524,3762,8652;1
++++13976,0;20000,9854
====19162,0;19458,9151;19118,8736,4072;0
====14808,9300;20000,9542;10410,9518,9782;0
====16963,9692;20000,9854;14720,9818,7082;0
====16963,6916;20000,7470;14128,7420,13216;0
====14023,2329;20000,3062;10148,2588,14878;0
====13976,2656;14054,3389;13058,3242,17590;1
++++13958,4383;17898,8395
====13958,5132;14036,7645;13022,5472,11910;0
====14036,4383;14152,6325;13780,5230,16130;0
====14036,5132;14418,7645;13022,5472,11910;0
====14164,4772;14196,6325;13780,5230,16130;0
====17854,6837;17898,8395;16590,8054,5854;0
====13975,4553;14170,8145;14612,4792,10884;1
++++14628,0;15275,9732
====14628,0;14715,7066;14536,4314,9330;0
====14709,0;14787,6790;14524,3762,8652;0
====14793,0;14836,7066;14536,4314,9330;0
====14831,0;14874,7305;14612,4792,10884;0
====15242,0;15275,9732;15348,3886,10954;0
====15121,0;15199,4056;15348,3886,10954;1
++++14210,0;17437,20000
====17064,10572;17437,20000;16260,11218,1826;0
====14210,5478;14326,20000;14128,7420,13216;0
====16523,0;17229,20000;16590,8054,5854;0
====16358,0;17162,20000;16456,8396,5406;0
====15503,11458;15581,14096;16112,12614,4108;0
====15731,0;17064,20000;16260,11218,1826;0
====17173,3091;17232,20000;17326,4696,11246;1
++++14028,0;14799,11274
====14028,0;14034,2803;13532,2070,14444;0
====14029,0;14224,10658;14720,9818,7082;0
====14113,0;14229,1936;13934,336,15286;0
====14074,0;14507,8646;16456,8396,5406;0
====14194,10676;14799,11274;13338,11050,6874;1
+++14218,0;18930,10760
++++16231,0;18930,9908
====16231,4291;16337,4829;17326,4696,11246;0
====18552,0;18848,7593;17898,5620,3966;0
====17673,9728;17969,9908;16140,9890,3850;0
====18886,0;18930,6223;18654,3710,6886;0
====18276,0;18435,5698;18654,3710,6886;1
++++14235,0;15740,3649
====15726,0;15740,2899;15340,1912,12470;0
====14671,0;15715,3649;14292,3536,8904;0
====14534,0;14816,2724;15340,1912,12470;0
====14492,0;14637,1936;13934,336,15286;0
====14235,0;14414,1936;13934,336,15286;1
++++14432,0;16864,9854
====16797,0;16864,2629;17138,1486,8712;0
====14775,9293;14782,9754;11682,9690,11404;0
====14432,0;14928,7022;15136,4226,8030;0
====15588,9107;16294,9854;14720,9818,7082;0
====14753,0;14831,7305;14612,4792,10884;0
====14666,0;14753,7305;14612,4792,10884;1
++++14218,0;17004,10760
====16200,0;17004,10554;16140,9890,3850;0
====14218,8566;14225,8816;10568,8736,13072;0
====15655,0;16459,10760;15050,10302,2302;0
====16459,10114;16832,10760;15050,10302,2302;0
====14392,8566;14843,8816;10568,8736,13072;1
++++14771,0;16078,7390
====15884,0;15962,3999;16874,3772,8364;0
====14771,4594;15267,7390;15814,4962,8608;0
====15863,0;16078,6140;15136,4226,8030;0
====15577,0;15726,2899;15340,1912,12470;0
====15118,5096;15185,6325;13780,5230,16130;0
====15433,0;15831,2624;17138,1486,8712;1
++++16337,0;18910,10287
====18544,0;18910,10287;19206,9566,3726;0
====18508,0;18866,9872;19118,8736,4072;0
====16337,4234;16570,4829;17326,4696,11246;0
====18415,0;18667,9347;18216,7686,6178;0
====18256,0;18552,8314;17898,5620,3966;1
++3098,0;10655,20000
+++6567,0;9851,12202
++++6671,3113;8062,8757
====7430,5019;8062,6854;5638,6458,18670;0
====7472,5083;7764,8757;8158,7250,16092;0
====6791,3445;7523,5415;8630,3580,17608;0
====6713,3113;7445,5280;8474,3310,17436;0
====6671,3670;6961,7330;5764,4424,19220;1
++++6961,2920;8104,8743
====6961,3670;7119,5837;5764,4424,19220;0
====7134,5019;7430,6854;5638,6458,18670;0
====7287,5083;7472,8743;8158,7250,16092;0
====7503,2920;7688,3117;8590,2924,19754;0
====8000,3445;8104,5415;8630,3580,17608;0
====7688,2920;7980,3117;8590,2924,19754;1
++++6893,0;9153,10792
====6893,0;7078,6576;7370,2916,15920;0
====8272,0;8488,9105;8966,7946,12812;0
====7917,0;8793,10556;7578,10376,11286;0
====8611,0;8768,10792;8966,7946,12812;0
====8690,0;9153,7598;8158,7250,16092;0
====8798,0;8903,5763;8630,3580,17608;1
++++6567,3670;9851,10418
====6567,3670;6671,7330;5764,4424,19220;0
====6897,6632;7123,7028;3308,6806,18872;0
====9846,9977;9851,10418;8010,10264,11876;0
====8183,6632;8544,7028;3308,6806,18872;0
====8377,8162;8593,9321;9176,8378,16952;1
++++7523,0;8374,12202
====7822,10913;8305,12202;7388,11090,17506;0
====7523,3445;7708,5415;8630,3580,17608;0
====8084,0;8374,3117;8590,2924,19754;0
====7764,0;7868,8757;8158,7250,16092;0
====7794,0;7957,11789;8010,10264,11876;1
+++4240,0;9492,16571
++++6331,2920;9492,16571
====6771,2920;7177,3117;8590,2924,19754;0
====8996,9297;9492,9469;4264,9420,17194;0
====6792,14893;6796,15661;1212,15582,11796;0
====6331,8132;8004,9277;9222,8318,13270;0
====7320,10404;7793,10654;10008,10572,10338;0
====6743,12269;6906,14951;5908,14162,12736;0
====6352,8162;7064,8776;9176,8378,16952;0
====6484,14937;8135,16571;4838,16560,8312;1
++++4240,0;5086,12054
====4448,0;4551,10703;4264,9420,17194;0
====4240,0;4972,8339;3528,7504,16688;0
====4624,0;4727,9175;4616,6364,18448;0
====4622,0;4624,12054;4616,6364,18448;0
====4608,9297;5086,10703;4264,9420,17194;1
++++4743,0;6347,16150
====6116,0;6347,14951;5908,14162,12736;0
====4743,0;6268,14273;4632,11986,9204;0
====5373,0;5743,15965;5908,14162,12736;0
====5478,0;5581,16150;6324,15740,11312;0
====5190,0;5358,5441;5764,4424,19220;1
++++4395,0;6005,15661
====5672,14050;6005,15263;3440,14786,12038;0
====4646,0;5190,5394;5764,4424,19220;0
====4395,13784;4558,15661;1212,15582,11796;0
====4558,14448;4891,15661;1212,15582,11796;1
+++6724,0;10655,20000
++++6796,5019;8942,15661
====6796,14893;7470,15661;1212,15582,11796;0
====7570,14441;7896,15630;6570,14678,13484;0
====7414,11064;7997,11084;1100,11078,18190;0
====8062,5019;8288,6854;5638,6458,18670;0
====8670,13900;8942,14183;5908,14162,12736;0
====7906,14495;7910,15263;3440,14786,12038;0
====6997,11852;7160,14003;6416,13328,14404;0
====7374,13900;7958,14183;5908,14162,12736;1
++++6724,0;10558,20000
====6724,14495;6963,15263;3440,14786,12038;0
====8017,0;9668,14948;7904,13314,6392;0
====7521,0;9109,10486;6786,10236,9320;0
====10363,11070;10558,11470;7388,11090,17506;0
====7957,0;8070,20000;8010,10264,11876;0
====8501,14959;9084,15436;3274,15132,12406;0
====8505,17282;8667,18055;5578,17768,9264;1
++++8504,11909;10655,17873
====10482,13321;10655,13388;6416,13328,14404;0
====10606,12744;10610,13741;8840,13638,8970;0
====8504,17359;9178,17873;4628,17744,7890;0
====10266,11909;10276,15005;8840,13638,8970;0
====8605,16466;8609,16571;4838,16560,8312;1
++++9018,0;10141,16689
====9018,14972;9348,15794;6324,15740,11312;0
====9529,0;9585,15500;8570,14204,8478;0
====10131,12192;10141,15288;8570,14204,8478;0
====9309,0;9365,16689;8130,16582,5960;0
====9798,11747;9808,14843;7904,13314,6392;0
====9221,0;9529,16273;8570,14204,8478;0
====9365,0;9781,16599;8130,16582,5960;1
++++8580,0;10449,20000
====10141,0;10449,20000;10410,9518,9782;0
====10248,10045;10304,13684;10008,10572,10338;0
====9140,14003;9144,14183;5908,14162,12736;0
====8580,0;8610,20000;8590,2924,19754;0
====8975,17371;8979,18055;5578,17768,9264;1
+++4731,0;7876,14534
++++5891,0;6370,14534
====6162,0;6370,14534;6416,13328,14404;0
====6090,0;6275,8876;5764,4424,19220;0
====6105,10306;6208,13468;7578,10376,11286;0
====5891,6632;6265,7028;3308,6806,18872;0
====5981,0;6027,10310;5638,6458,18670;1
++++5843,0;6902,12209
====6170,10663;6902,12209;7388,11090,17506;0
====5869,0;6265,9705;4952,9174,13524;0
====5843,7377;6247,8339;3528,7504,16688;0
====6010,10663;6170,12209;7388,11090,17506;1
++++5733,0;7007,9828
====5817,9297;5921,9828;4264,9420,17194;0
====6265,0;6959,9705;4952,9174,13524;0
====6375,7377;7007,7725;3528,7504,16688;0
====5733,6632;5891,7028;3308,6806,18872;0
====5760,3071;6134,3268;3046,3226,19440;1
++++5818,0;7876,9748
====5818,2920;6771,3117;8590,2924,19754;0
====6134,3071;6766,3268;3046,3226,19440;0
====6188,9217;6782,9748;3154,9260,17118;0
====6203,0;7876,9091;8966,7946,12812;0
====6387,4640;6545,6807;4616,6364,18448;1
++++4731,0;6893,14072
====6161,0;6893,6576;7370,2916,15920;0
====5638,0;5869,11668;4952,9174,13524;0
====4731,0;5208,3825;3046,3226,19440;0
====6208,10306;6578,14072;7578,10376,11286;0
====5127,0;5295,7816;5638,6458,18670;1
+++4674,0;9140,15661
++++4674,10907;7391,15661
====5005,14420;6239,15209;6570,14678,13484;0
====5161,10907;5554,11084;1100,11078,18190;0
====4674,13074;5268,15361;5908,14162,12736;0
====4891,14893;5610,15661;1212,15582,11796;0
====4928,12657;5524,13745;6416,13328,14404;0
====6322,14893;6792,15661;1212,15582,11796;0
====4678,10907;5161,11084;1100,11078,18190;0
====5812,13339;7391,13494;2402,13350,16272;1
++++6766,3071;9140,15661
====8942,14003;9140,14183;5908,14162,12736;0
====6766,3071;8052,3268;3046,3226,19440;0
====8053,14893;8207,15661;1212,15582,11796;0
====8032,11361;8162,12650;4632,11986,9204;1
++++4882,9297;5525,15361
====5340,9297;5525,10703;4264,9420,17194;0
====4882,13386;5113,15263;3440,14786,12038;0
====5268,13074;5270,15361;5908,14162,12736;0
====5113,13386;5509,15263;3440,14786,12038;1
++++4735,0;6387,15361
====4735,0;4743,14273;4632,11986,9204;0
====5993,4640;6387,7769;4616,6364,18448;0
====4895,0;4903,13588;4952,9174,13524;0
====4785,9217;4970,10623;3154,9260,17118;0
====4862,6632;5339,7155;3308,6806,18872;0
====5270,0;5373,15361;5908,14162,12736;1
+++3098,0;6493,20000
++++3152,0;3896,20000
====3291,0;3374,20000;3308,6806,18872;0
====3297,0;3341,12023;3154,9260,17118;0
====3295,14824;3889,14997;3150,14862,13804;0
====3214,0;3297,12196;3154,9260,17118;0
====3333,9340;3709,12103;4264,9420,17194;0
====3852,8462;3896,20000;4264,9420,17194;0
====3152,0;3214,20000;3154,9260,17118;1
++++3098,0;3831,10969
====3098,0;3100,9044;3046,3226,19440;0
====3177,0;3243,5016;3046,3226,19440;0
====3243,0;3287,5016;3046,3226,19440;0
====3231,0;3291,10969;3308,6806,18872;0
====3287,0;3831,5016;3046,3226,19440;0
====3100,0;3177,6243;3046,3226,19440;1
++++3212,0;3994,14997
====3889,14824;3994,14997;3150,14862,13804;0
====3212,0;3295,14997;3150,14862,13804;0
====3341,8382;3893,12023;3154,9260,17118;0
====3517,12668;3677,14068;2402,13350,16272;1
++++3374,0;4395,15661
====4183,0;4240,9745;3528,7504,16688;0
====3999,0;4342,4795;3046,3226,19440;0
====3831,0;3999,4795;3046,3226,19440;0
====3374,0;3418,10796;3308,6806,18872;0
====3418,0;3962,7155;3308,6806,18872;0
====3999,13784;4395,15661;1212,15582,11796;0
====4078,0;4080,12624;3528,7504,16688;0
====3994,14824;4051,14997;3150,14862,13804;1
++++5525,0;6116,20000
====5525,9297;5817,9828;4264,9420,17194;0
====5610,14893;5849,15661;1212,15582,11796;0
====5581,0;5951,16754;6324,15740,11312;0
====5701,0;5836,20000;5764,4424,19220;0
====5743,0;6116,20000;5908,14162,12736;1
++++4846,0;6493,20000
====6370,0;6493,20000;6416,13328,14404;0
====5773,0;5981,10310;5638,6458,18670;0
====6247,7377;6375,7725;3528,7504,16688;0
====4846,0;6371,17281;4838,16560,8312;1
++6493,0;13633,20000
+++7074,0;9818,20000
++++8350,0;9239,20000
====8365,0;8522,20000;8474,3310,17436;0
====9109,0;9239,10486;6786,10236,9320;0
====9071,0;9199,20000;9176,8378,16952;0
====8350,0;9221,20000;8570,14204,8478;1
++++7074,0;8033,20000
====7379,0;7483,20000;7388,11090,17506;0
====7363,0;7727,18172;4854,18002,3476;0
====7182,0;7741,20000;7578,10376,11286;0
====7078,0;7474,20000;7370,2916,15920;0
====7074,12527;7237,20000;6570,14678,13484;0
====7725,17175;8033,18055;5578,17768,9264;0
====7741,0;7917,11845;7578,10376,11286;0
====7177,2920;7503,3117;8590,2924,19754;1
++++8584,5965;9709,20000
====9348,5965;9709,6854;5638,6458,18670;0
====8584,14495;9167,15263;3440,14786,12038;0
====9199,8348;9524,20000;9176,8378,16952;0
====9008,8162;9071,20000;9176,8378,16952;0
====9084,14959;9238,15436;3274,15132,12406;0
====9024,9217;9102,9389;3154,9260,17118;1
++++7876,0;9064,13921
====8924,13321;9064,13483;6416,13328,14404;0
====7876,0;8272,9105;8966,7946,12812;0
====8485,0;8705,13921;8840,13638,8970;0
====8768,0;8903,10792;8966,7946,12812;0
====8896,8132;9031,10978;9222,8318,13270;0
====8669,3071;8785,3234;3046,3226,19440;1
++++8197,13900;9818,18055
====8197,13900;8670,14183;5908,14162,12736;0
====8979,17371;9653,18055;5578,17768,9264;0
====9144,14003;9818,14183;5908,14162,12736;0
====9001,14441;9141,15525;6570,14678,13484;1
++++8237,0;9720,20000
====9664,0;9720,15217;8840,13638,8970;0
====8237,0;8350,15393;8570,14204,8478;0
====9180,11935;9590,12650;4632,11986,9204;0
====9157,0;9270,10127;10410,9518,9782;0
====8903,0;9419,20000;8966,7946,12812;1
+++6847,0;13633,20000
++++11572,0;13633,20000
====11572,13014;11702,20000;11712,15848,4642;0
====13460,11674;13633,11938;12372,11850,6890;0
====11732,14024;11886,15026;8570,14204,8478;0
====13435,13646;13589,20000;11976,13844,6886;0
====13435,0;13630,20000;13532,2070,14444;1
++++10026,0;11185,20000
====10209,10045;10248,20000;10008,10572,10338;0
====10026,14972;10609,15794;6324,15740,11312;0
====10544,16706;10960,20000;10488,16796,4646;0
====10255,16477;10929,16599;8130,16582,5960;0
====10769,0;11185,20000;10938,4138,12168;1
++++6847,10663;8501,20000
====6979,10663;7087,20000;7388,11090,17506;0
====7823,14959;8501,15436;3274,15132,12406;0
====7483,10733;7646,20000;7388,11090,17506;0
====6902,10663;6979,12884;7388,11090,17506;0
====7239,13738;7374,14183;5908,14162,12736;0
====6847,13476;8372,13921;8840,13638,8970;0
====7727,17309;8143,18172;4854,18002,3476;1
++++7160,11918;8605,16571
====8135,16466;8605,16571;4838,16560,8312;0
====7160,13321;7273,14003;6416,13328,14404;0
====8502,11918;8506,12650;4632,11986,9204;0
====7447,14972;8166,16161;6324,15740,11312;0
====7227,14527;7447,16161;6324,15740,11312;0
====8506,11918;8548,12650;4632,11986,9204;0
====7958,13900;8197,14183;5908,14162,12736;1
++++7910,14441;9321,16161
====9167,14495;9321,15263;3440,14786,12038;0
====8878,14972;9018,16056;6324,15740,11312;0
====8289,14441;9001,15630;6570,14678,13484;0
====8166,14972;8878,16161;6324,15740,11312;0
====7910,14495;8584,15263;3440,14786,12038;0
====9022,14824;9176,14997;3150,14862,13804;1
+++9348,0;13591,20000
++++13146,6446;13591,20000
====13325,15211;13479,20000;11756,16974,4000;0
====13146,7733;13432,8000;8966,7946,12812;0
====13343,6446;13575,9235;14128,7420,13216;0
====13432,7733;13591,8000;8966,7946,12812;1
++++9348,5918;10971,18055
====9653,17371;10236,18055;5578,17768,9264;0
====9398,13321;10072,13388;6416,13328,14404;0
====9352,14972;10026,15794;6324,15740,11312;0
====9348,14972;9352,15794;6324,15740,11312;0
====9475,14441;10149,15263;6570,14678,13484;0
====9576,5918;10971,6807;4616,6364,18448;1
++++11844,0;13325,20000
====11844,0;11866,15409;11976,13844,6886;0
====12068,15211;13325,20000;11756,16974,4000;0
====12042,0;12064,12847;12372,11850,6890;0
====12258,10519;13077,10893;8256,10736,9016;0
====11867,13543;12021,13741;8840,13638,8970;0
====11902,11015;12032,12847;12372,11850,6890;0
====12174,0;12376,20000;12372,11850,6890;0
====12108,16706;12691,16885;10488,16796,4646;1
++++12376,0;13585,16411
====12813,0;13478,1203;13934,336,15286;0
====13108,0;13541,6329;14524,3762,8652;0
====12376,0;12465,12649;12372,11850,6890;0
====12720,14648;13303,16411;11712,15848,4642;0
====12515,9973;12859,12249;13338,11050,6874;0
====13152,4553;13585,6844;14612,4792,10884;0
====13114,4038;13547,6605;14536,4314,9330;0
====13401,3650;13559,8140;13780,5230,16130;1
++++12422,0;13180,20000
====12422,0;12511,20000;12464,11884,7390;0
====12790,0;13180,20000;13022,5472,11910;0
====12469,0;13143,20000;12558,8896,5350;0
====12511,10390;12901,20000;12464,11884,7390;0
====12691,16706;12845,16885;10488,16796,4646;1
++++9356,0;10001,15990
====9419,0;9487,13144;8966,7946,12812;0
====9356,0;9664,15990;8840,13638,8970;0
====9585,0;10001,15410;8570,14204,8478;0
====9394,13321;9398,13483;6416,13328,14404;0
====9471,14441;9475,15263;6570,14678,13484;0
====9547,0;9615,13330;9222,8318,13270;0
====9524,8348;9592,13360;9176,8378,16952;1
+++9625,0;13512,20000
++++9625,0;10255,16599
====9943,16477;10255,16599;8130,16582,5960;0
====9625,0;10141,13930;10410,9518,9782;0
====9720,0;10136,15127;8840,13638,8970;0
====9808,11747;10142,14581;7904,13314,6392;0
====9781,16477;9943,16599;8130,16582,5960;1
++++12809,2656;13512,16411
====13419,2656;13496,4236;13058,3242,17590;0
====12855,11450;13050,12649;12372,11850,6890;0
====13150,6625;13471,8592;10486,8288,11772;0
====12809,7104;13512,8816;10568,8736,13072;0
====13303,14648;13457,16411;11712,15848,4642;1
++++10236,0;13163,20000
====12574,16494;12747,20000;10600,16616,2722;0
====11016,16494;12574,20000;10600,16616,2722;0
====10236,0;11016,20000;10600,16616,2722;0
====10652,0;13163,20000;11432,16372,2130;0
====11724,0;12068,20000;11756,16974,4000;1
++++10449,0;12036,20000
====10471,14024;10475,15026;8570,14204,8478;0
====11562,0;12036,20000;11692,10180,3876;0
====10960,16706;11122,20000;10488,16796,4646;0
====10449,0;10505,13157;10410,9518,9782;0
====10753,6437;11000,12676;10568,8736,13072;0
====10505,0;10921,13067;10410,9518,9782;0
====10543,0;10959,12452;10486,8288,11772;0
====10609,14972;10763,15794;6324,15740,11312;1
++++10814,0;12042,20000
====10814,16795;11178,20000;11756,16974,4000;0
====12032,0;12042,12847;12372,11850,6890;0
====10929,16477;11512,16599;8130,16582,5960;0
====11178,16673;11594,20000;11756,16974,4000;0
====10921,0;11051,12945;10410,9518,9782;0
====11557,0;11687,20000;11682,9690,11404;1
++++9940,0;12178,20000
====10078,0;10279,20000;10148,2588,14878;0
====11866,0;12178,20000;11976,13844,6886;0
====9940,12012;11704,14846;11976,13844,6886;0
====10138,11015;11902,12847;12372,11850,6890;0
====9940,0;10209,20000;10008,10572,10338;1
++++9761,0;10131,17873
====9844,0;9974,12187;8256,10736,9016;0
====10001,0;10131,15288;8570,14204,8478;0
====9761,17359;9915,17873;4628,17744,7890;0
====9866,16466;10020,16571;4838,16560,8312;0
====9816,0;9854,8918;9222,8318,13270;1
+++10072,0;13506,20000
++++12730,9207;13506,20000
====13096,11691;13506,20000;12464,11884,7390;0
====12852,13646;13435,20000;11976,13844,6886;0
====12901,11467;13096,20000;12464,11884,7390;0
====12730,9207;13433,9668;10410,9518,9782;1
++++12383,0;13054,20000
====12859,9973;12948,20000;13338,11050,6874;0
====12418,0;12422,12666;12464,11884,7390;0
====12710,0;13054,12473;13728,11498,4418;0
====12383,15668;12537,20000;9872,18342,1990;1
++++10072,10045;11149,15263
====10149,14441;10732,15263;6570,14678,13484;0
====10475,14024;11149,15026;8570,14204,8478;0
====10072,13321;10482,13388;6416,13328,14404;0
====10142,11747;10816,13381;7904,13314,6392;0
====10304,10045;10720,13594;10008,10572,10338;0
====10276,11909;10408,14743;8840,13638,8970;0
====10273,14024;10471,15026;8570,14204,8478;0
====10860,10376;10992,13210;10008,10572,10338;1
++++11906,0;13464,20000
====11927,6039;12718,6854;5638,6458,18670;0
====12747,16494;12901,20000;10600,16616,2722;0
====11906,0;13464,20000;12380,13448,2852;0
====12352,0;12357,7184;13022,5472,11910;0
====12778,6709;12993,8000;8966,7946,12812;0
====13293,0;13371,11103;11692,10180,3876;0
====13040,0;13198,20000;13058,3242,17590;1
++++11122,12012;11867,16885
====11122,16706;11434,16885;10488,16796,4646;0
====11704,12012;11834,14846;11976,13844,6886;0
====11226,12670;11399,13381;7904,13314,6392;0
====11284,13543;11867,13741;8840,13638,8970;1
+++6578,0;10814,20000
++++7237,13996;10814,20000
====8305,16795;10814,17658;11756,16974,4000;0
====7237,13996;7350,20000;6570,14678,13484;0
====8667,17371;8975,18055;5578,17768,9264;0
====8192,17359;8500,17873;4628,17744,7890;0
====7436,14495;7906,15263;3440,14786,12038;0
====8609,16466;9283,16571;4838,16560,8312;0
====8033,17282;8505,18055;5578,17768,9264;1
++++8065,11361;9471,15263
====9141,14441;9471,15263;6570,14678,13484;0
====9064,13321;9394,13483;6416,13328,14404;0
====8162,11361;8502,12650;4632,11986,9204;0
====8439,14824;9022,14997;3150,14862,13804;0
====8065,13339;8648,13399;2402,13350,16272;1
++++6854,8132;9874,20000
====9031,8132;9094,20000;9222,8318,13270;0
====6854,17175;7725,20000;5578,17768,9264;0
====9283,16466;9866,16571;4838,16560,8312;0
====8617,17309;9874,18172;4854,18002,3476;0
====7558,17270;8030,17873;4628,17744,7890;1
++++6578,0;10401,20000
====9818,14003;10401,14183;5908,14162,12736;0
====6578,10306;7182,20000;7578,10376,11286;0
====8600,0;8735,20000;8630,3580,17608;0
====7671,0;10180,17569;10488,16796,4646;0
====6741,15541;6854,20000;5578,17768,9264;0
====8144,0;8207,20000;8158,7250,16092;0
====9064,0;9844,12187;8256,10736,9016;1
++++6704,13321;8439,15393
====7761,14824;8439,14997;3150,14862,13804;0
====7819,13321;8212,13483;6416,13328,14404;0
====7628,13321;7819,13483;6416,13328,14404;0
====7291,14824;7761,14997;3150,14862,13804;0
====6704,13759;6712,15393;8570,14204,8478;1
+++10136,0;13143,20000
++++10136,0;10850,20000
====10136,0;10266,15005;8840,13638,8970;0
====10720,10045;10850,13472;10008,10572,10338;0
====10487,0;10543,12542;10486,8288,11772;0
====10527,0;10528,12766;10568,8736,13072;0
====10144,4281;10150,4827;5764,4424,19220;0
====10448,0;10487,20000;10486,8288,11772;1
++++10408,3950;13143,13741
====13037,3950;13143,4182;10938,4138,12168;0
====12994,3950;13037,4226;10938,4138,12168;0
====10408,11909;10606,13741;8840,13638,8970;0
====12529,10437;13134,10811;10008,10572,10338;0
====10610,13543;11284,13741;8840,13638,8970;1
++++11434,0;12359,20000
====11434,16706;12108,16885;10488,16796,4646;0
====12064,0;12174,12847;12372,11850,6890;0
====12174,4684;12359,5351;13780,5230,16130;0
====11702,0;11734,20000;11712,15848,4642;0
====11475,8303;11971,8527;9222,8318,13270;0
====11840,2329;12220,3363;10148,2588,14878;0
====11594,13577;11724,20000;11756,16974,4000;1
++++11046,0;12046,16411
====11734,0;12046,16411;11712,15848,4642;0
====11257,5992;11416,6807;4616,6364,18448;0
====11149,14024;11732,15026;8570,14204,8478;0
====11274,10458;11390,10893;8256,10736,9016;0
====11185,0;11310,10255;10938,4138,12168;0
====11461,3558;11577,3859;8630,3580,17608;0
====11046,0;11557,13031;11682,9690,11404;1
++++11512,0;12852,20000
====12370,676;12833,1464;15518,1016,16302;0
====11512,16477;11666,16599;8130,16582,5960;0
====12715,0;12719,4357;13058,3242,17590;0
====12210,0;12251,1203;13934,336,15286;0
====11834,0;11844,14846;11976,13844,6886;0
====12178,13646;12852,20000;11976,13844,6886;1
++++10816,3411;11347,13472
====10816,12406;11226,13381;7904,13314,6392;0
====10850,10376;10860,13472;10008,10572,10338;0
====11000,6437;11125,12554;10568,8736,13072;0
====11205,3411;11282,3859;8630,3580,17608;0
====11341,6361;11347,7335;8158,7250,16092;0
====11236,10278;11314,10474;7578,10376,11286;1
++++10184,11070;13001,16411
====10732,14441;10886,15263;6570,14678,13484;0
====11824,11070;13001,11154;7388,11090,17506;0
====12046,14648;12720,16411;11712,15848,4642;0
====10184,11867;12418,12666;12464,11884,7390;1
++++10141,0;11046,15026
====10845,9604;11046,13031;11682,9690,11404;0
====10584,0;10753,12676;10568,8736,13072;0
====10141,12192;10273,15026;8570,14204,8478;0
====10712,0;10713,10377;10938,4138,12168;0
====10401,14003;10555,14183;5908,14162,12736;1
+++6493,0;9706,20000
++++6712,13339;8237,17873
====8030,17270;8192,17873;4628,17744,7890;0
====7350,13996;7570,15630;6570,14678,13484;0
====7391,13339;8065,13399;2402,13350,16272;0
====6712,13759;8237,15393;8570,14204,8478;0
====7353,14959;7823,15436;3274,15132,12406;0
====6734,13476;6847,13921;8840,13638,8970;1
++++8143,0;9706,20000
====8193,0;8413,20000;8256,10736,9016;0
====9480,2949;9706,5628;8474,3310,17436;0
====8143,17309;8617,18172;4854,18002,3476;0
====9094,0;9547,20000;9222,8318,13270;0
====8548,11935;9180,12650;4632,11986,9204;1
++++6493,0;7796,20000
====6493,0;6601,14003;6416,13328,14404;0
====7087,7003;7379,20000;7388,11090,17506;0
====6599,13759;6704,15382;8570,14204,8478;0
====7064,8162;7796,9307;9176,8378,16952;0
====6898,4687;7056,6854;5638,6458,18670;0
====6601,11782;6997,14003;6416,13328,14404;1
++++6880,13058;7628,20000
====6951,13058;7114,20000;6324,15740,11312;0
====6906,13738;7239,14951;5908,14162,12736;0
====6880,14959;7353,15436;3274,15132,12406;0
====7273,13321;7493,14003;6416,13328,14404;0
====7493,13321;7628,13766;6416,13328,14404;1
++++7708,0;8906,13921
====7708,3445;8000,5415;8630,3580,17608;0
====8372,0;8485,13921;8840,13638,8970;0
====8883,0;8906,3252;8590,2924,19754;0
====8070,0;8133,13423;8010,10264,11876;0
====8080,0;8193,13659;8256,10736,9016;1
