7;3;6
+73332487,1084455858;478085323,59125351
++1608886561,874170254;846432805,2097270526
+++1405027364,1626205637;922139642,525005246
===210810379,176735483;2012833289,1864448262;2145161710,1480757950,652363585,978801315,241117158,488403302,2118205812;0
===1622840775,1917459198;671622917,589591593;1919293413,1688926057,370746184,1543567327,608930755,1972453412,1232636435;0
===1550213945,988301277;731574228,1384480118;754113754,1047497755,1038688301,1076029829,130790786,1925988303,1592516134;0
===544728986,953592558;812718165,2052067475;897701259,1315415557,1767498742,1742341454,1895240816,135601187,824402455;0
===468632511,2101444101;1462118442,432732995;541921597,1006677,54335637,163243598,1107959532,361065519,981388326;0
===826718960,818528215;1503726060,1135965646;157843527,1920483739,1327263404,845253646,1431279082,1865391333,784782227;1
+++702191182,92593659;1807330342,1067571543
===1911284512,461822882;616606037,278542264;617168747,1398452500,726206558,2011847662,1832970833,1675584383,1375746972;0
===949135652,917095965;282824013,962264852;50892818,1083996030,1695406849,101629752,259815390,2082312440,1622956124;0
===176721766,144243557;637817096,222495710;1866886375,1203636004,681926062,2018167212,1801449329,2055291988,1881144300;0
===507340856,618179936;1520390840,1740439019;1025759522,1280057661,1325924474,186066687,898967905,1460623672,2030205191;0
===1244202837,1868685164;1018953263,1929806736;1702571757,1367501735,1744415180,1446810027,597607363,512885463,1984564310;1
+++1683514784,1797963547;123834853,1111467370
===405904351,1219979716;606211749,1320956101;1715237967,1802276545,85695507,1115831372,768968948,272446857,536643669;0
===1807170011,330788615;788818934,2035456340;627596612,1405247673,1045583171,953359150,1395863890,1574769777,1546343731;0
===1336453778,302558130;390293843,1585657176;626787586,1702413475,928562139,1831720554,387616608,1950571597,38943941;0
===501152118,989375502;2105995566,918656218;1320197357,422037994,1414263826,1904937899,1978264991,445330478,1093822283;0
===837277693,958528961;1289725801,1396641345;1350510725,1967962475,952075714,468563698,556516432,1473978108,1846050857;0
===349234902,197236515;434384567,172791398;941466946,135348278,1184461131,44838105,1253559826,1412285993,1562229137;1
++149657091,1905568726;1550445144,1347656827
+++146410109,249727071;582642115,397187629
===188573183,382826266;1623851122,1229607987;935491008,40313060,1909935286,1712318792,1617918132,1542659895,625192876;0
===1573062762,251543667;1415327828,1790204961;1322721706,1967455694,1891397747,1436284015,1662791500,1308427905,137331362;0
===927255932,1464534095;2022334203,954768661;139383226,1960462706,513966908,1242502795,1033506041,1373486723,184371531;1
+++109796220,367689600;578978504,1837376451
===1640081415,2099573794;1679329095,1417592337;1909528922,11225460,419963767,1363095053,1246287499,704961492,1886658045;0
===679402767,98844949;1185509430,2016921089;270091856,2108807281,535329384,109399485,896035250,103631518,708948203;0
===421706660,554522145;999590968,1372640873;355654360,1027646980,518295822,1103297846,1973872051,1432592852,1487543291;1
+++1815198523,351041738;1191211741,285734384
===580785309,928291261;953461797,162130859;1106669737,616705718,797534818,66540867,1944033778,520702707,1927555808;0
===1324467157,1966697843;989896356,1274266700;164620206,739819609,537081629,367974823,1941715437,1438424352,392947541;0
===31184635,1298677651;126617924,1473255765;1109361501,1540707598,862062665,1349131914,1667399893,1233423049,114864540;1
++1750239767,1135768990;797630887,760326730
+++686294219,1402978339;506249347,544426859
===1534426237,1500182075;1954422264,639322897;375147868,1378140531,1176566417,1028106122,2136524282,1578131388,1735985589;0
===449427472,1600391946;612201281,2084352664;18918689,1112075611,1578115008,1886731733,545675520,108753728,1159935270;0
===1771555770,1737209165;728362315,1542797852;1490883816,335020306,1927688561,1714701636,184825502,1139398019,1401075694;0
===1572219985,214466033;1538611478,99795553;1535948837,2114397698,357174930,1031929831,1889744051,1703672554,173439802;0
===222404819,174028188;1155776427,1846195241;1576144837,1496856554,843775225,1166361757,285576696,1306579769,1487179602;1
+++555337530,1293509059;1998263337,244857610
===204373981,892862563;1494466595,588560232;1837046779,1953927946,780870520,489468566,1698483841,580733845,615374572;0
===1325994869,1652218422;553810307,1229763497;1580813658,616535185,876609129,1035073116,715173687,470778484,167665127;0
===721948390,1781221355;537136371,2129840348;406107264,560795810,219002793,920825984,245618084,1079249635,1610363929;0
===693018237,14888763;1281406908,1907429797;2000974722,1283315805,2117225169,1390123441,467185052,867328761,1294111476;1
+++1417981453,287861875;1492630023,1681517331
===1818349722,4816858;2120916929,1314755079;713399858,1960707281,304136080,1248277457,1953920194,669962303,357948489;0
===283997100,2930228;667274845,1243830277;254277360,103497433,1517459096,920554221,946255875,1844485645,1143616528;0
===1694911250,1150266683;870065499,140564133;1397692226,1514906466,177641164,506448716,1158955035,1920905063,1699768961;0
===1012325725,1636629047;242619107,329171529;1838559946,849968790,1376356235,1548000034,1785130570,381692273,948918187;0
===207968675,1255447919;474128361,1087798940;648029041,1875052409,276803406,1890336221,701857673,414471843,697317886;1
+++989729844,1634863349;237469649,1751667532
===356362257,626635067;1610736697,1567415384;1525472936,1800633999,1387510619,947963478,307089098,686311006,725895022;0
===1095964195,736045389;216934856,781496783;1174197122,1542431180,1152743398,1805202736,139217682,365967486,1643792817;0
===248114539,291865021;635207106,355347062;210089134,1643930438,438511452,1476741084,1208337969,1933079844,72670031;0
===680474633,1587644176;681591529,530191985;852548757,1787123316,1970223849,508969028,1440688351,777855741,1992558048;1
+++775257994,98589134;207405112,207177075
===833053686,1585601234;1833455952,1270158966;855543409,1353967684,971968489,766824215,12413227,1688512363,573732364;0
===684217669,301321147;704190452,439170585;457328296,663610496,289063852,2002600150,1546493214,1927958031,1607623065;0
===908362479,687712560;66070044,1741092942;1869885373,951881968,1554559090,1679908667,1895190494,1564113765,1163957458;0
===1120743708,401106576;1983153467,834591375;2087039676,1026657495,1408773260,437955281,270544863,534088432,623555192;0
===483383196,65797427;400168042,344023047;1176626866,1409156844,1814171898,1659333037,1937088299,592656839,62041444;0
===655244492,1866664722;1683790705,248400748;1907035174,181716209,1154728769,1908074363,685337407,1562256446,536680843;1
+1438212317,506908136;72915916,161837070
++1206947419,569793557;1761494051,1723748696
+++1716894890,1407893245;1150720578,80253402
===1408847941,1629838422;755625227,1759792733;526958327,1808239532,961361789,1227851082,528195219,377725818,389254481;0
===1871263069,1220824972;155176259,425523565;1120877534,1157253763,1976314276,1588420976,2076493416,439074459,1072103051;0
===2126968465,1546548039;1693143855,164078431;1087231761,64666130,1550254240,299906307,625821700,1693478294,1789476487;0
===469646823,1591275434;502125122,75931495;2134639264,150197179,397856966,1898392939,875116007,45010523,394035146;0
===1349359383,1384134160;1724695793,1869254518;143362947,1602453545,1007377137,788464297,1429190801,1613565141,608570819;0
===805273234,646589517;1308438509,1517603430;269093743,1641853027,254859920,14737778,1316781675,1497549765,1507670351;1
+++690191028,1640465170;377207100,530655487
===2067545942,778223756;981315102,1413159531;1399201842,1978917260,84405083,135660771,673639806,1265773675,463856174;0
===1936347954,1817162433;275168732,2121818590;1620417965,427583540,919612615,1280979821,206373716,906497633,1916533097;0
===1548832204,1374769844;1553341650,67847276;2094219353,2093556213,764595987,1951342587,1345026933,301463559,919746094;1
+++568770012,1565030025;2107840840,1539001937
===1982221583,1321757164;1775362496,1140731529;1606203889,151582991,1552622565,1889179323,1726262813,485037896,690817517;0
===882609486,812291156;402054995,1741504140;1560855643,1527961908,1295462780,599349090,670255646,1321326849,1388813172;0
===1598788719,341376795;1716643412,1577883028;504867793,189546266,345887021,1317007927,62281790,395522888,230382685;0
===775710771,228810271;561135135,1797860769;765629547,6394675,1942285376,54273189,1240684776,1733083737,1082599684;1
+++1992345163,78860616;112104034,1926034463
===1195582439,982139570;224612323,1113945454;47168421,1507591968,1737235954,1778869360,92644111,772085014,1936690389;0
===910986394,1403287572;292813737,1881089488;1282948808,1037857524,1886979545,1563886226,845726454,1423567277,1273568904;0
===473116289,111411546;137426436,109194211;973199140,1156715880,1163730782,2135334655,37785118,921957366,1739030542;0
===2116922746,353210041;1434565778,449603788;563140168,478085445,2120290761,1058172854,334184572,836019820,801018200;1
+++1935275102,634414095;149258761,523712530
===938259335,19514647;196419610,735616094;1781613477,1668969841,770021540,1891267485,1262505326,1194847120,214053139;0
===1098193858,659052733;1095404559,811482340;981865665,710506053,1221539494,951484059,1517542385,1763301932,1503453624;0
===1180198912,1929818007;966618524,107266096;1912138164,882138863,2047039006,51423334,650636361,470145777,1821175778;0
===326664395,132526044;1037974790,294788236;1976098880,1828403441,203290976,53777744,54855978,184314444,1573452336;1
++883908868,890339408;2104002530,311813686
+++1694197274,1295860469;2138989031,2056584159
===475975612,426984642;1143196798,1205301182;27988755,1103138112,1245284435,1120095884,185753502,891608603,1429017920;0
===963712496,1968811141;1998458082,1896159973;14089192,1186511606,1792665767,11639104,102778163,1191412498,800021264;0
===802607724,783436624;1830886468,1715299738;1053611285,703883944,1081350246,377433901,1172105752,314791131,1610144634;0
===1941605190,458204303;2124975074,1120150607;1738805779,266464466,1231934240,194256687,10917475,334457767,1276755132;1
+++611073472,497701749;1537616755,1726396579
===2116853349,814884736;1373989554,621098210;455073762,1240593922,1563426061,958515341,588258908,341956835,781454144;0
===814806200,205751730;1932669707,841715182;1335607595,1870218183,1942995485,1536288861,995053422,238914413,2079322339;0
===137692170,2144235512;1833610084,1848872853;1018982196,349434339,497047501,1504983268,572240779,1883424837,221945057;1
+++739168056,1056910410;948739406,724858428
===130261208,1659514814;1439097669,1124203572;1784138103,744725214,776533598,1450068410,351823930,843251882,1723714784;0
===1163829646,405882075;230501043,2089907470;1930844548,230605910,10454833,341468558,2115786401,1616893322,1562586932;0
===190244503,429237651;1787823351,1349788056;52366558,556416923,721882189,1939497479,1451302361,1172869024,1425426494;0
===1242066916,690631670;1417947490,502608589;1054716442,1410262418,825255132,1460025048,748414066,1674172752,83001072;0
===430121463,938613344;1114186812,1650204704;1963774883,1689214771,1888189184,436963891,513218371,277230801,376926034;1
+++131445949,1257212330;1045783851,2145391329
===1122244659,1787774408;74233017,1693704319;1981860789,1809097073,2101175538,842391332,1573557149,1364757086,2006626070;0
===153930858,1272473385;1770598044,498455954;1116996459,281611575,545061894,1274369945,2114450428,131704573,1716395835;0
===1736351148,628515062;1412201389,1853576569;937729350,923700692,1808657985,1103651743,1751977888,262990625,1526018148;1
++485183716,1871908906;1252799850,188786125
+++1334777686,1579068934;1069875513,1211793152
===1754874869,1119802327;41712599,1178571084;1098143149,972931435,1323254301,947104682,344577716,2090391985,368049285;0
===374679909,49890536;2106053362,1322505666;1784487091,1437625015,1366732404,1829573994,1916849013,1263160409,2023924363;0
===296400579,1685844949;200447729,511331340;952619961,29700302,1357001814,936602845,2124295229,162970426,451930161;1
+++1417378641,1189915323;622155115,2082767062
===1430547170,1433058165;2104920495,874010151;1253905266,2144202224,239356305,930343695,1938199734,333167705,559486285;0
===408115634,74440378;250091200,1190205945;1517151947,522527393,1214818069,733251324,1993454743,1847988261,128318862;0
===1011809172,1273882993;307810023,1394024971;1078036580,1048160346,2073370212,1847123414,1369807712,1145200715,585199219;0
===964231476,1655722809;307976139,748023795;2062280597,2021079809,1080725243,1098400782,158616046,1155777513,133604447;0
===612655690,1097207968;685069417,1451928107;1333756620,625592815,665600931,2097160141,133516422,1807057769,1175272164;1
+++973059408,100020172;1497007108,2031096197
===1211950819,383423947;670215,1578386795;276226142,232886203,1951232128,1115823551,501237567,1084012826,77148615;0
===890628997,147659265;1695617969,1130523294;1508414099,1565860687,799576100,1859732872,1532485469,1124330477,238603421;0
===1659593192,19683596;1776381593,28166100;302588073,1368773673,606372567,301797411,158162476,600914061,650895433;0
===1222732164,1414783847;547101693,833873271;357131465,525888135,84754762,1614699528,983670302,173391092,1136299120;1
+++309277446,621287675;405241470,1151381506
===1751341329,1745676467;1885620025,733721179;2073701124,847436496,1342142038,150586308,1537465404,1554777823,27732190;0
===1246153260,1531096368;929713213,690586211;312510504,152566178,1734787559,1668021146,821233682,853289185,535763754;0
===1837114487,1162965715;1300573132,1543668747;354749013,2052843911,2142892180,1074854866,101060143,1707076327,904707398;0
===1019250126,220133237;446551504,1025075712;660174530,440889869,1631965293,1994340148,296621553,2008994910,900043186;0
===953012323,1042022984;805259364,1122332060;955393680,1968234113,1863370239,321647488,1159597458,203116758,1963557486;1
+++1181623412,1817654353;1991766364,1727923181
===1308638909,1632919721;1133386298,1237409406;1881660091,1056207574,1943376352,304119852,14616942,2121478916,2089976842;0
===1797692770,347051916;1701325643,799075936;2012544783,831875905,57925713,714838579,1395240840,1981213968,654677138;0
===1768682712,564692380;1189828037,1664786444;1540627048,647766325,457671912,1169545475,108732143,1234850936,1740867019;0
===1557167079,949324709;1768729786,525389900;247618319,1082676882,567468344,1629317109,525527540,1416431016,734809047;0
===131828250,1320394725;907014859,696324536;329670158,584270468,1008002145,225660949,1495067793,830958182,1557872589;0
===1756662854,1999359958;1294583175,1011678194;1640291781,972295498,247220369,777105484,1230025264,1463371910,1105040036;1
++340696334,1519139390;652087794,2085160046
+++1224705900,1602035569;757752600,562924335
===1711734137,1602938397;2072241602,1895343349;219847853,330606289,1755780763,2061117284,2017942814,395402441,1898034043;0
===1775664238,1888617241;480221196,448130604;904152028,1847273347,982481555,1098745519,305946192,1874479091,335388124;0
===767884082,1280966075;448914211,859197016;700274896,799190649,1257157092,1584895544,1343072701,46506697,1215831167;0
===976522588,1567024305;1898605715,2094700853;495970370,1118852490,978313184,50126797,402151548,1410536004,2063144338;0
===2072764990,55688096;426667078,870043789;1821251053,2066366178,1013921219,1800140419,1333216197,1648995983,610362783;0
===500003116,713436455;2042561612,995547675;613559418,2010334077,1404804588,1876101427,1041151900,97391959,1085373195;1
+++1532277236,1436628587;1009459805,731165653
===1078968725,2022864516;1554192710,341357420;1879754158,1063298175,324823231,1964491361,1390959607,1089397536,1284585217;0
===800785176,1580305400;291664867,1004416202;1535234301,1991319034,627410661,636470399,34408576,640764599,453645541;0
===1948926842,421869417;53958163,345032518;757574106,1612802848,400175782,120808603,1987963168,1096105927,971694758;0
===29621368,1513467189;1135780012,1170633997;1135395937,645371984,765465487,388464542,1800743161,2000314275,2021551644;0
===252183594,1285967005;1375677518,799474662;1939173770,3165784,2068750898,1105001275,1078546886,2104792636,718193326;0
===266737954,135750481;266973242,2002053352;978572668,616890080,293129380,2015235513,55639001,1126171344,1106191547;1
+++1442360105,351836004;875580155,247475969
===2133677185,1200491206;1335335650,1369216977;540566722,1218425661,1878296951,1408234397,498152272,465700447,213985164;0
===263790136,820012372;1150238625,1388244748;1884767150,1854094387,167136161,1521388724,1515013169,1519942295,2030894218;0
===1003221657,576687490;26563841,624687966;145349765,2067296912,891155080,1491587261,1397860691,372099072,1326317987;0
===147407429,1042933572;502012917,357680880;1551904077,1759500428,1373516739,1765899733,1471939096,1093946953,384642957;0
===1389847061,1877160659;1002096045,1976619098;1458029086,1263617831,802173406,1000221397,1809797616,106155243,1598672457;1
+++1567470465,11022412;1294265748,449429220
===420791809,690258211;1260994587,1951434422;1781382366,328279485,301613787,1021674600,1197014363,2127452942,2110596444;0
===263909804,283542662;72973111,140236198;99791002,1723850499,1748827164,1375712905,1490451294,1110355121,1924107943;0
===2091320984,473683134;1207605882,1257695023;646370996,2017088437,578026225,1235011595,514910193,1469373083,39733692;0
===1098790142,1945434360;1468091331,271859170;1601530700,778038750,672239846,107638021,1487755888,847452163,86227796;0
===1581664743,755967287;1661028439,1376569667;942964516,853707730,2011484929,1896846103,432234316,849353301,1558749299;1
+++2097887452,1810035645;861370182,1282868189
===424560240,325811321;1430510833,510119070;66728777,1278166072,1050517082,2052266474,1577073945,306811564,1244905183;0
===1113592644,2024885;981511646,1806027626;612554055,2076624397,1818326445,8875310,1329276729,768367727,487470349;0
===1306332171,1616688404;729869643,729103935;1795678175,1006887799,1773493147,149378830,715683755,346616912,354788725;0
===149684219,614604338;1196904465,125356058;1156637253,12756259,1633062342,1858495489,1244617032,1652327997,1015567446;1
++1049940949,321088466;1928703153,824388758
+++2087425766,2015457700;1111178701,2143324645
===67601986,387347109;748776839,193703131;1971819864,1063488582,1484392926,1476127575,947416851,574302414,1989713821;0
===975082063,1375613583;1369713439,2052498149;99846090,85336929,986366443,717374137,488386007,1263391327,745123172;0
===1566350529,544510760;460713710,2036304247;1555861919,2137888064,2080668718,1481551813,1040580429,1532973528,1535375328;0
===189434305,369193283;1594694377,243151536;1262732335,955749024,1116868864,1799125086,1517179174,1453369107,1317954988;0
===1084162457,1654959376;448499691,66976062;765236237,1900898842,840459303,1100799377,2092446272,78464757,1644650835;1
+++2037165381,1161878420;78955499,1108119535
===1557717969,310813394;695371281,1713035565;866991656,647570974,1336354642,1798470735,2037632115,564584152,26000728;0
===652814697,787639359;678103682,695626103;465495629,287426087,1158236207,1719874743,1636098182,727009454,837288642;0
===810328187,1696046301;788783750,1147865757;659323302,1004447520,858657873,1776466377,1050552546,683111551,1507763100;0
===1300533635,959953519;1682991599,539393369;907838911,1754170072,2016986766,767626915,1121484512,768949411,472030532;0
===25797473,2025980080;564089092,922277647;147504936,214822354,587123394,1134534750,490472835,1295111684,1424332819;0
===1661659059,1038122427;2055739398,1630050726;1079574769,751596711,137066265,32867422,1491728554,1294161463,1995990104;1
+++1891193070,970411251;1836493146,1801744584
===555354553,411391698;532722155,417300531;5633779,1746233488,77046471,914826522,2056000321,1534161995,1873312082;0
===1584726085,543827306;1181471244,1251435741;576698159,1798663343,1217066090,1135504578,1376749788,1745163234,1587858024;0
===1264730207,389249968;791931754,1672358343;271156117,1110075428,734280629,1537208773,1046751302,1096205110,590028979;0
===1823481434,1978290870;1381505215,1778452084;973990122,363725256,1279274045,934152572,736421055,1653548333,946353379;0
===1583139929,1306481977;1556413842,1235467280;218136370,1782673505,309661100,1690873944,932461911,1856965292,197546438;0
===630886318,1559976707;1852171233,613113331;1054482121,1504104346,1865126913,626432310,1169028984,876362978,2116025821;1
+1355874007,915979294;145571179,1793195585
++386748593,51630944;1636668261,517342507
+++1755094670,311225071;1485104791,876447156
===1402734611,1919054327;19898039,651066760;738766644,699554194,365632896,1146387821,1107451131,1476612548,672049396;0
===1013024083,1300277890;783974817,593283446;1936837784,831846569,487009725,234881892,562248116,976864284,212892636;0
===318054513,985359842;1222857224,783916655;372090253,177975629,748967589,234234424,1423483303,206681455,1381683550;0
===654020450,23193808;1501581598,2027373723;578326389,972751910,439133733,1146440415,922674337,2083457323,1228132126;1
+++953709139,1898706009;1247984846,1814299478
===1672123145,2087656835;1024233922,120510658;993173848,457281587,1436702672,1494057668,1063916186,1755436747,1609999689;0
===866804461,329600756;1188209524,1753794470;2079007978,1021834375,1434909921,1999833631,1300751530,26999741,226602011;0
===1214405757,1381844736;1375561882,1396236526;1313695331,254062282,1174191250,937906379,831479587,1094338534,747887519;1
+++911564573,1640524962;4206384,694488798
===915023526,922728484;1612952418,270257122;1198047382,383704462,212846704,1540530070,1301353488,2060510986,1908501682;0
===856378144,1458567455;844050245,196094369;1673389764,496818990,551677083,1485414440,2143937882,1805862865,1737281945;0
===1263398559,384875072;268507424,722752296;2082277934,1717397446,205852038,167517615,1289741313,56201467,1010121469;0
===528853498,1740021022;119591240,1729111395;1208813608,1758015414,685873578,961576533,2038322539,833122938,337579327;1
+++559830444,260532933;1173025881,1298630887
===1311294327,1787245657;1667259900,1069106606;1129571773,1834267121,505472787,1309873220,1722885761,1174926506,1821703336;0
===538591072,2065193244;223289132,49148309;1508743314,1811744350,954895947,2110234775,306479758,1698483442,822915248;0
===807095081,5351633;1256111188,1887861567;1606839336,1772432397,73257923,1580502020,1396198876,1195522880,1687244876;1
+++137190293,1232257900;1201390360,1691568945
===521232354,2132337063;32131828,520151173;567202303,712635619,2000482213,1110423767,918973420,391031922,1555603576;0
===1344301219,115855512;347699918,1040754652;1760575723,1745035491,454523626,2142357772,649376392,1413663088,536854205;0
===787154099,617018049;1974281361,326373132;157264054,1141464739,727444878,1777467911,1980259936,861531061,1919612112;0
===1145495168,1759782377;109124229,243114728;1927899410,92970548,1185790096,1725297801,1344158865,355577289,832064468;1
+++1901554491,1464690053;370858260,977542199
===1515930693,165108213;1896004521,1318959526;406447780,796672299,754049367,197457742,521888568,971526485,1428874698;0
===1095312403,726388496;594491678,738783626;993561295,1535133040,794173843,1088467785,1048509237,263433252,2125327593;0
===131204840,2009657517;331822339,1828791459;1230870465,1197989631,1373491444,1241259707,1147324443,1672061698,440544692;1
++1693317250,830546949;678404528,2100608948
+++851876525,1344844765;238279602,680540227
===697193227,711459742;246034227,1127869278;519590949,356077846,1326457627,927246326,1196585184,1606518869,759379809;0
===1875534184,1514673386;1636536268,2007943925;1387919769,142507271,1526593188,1133589673,592666149,1437801411,1887905143;0
===850960279,405540939;1314663220,940327463;639343508,12524674,1478009715,21284219,1819530908,1202758991,1580329518;1
+++996017336,1734571167;1968840626,236104569
===881298417,95434060;1505960814,755073782;1193347547,1491539563,1284418259,860390802,1275811889,1397113565,1143050291;0
===1839508919,946547074;603592510,1253804280;1443225857,296516207,1346296531,1627788148,1173401716,1498863356,1498522985;0
===1019657561,1611629745;758707138,1457127469;61781907,144406108,1686461471,734001632,286132081,53894888,867637160;0
===1163017999,1152953448;313540828,1086378520;459033447,1744391329,1016791266,519194834,658026943,374411421,526373971;1
+++23739755,1617169724;12247239,121321342
===1912336093,1129239735;39900698,1930470955;1493336534,719456988,2121138055,622256413,1022824594,1500414473,757494358;0
===991076987,1746042053;1780274841,1175032116;2079629609,723808522,925279110,449508077,1958818949,1611904702,1576148701;0
===944902035,1839360299;1449716318,1811685691;164595059,85633514,1119532616,1185292902,1917647650,462619561,1589690564;0
===164153761,1344198016;1837889893,818256065;2049352756,2043024354,1370025353,1659420327,857094316,1192033981,365285556;0
===1463612363,1601049083;824119311,1680390878;450449011,1043550033,1574651799,1555861727,2082895502,218727302,330179939;1
+++1199654030,1783480219;777940523,2079982756
===175512785,1662516016;854668701,1234295453;192537708,1372784783,1101978788,1180273041,1668099525,1781097161,851363923;0
===26040839,2079610380;381311528,619012346;446522394,1557638335,2110405080,2003871863,1386251458,1739662787,1138087091;0
===1525536565,2087466736;852847837,1003734667;1806229910,631268913,488137676,1384621434,1641714439,31853410,1227289210;0
===1526498192,223297760;1957066684,853204272;1276512596,1718436849,1998149912,1117499365,2102670698,1211071898,2082147084;0
===1406835653,2005123100;139102226,1455501706;1762195109,1743847197,17339066,1895262628,1246385910,412890746,1151342692;0
===1328384098,494484479;382864130,1155019513;1969891461,598844522,933281137,1280080466,2141178134,1220114129,2143973701;1
++530313691,744351220;1392527190,1070267077
+++771186992,1541178476;1450251554,1830300032
===1563077748,1360155464;2108958793,917939358;1313696501,1675524669,1437504680,934640451,2039846404,502481185,699974081;0
===1727522965,494532494;2132013099,1517001975;1573346422,1884788924,1587251656,832032055,1884361254,1104034956,974686788;0
===1361286134,1986909971;476662980,952671596;1056935784,209404038,520100077,600231131,931509159,1381833780,1293915107;0
===2107317076,1938276179;727981222,1754880761;1885335602,723550738,581675605,1923061515,2144364979,1262524012,908957475;0
===1314837099,448144114;467603700,1415103233;398812748,1799595541,1327807140,592022601,1973737216,1669998823,1315088252;0
===335248502,1776540520;291845698,818852488;1233939033,374818522,511511000,1982019728,1827552265,1900053526,108409504;1
+++575767219,1107577659;2131111479,623235036
===1449483019,1937722850;1911387315,844538352;1395476699,1057761773,1766937456,502676411,448570179,1067797490,269908018;0
===1239073738,1613704236;1822838798,1432714623;1071352627,2040887205,1819888874,606420728,1339381400,1473079645,1412367671;0
===1595258768,2145244614;908960701,726298660;1718556984,1957785648,1647820586,1771140420,6685983,1526266857,264666022;1
+++1709692245,503794333;1215908011,96568592
===1578324322,314226937;55326606,865199884;1082764462,2145221254,625271783,1808008412,383736965,895833080,1993122848;0
===1009732223,67545691;1381209956,386106683;672079851,1686281730,1656910645,2025448550,728871916,1126151052,1447741443;0
===278887404,60642231;452700040,381860224;2116245875,936271709,1748831405,229614185,1780709136,1434837437,1637527999;0
===15643644,302002530;406339970,1822405148;968026961,2100564700,2023208080,1622732621,302323928,37661184,1924166399;0
===643431956,716578743;1304253742,1820080979;90473050,2129316874,1644220252,500661653,694751941,795454218,403277264;0
===527695128,1747087556;1509901150,588692198;1651660933,1952655567,211971894,1561179968,1075268175,1516108958,1544864761;1
+++1712849576,103870655;2031965058,1539927033
===1802296422,830022938;2102775519,121754245;771600391,1406436149,273937878,791034775,56646241,384187720,1102633265;0
===179094386,748804633;317640105,66351816;198908541,1781960468,1566793939,1888533166,403990912,1468783626,1861855385;0
===512728865,1940381352;37108088,396057819;2120240111,179671336,1431024503,1989006621,1862467533,1960871239,356419812;1
+++1782747080,164314659;1080038538,1580738063
===1776860982,1966459220;1636682899,1898070484;770295252,878878358,14685457,729653609,335920673,1964393375,311612243;0
===954739004,625581630;1239590270,1829088626;1091828229,1506951811,1305149198,81485778,1833593729,2113667817,1581390314;0
===861776835,640578822;701760529,1331464632;162522871,237765481,925838928,1863461391,1688315928,1579779659,794796177;0
===545895529,1503064615;790282404,1519135868;86953411,491818077,966838785,759443731,373586396,326848749,961209559;0
===362889991,700464461;2052090385,1395343457;526301220,1132978233,1121786827,400938523,1281271310,1500773342,1851939030;0
===1623263164,404039791;155951276,906957995;232796747,1373999344,196077653,1329523235,262574482,788406661,1753424733;1
++1795297638,910327387;807009881,1697021665
+++2064627502,931517022;179302395,1544370391
===567817283,1745064201;1587496954,629354748;305457153,1873895468,149437686,1302940585,1595971418,250331365,962105648;0
===1831524085,476937242;259627829,235403453;218137078,1388928923,276442265,498883578,1248384825,456907316,2077533347;0
===647986649,100999432;1930656531,1559877371;79487602,2049913926,1554753623,1214885712,630281366,143141689,848407443;0
===845223779,1205057417;1037489764,2011352098;1515124281,1665368795,480536241,1411717784,549220952,2052875553,1622258156;1
+++1426725278,1106094815;715660865,1869926550
===1239206893,2044695613;832584932,1550839014;1717023913,207605482,518105605,732251061,944615120,1829571784,1573902032;0
===1167774025,1992859137;695786526,82405997;600438703,760380208,1909542500,61802324,787576186,268014022,784657297;0
===280136081,1057476868;1632019369,1039128518;682081987,12193467,11222120,1782316745,1455160327,331819352,961067806;0
===666723392,529165286;1462039782,1992260124;1002323254,956500137,339693446,1541882597,967675433,1441246482,1724242114;0
===678998791,1837673687;1593072166,1993200388;563670706,1462325905,1751562194,1758192862,129256008,1503416951,1996467734;0
===1027816004,799679993;533614607,471924488;908927026,847327593,259212629,1044615521,367923241,1378674342,1102212277;1
+++1289684974,1095387097;1075148917,1638278762
===1400431213,533499473;1118627405,90418166;1304093893,334370927,1621422660,802055959,1594466520,1568048072,1744521473;0
===651502188,240573239;872759298,1965827752;804732880,1521089017,1672759206,1022083164,915757210,703363842,1517666078;0
===721670256,1501061807;1809194796,723191993;700175512,683334008,1858188947,338835699,1930433445,1275799835,688166616;0
===1106270582,416655785;781354205,142290229;1573578741,1819965556,130872371,1905318663,1884334256,1393148065,1908133626;0
===1426724505,1615083088;260986735,291388725;1746807303,683152699,1054762910,1810973792,470918556,440752679,1029226851;1
++409069993,1240174885;1578840768,2139354260
+++2028531569,654736054;1209962655,722608296
===128666331,822590711;147739063,2102900097;451874552,95975656,144324742,38933569,777310501,643355320,1514134979;0
===646974342,416879291;1358157344,996882752;898117458,817056300,1924427091,1402681183,925153606,2034554684,361024053;0
===242377895,995040088;2119099612,1948620268;677982592,1500667534,941672688,1056363734,740424617,1365370996,2130438826;1
+++1406114002,1958684247;1567581268,1391554669
===1711967845,2349039;2101384688,988713792;1491859470,302007521,1878445087,1565831210,522993846,1648434898,1535289920;0
===897822798,594870876;707774042,332190629;1826587125,1237624467,655106753,1338947460,1972572877,73467031,1563223646;0
===1435470437,1609321097;1804315135,966932380;2088218290,502321500,1267419241,1177114426,1801548776,719331178,1487701815;0
===1177814220,1493776520;587713916,1378213953;430822521,1072917104,1030489107,2128515168,269232739,324732150,976856035;0
===1736858845,996132617;95259274,1389937396;1224303943,1631715875,1820259261,191367304,807021551,229774107,1138021690;1
+++1969048965,947448683;1462993040,1998526677
===956938948,1700626105;1624278100,1270971102;1985921596,1654958981,1456663828,1532727985,1634267764,1808669014,519574686;0
===1482579056,1759481034;1170727871,1515693420;2060177341,2089721010,1685776112,1744562539,115387472,899940977,10526842;0
===1176569163,1896916426;1665992323,1906880192;1797344924,74006739,1402029786,1301100344,979391924,1464895774,1127746927;0
===2107251295,1313769300;1006205825,1817530795;717213563,1931408371,823589300,1689630805,224218790,1075020667,341325257;0
===1955130137,852137876;381957899,1357531399;1669582432,358694852,824819599,669575200,1218530317,86889306,1229767557;1
+++1657077426,327325665;570432441,1050802579
===474861139,710971740;909806364,2122302346;503060274,765138525,940549426,199018217,939866476,610724736,1996716976;0
===950019227,1571296282;1660133415,1720325942;1723977839,1917052278,641156468,2009926220,1275094694,537838918,1953931202;0
===294025389,2117429766;133257268,1257301767;1242091249,1574857979,719758449,1232375298,1052096179,1160589037,63313560;0
===957015305,8870827;1432098240,999133036;267541858,1403089833,138925575,1205234409,1825721098,964817570,39555239;0
===740258361,966438011;1506483240,1869185147;20704512,1810674961,241076927,949774854,1457330325,322716834,105263712;1
++1638503238,1412762879;46317889,173330435
+++1595451471,681473068;640927476,452703671
===628189168,1242320361;1663409207,1228359772;1556391998,465686757,1431736538,339845860,1358671911,136789547,547339761;0
===1609455333,627041184;389081462,1897235922;1780105734,984331792,994850969,649078170,352921522,1665198559,1702997837;0
===1853256718,1504713131;623332577,604062635;35773279,1399223516,276179591,1320540829,1711499847,344583822,54319411;1
+++1642199977,377500152;1264099983,2023429255
===1801458250,1853075880;1129984592,637520489;1880578199,1177730695,310199190,1970085343,609082223,236481229,605720736;0
===629879048,1347083128;459660612,1009066791;975708196,81411563,1519949830,1035181169,1010146760,71396494,64025615;0
===1319219273,149351083;693529170,1910019835;490874262,1415294238,1485558867,1530530930,1346185024,2007722072,744035950;0
===2117725888,1758229016;1616611243,805431368;1285588146,258716267,1902470597,97367238,251726990,485957308,979712398;1
+++557272834,373485180;20613703,1259616267
===1665919752,91009683;1309267126,484895591;1936911058,608801601,1513803144,918610781,1054103840,328567418,291587616;0
===1247763012,62476117;855581837,1507988716;1529896238,1170962293,1505004509,236650277,1053114997,489311799,422638255;0
===1722714311,234066563;2135368285,1699397444;472121932,1996115710,25471376,1084689466,472183264,395563209,80498877;0
===1862933026,949564201;1455551536,716856559;1150582786,1957684365,71452843,1762776126,54252456,1107588856,671630048;1
+++1636295165,1420263875;1488974620,160155446
===139295677,237159119;1536536502,1802015757;745786532,1569676395,1599573149,1603571153,264687143,141739031,1176666337;0
===1023257433,1872487359;1602605305,1841573649;2041775931,1242611046,728579779,815599505,1621498020,715386863,360300264;0
===1750963791,1520148892;1884227441,1543752245;944259995,652856650,1851979950,988475481,1547177380,1240126973,1563641298;1
+++1080988137,126181024;235385948,1141817723
===1740402426,1715064278;846913817,1702619943;2139204390,1253938998,1883955892,1211736785,266206705,1607032350,492113479;0
===851420334,1680387244;1989331687,905771725;1347824181,51255898,2144717570,1952497097,2121867053,252640800,1777260270;0
===956074677,588985411;1501503379,284870417;1693910786,750565219,1389141890,1295591823,2124070850,218878807,730337121;0
===1585358369,1689782936;549401151,1266250128;552052239,1627899852,1936797574,1648273292,1964158526,144301300,43605627;1
+1622210210,1291116827;1833841075,65441477
++67047255,189704086;764247143,1036454183
+++133589678,1217994746;205259507,394593901
===1089911367,2047475100;1714661298,907996580;409786602,1316067548,499293766,1733538385,1018058629,234726339,2065588051;0
===1337845573,965796163;1271734095,113967776;938838813,185741310,2080950997,1676567764,543941212,465374710,1528038602;0
===613440434,683989832;1850761986,1529624275;641820107,1500629893,1861105720,1090156886,862287603,1071992726,527644786;0
===1478183378,2134988713;154493969,1518877590;2092726532,762352114,2140174539,2063538669,709978722,3651625,1793625218;0
===136502874,130419003;1349485322,959731713;706206889,97832627,2007728327,714363168,259070622,1709180306,811871329;0
===757888433,1602809059;1904978229,1196440741;1014679263,772050145,963578943,860381498,1255696322,2146386419,737894656;1
+++298673762,361725397;1630842766,1959309511
===102358617,1888522848;1406008820,1205304609;807859570,595041527,1234325532,1614164530,758525474,675340653,1059274566;0
===1930720703,1551871766;1472986621,1693131193;980640799,1928481345,597669422,1335088812,850609331,462431359,1562747158;0
===18893889,1467821593;1456693105,1738647424;913022175,310987977,695470486,1685501592,1706551645,1929585456,1862758849;1
+++1934530294,576236331;1701681547,1676880944
===1904349003,1633999907;1632181921,921274962;604307375,1832676368,1108124035,945062653,2130953551,1105414391,1055905980;0
===209645473,834989480;807083158,1431539505;731457607,925622570,1712876446,743570217,794517921,1183402070,1804409031;0
===394124864,556484173;492063430,439095451;1716335037,657404402,25462073,1359123034,2122422033,335991125,1558871518;0
===1664335587,752394075;1011261587,217002197;51246117,3068728,1389015142,808410056,1049277757,1535861055,1644409400;0
===1654686992,460115402;414526283,57713691;725131906,1736583819,820231452,1999119857,1285264202,976542692,1800227341;1
++1649493511,90521419;2007501476,650776210
+++183913086,511763849;89683780,23278086
===961867687,1979140221;1020476247,2065378416;1768506615,258768411,35667785,1362372721,492813368,1300065662,388567286;0
===1318905781,925056081;2053092181,2017407488;1349893019,1947669690,407858360,179601728,1275142421,451285594,2117141833;0
===1241786741,1284347317;512485566,1092241532;1808119467,399321232,889376721,1950498455,901513627,715686799,1237193302;0
===1249901405,344387535;1285839686,297204833;1123214559,882365893,839115596,542141725,2111434572,1419976651,267639651;1
+++575370014,2074738238;476926529,375458865
===945688420,1718624821;2072181785,1889626943;572398810,1538483635,903253410,146395390,911641502,583682235,957884761;0
===1954569485,650265700;296823269,692104141;1763034755,470362959,2112349053,489001031,1199243294,866606234,1743560974;0
===198727246,604029820;1779044041,1119556385;989891904,1361631293,130573445,951427981,875708289,1571219290,412496364;1
+++1461025118,1492950742;265916399,1711381860
===1181048919,605776080;816828603,1542546683;876254689,12805537,742491552,1878080886,1095352664,1347718107,1121165854;0
===1871652042,873265375;1998736807,1631338188;1844560896,120695675,443865365,159513294,1269049923,1288087564,1396536534;0
===283671367,389580922;419757597,1939945446;969970794,786821448,286615679,47203064,973239101,851729245,2136939906;1
++363712429,1575364732;2062676051,1066396810
+++186228081,805458602;1420006121,705143665
===2004532524,1255863016;622346795,1447035009;1687988558,1151049040,1102482900,1475469615,434069398,340220310,1206368743;0
===911808941,939797086;1279313551,190936263;571020212,40656740,692656928,1289986872,190487620,1610297875,242717953;0
===35519902,1508228619;2061614428,2044560755;404014285,1487039732,703719807,221829096,967402942,655196364,1645820237;1
+++1554190768,1680691881;316970397,1038671785
===980065479,592170763;1266109006,440506556;976528616,1219252699,1582828012,1422912571,265896006,123003278,580387372;0
===27293544,829474559;1177890364,1698974325;1676586562,1687502337,1204933717,1290997424,1639313613,946999337,2009017360;0
===690353843,1128787587;156826495,1698744287;1198795585,602459172,1991398820,1574644426,1736631890,1021041532,246667456;1
+++1800968336,121486382;1920385140,1802131576
===720562492,1100856285;1256924665,1273657140;341700706,182617210,733392134,269665570,1985033059,2082539348,112847617;0
===1582290132,1169433387;814782880,1107157083;1307862834,1875015200,1857055904,2052475176,29773452,226055859,1208420645;0
===1045717649,1221424106;1410635115,1624541805;1932133521,58864188,1761062205,1207537169,2037169529,368562268,475360909;1
++924676610,452124223;290844805,788252235
+++1029033727,672748509;568336753,1810136214
===844690356,1216465303;133111928,840351721;447760479,1111835157,1140895382,945855512,2108490962,881584117,1480844791;0
===1707518529,630774918;6395655,1553005498;278692574,1810762882,758841974,1253225938,217524636,1391905437,1029726218;0
===877348622,1792534581;1259249109,2025282509;2104515764,1922655590,607667663,882001006,523173118,1169342627,1738443012;1
+++1812665384,1668765033;414440025,76253831
===436132373,224561326;69412652,376780429;1447314259,2106607853,1095832441,126936614,428278294,1847803668,1795631245;0
===1770971813,111533849;1408290155,1967226108;1243113926,1829149573,509208640,1627872460,1110528765,1587608238,938557881;0
===751194851,157293492;1188019148,356827630;147588865,1238390007,2054932041,424508880,1649603784,1728895352,1815853865;1
+++1906895581,352786331;724079456,809771047
===883555973,1247385004;1428913503,306987697;1953485192,280424228,1981151402,240944584,875832113,23661889,99176866;0
===2119671859,1512808995;225041471,367260718;1865377735,402180055,1328213070,699435600,470942900,1779266036,195655688;0
===1503993957,636177411;1800128963,947742370;1055102184,2034320831,1091841587,81239910,702773566,1902780078,1577735050;1
++1651107365,749214019;1189807312,808561101
+++981168322,1553120588;1659607329,2063578849
===181422267,88580466;591251628,1748927976;271209886,33021483,54518557,958033066,1632128497,940016107,494856350;0
===130131453,1937265872;1116610301,630677546;1910233876,1467008321,82294308,216058011,1053191136,403441799,261119828;0
===284063773,823130373;1341443907,1744425763;1680461878,1580857286,630466395,813670306,1098427165,1119333959,102800145;1
+++239419736,1036298580;1405219381,1388083662
===612651657,939475131;461517229,1995139854;1617754583,1616577313,1522299110,1134277167,601794003,316697704,1260235156;0
===1319572516,955821375;1120184272,1679180132;1242255407,1025763641,1613878018,1831344319,649163437,1330452338,193384382;0
===934816038,1774759876;919623611,771074652;2142419811,1262523621,1225036573,1065197622,955747345,300613365,1554985109;1
+++1728200018,1079890239;663026101,351670139
===2124078794,503157616;737601555,1448862915;1160649387,160609495,1055009728,1576157974,475084142,1337915970,47882024;0
===1077465569,186605326;1338009038,383701639;841614540,1823223056,1054130645,932092416,159175411,767562504,490465390;0
===273992440,783333102;49705921,671172100;1820413570,788002218,1705136867,11836340,1578057719,1937107992,1773078935;1
+++579234101,1450655093;640361739,2113348983
===1447902778,461195290;2034875078,1796941479;43940623,1958152552,892288070,2081047293,837264720,1080730933,826810396;0
===709849126,1847111902;117952211,53476200;126029047,1837549098,581866536,1786897277,1057390062,2072585999,1061539708;0
===392935935,384436822;162748360,1655149238;322233700,396973778,1793932361,1518558497,513825665,1647597545,766887692;1
+++646818146,1510236023;2063541622,1767478081
===356729546,1122774166;1794519292,2021093571;2098176127,995244801,1552243505,1257015212,264158893,1462488176,1807226829;0
===496898964,1337390995;533538451,1837693100;1934481397,1153140607,1212049343,1046071021,1099407358,1307067861,695549603;0
===443305213,126708226;606525730,1536869593;458753766,854018043,1809471635,69792502,331866643,662444135,847551910;0
===879921217,1959665939;1087603044,1666447134;647081292,636042284,1473300113,520607662,110737437,553651996,1268394361;0
===1286596782,1345078986;2130739314,1024111096;963696080,419828022,1032912928,331030673,1353334953,772825523,1937710943;0
===2145147030,1293131218;261082723,1001791568;1510762862,294663634,24467414,1580507534,2099897271,153132175,1093393371;1
