7;2;12
+2732883508,2166139927;3312781245,265281772
++2434930581,1231048534;3757385678,2687303841
==2093703709,1155371944;2534653886,1169337930;3647892313,1370702695,1090885304,1854224583,1640490727,2313569236,1550872987;0
==1811376480,3796549064;2468979998,2547594645;3341534294,3841657757,1779748568,3594554588,1259445427,2159095373,3455526808;0
==3481028202,2999447515;3187107201,2128310534;2380579377,194183095,1687983547,1784125907,3705857177,2346484566,2078868773;0
==3535808485,2053048705;2906871212,3253192372;968646331,3113752297,1165376764,525104606,2740748752,1739346159,1858479911;0
==2360251481,3149447603;2426834022,1683724108;2107122138,987460761,2246320118,2553092209,2137255437,2665987724,2657968338;0
==1169461396,3390742073;2549089853,1437563710;1939449508,2832616139,1372471621,1403356932,2473143068,1675350325,2857227023;0
==1801728334,2206546905;1255646123,3435545179;1012498982,2455096819,2425334627,3370675247,1337059441,426276558,1699220807;0
==1824422230,3923760253;2287067536,389682820;2763071921,3458852153,1707978249,2192542581,476563329,501292176,3916392547;0
==1678101612,2656555628;1484251412,2777474323;4065386365,1883213170,1073007162,580135150,2143328542,3820237498,2830917998;0
==1711378127,1433242561;1884081910,3442633716;2313927188,2474182828,1385788141,3058636021,2051867412,3180152171,2348026490;0
==2553387262,1831514866;3005792274,901380667;580103774,2372548594,1755655089,3570175104,2621021311,1943691403,772945378;1
++3149470282,2354612455;635634213,3438864553
==1211529949,3302688334;2088058858,3122277842;2280546268,2003433721,2201623285,3300403035,3088844443,2287464746,3335843630;0
==3215779600,2585061902;2331994283,2414725286;2012293021,994245805,1592570799,2281874628,2752539409,1880517200,2137642957;0
==997725379,2103958414;2127651524,1153905820;1362785893,522853892,2730991983,2835881873,1969149060,1791796142,2676703906;0
==2138225509,2048151386;1921393035,2614980663;3544115460,1568325445,2381671020,2071166585,2416724449,1519731956,1828377219;0
==1654967147,1425745713;3522715017,1827724682;3506970477,2414563711,2157979138,3865181287,2304726862,2211582146,3662271917;0
==2791843778,2972626934;3346918115,2733655668;899641901,2140033582,3055911452,2518961646,2321718186,2390304778,2815370611;1
++1126563560,3087650982;2035702568,2497524297
==2080491276,2145856482;2723693775,1374609492;2110455882,2621358666,328432482,2638780495,2752418613,980234770,641424831;0
==3263064971,466828278;3378453595,1851480505;1419822806,1545971672,4045353665,167495318,3066873873,3055680913,3865352812;0
==996920756,1476581018;2828827851,2738127905;504889952,651228207,2326942423,2292420636,3405260155,1679920016,2427520857;0
==1479416063,2918918181;4228168446,2528037762;1593485309,1661915917,651344778,3221605344,2107353310,1275065058,2337239915;0
==1950381892,2237332817;2923716149,3569705842;2852078044,3918739616,3063592590,1084366298,2112122138,2131147764,3603844050;0
==2422363903,2018760486;1317139367,2871637185;1741087556,2328445816,2321250119,1013095884,1711009221,862718223,603353231;0
==842083618,194567244;2246097670,3201385341;1801770960,2544261226,3582296169,637034505,1211256218,1078373839,2578726611;0
==315075604,2681956858;2919324114,2886062513;411112580,1399846086,2825423648,2461702782,1900720916,1791482861,2420277724;0
==2271397196,1879791186;3390507893,1304594045;1494835358,1125753708,2600086674,2403426883,2069237596,1804783780,2608713577;0
==1529905091,2020755173;3543949015,1138927170;1524531394,688731803,1848657338,1006767448,1861283825,2609453380,2096805089;1
++2760168543,2533946582;3131429607,1796411073
==2632618694,1107362145;1938721625,3259962778;1821244345,2034226962,1840032985,1857354134,1582024210,2336184858,1883490570;0
==2374933591,1239301323;1652754998,1702208739;2449049177,2208900584,96831469,1998382692,799748816,325371591,2326387960;0
==2419432286,1953085803;2434000302,3670762614;2320132776,764853899,2581358276,2134239878,2603826350,2169774975,421652035;0
==3265642918,3530114343;1736918065,945364202;1008032916,3640506209,3684378760,3068733619,2767697443,2541705964,2465103231;0
==2240713636,1782932854;2344565039,2144398776;736630138,2562049179,2991034066,2708558759,1727347625,2786253443,1414554474;0
==3072564188,2135844204;2297192053,719024371;1722151006,2259547363,2497640333,1766543104,2842501963,1172311787,3409566142;0
==1629626232,3831547653;3624090174,2330956703;1311214612,2415231988,3689445854,3178294724,1919302983,2436800243,1388996429;0
==2090921003,2803111287;2230179633,1671243655;2446981570,2580386201,2245208517,2895171263,772274943,1516908505,1961190125;0
==2257902985,2795787386;3240003364,1893849635;575401749,3705984805,1233589078,1365926702,2179598865,1831026738,1805053464;0
==3019532323,2312506903;2200407282,1958875285;1927927816,2378913954,2383281057,2149503313,1525422506,1367392497,2472369778;0
==3033082958,3448858209;1575734493,2918672944;3700816277,2057807110,1983555529,2235995744,1888403230,1990336074,3495922637;0
==1749465508,3460571039;2320871442,1311628108;3230552793,3542697286,2326698057,1526626536,2782018267,1074831470,861071924;1
++1058317537,1487589700;3804016415,2483707404
==987336682,2480789495;3415248545,3341361886;2048705593,2847731218,2482517927,2796577102,1343778471,2935857885,1922396873;0
==1787329313,1670174545;1629283188,2428665793;2299045946,3419726288,2358290855,1815490032,3764482878,91413567,2862765146;0
==1438018504,2079116016;2046118414,3987753138;1004257830,2773474199,1383532967,1702431404,1109025329,2698858212,1892366817;0
==2432424274,934134504;2363590946,1654260665;2738495884,1849818021,954746117,1010573710,3714402001,1544075693,2971400592;0
==2094445455,733365405;1606493860,2565532320;1961529626,2725537114,423809365,1921174304,697952739,1937539555,1528025760;0
==2605334931,3294864160;653344813,2742705553;804694672,2550058612,3242983693,2782886997,2152432914,1612691640,3172544973;1
++2571202736,491669967;2088148277,1890409489
==2907692977,891929337;1937673946,3277492429;2640508893,2148311118,2556212969,1883870216,3878991034,3337352834,2359433318;0
==2271589528,2410887735;3121047228,2009428145;3116917760,3843163917,3891950184,2318107692,2159253338,393327059,1793765583;0
==3367217766,1912214955;2477516681,2542664737;1914205332,2782481760,249181343,3050112669,2101604485,3198999877,2369093631;0
==2340460544,904513224;1563583440,3389625228;1999123048,2694809329,1549550399,1355220083,2473765934,2975487944,3175144534;0
==1695396599,3152460581;2878865877,1205649092;2135294230,1693580340,2617508936,3274457594,2537938521,3410343026,2954763117;0
==1320822510,2860360900;2900653651,1941134528;1389149672,2704227100,1086897378,2859943711,2654944028,1223288074,1150761780;1
+1585488033,2235037143;3481951270,1875292650
++2060965027,3277193904;4082042058,2209646933
==2381954201,2784255847;1044402827,699073990;1683163372,2254027249,1773035351,567412183,2537242477,3201500785,3726436372;0
==1406303496,3079810354;951775233,2189648063;1328035978,1977631552,957024366,3930882187,1829254480,2004365019,1336144905;0
==1188401049,1006123328;2072265250,3043674844;2466929271,1911268733,3495779256,1681559574,2513642974,1684693408,1772569092;0
==3215508919,3541163320;1802186939,3141394090;1745484795,1932171536,3058502204,2434708097,2354586375,1962296567,2589640329;0
==1618653040,1139572461;2938216655,2450502836;1380057385,2352715251,2587761386,2478424302,2128210627,1266718725,1374221751;0
==2757058626,1513105740;1141935774,2657242550;2986696596,3080943080,2647480833,620669313,2289608155,2270256230,1381417419;0
==2363440215,1260429308;2037945217,1129691807;1716447918,3799468744,2366270705,2065173808,3659464495,1532036311,3268670366;0
==2470876988,1241510312;2796145350,2204452389;1009568305,2918081738,1918756316,3313340034,1199877442,2483196969,1895227069;0
==2189356010,3448732005;1586516287,2170743778;1865518923,3402812010,1412104370,1509786566,2552945964,3141356316,2525806743;0
==863067671,2638655391;1287658628,1881599018;2201898129,1285795941,1633377870,1138458296,3504549803,1740732045,2089146338;0
==3176836845,3005427996;2858389366,3141052713;2022327795,2089847323,3691993468,1375228339,2677063921,1778781083,2836635354;1
++2240272036,2897845627;730112470,2483081374
==376115976,1460255582;1859471570,1564680762;1469995156,2143239862,3087945991,3334733491,2134851297,2403514098,1506563783;0
==2391830699,2061989006;1548099520,1548758631;2989689313,2766603868,3172780869,732888284,2220409845,2147121146,3998761958;0
==535351427,2581199571;1912333388,1363693557;3366168595,1233357434,2811398690,800234447,951555096,694669094,1773249680;0
==2533044570,1107835624;1881859406,374938383;2200742622,1937504300,2379688065,3220993976,1431941903,1279472641,3806974813;0
==1602136148,2897478451;2291428574,1350537635;2628867900,2281766795,1923597542,1049281876,1447649878,2264081158,3704085112;0
==1030429838,1515523118;2158767597,1278966000;3353265639,1636976739,2806404415,1818985874,2558684498,3439390405,2562658397;1
++3044681386,682375783;2326827050,2930693895
==3394385802,1935338175;1978225217,1642747562;1933424164,1583450108,466210610,2284362064,3471538254,1293348557,2315585099;0
==1796937350,2307327788;2163558107,2567931215;1465882498,2629615643,3425117206,1613476423,2721383416,2067073471,1966425426;0
==2535589074,2959182422;2573939570,2572821181;2524490092,1254112305,2781310155,2258995246,2485833913,2608713206,2128792075;0
==3464523955,3223328040;3706139984,2334825055;1501016474,3625359713,3630139023,3340790140,1577571251,1931572893,3449790862;0
==3768815446,2857476422;3287037222,2518691942;802098488,2111926428,1538970827,1077401281,4039883158,659551436,2139985884;0
==1904930583,822779566;1925111165,778643367;3093094146,2499408587,2812682079,2088700566,1487052780,1432616051,1240363407;0
==3719055623,1295767900;2315196844,2774637564;3244688849,2082300195,1368453216,1594226355,3299452733,1017928631,2207493939;0
==2943951742,552127904;2153147340,1806563433;545032326,1418039152,802469350,3111019153,1348502693,1974183099,2022484113;0
==2099604066,2449323069;1128571744,2127866167;807839711,3663354220,2477762704,2172949568,995317197,2268317709,3137541613;0
==2253564524,693032649;3523202983,3099484029;1401255660,2380510337,2502408254,2989349870,338509743,1470754134,1284682815;1
++707053241,2114664790;1020118918,2231627553
==1129062006,3116725530;2419723540,752129347;1742223877,1675791201,532952089,3098471170,1035432945,3134765601,1548336593;0
==1434162002,2243799720;2261382007,2414803398;1762502046,549465558,2204858764,1918663101,2575854389,2572406000,1743202908;0
==3140899165,1778362572;2660436117,3602246942;2095845546,2440551844,4008955644,2667772131,1724007660,1908966395,2991975598;0
==3057036619,2537782859;624971968,2254387137;1864338271,2361893346,510560778,1624937744,1928595704,2908723426,3297372167;0
==2363703478,3959989556;3078433134,2876618943;2552586293,2143102985,1766576709,557970882,1643614961,2371287848,1273159598;0
==1913463881,1378087787;3876724796,3478765598;1792568105,1288310370,2024420894,1383843630,1132794166,1866041997,1487478066;1
++298878918,3361974217;2753345344,2525669305
==755194913,2460453762;1808012517,2078794100;1132513991,1371294873,324897033,2077054617,2473633957,2099692103,686854961;0
==2938796693,2359191108;1991176303,3587180795;1644024609,2685409276,1634894121,2704976024,1538288660,2441474076,2090108296;0
==2663643563,2820635172;2070566606,1325554607;1890216878,1667178765,1198550757,2474630059,2944115273,1469005766,2449503813;0
==529887472,1876796463;2481419531,2194889398;1682849645,620674589,2692997414,945831808,2936397216,1884559500,1931569081;0
==3232447477,1135165491;2379824003,1659766579;1112592026,3274427605,2195300660,3464868967,1659793661,1238471235,1387986492;0
==2059450053,2228440552;2984093486,3004282298;3722345963,2450980947,1767066174,2958746710,3719559617,2493258976,2676113478;1
++3121828080,2945145879;2363577641,2052152771
==691303555,3464333640;2722041334,2423286899;2844591118,2135235003,1580786238,1183834017,2242231795,1542283761,2913749815;0
==605533291,2545889495;2340093858,1325044931;2630299918,201075740,3559409749,1556580838,3173583289,1683768324,3440299951;0
==2318912364,2470118035;986957503,3115296445;1519129822,3768393261,2125219914,2042400951,1535092506,2919904409,3989964362;0
==2565328145,685434513;2506419233,1925955897;3579492127,2773729800,2397242202,2539097622,2050353739,673950282,887016963;0
==1561753781,2399927396;3111908296,3814403363;881553747,1089772243,2064980330,3283637720,1946372237,2766090111,2529687167;0
==3232695766,1455479220;2734754592,1186496587;1080662533,2948917984,2363753731,2275658205,1691227169,2402124985,2365263287;1
+2935927438,2818628300;2568403811,2016178458
++427369292,894073448;1020540309,1611431386
==3766185531,455838820;2663601696,2879958579;3291477155,3344498743,1783626842,1457702213,2365574477,2528163433,2013544403;0
==1230436387,400802481;2483635434,2004526814;2526694518,762158005,390781671,2532509541,1390591655,1948449695,2482254040;0
==3205160563,1490525956;1923250829,3527942636;3284980102,1106052054,222440816,383367664,2931005559,1421642093,3120956046;0
==1379606165,2269798408;2184315954,3206372214;2568208322,2519395739,4100010213,1364002518,1119371824,3960108702,3069775929;0
==888120070,3498328093;2543183229,3556554890;660078941,2581619260,2508825705,1992796630,1390132623,393740365,578571261;0
==2233183466,2978033758;4116932534,251673733;1737944118,2732402749,1739566871,3807205524,2121304552,1788695782,3688708388;0
==2433350119,1082381972;2097628721,1859954394;3274985747,2314921268,2837516093,1917375879,899918189,2306043714,3371052755;1
++685872863,2613404573;1928930261,3071288477
==3091810417,2375526923;1399602790,3480218404;551305814,328853585,2659678997,972760887,2165902242,1703565998,1335935738;0
==1361664910,1266098552;999877503,791001356;1350195078,2888304429,2047248874,3982556244,2252392391,1904975785,272847617;0
==2027676770,3239869623;1585193486,1726026931;1656482473,2489953148,2154538968,2069217761,1756956099,2752118205,2617305979;0
==2127586698,2538005673;1869776989,1503955600;1452493023,299968507,2401973602,2234969155,2352100641,2936633675,2953318840;0
==3329494824,840710773;3141660659,1843763939;1894971766,2753119171,485678794,2616395606,677885780,872356033,1952213833;0
==1303713610,1518868898;2838561840,2487452909;1811361413,1343605787,2448559498,3180812961,633187907,2187662637,2697039594;0
==3317072984,3070201876;1764064552,3631641702;864703125,1870115546,2238795901,1862656165,1541858497,2485046240,565006882;1
++1606914353,1348491464;2167362016,2520733784
==2207363449,3571034287;1944697761,2504208615;1578600282,2196925746,1926075439,921431205,1764935002,3953254085,3191789178;0
==2191649211,3154403778;2387020476,2935223648;879579599,1993638024,2896566526,566371398,2275136565,675880919,2257800647;0
==998038544,2552580313;2315285188,1802371500;1917599945,938694015,3593856520,1845108764,2156701878,2171418110,3695421257;0
==2412060270,1092138488;1666065761,909950299;2393714240,2739583802,2815914051,2615369683,2568320410,358947506,3075362585;0
==1807261325,1539766178;1687998099,2627043423;1976201544,3451233319,1887910448,2901268111,2395250594,1855389954,2230879641;0
==1862688764,2676635353;1927089486,881858088;1778908402,1045328213,894882201,2716612600,2454012565,2487153007,2403119641;0
==1652542597,695029720;1802390427,3972043278;1657407836,2418114936,2310038376,1360257771,1225404720,2023544560,1741022882;0
==3920302213,1926189699;2047526711,2119812045;856856474,2383851314,3970084265,2700540449,2146284630,821284573,2419222746;0
==1101556017,2251569131;553028208,1227752869;3064936852,1048599864,2691807545,3264456218,881509191,2231283867,1641233553;1
++2409945761,3913202280;3061968941,1898488045
==2242226713,1411291291;2648391588,1181342221;2573394455,1170035012,3412926567,3275851384,2904798170,2567742673,2707567483;0
==3481939865,2824088459;2528435735,2694523712;3169832641,1812422571,1502613990,656528623,2950907705,1483432046,2016024717;0
==3355732406,1909270106;2825425827,2086201777;1338090819,712449048,3047827665,3165021157,1579159337,2940772504,1926232433;0
==1980050174,3382739517;3001201195,3489605878;1391708985,1666066144,2113660193,4005229739,1588814874,2410986935,1468027185;0
==527119491,2375424866;2836384036,2981694670;792815603,3011893745,1844712640,2540826473,2068841522,1599674728,2093137634;0
==2491028267,379022971;2919736307,3797691203;1627924670,2428441918,3168853475,2360003227,1006903663,4258101667,2000728114;1
++2549713687,1687008938;3221095663,1733817968
==1455814331,1036363962;1683253396,2593216793;2522437589,2228699299,3103319803,377750480,828109849,3329908274,2142749138;0
==1502493392,2717313664;1275292663,2919430473;1890098208,2048834020,1550067468,3623944837,2697243909,2753637557,1746790025;0
==2150245101,824632883;2522111706,1930742189;2944676788,2066118704,2924432775,2616028093,1461420826,1364460238,273152820;0
==1048395717,1762425473;2080871608,2985272602;3546134214,1715155906,2278476440,2666491815,3845168997,2459449409,3550229450;0
==3410113412,3454348064;2764386498,3318875963;1471225753,2067939234,1645298342,2802442112,2337188280,877825556,947751061;0
==2906730828,1387952541;773409686,2426960737;3162498928,1826828091,3398774008,856252586,4060569265,965210161,2551250074;1
++197757107,1840801552;2035885546,1669285544
==2464403937,2908928503;2255814314,3513913350;3226589386,2157059241,3186388636,2099244971,1999172496,1620600268,962994782;0
==1601349248,3657847998;2914303470,2817066986;3117496632,1459601442,2824752814,310274684,3021426047,1383006857,3444919460;0
==1199377679,2979366861;3022131746,1576256018;3351351336,1543974256,1883812515,1504085573,1545387550,1363777652,401534947;0
==863099709,2297989639;1787889493,2603225989;2310713390,2133464414,937732417,2613442439,1679479438,2573303808,1137144326;0
==3713382166,1273068033;189290899,2368690705;1156479584,1525355281,2654068909,1901801187,1710911726,2810512135,3845755320;0
==3039507894,4205828683;1381755620,2230718326;988691975,2697119753,2400159771,2486255721,2176748400,1745555976,3830574554;1
+990374709,1713359508;1262833089,1429050229
++1969813405,3582882819;3016510427,1542961391
==1532270968,3301710265;3275941559,2336780576;1817411571,2187045389,1107103313,3598097127,3704035288,3216602575,2749611100;0
==1660992445,1865143942;1181560423,1615234197;2307457510,3106447079,1665055040,1205403628,4176919778,3030602274,3138330331;0
==1411328973,892676765;1983249605,1971985454;3319445866,2569059761,2442840824,2422007653,2891138792,1161134319,2333485283;0
==3264407361,1528671166;2912989330,2003947914;3272593689,3685806936,597267005,2753440573,621871075,3647920047,1269019402;0
==2413761855,226447041;2858965766,1650629547;3257543040,2006025610,3022943939,2399438458,1216368494,2839566278,1567559846;0
==2388185122,2972397220;2307520964,2402920300;2222816298,2734405168,2251013517,757002154,694001115,2040165830,2101611520;1
++2186030352,1739973080;2738500544,1039644568
==2774385235,3602842954;2826243126,1509700980;1967883287,1058580345,375849909,2545381190,2164168827,940285614,2404474116;0
==3905111884,3273546850;2937129647,2733437995;2273338586,3227815776,2141288769,1866367902,3013756359,2433250646,771502391;0
==1618070820,2802959058;2303085607,3711113701;992077546,2508161810,3044165497,2186284295,3215439966,1603330262,2152914838;0
==2589213055,1513141878;3452300634,1102798027;3003245262,1678704123,3041928848,3239516724,2475897849,2823231500,3265507045;0
==2232422509,2520135253;1798428014,3452910290;1889233482,2649950876,3900550297,2930835306,50138530,2853367469,2196627446;0
==1151019650,1908166019;1923122481,2970018338;1694404029,537951832,3050526357,3289613802,2744234500,3872483509,1412439794;0
==959346655,869283419;603151220,2845545729;1658801715,1577330691,2089796607,2222482036,1522844981,1979360706,2086900181;1
++2793983040,3403975923;958179809,421697495
==1741226420,2582370546;2750149903,2016241273;3431989335,2348067622,2617385107,2414890143,1067607706,501895304,3562199901;0
==2435802644,2542449898;2603974901,2192187093;2973911401,2237168354,1748105234,1338332673,1868306609,624436439,2592517202;0
==1356704274,2805970361;2091792538,3007705025;1992657262,2022018670,2683404591,1089315019,2015985512,2055693687,2621193337;0
==1711214556,3880298824;1970783478,3898161530;1378710909,2369599800,2385209876,3672110426,2064340363,2357139521,3301693613;0
==1741325761,2693292100;975825063,1445903571;2305031168,2574998472,2784864623,2789509719,3777867000,2076779603,1681069366;0
==848361831,3326515806;2348766885,2517171005;2395567437,3709487606,2450667953,2831268623,776860120,2313892501,2619810007;0
==1959982931,3653181662;3461839834,2294442212;913900279,1870063930,949933037,1970723201,1615973706,2334215151,3177604843;1
++2979373688,4071384623;2081155320,2627194501
==1972780746,2035512371;2308382240,1800361873;2901189237,3346944417,498977699,3744899065,2776105328,2248853553,1657276105;0
==1868226918,1769468547;2078455637,2522314593;3070973950,314687792,1797081035,3256686771,1218513998,2722569086,2008195744;0
==314282340,3110927121;3099434950,2023940770;336686429,2503196239,1180564683,671863821,2382371262,3640345342,3202320764;0
==1411511765,1555817090;783625698,1905466717;2823471752,2658969419,2177752457,2719195482,622116086,2494585884,1652400859;0
==3422256306,3696837974;1977348882,1467674498;3145162614,2100956791,3335264167,1444576504,3141463354,3546251204,3752677449;0
==2017429680,2127832477;2776932941,2897247061;2167260036,1420546000,2546540243,3880836978,1339190276,3436375492,1528953174;0
==1239801217,1652367455;2327176678,2071063461;2683482846,1786637805,1658206728,2435085667,2062076719,1707816457,1941079197;0
==3263309117,4026049788;2627826408,1377149474;969841831,1943978402,2593267275,2682367725,2753310153,1901865530,2734364471;1
++1693790333,1475107840;2632319700,2028851926
==3144795850,1025223823;193664357,2206305290;2477873133,2225632861,1813607441,3668334690,982152840,1163593201,1442055822;0
==299060796,831293598;2402807142,2209097779;1994908990,1460009243,1341568309,3677196959,2633085387,2458304199,2359481070;0
==1839516448,2494984369;2284959009,2091709757;2171272497,1405474059,384690903,3462245404,2714184157,3135026496,1728219235;0
==1264435454,2107702223;2821833101,2103825201;3139101809,1424425785,2127222500,2277305973,2148447276,1250515626,3382306549;0
==1038566918,2428971915;1443623115,3094176561;2462230949,1914828546,3041863784,2319687228,2373392077,3192149925,2566851430;0
==2214164328,1488309944;2586448889,2492081637;1011092691,2182651429,3253600586,1965927241,1247314000,3376688984,1596219578;0
==3161451483,3154835612;3816092837,1278494841;1036037977,1145954401,2531614453,2981912575,3496424920,2825769816,2560461753;0
==1527655185,2201353624;716901133,1737055414;1686464073,538060673,1461145466,2746483114,1039346497,2310553761,1998814950;1
++2158748558,2954591880;2156703420,2943471865
==3207508645,2667149768;1970545703,826210626;1612488581,1001716873,1928463456,3145140855,2619090023,3407944662,2402539124;0
==3215624947,2869464568;2834442484,954404251;1500922951,2681609850,808455355,1918708853,1251668109,1535786447,2493497031;0
==1446832022,2154591455;2552141021,2889014101;1103813548,2002088968,2552227977,3209134191,1110938466,2867700790,1379390056;0
==2046062703,1901963836;2530423707,2283360338;1493499723,3485385823,2368664242,2603752595,2530588602,3062555340,1350572269;0
==1917245102,1781171487;1938715847,251116467;2771882120,3357641638,3119272622,2004297719,3011172547,3546458890,1357017912;0
==2633307721,2363060086;538707147,1627896892;1388041454,3275005439,3459624141,489805779,995331924,2416546912,2190580580;0
==1630828645,2743213221;2728870904,2885322525;2073835462,2792286847,3227293066,2552426573,1352213291,2869246680,2152063555;0
==2490545270,1572935022;2548297048,1157343667;3075941813,649009505,1186639088,2455906914,2393794798,3782501004,4224842791;0
==720003652,3552953061;946084680,908646793;3170599924,3609699409,2833088810,2298550962,2693909866,1785542570,2786241161;0
==1866383832,751589686;1145668282,2965165607;2619381673,1352030172,1584910360,1320244036,2329108348,1894342899,1729989565;0
==2663202070,1653825964;2206814812,3005436691;2465901098,2092058128,287296706,2880501533,2344978352,1287675298,1404767224;0
==1233889019,3810918173;1791490623,1561948469;3281407068,3321585586,996314067,1337277434,777579480,905230735,2757857614;1
+3160496035,2573472251;1191970352,1701286841
++1846364356,617288961;3174823562,3366473138
==1889669063,1964788024;2551647916,1589754320;3269378045,1491911301,2887239805,3299330356,2655455441,2017272167,2352031480;0
==2344543941,1805164981;1353973672,3704013804;3087671920,1045637768,3111193618,2164635773,1802214963,876175655,2560948038;0
==2633997386,2142309302;1276303159,3558028057;2956444250,2283445497,1328813029,3318641738,3119136461,1959675296,3028116219;0
==1333465132,2832149985;1767770130,3237012422;1259664412,1584866725,707658369,1391990342,1346528246,2327729783,2851188900;0
==2488658825,4155863685;2826929715,3413321212;3483018833,2589472634,464365221,2851183479,1627571618,1956048991,1997746732;0
==1782486482,1822851215;2678524310,715272193;2263050196,1399393024,1783335959,3429201945,2950849213,1965108091,1441997144;0
==2356300624,2038774952;1509781942,3062323892;1483741852,1483569208,2631185405,4144020342,1556100920,3356364969,2368582102;0
==2722468514,2625970694;2556457431,1690503397;2366847605,767057121,2065493624,2588376771,3737189966,954701230,3408164870;1
++2470826198,2909643707;1658544713,1440967841
==1612324628,2779386249;2405874171,2852987068;2169943605,3069692351,1880003159,2509166263,2552330313,2317414992,1970926245;0
==3208398615,1979632493;2491762635,1952733929;2366496911,2330516729,1300390427,2696334180,3744738430,2060476852,1054033638;0
==3611172526,1884116619;1947931958,3489798105;1958214437,2632856548,2079375125,2923017978,2330988937,305411381,1857532426;0
==2246146222,2736728353;2302849575,768904453;2155791828,1892105472,2192351170,1788720735,2415260689,2753147607,3326610595;0
==1672247316,1132704707;1864075428,2716611450;1428083945,1090445186,3375047573,1619266087,2754538140,1748116499,1863422003;0
==1542700582,2963070144;2012675793,2289765663;1711854863,2572395405,2362882033,2256535573,1796450271,2720034547,1631610373;0
==2420191412,3280406796;1228770532,1411252400;2717065619,3578195645,1672718977,2958724685,2754638356,2789048797,1874767702;0
==1878943276,2504909430;1826667472,2356304047;2826300304,3827028287,1973269354,457711718,2388547167,3312092282,1575127428;0
==414470650,2983318264;2486608297,1998131777;2632117116,2468922770,2208267002,2231711866,2183233407,2424797759,1396871877;0
==2263352372,4019439778;2536834178,701734751;226101181,990679299,993995913,1792375512,1475720591,2526841624,1658678276;1
++2768889918,2524613219;2911291327,2109978302
==990034190,1412400591;2783455225,1783648346;3957515792,3246240594,1541908410,2615549187,753056991,3817032613,3996431337;0
==1730366081,3624507758;2318942356,860644374;1463764780,2908715443,3841030914,786217669,3470205058,3861079920,3718439225;0
==887802288,2993678561;2238004643,3141791621;2267282206,3244418208,3029874696,2050613343,1553100579,1540492576,1217321724;0
==2197503077,3941775806;231603903,3007649642;3035558673,2959888693,3503865622,630652677,2079045288,2673686591,2583765075;0
==3202086725,2628142499;1344565040,3119587225;1617999993,1679341268,1373822154,1401335075,2397712095,1344388433,2731021712;0
==3112210576,2032466743;2391015764,2830338086;3277682626,1583002653,837662327,151327856,1414957712,624390312,1657571401;1
++2181221782,801441130;3223223857,649594035
==1851516816,2598141877;1351205924,1937679913;906910703,2684651840,1742040861,2912409414,2831899999,2944213147,2234041667;0
==1741916569,1870287262;1788218714,2269795044;3275418501,1932468853,2380315677,3429705906,1798481807,2424609853,1757454542;0
==3320283754,3030164435;1370716467,1700128244;2970961951,1269435267,3070865424,1475159507,2902229042,2412016659,1306965009;0
==2682930224,1865357447;2206752857,2463959946;2565218560,2061516099,2141960405,1912053305,3807368654,3301755396,2720217431;0
==1163655186,2642357189;2604434015,2639221260;3129913556,2862123200,1550448196,4132760049,2719626120,1625550580,1031082794;0
==4072636228,2261421893;2391654345,660997276;3152967913,2094170241,3491683022,2009515826,2333023293,2142660192,2766576224;0
==2602607837,1127551240;1728332736,1536212527;847820930,1998298775,1828834294,2946832712,2272090721,3746335537,1366273831;0
==3220836817,2290876134;1692147941,3105131923;2657370635,1930973205,3573217131,1019698301,3056800689,2077825883,1739394272;0
==1847751419,2273199552;2747367610,2243555439;3473436524,1706955719,987576611,951088832,2347682134,1964187908,3022427363;0
==2780614649,583856920;2216578614,3253554729;3397778998,721443715,2188102055,3414532718,735513833,1972493781,1958517434;1
++2278131358,2438645712;845262562,2639036899
==2573446672,2546468351;2092551388,2942755779;1063956512,1858818421,3310843690,1948813396,1704127098,2158831377,1859239267;0
==3654126213,1336795992;789661373,2541634380;1942937380,1864707760,1922986315,3457663070,1011492543,2841768745,2850015234;0
==3244290376,1234722235;1717888956,3545760303;2617852891,3975703266,879366134,1884163926,2058754880,1629745925,1882515694;0
==2568489225,1184961529;2069939167,434433951;2902085616,2941598955,450962755,2447693010,1677769079,2919639604,1727137060;0
==3986260623,2031938560;2800078386,2684128990;2878353449,709689556,2313125161,1672885138,1624382810,1057337811,3937691424;0
==1736845476,3098752495;1674252983,1814428131;1202755589,1787628421,2107345613,1302610708,486621527,2047159830,1433625611;0
==2653608948,2644670354;1053846159,1723962363;4006468041,2584818381,1746850059,2843439204,473396263,2344121724,1437610795;0
==1120310439,233699722;3696853072,3349443849;1634156328,2681317912,2012359591,3220132508,3771106428,2886503648,894666099;0
==1485460798,907752033;2633260941,2149400511;2790987019,1946460051,1704563301,3903716620,813454064,1482839139,2496567669;1
++1439807759,2247101649;1705609932,980550433
==3820125482,1036810749;3207586619,2344899959;3351319377,1785724137,2691560514,2454723626,1711638049,3538417255,2112916139;0
==2205377852,1684515202;3395371769,1957865599;2814056952,1813650908,2448918708,2106824897,2118237790,3516209886,1170582578;0
==2189478958,997845433;2856524550,3905287851;1888593051,2969984358,1901131503,1627565607,1883703630,3059227606,3816440632;0
==2115381303,1899041072;3634976199,2217632762;1461051902,3549807674,2876727705,2354969140,814022327,1865991687,874048054;0
==3084587328,2356763778;3046831120,1650373362;1698844173,2141995213,3904409064,1274557767,2782751793,1649628344,900508754;0
==2376631525,1432334023;2981860802,1131391224;1508105398,1730427006,1096184497,2594393023,2907101739,1395048038,1530945852;0
==1739874864,794118085;298120784,817761257;3103025794,2240469817,3863267137,2327966497,3251498747,2463768172,2552941703;0
==632473011,2108034762;2431645936,2171240708;2688092875,1740253056,2913875356,2197418312,1861560670,885591538,3265113822;1
+3043021777,1594758881;1691515415,2338734487
++2734710556,1472229518;2482450310,3560751382
==3352222773,1396207921;2231989216,358735151;2726054814,657605730,2535779731,2067899103,1644595232,1597488043,3136835339;0
==3248490915,2018625947;3834969212,3012804796;1050690865,1542437635,2064790441,3818947222,2368035346,3140811570,2373725964;0
==1810274218,2658345273;2696455585,3226911708;1223007267,2821724760,2529430434,3004451266,1423886179,2334496330,1892739996;0
==2738359901,1424900251;1368118920,1400063511;166023702,2764951478,3137394649,2785361431,81834602,1476072439,327908673;0
==1615178263,3799742886;2111604467,1670851832;2099464441,2145427077,1902691523,2785956409,2446163045,2415552083,3672031657;0
==1467249578,957542572;3373465166,2582901846;2410198892,1157372813,1034633670,266211026,3334196115,1802429396,2126914235;0
==1216355893,1131572666;2760927065,2484688263;1095541236,2589226640,2272858115,3784027264,2297709906,1459290764,2152205837;0
==2600882746,3056764645;2068200784,1817698774;1183821589,4185364757,2285361291,1833059961,1150705906,1409926282,3056698344;0
==2502108901,2306605453;1646617924,1234198372;2408599396,2247131159,2486983705,983069466,2662119087,2133436556,1908253397;1
++536571638,954134948;3053555133,1092118049
==1411579275,2463879595;2915905680,984819587;555298423,3016596133,1938269027,2999505729,2131696773,1970276004,1354542466;0
==2720635505,48160644;1982388544,3327499737;4120006463,1578251834,2007810224,1529877146,2680091407,1450310231,2794891962;0
==869039248,2112756665;1836085781,2810057834;2159762629,4056543719,2745005493,3470527174,1525627688,1587482566,2952990845;0
==2560771492,2574094695;2553538122,1557144580;1471820003,2812512420,2915576291,1735299206,2186611236,2672308090,1062869140;0
==1280272619,1905059938;3039233874,1290390264;2321887096,1970930074,3039278419,972700333,1494125347,3424900633,1544920785;0
==3795590176,1841245817;1695096050,546098818;2402202681,2580285673,2423641311,1640567426,2952116257,3514328756,3112104339;0
==1725312282,2329895084;2443403957,834049293;1677076907,2399512944,2222224698,3414333517,1798672917,2350996949,3039738382;0
==2694150632,2133855259;2912879881,2073443204;353250102,1800966735,2547514994,3212300972,2897176652,1693494548,1984861700;0
==1464951696,1758197206;3803681344,1206837011;2633214400,2025973791,2307473391,1170505770,635224498,2357248225,186218794;1
++2377411226,2385526864;2516349222,1198624825
==3105260023,1836817316;2907906484,3522629090;2172016874,2122432454,2540756664,1504592447,1089059128,2174682899,3470049255;0
==2252540242,2872996968;3854850422,2157006450;2430517083,574862397,843350014,2739775624,2698464313,1953992530,1162081728;0
==1765022518,2301139545;2784731724,1171488117;1192856761,2558440101,2435976931,3181614765,2765537788,1756587083,2059698387;0
==1555194991,2283738097;2046015583,1082133129;2632306873,1311423352,3000692179,4151927423,611029651,1142547754,1280528414;0
==922003422,2893652355;1725141202,2323659276;1477443639,2673563003,3115232860,2311010328,3840370755,1450108644,2565104203;0
==1917355491,1460582596;2399064081,779000990;3055044549,3360426619,1352132377,2642068298,2388227975,1756121942,2204900073;0
==2717971199,2368898468;2313659557,2314039557;2132924587,1951905615,273829742,1649439269,2290266125,3421909804,2851439626;1
++1662772390,2414082499;1913448613,2808412368
==1662316870,2515976790;2119892646,1312788955;1352711050,700240001,1765001078,2326083012,1971045355,1598117698,3638339189;0
==986336872,1862884230;1810043126,1512658819;1536828028,3409307441,1833880333,2161497226,2184554846,3553545452,2608532638;0
==1521598972,257813530;3312868983,825711701;2962427754,2785690786,683974403,418976412,1628811583,1859273306,3519037840;0
==2646613261,1351261778;2645485562,879030837;1704421692,2306815559,2198267559,1625344675,1550037785,3890143372,3125342432;0
==961269551,2593972442;2789713420,967743063;2643433045,2134483339,3015198284,964819284,2818998280,974902434,1357470559;0
==881834041,3014992214;1667824461,2649697425;2103976591,2919018571,2179545642,2901766391,1136171499,1678194055,705405774;1
++2366457370,3147379118;3210117640,2750214116
==378000676,2038164997;1130523954,1783939322;1707397145,2454438271,1637707616,2774136403,1948266357,2366554746,2557478377;0
==2461158738,2777511604;1730230361,1140806674;1589038461,967417714,1688872866,2757992599,1936510699,1522139662,2049280462;0
==1129184127,3494312609;1836985887,3358409321;2188796222,468293270,3315600123,2284978389,1054250011,1465461131,1810379379;0
==3114306819,3823585124;3360853235,2899731965;1585091261,3389854483,2865404790,3865451882,3190880934,1896212573,2424502207;0
==1035460932,1601929848;1974225068,1902709479;590485763,1156036785,1321765858,756371064,2073782943,1025172993,1548808500;0
==2601852482,2033686113;2333903480,2243604195;3241360886,965294408,2105013237,3176456461,700934049,2042991941,2643789070;1
++1769111668,1827381473;635082522,1959730497
==1500043057,2411320329;2190529023,3589373422;947083636,2975309923,2762359535,1418830971,2548252071,2485966307,1425284756;0
==3486252229,2410324201;1937864845,2672662865;3923524529,2273659861,975019990,1740093105,3333445038,2754606704,1802315493;0
==1829203927,1129955569;2169196053,3393605288;4244688610,2258443512,2120525142,1120577955,3189726173,1987076494,1636298359;0
==1433684507,1712783063;2196197830,2983840673;2471337244,1803824613,1956532248,3170884100,2063930885,2315216060,2459577879;0
==2124212610,1439157050;822479505,1926023097;2537317270,1521793739,2362405354,2060457174,2362628476,3223793491,1969851318;0
==1026508422,1287480728;3994916113,2438885474;3586525942,2248809034,3055209385,2940124549,2443194884,1672632596,1541008554;0
==2430221093,2271151923;1990476497,1959766027;660776905,526816351,2067057607,2357343139,3319080001,2964187262,1201046897;0
==503928292,2674004691;2574562714,270866215;723013356,3455709818,3927010997,2911880473,1466714518,1273867803,3700058129;0
==548716672,2265226445;2129373151,2694683851;2231325195,2705173012,1485465575,3870317375,2207367284,2954725779,1414007792;1
++2276660189,2479775783;3564039620,2291686051
==634332941,3464356438;2902351883,2546069141;926849133,1693694526,2320498905,491751671,3321701480,1378178017,3056564945;0
==3235964967,3633376377;1797117081,2331045686;2016213554,884965899,1075240822,773655087,1492628475,857827643,2544080617;0
==822307020,2957835701;3646172356,1859899862;2418464062,2493417705,1446016650,1569629166,1733710375,3853119181,2575237780;0
==2823279404,927633134;2833307293,1431155209;2411875956,3013130784,3112715247,2840982819,243055437,1845069405,638135377;0
==1400191417,2834898743;1417347126,2463254257;3513578312,2380318968,872774775,3183489453,2849605593,2069955836,1828714759;0
==1886740154,1841106219;155483123,3139597746;945358790,2028408737,3125740809,2082236509,2451382324,3532032256,3160645659;0
==184445738,2058819674;2344455252,2746703059;498242055,4042939830,3453821419,1405657144,987179967,1487585486,2935590114;0
==2647434438,2086273546;1622133125,1608478716;1816936416,3562686906,1551785367,1886382555,1460445083,1531221316,2741222703;0
==1134416294,651316117;725082225,3111095464;2719193877,2046890160,2452716066,3025864394,3095546692,2773715349,2130289449;0
==3254617289,2867613429;2732559250,2736413519;1757368158,1269961806,2464915100,3616301038,3350501945,2657932909,3322299825;0
==562516522,2613928511;3226224846,881807388;1329577169,1499561204,356202687,3958950239,1280605884,1754140922,1694012348;1
++3157770218,4099208629;1456062012,2483640628
==4022764680,927269274;1745844702,1273134718;2544377044,2514635005,3882510579,1683127174,928156051,2246320937,2488477193;0
==2222173796,1992984855;2838883537,3299692669;2053294153,1942218609,3350778586,1992899466,2999942241,1803129251,1796867501;0
==2731496123,1598802670;3924469225,3523498648;2801196535,2912401317,3369213312,2265972757,999070510,2447404188,2334952435;0
==2073469875,2167155415;3682523641,1954512094;30111388,880303441,1838552073,1828085893,1579454044,2688542940,3274405368;0
==3410105336,2430901161;2263384692,1607000782;743590499,2293558424,2521360092,2626182562,3021333590,2411692529,1005204019;0
==514546992,2613257511;2777548677,2448183341;2462622073,3894223730,3291923508,1881457492,495152269,1834020558,1069665078;1
++2964378298,2412339441;1605663098,3219186245
==2120259536,898476919;776870426,1536162243;962459435,2948992951,896689147,991259348,1968463542,3039074057,2410163059;0
==2229502637,2802279680;1985540778,2515123535;822174612,2565472373,1964703311,2567700907,2535910352,1253844935,1465720274;0
==2325905923,4195693242;2840385609,2815534778;1493754676,2603566958,2036654088,710138552,3143267070,413930847,1941328066;0
==1815914604,4156539000;1161298642,2145672852;2624683761,952594706,1288483670,1722459196,3640146314,2455944707,800015847;0
==2477483958,3063634056;1127643714,2306478601;2379652268,1596917662,1601757073,1176223592,329728281,124801619,589132083;0
==1919460648,3036614151;2139947871,2159790276;876060829,2614938104,2747610039,4221206970,3168488672,1663572935,2237809834;0
==3519592237,2482488623;2437797963,2507571288;3736703263,2598099701,3367926508,1802303175,2040518123,1548532429,1110280047;0
==2594481379,2580673723;1576856257,1338390186;2709912315,2656286591,3101704971,2949496666,1076842602,3130618874,2374177738;0
==2398744946,2795419129;568260763,1626227569;1804596077,1811420730,1940830121,2796813301,2037334206,1378743296,885758273;0
==1078147760,3629934663;2122493191,3803039326;1147982651,1400351727,2184715753,3433959348,1641289411,812721722,2069534416;0
==1636854872,1774626590;2760298248,3116493661;1751269624,252024305,1063530091,1675372017,2371113969,406273217,3133136298;1
++1269449886,1067973599;2291530376,611948731
==2701326300,1788190728;1634760054,1599196387;3333638833,1123669955,507002021,3249099025,2016539539,1214513253,151335753;0
==357910829,434532316;955500338,1748556805;2661048707,2564780246,2200602486,1782234340,1744860051,1376062384,2905550795;0
==3798597896,2499722462;1834695755,1069157738;1797144916,1340207176,2946880500,568274381,2051149588,2786134938,1700106277;0
==1808281607,3084425237;3036838305,3107606948;1187028742,2859168932,1054716484,712663540,1620507774,2335904398,2013132980;0
==1198088838,2150555086;2901652032,1216229984;2598282929,3088763854,2738163978,1679495090,1468966944,1553584229,1702225754;0
==3014838695,3255841857;2948671239,526243291;2113618548,2180014532,2230214739,2207307496,3071938618,2453443596,1744404429;0
==2863299739,1437484640;886207387,3012233024;2188514580,1263499679,1672078954,1266808641,2492843744,1981926075,2684789446;0
==1695698228,3493920516;406637655,2772750549;442349138,2424802665,2378858729,2342011913,3103988418,3500376927,3154002309;0
==3416295539,1896474693;2625947656,2832881870;2101093928,2493849652,2156939952,2907936593,1598242819,3653112767,3684550076;0
==2928324195,3168088891;3321806350,1023645654;1264302463,3736382472,2390357812,1690023694,2185361307,2669842397,2833797080;1
++1859608193,1451078314;265914671,1564925157
==3046293707,3287064651;1172466405,2822246532;1265847830,1112495559,3061232585,2401275617,3427771777,3348523028,2058355420;0
==1065010237,1249141130;3311485728,1702412704;3864255754,1015147315,2424280574,947575093,2059010495,1796141559,1968752585;0
==2097363632,2062065273;1163203211,1534207163;3454184315,1995730750,2516445043,1793258100,2850025130,1217583300,1837394480;0
==2164067682,2771768414;1556549642,2154719195;3444222635,2014457391,1318978198,3286338523,1885116491,1319235587,886715502;0
==762770544,2842567792;2300183350,2584292694;3079053791,1981265969,2162792149,889174317,2231353945,1656998211,1696088628;0
==3662960828,2547209592;2081761426,2069329703;3754446896,2629240810,3020027205,3191936647,815413343,3115068213,3167976211;1
