7;4;5
+579489926,1613938179;1753623007,983418318
++916081567,1351504634;220259800,759491194
+++1683454783,1778961939;1157598541,1130161670
++++1260203078,1250762109;490131409,1802168464
====1251574366,1881233260;312252064,720007115;984104494,1913344846,484428171,1885496604,462991478,1965833877,505516575;0
====147531636,1364564923;866078986,1157321398;719463920,2067999995,1551673902,718464388,1516576011,326247054,460134842;0
====1906454249,800573544;293183665,985407333;1986682405,1420821436,1242607752,1151648745,1937242899,2089983925,1772115439;1
++++648205134,465526404;852033928,298563753
====1058765405,997924142;1021691610,1750536592;1936732628,1286204250,2043287464,518491165,884950049,1913889072,633992737;0
====958584901,1261906836;1364310573,2066511648;2116454009,1712253730,1604290391,208572722,888638854,475992721,810714672;0
====1973675628,854277971;808855773,645198628;2094751210,350181927,211005047,1663064853,1784948583,288546447,702013128;1
++++1645270848,1032751005;964122369,2003557468
====1443735331,514512963;820642890,2010690938;1721923583,147896775,540912440,243096486,1893418870,880187785,176202637;0
====1423391871,1124237977;741897741,635760590;358733920,172458716,33323264,1408147837,1119005416,1601144886,231062435;0
====1908224601,1713706397;1325486985,465549216;187686803,1296704696,1741857090,27294113,101752633,554637990,1735394639;1
+++1896760517,1552919775;187725105,480445716
++++1350524881,855846198;692276119,1034510805
====1952526740,383144025;281614887,583388377;746744350,376267254,682345940,40808245,2034009528,606160274,1573898266;0
====888456450,97409686;106797812,657245709;1467621233,571705962,1767741676,262693,857669043,53806101,1996275117;0
====589718496,1797578791;1924277353,2010956766;332049304,367230518,1210916693,753018504,188257950,1681144081,395961234;1
++++1598855075,1585995803;760234477,1387753377
====1484973701,510373290;1545712796,1198558657;1191888903,1940636342,2119759238,1061033322,1472447145,306378056,163983827;0
====1816535023,378304645;1439366399,594246173;407454439,1071124827,1641855712,799270409,1077187078,1064762890,329265936;0
====575477856,1644873894;2064234466,1169221912;110368465,859834967,698911918,837972703,1745192881,847163704,912564787;0
====514869631,757437818;1500518158,693309127;2018516772,524021994,61625978,1882583043,722009423,1116484376,455336121;1
++++930228204,510280773;1557377675,1401872977
====378516895,1136936670;691166585,1299108862;687435234,1271882098,1220164303,1108478373,1340907859,13798284,106847877;0
====1680239324,1732370820;919206872,1376129272;625354894,1434247903,179471962,1439027059,1934076531,1723594725,1667039142;0
====110293931,1850457322;1204171705,424416055;1549973070,647507406,363003690,805264908,91900053,905504271,1548605731;1
+++849985596,1296616061;757721491,197197900
++++1428034412,1466422637;129051455,1218379740
====1375800224,769085826;18050550,1910339892;498531715,630991245,724952542,1137269782,1880282363,1652547637,1088528915;0
====1947790676,508128017;459545369,534095508;907513183,1845118676,1322185725,164789399,1434163646,1103122231,1494816402;0
====175324175,950254365;266244914,1028467607;134089676,415868218,395007115,1327661823,763939264,976039680,1915949393;1
++++1427192416,1516201813;1135672706,19718353
====1587449526,441725482;838261584,1220643549;2134267689,1086349350,981893888,621666637,953741906,2014196667,1558340481;0
====1132673034,109573888;321985382,1539402705;800638423,1885575834,524748919,1042855666,1379064113,1973229864,1363894437;0
====312317390,1776668417;1263561710,894946909;1145703729,168733014,251841028,1139601527,2005430141,1917198322,1065832731;1
++++899845198,871380041;759881481,804083137
====588568869,1456240757;558807468,1262749047;165533830,1801160336,4513488,765644654,1905431412,1895276992,345865620;0
====828044146,1851335661;1401120279,2003235891;328023125,1242788087,644648123,1750712873,412176089,2123081139,1904275487;0
====1336243410,1069636270;208306161,1490582400;1193236189,338444046,176429431,1982691594,793180328,1516684065,959746679;0
====1984377443,2021584346;710416831,1854785066;1594249877,1770439606,143074207,125806685,462991195,1346371027,1947155636;1
++1070553401,226959984;2024315723,1323189521
+++1715290736,66624103;193678500,761163210
++++1043285733,1641622751;718707281,1467406344
====945034971,2085030500;229120296,382440406;1440304231,475553313,684405281,885457042,1896022213,941738559,54048985;0
====776874149,997505349;1129719425,1436733972;294387619,837948520,1427150421,1640152173,1919975466,2013243337,2110618260;0
====847063746,233388282;1013568664,1690727584;1874674102,1904986640,2054357760,2036375844,1663911631,274731752,1195411644;1
++++449785945,27512445;1645406345,1784043407
====460820974,1934683871;1673966717,1654476432;977687546,504946168,538760702,66774239,110244541,1281057901,2089403583;0
====510100422,1469433140;1562337371,2051163389;1219863705,432178634,820578958,318906439,1441305619,680991254,1428244583;0
====2078674840,1474825332;1283842985,1794571525;1350056062,39526757,714282251,1508093181,225715237,216536477,1989687337;1
++++415859498,500774631;81014642,1653269567
====763267571,878568409;1688691960,753608811;816542970,2005849879,1391759277,1935468741,1800636968,2013214469,1562872180;0
====2055715024,1392033246;201806590,800724119;2147161353,863803846,456755369,1681336928,91659793,1902109265,137430550;0
====1712709747,1671239626;1094960758,1812040117;849773604,1536586271,1270873587,1861516910,431819610,265128368,218637676;1
+++2057020456,1600744113;1270418816,594731777
++++2079219125,1174040752;1251407031,1997605130
====2111951797,1577942330;1019917577,1233483791;488535193,515413095,1601384065,434491131,140070761,1443405562,1942581135;0
====2088048982,39180698;1390713894,799941510;1049456018,602699457,370712378,1844464399,1162201997,1330406101,456924998;0
====911742901,601210343;607291780,839142487;1909558559,1563222261,947807757,787152885,848513938,1239043390,1802305957;1
++++1824023163,702595070;68450250,2048206752
====1954967508,475502478;286628176,93848612;631183413,1430571393,94159787,1255061246,1120511065,813223943,867547093;0
====632415709,2089521041;151680040,1063238470;1488970092,138157186,142868353,1777652945,435517438,1564578924,1086143733;0
====69747067,529594328;175417619,427360004;697469925,1078509449,1360074729,1565183609,1001895955,1863146341,436879807;1
++++325668503,1273560519;730668719,795322535
====355801721,658343893;1387874162,687169071;661502207,920256694,760346397,423001974,1250437897,969221153,978824019;0
====269130001,2083613477;883212653,1322260817;730360419,42681706,1998783426,1378859699,1269013272,660276081,1700411649;0
====1855777554,1982384748;669830886,1374295305;954865572,200678843,1844640059,2115162967,33231483,1562679710,11642885;1
+++1444281584,1554739699;374527008,1635599084
++++1639845388,366399162;1457551294,2085940448
====927490303,1310020580;1621540294,589995573;1096177842,1167307460,769695495,169896812,1410803584,1488552618,57104858;0
====544992686,1686454842;1980317829,1918967383;645674635,671972403,1847456755,1444936664,918003148,1237543189,83232083;0
====249045119,447755874;1114515200,500455361;1262318832,176036340,1631410524,1249954432,2083782330,1433346901,1710250713;1
++++957379582,1966220215;25335147,1403826352
====405218847,658698525;995639359,1712652737;1809855434,1839888399,1095333042,1661446490,2075648013,1706558456,1444729021;0
====817809455,1927409437;1426911757,996794906;313445923,1881601679,2034952207,237601295,841806463,1275074413,272329219;0
====1947943112,406458657;860594939,1922445819;349571203,394332879,475568733,1131571643,332362797,210215055,216096430;1
++++1130427234,403214961;464223949,133288971
====1178157958,1234035610;2077056436,926016976;1403698041,276686077,1741728369,321663697,1048135021,1951112798,911071073;0
====741488996,1957039866;2091275898,183610598;559715761,1317054774,2019042595,1789542738,873451002,2128821183,733284971;0
====847704038,259427549;163360081,1643316930;567978284,406376528,897530857,529550842,305304668,434237030,1628999110;1
++77865000,218406066;1069604096,1080870621
+++1022924585,136120848;106031687,533968188
++++1749618058,811926208;10169251,271678533
====1565105750,1884131982;1558662132,1753907725;1119453512,2522575,647784845,23221846,1620799108,1829254458,715161734;0
====842417211,633448056;58106661,1050885;495668517,1414669681,173972864,821116693,1517126000,1029159257,431944544;0
====960857564,883313965;1841354328,1676076083;1333498644,1001967993,1252682231,998397905,1124524940,646753124,2091731510;0
====598110214,1287271081;527099756,1390774519;661963103,788751740,360490261,541365360,912423628,1799286862,1780550027;1
++++18735658,1211355433;394526818,1926583927
====2069480718,862250385;621756383,809303620;1605606082,1675440600,590990055,302113679,1894853738,632007365,2110922989;0
====1597945559,994313759;1605271682,1873815259;1668972956,1922016337,830597907,1689959035,832276525,1302313003,1767265313;0
====1672140568,292542681;1805785259,1833778045;1192364679,1612511188,1235416489,994423269,1262262739,1206999342,1821410760;1
++++12798264,158445433;1079583109,1702928369
====1972551565,1646115911;496042995,1598801036;1343457540,1355929329,901224824,1640272877,1941801795,158899749,437440403;0
====691447708,1256350348;874737766,1816693672;683243998,1323334622,1932172179,710941531,1057557908,2115974175,2045204931;0
====183344554,1901603733;2050581396,1561247671;61072197,1932423259,2050005066,2064123119,2065307533,1947013324,857126078;0
====1628551920,436975262;148771386,1122341025;1545488107,849600748,1950904127,1970813431,1725644573,445129168,920846327;1
+++1025066278,492189349;1977429435,1288434308
++++762924121,1131480973;1401846559,1174843170
====813340365,1923537086;162906174,750978228;2002742187,138861574,1825481163,2037008268,1213558601,1591172623,1734559070;0
====1739420322,316048661;1208152645,1139772402;2070483665,2052198225,28023487,10282433,562099889,1884544732,1863321779;0
====906384802,13293484;1074261540,1853405507;1136808490,1173074767,991337207,639222830,1400638069,1980328854,667773506;1
++++1047456795,596046329;410570008,178102587
====1350549379,1576347297;1373023813,904856115;522199679,795267489,1579044109,606668376,455311324,553320045,1586949439;0
====1178559322,322268029;1003778533,2011593940;457919159,965453009,874373352,1147350712,1113440809,1470255800,1923974598;0
====2031029974,592153225;1655073577,1096903871;476334663,1661152163,321814234,1383929088,1984696921,832321644,1749917819;1
++++4254594,822334885;841600402,214454098
====2125819335,1531998689;1005989723,460059144;101542026,2077716676,972233792,755243720,826501533,2008402530,390540612;0
====1606175259,793699545;1323795084,1961824375;2133845870,451877910,2052889772,9124803,1384258493,44993719,779698907;0
====1447863492,253469015;1995843394,1318090831;1744488997,155595896,540362372,1945575228,255316422,707760901,1246086339;1
+++995021792,601538898;1435491266,765367952
++++778114089,1638982761;277897347,1737893362
====501062496,1319387809;984995157,2025547846;1462013570,485486473,1451713158,1396752796,1769872562,1598285479,1621013414;0
====1662381395,1997607764;2054233869,1454455231;832538254,614196318,347434677,343964969,1310332365,654343319,1633867039;0
====1540279412,1720914068;4166821,828513378;1103200422,1327649542,1469285555,687948713,1648839872,1066158823,152608773;1
++++2013730936,111603024;154991496,1371553032
====1983705099,83921240;1253541996,884971597;1121886774,5361701,1502780875,397402374,1584219725,664314860,673339110;0
====370652518,373017930;1562156489,1292769749;479022397,1822086842,1531326178,538466750,602352177,2045495018,656167990;0
====1047801694,1112455485;1690177075,280463266;561755876,1947173624,789815130,235230825,1861799251,654381018,326012077;1
++++1700904489,1452444899;982111719,1739910845
====414743667,583238049;129889507,1713508557;876128294,911480860,1229677661,70786203,2050039955,638796733,1655417708;0
====2085478661,488866013;1821556331,356832907;1172230276,625828576,578145809,40511413,947533432,478792029,1359099132;0
====806376949,939994486;605059349,1778055695;700442196,1038747798,689205911,1049705972,2018184345,362234481,1166033424;1
+1080622896,148525617;1113753892,1513635973
++93415233,340952644;693066082,1624534175
+++1023087000,215872997;166798600,721353899
++++1185425587,1750182027;1351437900,30241426
====1566197570,1674025540;1210456611,2078607926;1033678643,1179245735,617046565,1337044690,192215237,84336253,56984396;0
====290756809,89922454;1359275059,499682018;2082430746,767899102,1607834600,1673206722,576195393,738779790,456723693;0
====1718308506,1320241827;1407528966,206526830;1042062086,1709698760,760849048,1030606989,1025583601,1492323295,217325539;1
++++913307180,399409969;1118465389,785197
====1753167122,1180074261;900300227,1929021533;995969987,529647180,718326011,994573123,1255923306,688727176,1505385565;0
====21019675,1353426057;2019309262,453750652;28001924,1301310355,184742426,1256563057,104844140,1674196955,799966885;0
====1379000185,282757149;2118718301,1158917839;494059941,1392674561,1911474839,1584107593,1970640747,1233236155,1075387191;1
++++2067765679,1550183499;680265379,1232711774
====962445299,890946176;497357697,1526603871;227713327,1346601629,1959752504,358969771,1326062988,220377240,35495571;0
====1918183616,455868746;1219790826,211370923;22647303,249206090,1824632045,158818122,489809195,611630581,312417749;0
====884707282,1598796375;1241733741,1736962664;1807486151,1074467529,2100238586,662525291,896627453,1198171431,148371164;0
====1688371601,298211632;1021847918,1715170776;886168403,2118314027,515980095,1301304965,1746070635,715776536,9560359;1
+++213936478,2041860187;1605025702,1236973665
++++1917381074,1107669090;58931029,960018344
====922285074,1294187665;1740156119,526357918;609029779,2024655008,1495981036,77394157,1006787577,746292616,1083801835;0
====301765444,910776848;360168282,1115527435;376179048,1926049339,2051153172,331053690,798145401,1080696876,1686488305;0
====898439959,924996188;1151406580,495540859;1932354663,1462635620,1385700266,1319289476,531446743,317430563,1702664080;0
====930738583,886282566;883668523,566459955;609826719,114108872,671730661,782600776,1168992695,279778190,476317089;0
====355430592,426417930;125703987,1884528677;1711758753,900299051,2081000302,1410438729,2105986634,825085159,466764594;1
++++1916955503,1792158059;186399036,1378103560
====1077549438,1877345895;69913474,1956624409;1726757913,46856857,1182645348,909237213,98190136,349633716,454400694;0
====310140666,658192452;349460251,2027340795;972346932,2119439251,1634016069,2066346539,1019313922,1270818969,157691544;0
====458130744,125029266;1997820801,1399776622;522107081,794337490,1949485449,879799542,1692998790,1646116570,663210855;1
++++1149609928,1832296953;1778750964,30154556
====1139941619,831410483;1590854048,855606355;803549738,1735823726,622691879,499781151,1092428787,1327937467,118129735;0
====452424561,381418906;192131307,476964018;1355764506,1627454326,1880918917,1510654113,141946209,113202361,1843208216;0
====754609000,706424115;534420608,1592498607;138454977,1481655247,1900618809,990484511,538476524,1168029334,726711425;0
====604537435,475061228;980445221,627267267;997757188,1477099495,2023893687,1706851423,1962505982,246870334,1207652243;0
====1655047270,1345001461;1809471281,777078097;1181183680,1793122170,452243040,2109063788,303589561,779665166,1371319187;1
+++1511445706,1787816512;1704417932,1564169238
++++425650127,196919441;1084673216,5204609
====294350090,1914836935;213858242,819937482;1193907835,1087308399,309275684,1075000891,512884025,1665050044,914047809;0
====1190757942,223907824;1551396914,1798784716;1668531526,446600204,1788226675,417428921,1210774713,839763257,1207074894;0
====802436725,1817191767;1579847921,1085597778;196836731,2004429535,136885352,1225948470,1682273651,2080062460,1282327457;0
====1035070457,38157996;16981869,178966231;2078280881,1825224879,1181308366,1374949398,738426306,336183845,741992743;1
++++1226816621,1030300006;1631949709,1173661949
====1861010847,704861085;682921281,1338208441;1807077780,813840144,1474985401,299908845,2138327023,614718932,874591039;0
====405977182,295982715;844058842,2030101360;1021350328,1984018332,705979922,1673443629,2113556518,1741985125,37466;0
====66021384,2108392034;820721181,1575582188;556150169,1812573821,206426121,1418587836,1167638766,1401298813,2115677123;1
++++2070981552,387263144;113716245,1104061017
====271214450,1041069819;707014498,949404823;1974293093,403415427,124817188,123510486,1928658329,1604608496,1341226125;0
====220413539,1804216634;1943485377,1158697373;1261513596,341021286,2063838431,377566003,1268021688,1217262449,2131911178;0
====1415927428,1362169383;2100863904,80306139;1552798622,1452822359,519210944,100479508,92439367,1097350141,103548841;1
++++36503312,1575667419;240257035,2032657475
====1110814942,89197845;2112844466,963387695;1552265110,2072573797,328804725,1521225401,1847898593,427472345,556865074;0
====715088856,606323505;652401529,1380638373;819822087,1125945941,860152781,636473047,1398556762,518657374,1597984811;0
====1683781871,1351230603;1942079973,466597177;295370177,483290923,1785661390,1951220785,1428921938,1690494311,1021027901;0
====1343564818,1051559962;633664500,1447499665;732238650,799761317,239942608,398704060,1499908819,406247009,1975246894;1
++1024770671,1068473714;596793670,374502501
+++812766700,1002284829;2021143804,1878954962
++++859995437,1801137085;2030389620,1574059728
====1212284569,437679424;29190260,1992801222;812309541,302543753,1666519618,479936842,137384605,1353253322,1036375642;0
====1830693002,1467855050;801470834,410351862;154194086,1706933586,1490787399,880703150,426846501,624666889,1726274099;0
====907720842,2063194432;738165785,1903132639;825146674,16478417,1064804856,935523142,1540782107,451687826,1730264418;0
====448721394,1319341156;1125406941,1163458021;417177021,1818566244,2086854759,856572841,343782163,649388637,483248341;0
====1104102489,1309934288;1805458445,1602152537;1901161737,2096111596,1033412623,1129647980,2099744781,1540088810,925301557;1
++++242694148,325425334;1081038428,783525966
====517998214,1901342170;2127292239,1342879240;535499785,1473809387,124130065,84206804,342435380,2118912357,1718757653;0
====777782950,945007350;209888770,811390133;995540979,2063654388,1702974436,1519164589,345596894,1858006940,210106719;0
====1221656735,2057301945;62957788,552391825;1897243992,1725510583,1004443809,1815842237,498307545,551785582,1834419098;1
++++1588886497,1406838918;1665122652,915594028
====2118957757,1645682763;1722183226,1330763886;1606775674,540602392,726446798,2074523797,27860543,1730595584,364967806;0
====714261497,1383214086;1579568684,1751531025;926392530,1617703545,2113296470,1081088281,674210987,1767836287,940775939;0
====1868113729,1353169901;184710709,527597382;489119995,1541983022,225276387,415141549,1877335863,1139207871,2024083223;1
+++421210999,1868437718;1589039729,431372463
++++1961967777,15521287;2044499928,1680428153
====569712695,2012362862;227284676,37391944;872675272,676848846,1690899633,686186727,1852393568,1649421189,876715092;0
====1398776023,143997209;1833524774,1657755615;475160089,1867965152,455849878,1898611393,1956430010,146017987,1522233792;0
====2119957422,1378490098;98467642,166472998;1302439660,693368300,1490455596,1985405287,892009486,128685655,895990869;1
++++1914837375,1231012393;327629730,416642976
====1084418924,286529487;1446789667,1778498105;886145004,304780218,937976427,1192202654,1918674849,1398445582,320893758;0
====726799671,886697198;471351459,484209159;1042468479,1583268246,1495784161,262446913,2088882603,434559865,1810887447;0
====393910545,1488738760;919212892,178086871;860908637,174674294,105063735,1245674549,1125943131,935638589,2128877718;1
++++24296207,1841668441;1274781789,1305997935
====440209657,1561519356;118900757,1203202949;923943078,994498771,2037212001,1631497044,1191260764,822431372,1525495855;0
====934014891,1731995480;1998134739,1005583854;723931078,216878486,797877204,668631114,1760808788,119099441,2062032736;0
====2063327549,1569162526;400928173,526716458;879283640,367311865,581605037,578276801,129852065,1749281287,1934891899;1
+++2030620728,1949065178;1032650211,1325965151
++++1191365932,763987173;559843876,724234502
====1634087714,490602558;258730071,761883374;1816856983,466874556,1332648843,683323699,435894019,1902836210,166806017;0
====88076193,1036180923;553862805,859809846;1222809606,1273909713,1559554330,1837653815,20976879,903738411,1199706678;0
====709289544,2057636135;361299800,1385584948;143250583,589169348,1933589249,1235068827,775193862,1569153314,1482011770;1
++++1282548943,2050464382;2058605863,963906085
====1889433265,1138151663;50338690,1898630904;1312563546,503185418,854884658,1615307622,1090315546,2068507288,1844581288;0
====1922485348,690827622;615336159,1687892152;974651164,1697951727,269666535,15861457,907661605,1308264642,417324778;0
====349654476,352167511;1654717932,817880240;430035644,1020436454,2048247353,320211405,868317932,1608085435,1685311355;1
++++1239969043,1879405970;785284044,44769601
====1562679663,773126094;1926108771,1684334709;2101603288,1610426418,516028930,671883347,2030189249,539619395,859246354;0
====1609150255,64353663;313344760,939924017;817705648,738710590,323736455,1714644525,1442006938,1247745408,1129128153;0
====149291078,921680822;1220410117,985437067;793168475,1313103595,45379288,1911635070,307621900,1305177432,1478258751;1
+++1415503028,1002114622;1983926320,155011466
++++2027619340,149490110;1504618383,783886313
====448140588,138148039;75081067,1484603529;767962774,2127717690,1752678789,694177900,177717113,1054265017,691904615;0
====1867978826,1821866495;727434374,1865868282;2141904136,953541100,1174454354,150852746,813729493,1350127222,498858426;0
====1765614999,788519765;1430815855,1919122661;880793397,880870570,604467738,2000948952,1983625841,649051191,1413206725;0
====1897139948,1868114712;1354440894,458152091;1572334371,258457172,2033712401,1284761385,1043007468,1142326273,1297505948;1
++++1617758004,1860000721;305405790,1284522496
====1221519047,1550634926;1472095567,579150947;639693159,915980339,1122292761,296267247,51845781,1564421127,1354457508;0
====1803812370,199325326;1526286114,1182763850;1890440148,619199806,503928322,1551120664,921535432,1006689934,742648643;0
====485083498,154797513;624019427,549847250;1378750434,864913789,553576108,1723079336,10279520,620635010,1717464359;0
====479753791,817002195;1727926851,1387785190;608866117,1232098834,1752372327,334372310,188144500,328103904,313675947;0
====569011181,1274214874;1268810160,527109415;371363477,1714622176,814536028,972863250,2046320474,1333728367,702148902;1
++++26935028,558389549;1886107594,251417086
====1431630346,1018438894;1725612361,180429170;1925163510,316852279,1208990083,203468479,1207253034,1191981148,1647988475;0
====1357120304,37903137;1399078497,1772984323;2040969673,1428592879,1700111296,153287653,297431471,1084219053,994830573;0
====1902320547,1208017532;677797940,1427479244;1988172436,1754381636,603829976,524192472,1735777932,85260742,1979703584;0
====1296160294,1318662799;1098463555,650662464;1332908881,1922883349,881054290,1078720680,105557308,1573786202,207381194;1
++++220253729,25854349;259819030,1789024379
====1992909177,1478991318;227767547,1272482670;666486436,1689892357,1395611073,1277338094,1241605002,2083186023,1521072841;0
====1566356593,1039364896;463824135,756025109;1064970991,364128370,277490357,1344336864,636540878,2039652377,905355954;0
====2021634889,596393751;1154780893,516306069;1814365865,865659157,1071325494,459710607,2138536456,1261333713,1146019317;0
====1627063873,839308860;1355923395,1464769247;1723678260,1401396265,2030284546,133165742,1612353168,1644183596,1376091271;0
====332366434,497248550;886141649,966769207;799538111,1676768218,1591234268,695972299,698591226,351314281,998767313;1
+++966265582,1676317798;1965666010,377490742
++++31039703,1626956398;1769350502,241977871
====1914626,588819238;282614910,314521831;602699233,1247258203,2066061158,1141474344,1346018082,1326490309,1908315262;0
====1904526445,460822844;751813081,546569406;1785544469,422706177,66163043,1963728137,1663263847,1754490946,980635170;0
====1162671246,310155356;1721196357,1672994007;583420532,631767611,1894470516,223282749,2098916748,1978281082,528573446;1
++++2044915426,1778946631;1174692616,1794596904
====1795746721,691966127;2016081047,320728509;721226891,457884933,339184099,2125787172,2034399517,1891163801,359412723;0
====743539673,1823261273;1748459113,1082145876;1952091798,77839928,1057205291,1746294499,207841064,959555605,348687705;0
====1632945608,428257621;1434212155,2081353102;608500598,412302609,205521799,2128380622,910116317,1023055066,668361623;1
++++591298947,2091229787;1482615139,1121430956
====768753048,1570855248;644122886,587188625;1651494438,1917707642,734197308,1783926186,736470194,1931188534,2107097259;0
====2064684119,404285864;1441171690,1867441507;1522341642,172567977,18672116,815074136,1939311737,540495265,1814315279;0
====1664405488,2006236319;1201746866,497900803;1843511678,80130383,1303212531,1646583383,1164806569,1938674270,242582110;1
++++1464915501,561133939;256695243,1746129654
====33709670,1096100035;929167471,1940856543;1497112646,122632826,622931327,1140917650,2112106369,892848045,1622056359;0
====1927728248,997370063;1511216894,507185440;2091449791,1236188569,1184802033,1058475884,133929919,2137122971,1606219753;0
====1864666049,468562332;1638409637,2036736887;933082634,27929577,45442194,1929204241,28780280,1196613528,272169558;0
====322771272,1217227801;967279281,1179492852;1297912792,61448049,860166940,1573331105,1201536673,206656228,1300072971;1
++189894248,868814543;1057663110,1207160612
+++1713409324,640597003;1207270251,125303595
++++1533244681,1661092467;1455572873,1043259432
====2108853876,1105868968;774267795,488592969;543489719,1164140694,1241886308,21200928,336626254,932820532,382895178;0
====53931217,1877689803;639769578,807493640;644030121,90208813,167134584,1177772959,298308643,1793574946,96491098;0
====923340335,1100367301;1494099073,818286104;1386612118,108885411,653682722,1255738486,738317207,1918488662,471000616;0
====1860437288,1332554478;489994591,244713787;1468811999,852515394,431662482,1971218788,1843333035,537738000,735092596;0
====641434623,1805591472;1528975890,1256625224;1938887474,1642731660,749846027,768342221,2027772643,1489480234,1122484316;1
++++2070376460,120419470;1378529140,1057372798
====2065405703,284655034;830651640,506155071;1889337495,438647107,2035798483,1008400949,1388526578,787551111,120746161;0
====29347059,1841942377;947293972,301570245;1197791213,354166491,1334751780,1293364701,1280591730,1611918312,688160209;0
====10910962,1816202365;642024976,1030191952;285723906,459425766,1167357802,1661398978,215462171,727394152,835715837;0
====1641715231,386206615;177566947,441467494;1655391400,1757948386,1251876204,912899757,1723464600,222095781,740913297;1
++++976385825,2043379283;397404368,410061298
====1948195923,1393554793;21184322,916132580;1484449695,1137361156,2093170111,502951435,1372516630,1428675100,351625966;0
====1707374249,122863984;1460149298,1180221802;1497287926,927377282,640131392,893256207,1509469344,2010695365,1638550010;0
====1250444663,1297518715;1293213011,2051869071;433818691,266732435,280718225,1394928468,445722443,2070280590,1761509633;1
++++1039034799,1645352496;1660905399,328539644
====1475216838,1355077431;1460989985,587305007;1686004986,1359617196,1180948914,933240494,1348859708,2069539367,1190153240;0
====802282974,1636894092;535530104,1731536036;2005009504,1509626916,1432666149,1102306642,1453484811,76749539,686810803;0
====2147342049,2077271712;821345943,248143210;787893093,364458461,869918852,1897502715,383266577,1883008527,858735880;1
++++1670765236,977283701;49456501,156774931
====162199253,1063062236;1922501848,1300503366;1950447720,288377516,1023120377,1751343243,1024027098,1842063406,115554046;0
====2039815252,1829711955;836853030,216945140;112529579,1309641361,1194352248,585791537,1934398630,1853578713,1779397052;0
====165098304,1495091084;486213928,100268173;1814864485,267616375,1279990575,1103600775,1497715728,1098281402,1772656472;1
+++1797071424,630127363;860021475,659561772
++++548794615,896606043;982371357,582918499
====167249929,1077994833;1809787848,822690654;1137588694,1157151715,1460590096,1457464875,1711155012,813537255,670756386;0
====650602543,35608035;1680387392,1544646050;334466656,561996890,675303629,1024682479,752952249,1907675760,1939555495;0
====1425734406,544404797;1350244843,1694117705;485349005,1534252103,1206656011,1508349132,25056366,414492774,1550753939;0
====1395296589,1173303797;1556765655,621165098;605251308,878723767,1988670082,978399407,1338992804,1432131825,730039773;1
++++1351381034,1143755924;1885482788,1104927069
====862656743,1899939277;738550771,1769337653;1454184971,950649691,742354206,422846668,652874248,1376888642,1716000354;0
====1623822453,1927744129;1777664035,2099347943;1718600070,956563745,686904716,45312798,1457788011,1624359360,1570198777;0
====1485027714,1854268289;800412808,658192548;1917382533,641594543,1221307245,39046938,539102870,2146700702,1574481358;0
====81498262,1252956355;21065763,2075597151;1488881702,2030518231,1911008858,1705018612,224495112,1264076432,923918415;0
====639423452,715493051;58643079,944057349;202246166,2099083365,527711595,2087669237,2024214969,1070743371,1531069408;1
++++827959707,1674608581;1572080084,1112527780
====992941535,1328313823;1318723551,143424911;1270589836,1267956607,747901049,134715105,819796257,874876387,210320008;0
====1917627915,1902758476;1970900996,2015992758;194249744,750370,472592188,45719788,873540406,572740721,1365708051;0
====405682596,936357065;195920681,569275213;2080459146,831434287,193819594,2048140331,419299734,1655811342,1899853894;0
====941300248,974143394;98351910,1445236283;477378755,219000250,1151848823,203030968,313795038,1128066567,1930320131;0
====206091149,1983062605;1058876990,20625428;631089999,79264955,518480808,1912095844,832188168,658932096,269711416;1
++++336296759,1023751118;1547146280,258537264
====601324718,1931225978;1372296360,1487239096;1966269317,38780200,1107678778,783638976,460086758,593397774,1348363288;0
====1660877677,1106638250;1963793755,1139344221;2029781331,1405145677,1226518133,1633998978,203220184,207344772,428883317;0
====1232300493,222497447;127041635,318548757;1687260518,615789010,1656670852,363419722,1877875162,1117488672,1750941199;0
====481196352,796722728;1584311792,821681835;296770280,768810179,2003002024,2146256537,567305227,780931534,2023589882;1
+++111332970,41399548;1049427385,1711666725
++++1515665336,39598024;2117602000,795029569
====1345357011,925007016;2113030482,1020762327;1804912936,107650117,1214870662,1069337355,122744405,860669517,810079053;0
====1146793130,14311419;1019075619,766547352;350598159,1292583669,1969169835,377814799,1203154138,497238008,1473815827;0
====330550772,29325195;1963914144,1736374782;1381489076,1399608140,1843987504,1145106583,827110027,291252904,514884355;1
++++1220257438,1991419720;1895353561,1735668036
====125959179,253689113;1923795410,808923592;345084614,343926940,845138434,137275313,513105059,397893946,2108705956;0
====343560908,113251585;923024532,1596202089;342166265,1167798128,718298338,2102037662,1232910273,858480529,662241404;0
====1634800646,21532814;1835428238,1268099395;202231866,536719592,38706170,525699105,1829251290,453369545,152151219;1
++++1527964926,470652568;317779538,1065475246
====1332920512,1713193215;1163698032,1097504634;617991578,1762970276,2076565098,1602374609,473283981,1609787824,195121599;0
====955291635,219090916;1906967656,1073247020;1841117639,41637248,2117857189,481939327,175419982,1526749310,1750635020;0
====1742809427,485742113;426013352,344182036;611919425,22523253,786357714,784573547,2120319792,1978755112,168350447;0
====964214832,243528463;2027564347,387088420;1414369178,1661265648,696828331,854980736,1284589085,1702456076,20680898;1
+++308476187,156611260;1234694208,509542427
++++78522909,1306758305;2005379758,1195279019
====1762755951,901142227;318794036,500815179;1862688619,1035046461,2098521392,1525332730,614101809,1917968035,223662870;0
====713805471,1797206891;280461032,2002803004;348261666,882171481,2049091738,1155287257,827738343,894029551,257821558;0
====822720975,109613215;167818886,49658196;437724438,1651855561,1944502872,1838715898,2092223677,1926357133,601236913;1
++++1286879095,1696171354;1019983947,641779796
====1169773602,1345553171;76558724,663787371;1839820913,491119361,1914602505,1938427710,2071015350,1339792382,53666229;0
====1669192662,815485223;1571608917,39523391;1531376026,877350446,1976353426,365852795,668114510,561018261,732255136;0
====341965940,1726626860;1411098679,1297465856;2144157972,1081207050,1044633718,1540987601,616950912,419156281,640680211;1
++++1667320451,1443035105;445187389,1891854653
====349241135,1719039506;1409919696,615305936;932967505,236264623,1725055823,21277980,556324050,667597177,548776101;0
====1653440835,405207380;1547310739,191003055;1879657903,1631096900,1499906777,85581065,727302688,165036229,1784050736;0
====2101663693,431943150;1972711942,394931159;2046855436,452314456,2111238525,1772028790,944032372,1197954031,309616956;1
++360650764,1829025004;910621502,1857292478
+++1051063817,1757493207;860064406,698444906
++++245052887,1226429322;601649187,1334963429
====259166975,222316885;1261562929,150687299;958637210,32462303,1153148545,1034340607,1442064344,1067499295,1530611227;0
====1341847602,1867824488;967259680,192651209;1192781467,1766053052,533079062,1146416878,1584953518,1147168454,1284549803;0
====1312496752,1721151802;20814253,1030359147;1619768388,1658516024,746832059,1151049628,1089406944,393193769,394649084;1
++++1568319932,1268365645;262832803,1203227116
====636765010,1581642847;1010108198,877766059;197829920,2047444420,1636771772,1561372718,1762327297,2088529567,541045782;0
====317871938,1415956033;842394472,799402972;1114365624,304891067,739948518,1881256053,1009108287,271784647,888668952;0
====1928568833,2010301849;2025785199,565218283;964924264,1954501160,1369979071,1564153070,405480727,1675264505,1896128273;1
++++608856595,490003877;725353453,478490940
====245933291,1867575252;756819954,910598708;1995639294,1059169530,276692941,982369243,1207758567,963068340,2128250925;0
====1941326063,546124392;734375464,2047742790;431795741,1799739140,665726033,1821895912,395494980,80838241,1339585041;0
====1379053290,2034511264;424813559,1979865930;56794107,355912357,1480396126,991144924,502861901,967865988,1831177415;1
+++945962236,1303888618;130526335,379913298
++++317989474,1077237189;1626792777,1433562868
====59845393,1580416322;1401306256,798824084;1764710605,329967485,542465715,1866951195,1778952837,1765085026,618169441;0
====1266675342,503624866;2021086396,1954100477;1363666581,1225220642,773983433,23791425,1958364232,709319498,1138924319;0
====658554668,1251661879;1463760028,1950640958;1033777193,1001563492,772187155,657101379,7279867,106545418,1112258782;0
====1856187407,1352688308;1406024504,1922529100;1165636900,342026142,202589728,1195155202,2136936439,1777723353,1479444095;1
++++181986779,293535809;409001888,1472783585
====1849444048,1823448850;262237081,1159478730;1343868605,1519668515,252000286,1909498118,796039982,1644845116,806257553;0
====1688434300,1283298022;1902777962,2084484975;1552676081,992383461,927618565,1664987357,1343037680,286281452,698192344;0
====1989507942,1037335853;461171639,19328486;249447379,240225747,1438351401,2029113543,1290810120,2031940387,1367534963;0
====260561873,1841440385;296090609,1423293008;1591303166,1089057247,509625119,58407927,2028140476,2034827490,1972089737;0
====530060037,1585919196;2083839716,882457875;158145722,414110068,791649464,517767609,1063658723,1969711721,1808315670;1
++++1267331107,757317230;2002781567,297761049
====2005103796,874705486;1509093367,622957776;545556324,1996106221,461085403,526794354,1977456688,1182721965,1731105526;0
====791225190,585593824;176322416,2143882912;1562287579,23939795,1232715924,938703977,1508553538,481332224,477577786;0
====1700344926,940777954;1224268391,1241133805;1363052046,1108363537,482891411,2039842231,346991083,1714879122,814966943;1
++++1307718059,1865680142;376205027,416055739
====322815959,554621880;387530992,2008696664;627907945,1847722562,1463435412,570188270,270991948,1978079542,1172103713;0
====1535273483,1290176462;505924861,1388690857;304675647,628362585,235125691,1642434003,1964376997,1841630446,948957921;0
====1374585571,922326969;856470580,1664722244;407998678,1587946345,391909878,1695708256,272629063,1722957727,185291486;0
====1898823613,137186755;1562842214,1776686019;863338613,1845323596,1756036123,1568131611,1907630974,1271550335,739804257;1
+++1437962751,934361942;2021232440,586404343
++++1333628166,1885732794;995308285,1015960566
====714887057,170579311;1698791515,354951501;235708392,1379021643,1156809942,1125582090,1734642743,198899871,1610530557;0
====37255583,497278741;1690056840,1722540783;1813466308,169965789,53764865,1980382596,1361883719,1313813029,1142759459;0
====2146594122,966586094;1295327847,1559621207;970556795,1356732137,377938724,1641836526,1371805423,406031085,1843159423;1
++++955819646,2094763984;986038348,1018787396
====786811758,2109548611;1763350289,580353764;1665543895,1143584635,1016780505,1417666519,456245140,45765427,1972561231;0
====1170008308,61156417;317196841,187015645;1211897508,1646913186,93567463,304651765,1238152951,226242975,222680274;0
====1858757182,381511805;2010051025,355527106;180810317,1994464106,1664617242,103621557,1297678180,90740050,348007982;0
====1018554035,1163975466;1204516237,725942735;1334024017,491710845,576581838,821661500,122730774,498002508,364150020;0
====1947226812,599190249;1729779783,454259005;524347724,322841081,435380022,269841770,2070594996,1579047055,1441969291;1
++++91704812,857015848;1424971092,9181364
====2017120303,72987240;887676327,837793456;1744967247,130366386,1566954683,1672372192,1086456255,2131496503,604210604;0
====1188225274,1348954267;1625139206,1063319411;1372347512,1435046730,1532142838,2135246509,2077925226,361102424,1547908433;0
====1796203216,2084312738;528298707,2029686774;834906379,497409912,771366806,735095271,8766629,1818345040,341804336;0
====802638545,1835274498;1467438396,777434590;1443451546,795515852,2031717746,130249277,1370281016,1244999078,1242511237;1
++1430064556,2074274873;2071136678,934525633
+++1250281541,217358020;290707581,1391760398
++++2138046974,1924004434;1870515858,551382831
====1381180880,722695137;1035931914,413218279;2124384316,174185528,1019980406,1739340403,1357153958,1306304422,633152045;0
====775011628,1389219192;847220830,1439691539;498744291,740530236,1755662160,1805365248,1111825598,1307857688,958512413;0
====941312479,109269770;23389439,1769268950;1246559698,736451921,1576120831,457897691,1082274109,1483042495,597360992;1
++++971164805,1641431797;2040834798,1252822341
====550694968,1316130826;1133099628,1124685695;631333936,1334531378,840936494,2070259733,256104601,859591873,1645719657;0
====1680371908,72289193;1670184452,1937850413;1396922018,460649313,694012352,307890030,1767513648,1023207127,1072218029;0
====1994561550,706796091;1939950999,582894255;1823352550,1438207670,600274847,1387960631,367371592,1652144847,1991704596;1
++++420326272,1248104220;670020874,1553924374
====894911659,1113919791;877023233,1442616450;1802450153,1199592222,184239112,616276694,811218446,1442991781,638251371;0
====1428245773,909646076;1203917825,701870772;418200126,1394372297,1540784730,228777269,888128468,2080073977,1493125130;0
====649125923,939528270;1547926938,1787004571;441792762,1401464957,1789996771,83668830,112576712,1300230013,658061020;0
====1144765442,210545497;2101580829,2132869141;141714754,1806947634,1113661614,1737448843,436152532,561613669,890435803;1
++++593674851,1867926083;258176014,2065123840
====1639442018,399031331;1737957303,617670024;1437306289,1968495132,248387309,702170426,1292606860,958403358,997304607;0
====701962336,1984598605;544941528,583383228;1178182580,1358830011,352600337,93122549,932919459,1285550037,1334210134;0
====424942700,2002502588;582805596,549496711;472831630,1007076389,1189775777,2139337213,654179984,724759499,44829948;1
++++790417800,181126201;823965438,1768110082
====143196025,1139158201;1105382980,1518850927;942924765,2143570314,1063916879,623653898,2055760723,1706565424,1637532091;0
====2049766243,1652699487;761170190,271152098;488642880,1194084881,1990449187,208775762,328788541,54767160,1972401729;0
====261785722,1384246146;1049500035,82441194;174123926,95673663,322322134,1052843126,390006617,958541194,1497589769;1
+++418046176,461193215;706353234,2063329376
++++1893809984,998922030;1294615981,1173543247
====820351991,858602142;354347688,2090888594;1039912600,1221533860,1090683525,136300221,1920472504,385867023,168541313;0
====344472317,2011231727;1932207006,1533808582;1758760734,610939143,753159481,409704571,212029322,1378897356,782784757;0
====198338391,1104851621;511986865,2120510500;1922399702,1845154929,1953062671,2072453065,1645576424,1026693853,1704393165;0
====1562253821,1349263242;345900246,970963027;1321704294,2093652725,1183895079,726815715,1079277300,783573130,1358465930;1
++++1808668412,450170620;12805564,309678586
====751143522,111491195;2053206210,2117231345;142867625,63821883,1832654008,1656161715,2012888841,442464926,603357040;0
====735539682,700363008;1032717328,1296174104;874760518,1114738847,739892944,1144437016,344251142,1239578760,1399471149;0
====215296088,1338344361;703094734,389025348;2026849153,2145706980,2127947834,674237261,528634809,1597082512,376533323;0
====654233086,968800239;1063787938,154923168;1021048466,1788503797,1243416056,1464283117,472212856,1385859583,924201928;0
====1990672890,1132709673;1641958035,1578118049;152509101,988119277,2064351036,39774240,833552954,870489414,215352436;1
++++180943219,2005543312;1016990597,660963916
====999293675,212935519;340793566,1849273425;371635840,741385151,576503585,1734892947,297719429,1700342420,50964978;0
====381177073,97397042;474449035,723851413;323128309,1758900102,77464357,1555618018,799247943,1428057743,1916353338;0
====325582122,1547007179;424779990,1246675682;792458519,68703558,1672996851,16422707,2002193836,582399742,204641539;0
====1019489024,1565149903;2039638271,584127734;1855931167,1984323615,1818634449,727244619,1180754550,979878674,1130699199;0
====1688078212,331624812;1447765428,1338128222;363194419,1632086295,1221792639,101760257,2002299430,350095356,1060744652;1
+++1208322934,198707872;2117247297,1828347173
++++904255206,1987284557;901250921,1088899843
====1843877804,102582404;1553606635,1590478176;2070896906,1882688061,1982178197,692242825,1110288933,1335573490,1923304165;0
====1077949377,1652825757;526671884,200359200;714103858,714262255,1987262539,1493904612,352154064,413913587,742407303;0
====1646052020,1311084629;900555576,592108785;742448743,332925154,2016742790,1668485469,2129247367,1717897093,1603065605;1
++++236733855,535720509;2019834312,828760452
====1745597854,938256195;1726562138,1537294830;717036250,1668118385,1675956094,983275540,1833271972,874739283,123341440;0
====1381118876,1002248843;1476990569,196796571;172607739,327068318,47418561,690941940,1372052296,1757101307,28744339;0
====1849539975,55094707;1209616985,1703210414;667114845,689233773,1556245801,2014264883,988127918,1521888520,1665138977;0
====1990955414,793948009;134839501,245186389;1145894190,1575307445,245444613,268381046,1525452824,2127518848,51403965;1
++++1088756664,2027165108;1355530591,1507904340
====1759976319,664093795;1434618228,172892711;1669187040,1572041623,1839961158,129623542,2146910028,1619140439,1269002008;0
====1629388565,1277591127;471830184,869113129;390636351,922067321,199709120,309891986,1111329044,734662520,2134533519;0
====1523914086,58053950;1806344695,1724594585;1856699666,769587782,77965299,1237526064,2141977401,683558922,1530195309;0
====745532430,1584294422;525098785,934516830;2131109435,267136341,1564300308,805824922,404802898,1338085505,1823936191;1
+++330320352,1504958061;36075775,1902579020
++++1008090132,1358677924;1178949846,466704464
====1712391041,505153240;2098573931,1616563188;1710932804,1256839031,884112003,127890368,645806740,974393193,1009221140;0
====274107971,823935049;1219895070,287682448;590066411,1796618352,2125814015,136257479,1327926064,1567407794,53983261;0
====1556442844,1969272248;1051548814,1236090160;1677694136,1676007818,120885759,87456385,1900173857,368652853,606573273;1
++++361180286,765720713;1305416007,1012223735
====1318501051,1118557879;1634481268,2037980708;547271633,1100071159,132785421,705583847,1723672735,1181998031,1860146199;0
====832592862,1436508706;312271804,892217907;1768168164,1140561612,1721421674,710687490,1481679533,1375960894,255595140;0
====1257243608,448927919;1743563952,1986802039;638037123,1274829750,1026288821,1395308265,345313214,1369197688,436881185;0
====1944565748,1894280815;1111452004,1222437845;568913845,1057007441,1687341484,92826213,376234079,2068580904,2065719647;1
++++18665026,1588142514;1957565461,161880874
====1036681314,1577962341;51947145,472536110;1003053328,1287002791,2069784199,355235094,306011803,1835412981,738028584;0
====894635934,1227051729;1838548384,1751960765;1567628968,1739971589,889656862,1553660579,262494945,39064790,1650447990;0
====885745001,589592303;887906675,1508656464;964899408,1031327835,1232423411,1884253164,1728256224,1411042748,1110391360;0
====449371217,686097715;1096452621,1307048930;2121850185,34488519,1204465970,255511233,916408918,376875576,2053580126;1
