7;3;8
+1623543386,2067720240;967777031,1639788624
++1739699948,1268474317;1400382848,290828994
+++788497869,574174693;704141168,2051732076
===1150052651,10909555;1553477567,67176505;303160006,1881568208,807095170,2112934595,1305121295,942731877,1641101367;0
===2087127956,921005801;1674338868,2011083437;675914260,1944637334,1797565578,71997771,1470915799,1145114921,2145892372;0
===721626941,1244654076;1214356964,786065530;582065299,422341197,580371105,824058635,1480269580,140300741,1721324510;0
===696186073,387956504;195355951,1879453837;1436192867,1046561819,1001457705,1955219751,1728893015,407247528,2007840304;0
===1874994531,914497248;874024598,860480708;1580668508,352299156,1179400853,153514942,1467662204,1235432761,1150551557;0
===1452051856,334544510;1109933639,58194692;1719895815,1292143373,570355829,593291202,1598926238,295139502,2142541113;1
+++53037937,1029337936;1926584247,1892678483
===234814751,1814709837;21543070,1388117686;1983426620,1513423216,1050887785,507338091,1877355707,437798327,1010144323;0
===1934300936,1986479156;989694957,667387598;562500218,581136636,1655285387,262203875,498087515,708438861,1279608554;0
===275962919,2087667033;550761852,253443413;1640990710,423094672,1007397267,135638795,1772107095,61079571,1991084805;0
===1792789581,2073615466;982202813,830493168;753080340,220043029,1642384657,726793021,1265628976,1598428096,738804472;1
+++300930413,2112472580;1594450120,103418165
===1573516586,657495119;1470228994,2052387097;282902478,1397720206,1779544089,177608683,1536409870,1603426497,1556428700;0
===632460808,2076068675;430265997,2047121935;249555712,1925600396,1492052748,801019044,1093902208,1314511743,994175321;0
===736925078,268035293;456033704,128666666;351229928,1030961343,1270763560,745010651,1087787501,2136716626,1759169793;0
===649455661,1935256531;365782359,1510273728;71105493,994101812,9542837,1124910065,965718124,592850017,767599020;1
+++785447234,325340419;659483968,1391380100
===1471632447,885703808;1542802439,995464926;336784227,1544304555,1017371177,1310788881,2012149431,1741142500,1764521845;0
===471901783,1579815159;725667005,2014083802;903806302,1770358839,1970192237,1699056303,1692205478,1572311535,683974849;0
===1232261260,772241529;839685474,1742094575;1293734620,2070441833,798542830,263944642,1866726295,128630148,499529071;0
===633697019,1003976325;193835172,1702890587;1946817702,1356664505,74529521,784998303,329777399,1233787034,424551596;1
++214959794,79286497;623864721,1463448895
+++198801204,525389439;877195743,1265919935
===915236683,921499127;887954088,1062575710;1982944437,1983727378,1102615690,199658688,504107298,1149375659,1160609180;0
===188654929,1397026328;1114974914,652212965;1249245519,316401803,1277564133,1945546284,2020323756,330564044,379573128;0
===1901803024,1760578005;790639518,1014175467;202555462,943007960,187008504,989389231,884883997,379249199,1863227645;0
===1789766019,2062289505;1141793094,1200402769;1585233674,2038155005,577659366,804461892,907962823,2071172654,1398161202;0
===1427913763,291068853;1344431474,121923687;1283282759,45809833,1319485683,1399607931,1210259368,1799876466,1725143938;0
===1617819899,1207905044;1179652259,1257646746;2072800081,1037533602,921596473,1240734578,630214864,570496844,279343232;0
===307366533,156583571;1570608171,972860968;2032118860,634667359,1575117363,1789572313,249798780,105954658,1917727934;1
+++771823018,1096133532;778064438,996092074
===1685495976,740393290;1711973421,590575504;623885910,311809785,1151089335,1576903808,1174745393,641482479,214567775;0
===1680632988,1505074126;147790272,344868333;1335518112,1808833314,1011458377,356222356,1735784239,1098317301,1376996602;0
===663845832,2012458251;1635208927,423979948;557082594,732855730,514775213,1878694777,2145148175,353075707,1009621517;0
===1122115964,464700579;801616539,859522384;1642163928,946833323,1906364517,578060391,573482217,1857349449,1148566652;1
+++1371070786,1368927774;37105590,1675066632
===1620608804,566658165;2071558054,742470692;147462592,1736756815,2018013769,118991063,1100705389,560509486,1773918245;0
===1400769236,1377749880;614542198,1502282650;1616091591,1269203855,472980057,152943325,300879638,1683262559,726919412;0
===1195117187,76436480;1431601365,1065847197;408938754,95359376,1072944411,362363137,2025908269,1630470407,2023689059;0
===830314716,731712520;645042712,281376022;94367116,1693932756,1422724973,1413732497,1371232258,534091300,704789718;1
+++824894344,1027999475;193609420,117928003
===670041750,1446196659;810705714,1688069697;866866132,693506746,1888063898,443135190,1737884325,1625194300,1874940615;0
===1341363837,437843241;823398133,1162241932;1039542217,695842644,110052882,140845787,191702774,1799874990,234058324;0
===1930636395,614970507;1987876399,1710922355;1281505520,1325584145,1610963462,1002795864,1086298966,946708943,1248414042;0
===1836884952,1508044253;1881640879,102450414;1602213114,316511666,1027911564,489546071,1972328761,412776735,921780462;1
++1799553937,1924937088;681011487,1861156120
+++1118370287,353324291;64504644,1077201697
===1828584533,1118290033;1591057989,1447066278;471954571,2048798901,384338702,1600356825,545493921,113000437,1773933140;0
===1546394238,1934349713;1905255498,1554045113;1430903877,314394780,451106831,1936292921,1277241075,1662134861,1644569622;0
===1154159450,605365262;1713183812,617551257;527997576,896691022,1094988682,1753062035,417029777,573853961,1710660726;0
===1034622050,110420831;365268792,1194895899;1050444678,400348127,586222911,607210087,819240232,956909680,14101959;0
===977618312,602311364;1560841728,1539649840;1513096822,425241678,1670716779,1525328605,458589055,1582105202,1822834331;1
+++1798274671,1690627016;1674383741,1365831893
===1342761319,1653145498;1442205111,90681014;501017023,547017993,915489306,1275035108,1538538849,301985284,314520020;0
===1237264046,153062659;1142051329,324660969;51296591,444865956,954441457,1770590533,1774257520,706345874,745843971;0
===1838315754,817301931;517456095,1094718790;1914438936,1060823730,1817001112,1374999565,323384743,969151005,303707040;0
===145563770,1977972844;143906211,812386707;141962698,1616476246,249204700,1879587319,1231653837,2094384021,455147552;1
+++1161659509,1555067938;1938541233,393234712
===132712130,899863098;575663945,617045502;1776306331,1504923466,373922743,1056637351,1804246582,1964101472,1487138902;0
===145228096,1358426721;1767092241,1685671376;1151519827,771817801,1318519789,73835174,297091122,367585736,846556710;0
===1883477623,232610074;1148650579,1041623811;2137556647,932576310,1640405567,1555797534,84819897,862799926,413315976;0
===439955350,1504785447;532847259,606828167;2012456908,210978445,112422788,740063151,31362671,598032160,25819423;1
+++399016069,1272747595;197764673,287447242
===32603879,874131975;369980285,1948837051;1965953761,847206240,385013260,628832390,839667458,528424000,761076922;0
===1617668654,381108910;1264764550,1715886796;1648105848,238219498,1827537516,432848161,1143578765,1925478715,629243209;0
===1296757399,1559770025;26968915,1771525151;551502966,1589752112,377033813,628831192,1046435536,2015265947,1667934953;0
===1991368638,312790637;1040773210,794586201;1546425943,704765537,861770658,564162976,1441384079,1815154726,1791237789;1
++1488238035,2103856575;55296605,1470857130
+++425954277,636986247;1511963557,321843184
===1822652193,1433186076;1720665134,1473784125;2136536545,474041243,1430736926,1685421278,1488560861,1722996892,792294342;0
===1884257512,1149046836;1043944494,1017929061;511841446,32509256,1945628663,1228505730,1461986216,88817068,1936578183;0
===1824406346,1425302639;1223143155,1991487545;507468564,334101890,2049961707,41112810,1914178296,316243338,1111671135;0
===74917886,688124196;1586059610,1014118044;1416050866,2109300255,1576619706,645447298,851346034,1669187647,157964094;0
===1909208698,1847990688;1199477071,1834475512;294618648,338047610,5811198,1459469063,1093352304,625435135,324675282;0
===1720549036,62716859;1918944685,1905762241;84822784,332691216,2142051268,536160289,346326837,1058517609,1145481433;1
+++146381782,1971814507;4367894,1912324159
===782497005,1162948747;1060079111,273830748;1283474028,512069401,486096600,830509472,835798770,1190462295,1477115646;0
===411651832,1168490807;1286413107,910298811;1663955015,1287431967,796164592,1102109226,1121855140,2072416214,1355527136;0
===604996924,1896417926;111467348,285748321;830436706,1070845359,1185902732,528724349,1446084004,927689112,508456717;0
===1420364766,1836337840;488561008,222248959;1045828641,1274973173,534109320,1231840911,985528679,75657128,1099143233;1
+++456264815,1784404162;1365373970,1271110646
===1925216094,1216399046;2063340577,245677805;507374385,2000068763,1744177920,1300926790,921569788,1207694185,605569525;0
===1703583879,750277933;602091243,709951706;30308456,1818540463,674167104,946659019,1965656930,1607451064,1730618298;0
===1543930092,753921200;1350415646,193362023;1034799487,656613872,337482090,714590556,1565731296,2130963561,1156975148;0
===2119005904,235970618;639784022,1266119031;1909690807,1502965857,338185286,41171166,958477276,193927956,928524788;1
+++395613154,2065773718;84031375,1980314762
===1314434761,1080751521;1312823518,1728800490;400444702,104485502,7679948,132068285,531324505,1570566878,1836154923;0
===2133291154,1089537071;2129112986,1641814379;1072888163,2141882615,150976322,279952628,1907349919,439541969,628757735;0
===711958858,1426651079;1730190965,104480347;1956611757,153381128,426394585,485301830,649752845,2073394119,1298083603;0
===1457081357,1477500963;1339343271,1654646415;1740101425,93886337,1787450797,675621639,1963333934,29730388,200812885;1
+196236380,1829505329;973039325,1980311986
++870689245,165823278;1782879509,620688430
+++1036697726,1556825897;1142008253,1621444491
===2119120909,1450829160;1729953028,1445995214;1663102406,1909148553,188749448,1257165755,1068520346,992021866,294263906;0
===1465878132,907480595;848830111,1460818037;1196868671,580006518,2119939279,1535333854,1582172792,1234874496,73282198;0
===409623246,1680992541;413982947,978636546;1468325888,1743334660,1584329246,1515790908,780867456,1187994641,1590970851;0
===952754904,722716784;1941396297,2096026882;1160841050,901241298,1402397149,1807344631,1144567894,1995493439,15640396;0
===123348597,2106522299;628498755,1947280575;1510268848,1831006341,457426240,679578315,460656749,1446076510,1785881765;1
+++1597913550,249943551;475413706,2119217267
===1267799983,1376370790;1835521632,1600264728;2106081904,523705936,1312344396,819304937,2032027830,2114659325,1483083208;0
===1888600698,1934454314;1053531757,1832572513;847730711,2133309007,1532552359,1179360572,441264366,1525695321,1910539513;0
===1412725297,555078037;820243476,2020909451;154570088,1290939084,2082564186,1532038246,1976077291,1892065885,651326374;0
===1222830921,1860348384;1769062757,594677502;1530479946,125266154,587103735,998405379,1547708497,1785913617,1634013528;0
===1527629329,994698946;1710141699,93723558;2070536838,142125286,820726567,1535585288,1253340361,1295825574,1620568473;0
===1440035094,285493609;1455675722,743563331;964222391,1007335567,289906259,357174643,1759237385,468254389,661664352;0
===1107335817,225510638;520755446,1416986262;4866326,75836875,1800067179,1744352953,471243920,1837809737,1666400228;0
===313813657,2082381227;1143240012,1124742158;938575473,1370561200,1405377609,1884304899,1794760404,108591623,1031659289;1
+++1385730463,404510796;1303536389,1460357361
===1960050861,437421000;409628278,1491510323;1432614252,2008177967,661734045,980180368,747638834,95976026,1901723839;0
===504797002,1748234746;828864565,182550900;308664093,1704460109,1635694604,2083311451,1989647114,453898564,2077805888;0
===1601443255,749009169;2027160320,1379329431;80718198,198339919,403703503,1699115367,1289533579,902296308,1382535081;0
===199538474,1200449521;2082909907,2016287762;1638903325,1094400628,344394225,1907945095,320776423,333460620,2067419702;0
===323292912,679236258;250725389,1263184095;1132036258,378667031,474653749,1884228305,569047256,892706846,447963153;1
+++1691609691,1832360430;218269003,1020903229
===926372263,980359700;1509263014,388665030;1474816928,275979202,187929291,660942380,1291056116,1364844734,1421322714;0
===1923258509,888652459;1827302594,1378057131;535318947,2073866788,1355165880,1219810256,778342859,961018665,402294766;0
===1600642696,1129452822;29553372,461266479;1138666963,1778536298,983129400,990043265,1271920970,455332246,1853047288;0
===1932811421,1422607725;1716154233,353764330;805646915,795654310,1369519942,1696054705,387875669,862887957,1206688698;0
===1953301551,2144140568;1211654403,1646631479;398232172,732606801,38503027,319406004,1633078525,382123672,1089350269;0
===285257342,919537818;849290260,1578318128;2025381912,1970425478,1282206235,1358156584,533010460,224504757,67685842;0
===926456591,1524464778;901081439,392925074;1584857280,255251834,1121606992,1036293599,1521609829,10546283,361925517;1
+++178560191,959586534;121696731,947686874
===1549956144,294367153;1604141574,2067962016;1269019398,1983932354,1177972686,1516389375,983697359,517180669,2144096;0
===1105326944,753809487;721987216,1320629369;1869577910,1291775800,143562263,2118805845,849752593,740899975,738293484;0
===1859533092,1663125414;1643798199,1414996436;1165900025,18639075,1880754662,1638678170,1399684506,1507791482,832014589;0
===549448449,2064656540;1917575647,1771959495;2030122614,1586068923,1927588183,2102027363,1708758956,1007520278,2130486273;0
===2116082999,1118139463;2087544068,1815127537;560577524,1051589142,321014159,268167733,1051972147,1222655816,379468839;0
===1745556523,960047321;1345613280,404110287;1612231211,1598056628,372829832,326577097,1167322011,1130197437,1682997442;1
+++774195188,362413858;1367326002,211138516
===1360402435,982242584;76920991,1206222921;955678468,479491139,107069194,867715929,2071789043,1013895419,3127785;0
===188011618,1824538185;771399544,1826283281;898285240,1929297138,486211395,1821414335,169751097,499993346,1777549303;0
===915069062,118349981;1499770522,1274329681;1885382812,286618566,717125112,205954783,126037584,1532863506,1346973445;0
===396381383,1454739672;2113645998,169081461;1547672043,735188185,2035640706,2089992392,1400925417,633873777,1717861515;1
++2103143268,2030518744;1927275438,211127306
+++2064478536,1133516776;1891497062,1919388517
===1134849992,493465613;767903672,408810358;355736350,87640734,161024956,177826213,2065221940,908828683,647573246;0
===1928247962,1789984329;1102641498,386343717;1414125887,137546126,367201367,1631478526,1265381044,1864869737,33021984;0
===1657006601,60886520;700882077,67674318;747731712,1619084739,1090197884,1005558349,1106806263,675865192,638019193;0
===1286834126,378292375;998964097,440734745;930603101,1850211289,1999624615,640476828,1298501535,1179234305,1324406663;0
===1894186988,278056527;442363271,1944574076;699099526,1375982210,1640002869,297155135,630368019,1039895732,1144031203;1
+++1739320799,997747833;1347192861,912298786
===1688919257,1762181554;140521149,1693689062;318790677,2072419480,10296362,70277775,1631115264,405201660,1040229221;0
===680202334,1127272781;956260966,1576166027;253107347,1717764813,1229870322,762565888,1237966122,549006615,583555923;0
===339742984,1954396629;815052996,1029793511;1772623560,1541040211,549501965,126515138,376852467,552445025,247790828;0
===1977266933,193322753;994135743,763146760;651447430,1793965587,320303002,206724938,694606926,1681368570,1097056369;0
===1077112911,742855235;1455490330,407886266;1606815742,9585909,154308271,2118479584,1553680260,1845836675,116931353;0
===1591335983,125038894;1576640995,1343623047;425866222,1158811895,887813725,1476783414,1508886371,2048582511,762497493;0
===334579018,1778946833;990878226,854773343;1760653397,470362802,1506766305,256839078,1691344203,272554614,1434076662;1
+++1432319745,1597211390;433730890,1882395821
===1198516057,1251057058;2102368276,804783454;1902332327,353202943,1461269559,775307533,2132589577,18629192,872673312;0
===1743129050,306661748;726503773,1788830713;682504004,726574052,1355531120,1028073799,1345912246,700655177,128866247;0
===1829019569,2116111961;859340650,161023045;1726997210,1494691963,2066056324,1820558918,521910031,888823007,1592820272;0
===933151074,1203882994;87733113,765760165;1445936705,1248859166,1756078150,224594211,1959741241,493696991,1184475549;0
===1657303713,72420628;1372632049,605246075;1170750589,1415059194,732024470,1685380338,926427827,480360956,1339331182;1
+++975217853,1035614825;2004883159,332871481
===531065306,1925937210;1840122517,2044403373;1426065994,827490217,242306136,103682913,1551759819,177826510,1530509123;0
===1821715556,543594905;1944504397,1396529078;1450215035,416339435,1048812845,1533293709,2058990414,1912300168,1207442074;0
===1817304222,2144807648;1890054075,1547385764;1297817088,808318764,1416529876,277290724,905052318,101389645,370568933;0
===903008232,1630188850;1151333988,183431373;1408141968,1584933436,941116745,1617788249,618056074,689867497,990778717;1
+++1377266286,324579167;1199096818,65503538
===1265813500,1408840698;1914318518,431175210;1133539578,1774553152,1030407299,135949206,1413401137,1268983222,342751474;0
===332949174,291610722;743607334,680503707;717856547,960187375,2092947822,1263354428,605204498,1082297376,1873414187;0
===1169426105,807156630;1117753784,1720428418;1999470912,1588418292,679663580,1170277757,1397551348,1172611681,715323402;0
===80181292,1290721995;344574877,1548065757;1137556269,1727225104,759424166,48058142,413974855,1825870046,850501629;0
===2127043141,1849735174;686126792,126059212;776226313,1557777052,738419324,1981630622,1554114393,992545477,965060628;0
===1697675841,1961776453;1896346017,102234473;805552016,2047713196,102678881,167621457,1748898871,1897111680,986046733;0
===313506100,91390070;618681169,578690820;1349004132,1738212801,758992783,744205146,2125326575,1861983966,952567778;1
+++1883738514,2019704442;1805939897,96131050
===976270867,246499917;1692233411,1145314567;1428745320,1129273807,516011706,687114530,1403519710,2014404448,1058720472;0
===1425057480,1350542728;12494856,2023313863;455021037,974510794,1148764222,598167431,649543509,1774491062,1259715018;0
===11383398,65459363;1288363631,1082972299;1516765088,757481229,2128033546,1865898867,443090723,2021020720,131839247;0
===590171118,136153930;708496459,1990841473;1140393497,141921078,789750447,439736357,172669293,1267162312,132832695;0
===1975389850,253398581;323535386,1479676718;1583625579,1611910369,78614187,1726052746,1979340560,613928602,1351706319;0
===1595312997,1357889589;1696228939,1637220650;1925381444,1192180794,283308214,981792419,238101947,1110488165,2096962363;0
===2114149088,577256408;850908539,481024000;669876909,1233542788,921097677,914421205,324778556,1727163739,1509630305;1
+++889836660,929357138;1644760320,1269134365
===2019922627,2096120262;1614812300,1404439914;4765086,719774259,969781841,701038439,895204194,481629125,880577230;0
===1333159715,807368247;2146952367,1109398362;1839881485,306062484,1153831146,973859749,1764906855,120357206,1936441380;0
===1202525293,1344075356;567452203,505611067;1944384024,2070453169,964420944,104440069,1243514072,1190140687,872012143;0
===438932729,929190500;1583533205,1529410343;1784942132,149429109,1284456119,1759034769,1769110573,448076416,2024418755;0
===1550079746,1381173269;1688180698,1409391040;1360202955,1709364476,1438900971,7469271,1230618384,405929340,1765568991;0
===84865591,607399018;1271548591,308993847;1842586589,416050278,856121391,1480265138,694453436,432242369,30669506;0
===1302442740,1177494010;1869658555,1169110909;370973551,1806097260,1863661226,766810074,890071078,272871745,1687167613;0
===1135881400,2103223644;66269412,337725980;404272799,1886287652,166866345,524543461,106365528,1386539925,709499385;1
+++622978494,1481910803;1396796483,1044959604
===1028341207,1007663402;1408970594,405156327;1657031370,1999602521,911988985,238074283,815784335,2102812041,378635673;0
===1145541685,365169891;2028065977,1544707729;491822523,361298926,1392666274,974985261,985598684,338844066,763734575;0
===25582242,1255004880;1787466956,265300795;1573700981,186351879,108795884,1756473571,557559952,398177383,790372246;0
===465607015,1072190158;1447041927,1280372108;1336853460,599607984,1106415503,1669734640,421009025,1890522021,988104319;0
===578282679,1488264972;22007482,1820231835;749829006,359935269,609481638,126216913,188718038,682245079,118090545;1
++439869432,266102047;20323861,258616408
+++1018205164,657127723;189767269,546611071
===1676952305,1021355411;810284641,15805299;1710103171,1481203081,2126583751,672638700,281639567,1920838425,1682661939;0
===2131971037,1530636757;910152522,263630771;730771215,2083124659,1481309177,2157299,1945509130,1232289612,400278990;0
===318095958,2110550552;1087933879,300917016;1145898199,210936598,597562173,865103710,1055061744,861360596,499519775;0
===1547452633,1453164441;1203238052,142224885;304515717,479429713,1385398325,688875995,1783340835,1395238162,387531177;1
+++339655014,1022524923;107458137,709409980
===2037403118,748719786;1293056092,820522548;1839476504,687993272,1327782789,760565785,1952948174,1046512664,732016131;0
===1579310853,821296239;2074745039,496958404;586136446,1161730596,360691115,514766008,1116436101,1290861438,1511334802;0
===16450943,1228255613;486309445,1918352279;1569036601,435996100,912512144,1571597002,651764698,481366313,409254015;0
===235736860,1287971807;1060163536,1616112534;1825144903,1467726801,702700148,73963767,252395317,305250283,658154434;1
+++1743499404,1243244958;626965427,1920981352
===1474805690,895474129;1721595331,1187980240;1442555048,272761397,1791120098,408539091,1488463635,732347482,1281634063;0
===689250849,1016469252;1035663455,201370785;630949928,1902497995,2055820553,42100432,1425676175,713592965,1702488321;0
===947066292,1050092859;1079048431,1058788296;546649635,2057049614,685390562,1796383762,1471850567,782571242,2028562897;0
===668686928,1261548619;1148861335,601243445;1467929165,38186669,1296611760,823328124,959913979,1882146688,1054715697;0
===1260402963,760314906;737169253,2024780612;1225842917,351680506,1751336267,1749752144,312917170,1383505915,250310643;1
+++41187174,1418028559;136351388,1547551120
===283955153,738278989;129933094,2071898756;90220023,806271575,1209378692,1405488152,127247317,918126002,2054179751;0
===1995575435,1808539778;1703615340,1959793330;1217442158,138731438,545734060,1269477140,479433786,870687909,484548752;0
===2123048424,40081949;1644262299,1090799987;1787678444,164872333,234898336,1551878733,1702946248,835602869,989716419;0
===314727698,1776049229;1803032561,1485260094;229627368,965478621,203145454,1405300240,947827522,1895212444,1069335630;0
===607951511,49641884;61130344,694486344;665291101,118934543,38701147,860047014,98871236,1040182000,1519407797;1
+++632379535,407982661;1916474014,1351882488
===2073811352,1282403525;593467673,137727783;1614615410,1784461267,1994617499,1476186389,398038391,987249460,1082255534;0
===693928522,1800332643;1567344732,712014968;13982690,1261261020,946005872,405423795,1910037209,441699860,207388063;0
===1206011281,1561222371;269914444,981295487;1673887683,636119492,1688574765,451591648,138868515,1589734272,1074097156;0
===1214151518,1368810407;1435040809,568972907;418557204,1624877949,1293583833,1678053766,1409205953,1568436041,1122468910;1
+++2021474213,1782142249;2052168039,2121392558
===1097621101,1851989502;731091898,127619585;1662759698,1283051409,1357030591,231819416,712128226,136394603,228716304;0
===768768310,190170835;317906379,2076063825;1712343638,2128380578,387812224,1116750961,981151138,191768218,132168181;0
===823012585,96011746;1187413848,1975334677;1880807803,1190616545,695560727,1118597985,99414699,1479209885,995866320;0
===1445466662,1877205373;249810584,296048099;1286011681,561435471,61840633,1846576891,141515522,922076760,1118081681;0
===1028524075,804841002;833241055,73436431;1185848109,1625245707,483050070,273266400,1962920140,1632904112,1454723976;1
++1665872997,264048209;2119083628,1795805632
+++141947775,1553566915;382112513,2058635835
===917182031,1461582398;804750015,643265428;81902372,641064170,1314775509,1955057099,357118297,607972514,1729995140;0
===234106757,1178893173;1768096842,1116647388;1399267896,1464241429,1346312028,1380598398,388490507,1465136266,1161185477;0
===845734395,1814787906;859803652,573920799;295793815,887078530,560813907,126988498,1660572300,816227210,487985470;0
===704843732,150782778;679519626,2101565949;1622237167,858058764,1740581001,540456021,1256813384,1532671291,1136988363;0
===2112276242,395483528;756248361,504143881;585187150,1259229551,454135466,891799994,801706826,776125179,23111907;1
+++1352440848,822541922;529667699,2061609489
===1010506486,642213260;575919575,908693332;1983145126,854802044,1293927167,1009475743,859277866,238572067,1854649378;0
===1432138203,650655426;834452477,337517608;199524198,802457662,46462560,109508944,1198651692,1978784635,508487505;0
===1624546662,966515539;1900844875,488351160;450141616,177371368,857660146,1262327349,1211640120,580554924,1833186828;0
===275766996,921641512;22977694,1741799704;1206172287,1562062585,1688158117,1296054441,1499366387,2102607145,758132001;1
+++1217087452,1217321102;1989702174,1576983666
===770407351,1361176679;506785046,1615480585;503835904,1317110603,1023846707,909857879,29611269,2112035696,1540336167;0
===466135835,823310007;201524796,1974029625;753212850,1007713636,1728893650,1979784117,1894880096,1135949411,887720132;0
===6507923,1757259426;876796298,1246735616;1202964504,1520491,1817998597,2037397788,2092604639,1915389030,1760399857;0
===1881685228,1109557626;1422429631,1537318160;436318678,1992340516,1902876659,1902431638,1487468088,1678908424,1506820651;0
===2101367587,2107947360;76154853,1615985661;426998652,2143038427,1633002270,348635005,268376688,1139771879,520201163;0
===1314111022,1617038965;1507459711,79673332;579003838,974382460,873184517,1985912639,329998933,982548339,610806699;1
+++540065126,572569824;383816615,2108616004
===1049511269,133538365;790867178,1390287530;1400334966,1467656743,339534196,579342128,1853856746,1412496490,225156449;0
===102311817,1315184190;681196054,27686410;240136717,603756577,842998027,1882186176,1912018621,2112897432,901277746;0
===1476375187,1193441940;1255187396,927982516;503173082,1595170886,336005400,1248563746,1417994860,832809482,823746138;0
===1684628084,33284608;560791314,1951693680;436653869,1930534146,1409827983,1398161323,2017254850,1592078962,76757523;0
===1094899439,700752206;1472936377,1212267636;1331942396,1564428343,1731374231,1517181009,166457480,1487854077,274205580;1
+++1521851630,1377341782;165103297,1724466185
===1733814972,110651450;1864229602,463297821;1590599907,882144570,998410426,1476855701,1733094278,1380435800,486981661;0
===1510572672,1255413779;1077071559,1880829592;534362835,1732201945,1809711641,924099292,130431607,1466385403,1978701247;0
===269067704,995422592;1241733828,254084285;1126099303,2090988295,2051997611,94041112,367024656,1939142971,1736231935;0
===1078513329,1570365321;90266056,2140581982;1499960947,1641799249,1270576164,977375838,1321860767,193774837,342487816;0
===349347667,1983157511;242582624,1668344478;25860617,1305767691,1808548498,1085559588,1600582981,570026835,1640328264;0
===721363825,91592034;518563585,392558504;539217532,30842431,1744372748,847181285,343017589,1242368572,1207006267;0
===1330698390,909769177;285800413,140675884;1782958823,488518762,1598615169,1915214664,695424878,1132976576,1213561116;1
++1769950701,137852664;861425781,1231705725
+++918396875,1177884284;468764269,968219068
===2055677857,334789681;84756317,862886583;2075527186,1486641375,2143300667,355559735,12998760,444186679,168925583;0
===1633473965,1898986980;2032090800,1289830097;259155770,1048547603,21040730,1907932250,1196390555,688638498,484459205;0
===172831738,2060471080;1838306243,1801311060;1421916308,150441381,1555210527,840833093,725980832,994793450,218610223;0
===1191548310,854328095;519967797,26769658;1422451711,1465367518,1729352758,391629554,1005919824,1048040180,90445418;0
===662109377,1182365957;721476550,1789423720;1568739551,1855441941,1961427853,2129011962,1817887544,1555712933,1718901036;0
===577462255,218161633;287013710,1582016620;2091165048,386389262,1454941936,1697818853,130812466,1892843644,256412862;0
===1465371610,1605171920;1704590243,2143124073;1490924923,1276879662,315570753,1423331752,654687319,1853374169,1144241863;1
+++1361450452,342561549;1222625887,2013923916
===2071971751,2044489253;1043262811,389262071;1608348612,910853033,1174685878,1362411534,1641496199,1863781384,249278078;0
===169459147,750151355;1587314508,536185841;491089396,1611470736,502025897,654416277,84243897,590295390,238397074;0
===67317503,749256399;573271931,909291301;1866210804,984996699,1258379620,716747332,1103233758,1196595028,936458206;0
===1331217551,845992471;773207201,1799506363;13002445,1264422513,995840491,770545313,227381699,188516224,1766658289;0
===1120841241,195409439;235568114,182108151;1225366628,1909925630,1314973548,963421483,560054796,424607817,688452447;1
+++165443703,1065039210;1793204933,1047682473
===18154565,1744855006;37185814,1439997117;1125128710,1566749986,713382848,1466299020,1290180361,1594482980,56747293;0
===1558333407,1571497613;804220265,771302741;2125493076,1626853272,499600173,1094043583,1132497753,187955434,1580472130;0
===1488768615,1592594003;2042644741,1317714785;1367478902,1778131258,662998993,1762125914,421574899,1962306517,1908909035;0
===2044272534,1555610142;1587994344,1071251659;1668756249,1021687271,716806556,218050174,18936406,1072005338,2088157753;0
===1692724830,1010842183;48451849,825171651;821165663,1539601643,797850805,524222084,2084958148,680669046,931234618;0
===2136618220,2052649926;370978845,188779197;789180660,1321370274,1302015906,1780068484,1650099864,1568815014,310700468;0
===2126369611,1764705539;840151202,1235099371;1208746882,419809607,952129680,596377696,914424769,1656910732,96292933;1
+++479919672,111295455;1451807768,1285007421
===480225002,1038798124;210238666,917963157;1348398314,2103845971,1004874396,1807106667,1993448465,192635564,1839142613;0
===5796396,498151959;266373107,27218118;652230015,2027865166,360179490,1102288085,158246418,2050885830,2140563604;0
===1639688738,499749696;2141738228,1343106996;694727043,1448140555,1056376744,300830645,746629819,141356693,1817378513;0
===1089030554,716966509;1293018654,1688193721;2049623905,980106186,1833967963,960524456,1030250620,222997826,1185182845;0
===1743192196,1078590879;1188245386,1853723657;111303062,1543268483,1219039267,84578390,529251506,1512478612,75759970;1
+++1347030383,1002437776;481829791,908131676
===1974217936,1071416519;1672409041,1228580245;1438820491,1549500260,90256329,906676211,182441178,1884145038,266942184;0
===621108900,1346907733;1350293773,1133872524;1038065898,198633141,1998043018,925592079,488036541,1206750309,546996398;0
===1675723772,1530643988;789927765,567572972;493802453,1654467992,558795094,1335448215,1879747156,2034318645,1644813521;0
===1780989427,70597122;737365835,1889330561;15436017,480159401,1141532004,1324033865,639429188,1475900429,661948652;0
===987470430,612311033;1477790364,1300220019;7134898,1422087786,73332315,1664942342,704804918,488341701,1670956782;1
+++1959584782,1681141668;109898412,718061381
===1213390030,477595208;1479265547,703909570;1961329527,16175391,118408884,1554401364,156210920,1138892895,608053703;0
===2051365602,1498593538;1042509708,1600265636;1080663092,1090863502,607311470,359778166,244026836,561478971,1443805826;0
===1401147491,1734295782;783539700,825266719;1397682717,1757750800,1190072004,1694298495,900162421,892399268,693513813;0
===234046636,18986640;2094301123,1019933608;202047853,589511107,638550219,721877390,1758795743,1238923294,1329890670;1
++670960717,1501558197;1297866720,1581189732
+++1076929017,1920614112;770887330,357911443
===417638433,2005777016;1618875225,325484133;1176708537,466180362,1592815938,1977440468,868920264,344788782,2091750505;0
===648597903,1658738609;793604368,1967266038;1380976284,807311972,894884250,370016419,880643436,2027911958,2145319737;0
===1458234637,1940978793;1765582213,183843828;1631431381,2069840913,399823159,1539659924,1034266828,1327732718,992377923;0
===679010922,432362318;1866340231,409714503;1835518433,397389322,1167768519,289593887,1043059368,1869437461,1864000395;0
===1431292299,1422623626;1778902266,1369947378;334556379,461258595,835625546,2076551928,391500356,365356932,1306336577;0
===556447997,1471539576;1115727090,1428371866;863403658,390327005,242869740,1475306345,764725069,1802079150,1752778113;0
===1224028273,954383147;101077501,1989039213;1157293090,177386819,1589157431,1919501732,1378695446,1068419634,1477864125;1
+++1733847454,1557994418;1153072923,1431941054
===1187213406,1484828392;659715081,1640417693;1124852981,1776601254,934479227,764761036,1748059472,460934258,2026096006;0
===183071770,1165983031;1343677885,1568857060;1609081235,1519679229,1246860022,969166554,1039512598,1216910603,1763706348;0
===1541514375,341254191;10386759,899075646;717847120,614576568,2139569736,814520606,207892620,460721107,511593836;0
===419324456,221802817;524964821,1172454184;429204904,1255583960,2057988349,1186304763,914619149,618476165,1471831760;0
===992916191,473214563;2060865267,999440459;2086135185,79477472,1854952756,1949336952,672322667,1497751587,1665799152;1
+++310799715,1034167542;1506137928,1290909195
===2091123874,1881851013;1435575899,759201421;140875831,1690767160,146886033,1241155142,860104766,433896100,100970404;0
===1248936273,1042027963;136065915,811410145;490506095,1772961879,1127724863,680373617,1646781706,481209930,940977880;0
===409856616,2093624620;701775287,1432248406;445875729,1587325052,1856878604,789095325,406670238,1955929001,1619404680;0
===2116364603,1457289588;939813337,1388446036;556808890,1915327308,1724105154,1925267494,1831876874,508749245,2139062152;0
===1070054171,859758288;1424521266,775076552;260324352,722185175,1319672163,1024648116,66357764,1148415496,112940199;0
===960598079,448031952;1996022942,1931908124;2115140032,93923359,624180876,245100803,48024806,981371141,329991631;1
+++1357264944,1489379246;1387963076,450605251
===240351361,1407097457;1923836716,1711472592;40315191,793542789,1698911513,1554837346,386708423,1756322052,205337180;0
===1494937993,88654910;733091269,1057908194;217802894,1197027799,1719560904,926368773,984386363,281896895,1093228697;0
===1891602654,546306188;910695313,1354495354;253898984,1636391348,2122545437,734849677,286109846,1173588271,364120249;0
===145739180,2012265500;310183413,1348964645;1973872032,1654114025,536080680,2085950874,787521026,1807131697,1419956897;0
===527040495,303114780;875731633,43941695;1768843874,110807890,489287875,756427090,801154428,261044374,1839413826;1
+++2075652758,2122506659;1460039888,1469564473
===1462733127,79578937;1556207913,56938515;87832598,1037710822,1390920781,979021023,235815521,61290250,432744349;0
===799608526,1330574336;976661508,1308727110;1652858204,896262548,536819839,1758723257,340872874,863488431,2075678129;0
===2118564719,58613409;725190847,1011157547;303580750,335508222,1662957439,664024988,1450677853,1085146480,387849239;0
===904652173,1176738187;298041706,1607356416;146217076,863097530,2051537941,597026850,149680849,1442905567,1142034561;1
++1862909256,1566227008;1183650910,1305370498
+++18637413,1247971242;1260472327,401430656
===1156981726,415405715;1441509268,2142001578;1281463084,1370303531,836905566,1671811174,617351976,2013278008,1184814579;0
===1413979506,324284704;2024393684,1109072091;1256527294,1962543894,1851319565,468302967,1248492409,555383063,2003454138;0
===1687508160,7182694;1712654687,1093595549;634318803,10330001,2009384690,596013286,305717301,98764252,244111133;0
===1071850638,508499109;1046401482,307189574;887270256,68032916,169291283,877947295,1930021952,200864613,1362255239;0
===246923763,273064710;2132051449,2139700;1521343511,1430632065,1635708508,523104290,971592216,751014945,280718014;1
+++1188499286,1226179554;803958568,1942337194
===803393135,617656746;294677577,81851042;1531138125,1295721948,1343923167,1480848027,1616144698,489297305,1656616601;0
===58506045,243005962;1748341533,595985467;1706466449,623414765,736463403,1344095038,386091472,70961110,1745008652;0
===1543807909,2082160856;83706954,1693258329;687369255,130349973,469753963,728867250,2054976796,13879983,1263232051;0
===479459468,1960895300;15375261,1655493017;1102526978,1290069501,846883459,506329724,228955720,2089187946,1368406568;1
+++573054014,586950370;1481570845,230670559
===1583976749,218352856;464578804,949657690;1888975504,405497053,264048884,1664363632,597976138,748253797,894301805;0
===1019290566,2058034097;114222756,559570388;34973434,160374905,1336484537,1142684566,554847933,1690259296,1939500721;0
===1952159020,1391882064;1701079970,461282695;2062566604,1051669552,1914729320,1190003164,1257272543,1385945378,837186233;0
===440732748,106239211;1875753622,754719955;602638459,1354015447,2029994860,1840316893,1119316856,543275301,471376072;1
+++1362020405,1151182824;1400292534,114458738
===1972879876,678097325;1588423337,876647715;1085594432,72159128,660600538,1724316030,1832780240,1158812694,2040745609;0
===959612581,675514268;905135003,69812729;2051795114,1674135976,1766269556,21905074,1032193972,316079557,2103255988;0
===1917820809,1340603025;2054600239,2065058226;1981810911,1158943171,423620713,1353398449,21105441,601057323,1521393276;0
===1619306234,155590927;644678655,1157533533;356691396,72613121,432596036,71228666,156196422,957687662,1330121086;0
===315056977,463873254;761888955,416694442;862051437,800847615,831052108,1172938494,600654717,787581156,1186778076;0
===221567272,397861580;1181221785,1905849909;516436139,1226596882,715813273,1282580142,380109871,47323105,1478739206;0
===1413277892,1121344518;1353980490,292294646;2028456692,1752330572,1327215272,157097935,1422394893,706989343,693185567;0
===1783428053,235591624;416265552,30131510;969542692,861155544,1310627664,22930288,108216121,825486117,233663979;1
+++1995752235,1563071342;1900343794,319544541
===959798565,390585673;678391193,1375954198;1150472910,1115872768,2039444826,1099464217,1615949191,1930495731,553077272;0
===1327921686,1032631695;347207912,624896299;1322030489,1124190012,1314875729,1534010979,502803113,1289520868,342957743;0
===1101497000,1313185493;155111704,1670087841;815280494,1998826299,2142297696,1881229047,818690741,2000793854,722695297;0
===247475299,1573622575;1919230152,1796624062;1853437832,648608796,1789145370,2012222733,1019438108,525047348,710510322;0
===935351864,1808121593;332990293,435726538;1771744553,1463323230,1911719225,772963011,523983515,929008945,353003036;1
++1783235187,1414515213;1446633418,1034441218
+++2121797077,376351970;191957351,1494462429
===1245752720,1057853131;364235117,1514856128;1469822617,1971029844,1252505784,377642542,1903076042,1284149291,397982719;0
===1250628148,980317529;1386458458,2119747764;924103538,242218897,18945159,579427277,522658078,97538197,1635584289;0
===984692586,200151379;2023760680,1159457093;549548262,1214773892,1276315499,1338446095,481588448,372486015,147804436;0
===1608466787,1475607751;649193751,519347140;510603509,378208161,1869589949,197052259,1071040905,1154436384,726403569;0
===1899681563,1813588667;1513143749,325820175;1075802035,715505082,306535554,2004431771,1671392599,1894644875,2133253835;0
===619822304,1814360457;582414178,1537888527;571226663,972728952,1308155407,421647997,118181358,1087098352,45947239;1
+++1664157789,1430606001;260708006,2055417179
===1609192831,291549789;2110824930,134017987;1609766343,239328682,631265240,660872453,220835897,236996101,678715310;0
===902111315,779437761;878255599,297400582;1098787346,1770335898,1465447277,1343742208,2030693293,867012362,1791599994;0
===1906552011,664046502;828440241,406189030;145455242,1958741439,1380087355,2069220537,1555291,729558319,1934325807;0
===1084507935,96394879;811991867,487051339;411809754,1355451418,817219643,1907767443,1992630372,544128868,2088496286;0
===620725170,801209576;359591471,1358563159;207305112,588984215,1508915884,537993221,1459586876,927124328,1637545430;1
+++2103637200,725239260;1605326123,195958051
===203746804,1312284933;732969273,1128215821;988053004,1681897668,1061691472,179912264,530135439,217486465,1154830650;0
===1858365990,1010685757;1713713642,1381176085;1845928227,1225093581,2135918438,386179501,672520063,381999751,370794647;0
===734271371,533670191;1565933980,1888766399;2092707116,305357124,91476174,112126199,1467279921,502719943,1466623240;0
===1242724481,1266149922;15623810,1295790470;563561007,351811668,1753854867,304892813,1508465537,561383294,1895412231;0
===1672080588,475820564;1378574762,1047158665;602835617,1857795605,512604581,319264018,147491207,1610207371,1688888525;1
+++724831145,1587136459;380904366,911263700
===743126442,252639796;1354579753,2073278353;1166179672,533881573,1522233058,2030883947,543872398,2146011801,288516304;0
===35970677,1438771547;655488169,1336602879;1115606096,1774266520,783326482,1041684371,929198728,1905976197,1679555891;0
===365312469,1768733856;71153839,555721491;2033331866,981466879,86551105,602755850,1313678383,1951960797,1985617865;0
===381985542,151596989;1407849932,156800740;1487287113,1371347305,1533468884,645667047,1466029327,1189229289,1498524683;0
===337604900,1689678230;1507130332,1538584949;1179125808,1667226025,1853797,1270070054,1645072613,677622315,139263038;0
===1773184486,1922314659;800908391,736230853;1999446482,1887420368,2083533099,865952879,486579855,1721253929,470033779;1
+++204400310,2043833576;44086823,574224952
===1103236247,704858991;1326517326,848212890;1094087922,1024821179,280958237,1791079571,33820821,1916096026,394793801;0
===204566668,1246662468;1162623145,510688046;1763886521,1618861640,196345086,183584390,619838109,1662504072,1551519081;0
===927381221,1613315665;314222657,1137362868;813417137,2011530576,131715207,1318204959,1130922363,1141196760,519875195;0
===1275164700,487524029;1877441824,104169613;610633311,68142246,1394208527,1640245902,1109620836,944125796,499976462;0
===449774149,1909523975;1732150499,281552310;1326269750,2010807083,915913282,426025145,1777904240,1347739166,1886196629;1
+++1220401918,1116090810;1399942851,1729319396
===1071593807,1064233877;1598812941,1785676014;185964582,533462567,1299545542,231494289,979846436,1531476155,2139567412;0
===316434446,1032390126;552629338,390908035;755865156,511150807,936660614,318357315,279997833,1918717919,1414073078;0
===1014444501,2041282870;56087170,1727311704;1476536116,565075311,305968429,922283755,721135568,178853194,1752386030;0
===880888232,235997186;1816878270,328415671;841193675,156327280,1781684031,246643953,1283108391,150952077,99711235;1
