7;3;8
+1566408749,851614593;152857328,362834896
++221656336,908463535;1581813638,1875898064
+++998447108,1270497711;2147479726,2116854477
===2082835858,830661474;1890722467,1007081213;2613807,1707723031,372783941,518886171,904369529,996627549,489706967;0
===1103619948,383634328;1609571778,1146546082;1938280624,1811814530,1779818494,955585959,2132525226,917353106,2093422121;0
===139115754,1955661220;2029330395,1963703797;160478617,1157555173,1940359869,1925777961,1491963879,1589434675,603741293;0
===339814176,1473410788;582389158,1928100395;1965679650,1658566244,1596991056,26003485,833100692,779834863,149452144;0
===145836760,1014085474;966024179,1857074647;1678067189,594805131,380356722,694246414,2015156465,894128763,604074530;0
===1605800163,715316852;1392742047,552730586;775996009,311577384,726015274,1552337675,595869410,1032602702,1682317824;1
+++863557119,1104911966;1595113514,2022306819
===307151820,1620306443;267245703,1944814267;207794099,1471496744,152411496,1653994865,1021440619,992729124,996401629;0
===874082197,1919269548;1765233764,2121379619;1661584513,2077571394,687624018,1934177450,880294798,766384558,234421213;0
===959345168,1513803429;129519074,453436973;1970005138,1919746051,1853300289,1177388360,279849865,1111677876,299476170;0
===2143953598,607283087;348149097,1718131446;811411570,1230957959,2085594716,608440666,930180659,1682288230,2093421079;1
+++1525134879,282950025;1930214315,435662528
===1136113575,607591422;1756412144,1393867379;228970215,332949683,1800312137,683780009,716525154,302527317,869299263;0
===599404002,851018046;766730405,716761531;728874694,608466219,454614418,475954003,545764692,511512715,1148849056;0
===703375378,1262638552;399861624,1724005030;162726185,399110693,718687317,594367080,2026668141,948940433,1960795164;0
===1292995859,24477767;2052209459,1462166830;1245639655,986854988,451997852,9185422,639428247,30108393,1429840745;1
+++1229793102,1243572446;24267299,3897393
===688860442,2079703897;1870522646,1450582588;860319959,959757628,185811758,1718198732,1270115692,169459166,589465782;0
===1733056715,1335645369;841706123,1031513897;263103940,537510286,1826086777,1426112377,37314782,554202658,534542175;0
===1605380241,448912212;868650124,174359851;1777276240,1532027719,1254733863,424934628,138518281,2075870381,241366211;0
===1661470520,2092647389;134652159,2139412478;268789567,2108606531,861789745,749337764,239637344,576747828,383713262;1
++1460542113,372432649;183421492,1243184285
+++1348092737,1373922641;1432240403,1756317864
===1953958141,1715956572;123200085,845042475;203174793,2064047325,644811119,1700746554,283213470,1008322295,112524650;0
===61420099,373327720;1891706232,977858284;1630521142,781545674,585791058,2117039899,1829735095,1493998924,936966741;0
===1266419294,1940681230;951343494,1837404951;1159981283,1250830008,787604897,45488643,1014629373,199072518,245458305;0
===1894601040,2114905201;1189107492,1721248842;1776612937,19226664,1530419058,744183870,1420468902,1502976916,26630048;0
===1058248795,1100946144;1897372349,2107527429;1228382315,2054566694,596105149,1239698641,2119298768,162747301,68445812;0
===1388341107,2067485026;1688766108,3095920;1987917989,922523611,997682043,1285367276,483942886,266228945,2022906860;0
===1735115670,1262106247;460669353,1585043003;2129131470,196678529,408105392,1151026509,1331785944,399328152,1189756236;1
+++1613663325,108850033;1365867347,626605276
===386400274,165452783;1421338446,949669968;882601749,1586733449,1370770321,969946584,1759132395,1048458306,1467623301;0
===1278753006,327825529;810714853,49735773;938344241,94368205,577433790,1732619926,1320001772,1174867488,1988647314;0
===680681869,841461080;696976468,1044574609;1091133527,1022640969,101270523,1290465130,1181130399,320114609,1814980351;0
===4009075,145136364;987507357,1591756951;2013311857,590083305,1805460182,1052864855,1312194114,985661664,199782441;1
+++153257044,1002234212;686483297,1700783897
===1669580123,530106013;1474967113,1299727105;1455589746,455419407,175097397,1228735024,1537547847,1359395232,334077534;0
===500865439,552870504;825258291,1631727820;374552863,1139307396,1410720844,1222312142,1984039411,1814121784,477595109;0
===639140800,1175416376;1125693204,16708646;660069475,492476458,1686268900,1266237698,888216385,694997320,79760094;0
===768308334,1468760092;1822166371,1777490162;1555564537,594214560,1966871784,1952773331,318842002,815964979,1332384445;1
+++2020114173,2125146167;1940616178,2033841724
===1813788051,940295613;1581050185,1948250769;24588553,333984627,1799554027,1546149481,487440988,1367217972,1818465530;0
===284324757,1069781770;871163094,2006849312;747463465,362609633,2083203239,1858835201,2069751657,1657984877,502262877;0
===414150829,390868487;1501510561,860927645;2007847251,820289295,597959950,1154658110,837498800,1727090233,1867191607;0
===1448219053,79262927;221622579,451618964;399998008,120623556,1155243353,1691485347,407781054,1397275235,1432924040;1
++1598083695,1501047656;643988385,236823202
+++516187910,997794441;23521520,293764130
===1352065219,969916422;429863637,1423606548;1317967945,1996150522,1738356904,1758050340,1041241075,100775155,347653349;0
===593823869,1037379792;144895884,1768039540;659949192,1287792145,1351468475,750018957,822175310,585266179,1372057424;0
===2055181273,463048420;229011295,1742501091;1502819121,1702416299,795993636,13191629,1188445174,2069185301,427167266;0
===1182345103,1387079183;1324846605,2102355651;241230226,620982174,317032376,431034426,1858794895,563481995,916686402;0
===612632366,2143819519;669833828,558703970;947659302,1571347569,416554103,1709386455,313986206,949739886,1249427692;1
+++1989860050,254719687;219804737,1518080918
===139525254,1714597129;835562765,302958169;1465812950,1836810384,856946906,2007288096,2075916738,1273359784,1108973901;0
===1683889333,1467416028;1135795828,1397031665;186133584,1425351970,1839805448,2046888216,1111348011,439076611,878438709;0
===1866495250,1608541054;1332793944,856218041;25613926,1868140183,706915816,1982540107,367154082,1170945626,1752385055;0
===791710801,157129905;1909883150,1857965864;208975078,1176795150,1671943200,573178532,775223941,1931101770,2026897580;1
+++933684181,1046749705;117262364,1133560850
===1659190334,380855345;1650207082,695027170;1851109789,1557709728,440709241,168775922,402452549,1818174017,872718313;0
===1010352826,1460855449;365717437,900798924;1735554660,1423873552,1474169481,75106009,1658339781,1535241042,1292211273;0
===19742226,1729738097;1613968151,412608018;1763093915,1020879690,1876935469,2034813354,1029677335,1549654026,1023846668;0
===1951651708,606551341;913251344,113891330;416773558,850312040,887116129,147739041,408626065,1558425561,2003497641;1
+++1849831334,1402596690;92305841,50618074
===274893940,137262676;1881350324,943654299;933240404,1567223994,1167903844,699458748,513861499,1083343083,592998477;0
===6559745,216157551;1406186180,168961288;18519893,698832361,670845534,483683720,309677693,1636009057,1140712866;0
===997930761,426691691;1082669712,1740696540;1030354198,1359600697,1321443797,174426131,1570853786,2048980945,1373778178;0
===572752301,1371844886;480155759,193285521;963611534,343786177,1512874596,1856523306,1134276615,1547420102,1758767053;1
++824454468,163503370;1761118683,1170935279
+++427167861,371713540;1893556842,1611326648
===125823237,10014231;1225225687,1275523293;1715284797,1230693934,2053778450,139627245,1222215289,1785942200,1358079417;0
===986703733,96332380;555527904,1061913038;1379205227,1319502244,593157265,304606920,1949932902,26504914,1198640329;0
===952783291,426206907;65000714,2108541915;893295726,1590842836,512855447,906291670,1229230700,409703860,1013728240;0
===610158807,22671419;1603858437,183136039;1446565666,647088305,1090278755,1675536916,210796572,1928347094,1498240427;0
===1871589994,1265039061;1969284924,363047205;240820503,913912241,875856482,608621178,1481133152,354111237,1768408695;0
===1464218903,661481017;1127816314,932625455;686010816,657230459,889708665,63356120,969361042,1895201256,110819298;1
+++1025686366,1981975298;2004421473,1654622159
===1920576319,1625564746;20450521,1472098003;1470422681,588241477,1217920648,78998116,2061474097,1482360053,612058145;0
===909869021,1182408195;990890911,1991524953;1365438979,623931913,248267571,874131335,66529698,703229459,1278196333;0
===917755086,656455930;317344236,896961216;1486389436,1162104781,225272957,2076705799,1977720614,1197265178,223520550;0
===123082149,505232525;830851703,327244519;234631193,2068603525,1419230730,1738311511,954139502,2020878944,1949875518;1
+++2058354054,577583387;1391321568,476712874
===310130828,1781435562;1283829557,451341986;1337095723,2022698632,103504718,428621631,469511249,1459624450,131583208;0
===1312661368,27023161;1689779407,1225662217;1739004432,1672904035,1771897996,642147581,564579342,1120626884,709921530;0
===515686724,310014462;809276086,1215203960;2126471670,68773914,1015693894,2121674715,1078003029,724156326,446545980;0
===938651350,1812320745;511473373,1614226343;2032345376,1125690667,790673570,1432537673,2012987286,1390796634,1598137563;1
+++1328096113,663119354;899254482,26461070
===1872091242,1271522566;269507938,1607741774;112340822,1483160015,1641756200,1666109981,2082126581,790879602,479864085;0
===1123759529,1424969807;39213172,228234720;738854861,1922933614,1398463430,375786346,1274550576,1554172961,838963306;0
===79540869,2075663016;1723651966,782105210;1127274897,1023237423,1563514157,1144076007,1938321858,1520529886,1305147629;0
===387583169,131073307;152219182,970210290;2049314587,2071015870,672954122,2024581661,1544980702,1887019577,897553162;1
+612135165,1985971428;451362855,534410545
++1611101214,2109222886;73876248,1788108746
+++1723107379,100366083;859887377,1641262112
===216426143,133930560;316777796,207377315;200638871,1095085658,611039487,1046566956,1687730551,1953161597,1257542609;0
===1710543475,458902614;632600182,1584042316;1384598617,1150342575,1707070709,1927688796,1752036128,1913010960,859904258;0
===914782654,216291870;752452908,1639986104;1145611587,1927659108,437922854,494781513,1362624463,616260644,1956470545;0
===2002782326,763890129;2130685455,1988712086;1042811797,2019290686,2085979092,1594725527,1241638360,1206302161,1316850431;0
===263779403,2014198267;2011660179,1209544765;1279335610,1645159111,1903959040,684145741,16584384,2096011657,976542629;1
+++1190966030,853955593;1759540142,1214551182
===1575464389,1555883112;406503233,988335521;572025353,1628962331,979965246,807401221,2141580161,541126968,1087272474;0
===970911696,1437430934;1160531070,726090559;1969094682,1243231210,509970861,1584044453,2059584251,1054720331,954002628;0
===1767960414,1931352374;849491611,1536157275;335934536,1874098957,1090995991,1524910673,1990760422,192226139,1174893861;0
===89718219,347507132;1721023266,820780052;831242782,1760522919,1328234067,63900891,1844347915,1627292958,61022700;0
===737329920,336200742;671877311,200658435;1354339795,504433238,616242703,1078066407,1245141053,2019958230,99913809;0
===1096913686,906273513;2133939223,1945910255;1228011954,1473098284,1933724568,1926021543,2115050077,36666092,409525387;0
===417436100,1173807828;1160606611,845735107;79072917,1371320951,704961306,1264569410,1761749276,144887977,214691146;0
===1869498000,1593830574;1140067919,1446743614;1625292310,1094191154,162732860,947055787,148013620,1427768662,1954841864;1
+++902538447,2003359498;401973644,1116623203
===1606159144,1613550263;1678530167,1403925098;151571529,879974510,2094801758,334290278,1073992098,1030513124,1712158551;0
===1594899723,307038247;1475029458,1696498564;1170906952,1442944002,87598403,1763075396,400422741,397274547,481942924;0
===256554162,878922925;1421991943,1311726456;274499993,983234446,1169582506,776118455,1795511215,2046075497,45936949;0
===239184083,1269592393;459636451,1698742772;1109614885,1006426902,2014270590,515669837,526099985,1930334942,1614523337;0
===899675686,467867860;520302802,1085902522;1682046271,180579651,1175044485,824836354,1522104588,372121716,539992377;1
+++823890387,1795199099;1300619081,906311847
===1368270281,1837629829;625713543,654654765;564099798,725228705,11844786,833586435,1361587205,890136300,155697572;0
===846012019,1864566755;1624152070,1899127705;462125119,662459448,811832542,75046471,1395798969,1210009227,2059689533;0
===428266685,426344797;598524911,1848526496;1133239442,1952972683,592347401,252872790,782506503,1231248277,888092630;0
===588047172,1165478162;805779335,994151165;1872648514,2130001751,699152861,1823276541,861268158,89289981,18720684;0
===761346585,1199819877;653492460,1007119166;25772967,927001949,1576534923,401508506,1145721536,1398327331,1754857984;0
===328790646,1352609116;2146564296,1911626175;301943403,1389228519,1440612784,623523883,349294051,877475758,1990086811;0
===261506885,1840338739;2014755398,1026178072;1464738530,1516901068,1053287232,1679258665,706389820,106861608,411790726;1
+++1636313756,1260848186;1297929027,1590680178
===11214462,1538682576;1111074711,1629576108;2137640550,1754987621,640693782,152571453,1351032796,1160313437,1942507278;0
===1906083911,1548418854;1909770584,1053590093;311845125,1203764992,77624101,1621096310,1809654909,1018586969,1966108953;0
===1300087142,578637616;1460783940,1296486382;1851497119,1836468935,53709847,1297481660,930249362,1830601231,384798863;0
===1848835359,411005980;1181967627,445173966;1652240136,1903971967,1854977265,1402388749,1082505972,811583391,843573586;0
===327596374,1009278594;30169841,1577497843;324320271,140899009,1902071247,1598395176,176293997,970677197,1912378192;0
===1788676657,401602939;865950767,1985469393;743739544,406794930,1028454394,275159778,300332184,318766913,25706213;1
+++767080625,377190748;108294443,1419927289
===1120239016,858195562;1431208522,1160833357;1987522313,816341162,1098018897,1270789568,549489326,1261818862,1151213875;0
===733496507,1977418765;1162155188,883808643;743565480,1560447613,1391982064,1277249017,1409402797,2025249487,2095944742;0
===1367068421,1397361637;897742425,542208909;860554783,1364542971,1709544805,1745775420,146273384,842968754,2060181482;0
===705231854,781736642;1697656035,982916405;777362157,548985388,473486387,1710846099,1542020849,846999388,1339163823;1
++452556714,955323917;417507799,2119183534
+++2010298822,1589521809;168833725,717745048
===1383326804,1364060880;709644027,1981978721;1495584,1468734859,808234775,161608927,2110069725,1563228036,187283657;0
===270463050,1441504997;328682772,1049751762;373511066,1561887442,979304064,557160736,78751291,1351368182,606486294;0
===2078810032,1782263895;2039318581,776276220;632367389,1304692582,1615805448,185147736,823002861,1620259294,506492173;0
===598066971,1550938494;1064898845,1342829917;1743523425,1213587976,882411131,132253341,564498113,161191732,1515337263;0
===445767782,551532816;1778314806,605264634;563400990,1408496723,1215566618,1936388975,97094057,1943406975,621661075;1
+++588237526,790994241;1951231169,630579477
===749925908,1276001862;398714987,1760307223;750053132,1444413646,1316341141,55345586,222545056,2019692138,1480391390;0
===733946510,835082630;1934561809,1117296722;847525038,1603855558,207097416,1597423993,1346293995,790852281,1051105072;0
===1904985028,1429106044;1012035407,1941276627;1830966652,1205072016,2015762118,493703818,1314779988,173900736,1296259346;0
===620454566,902073998;154357554,947839063;2068247184,1829639737,1065414768,1192447134,130874908,1987877309,1726696873;0
===257062639,2072184561;500253900,1659400276;2076526339,2045003048,1493449993,907694854,1826225045,2100835516,174045427;0
===1024130784,543192503;220036080,1355047573;723562332,235922485,1701917390,1975036743,1921848937,317287254,1903242395;0
===301908992,625239546;1018603019,98626764;922752271,483873870,1229472985,413946369,781275338,1907323478,1006132094;1
+++1943852365,2129550125;981365090,1775677712
===539465427,968337795;61726186,721337967;202476462,1054031279,469346201,1361366393,885562750,1247821492,2088999941;0
===1682431267,1896824252;1778912223,1362929537;485599791,1232274252,341421845,447133145,604926342,2086637329,1210179119;0
===1502674908,986645726;953881290,947214944;1551296935,396749251,1130425730,1186304655,1110515221,66860510,1177408606;0
===1611384074,2036658132;1573529796,1376067355;497646702,881929136,2043276988,1616035951,260193159,504816867,2022336194;0
===148174018,422306624;226034507,1563609771;527401923,1326860422,1816821735,287086745,1708666299,1325063392,546390478;1
+++1060536642,643396043;199155732,1818310937
===2135186313,572610529;117258651,466235747;2066514895,1003152247,1756746440,384485172,1535471564,1783909083,2030954804;0
===862939430,955212205;2145738103,321775966;788329898,288318430,30697379,361991917,1678855885,152603470,618834339;0
===2023751297,659501257;327185808,1194230644;1450801235,194731964,1021616717,961912389,1143252956,1740954944,1273062661;0
===68095854,1970033223;1128829958,355395828;2054285952,1245499584,59128769,436744401,1759094410,448051762,1261414356;1
+++1487104322,1488323684;1590297233,2084873767
===650443443,1300598952;1325121269,1863192391;714760117,1080744312,1455729700,924923451,411451467,1212687698,505276948;0
===72551362,2096804733;1809585187,1828279835;351781456,1794514056,1571618893,1885878370,1654655185,2065168775,713828325;0
===662878019,1211203322;1697023278,538623756;2006312002,579571055,1849032791,209029298,1602257434,839876773,1446295044;0
===2071068238,1417500646;1326840545,1009084627;627703377,1737198037,1623609447,939204845,1516989097,1390525538,1923958645;0
===108798527,193522422;358277660,1127509145;1156973324,1194368641,925735741,280298457,571686386,479104136,1472025127;0
===1160784175,1680071109;1299573408,1862351269;166500757,1865362144,308491693,684609069,217226450,1313983748,1728862231;0
===123533562,1478565237;1142379226,1170143928;2058888586,315546839,73177077,2092830836,855260481,1948185920,1707713849;1
+++1899393954,1156189149;1372377455,810262495
===1591352096,1961832710;1942703088,654926420;842877305,443223115,820970193,1265480378,599646481,1169857594,528545860;0
===1494162455,1808255709;184055777,1206470314;1206382552,824591324,2080915648,783269266,1516112772,2072768482,550816833;0
===1788081180,927773109;1549321738,610493135;1823811575,1645378405,535591898,1840538315,1808344885,724189321,1807218862;0
===648143697,1116706113;1860627706,1657181996;1637116737,74961825,1160014984,918998572,1697136303,1917256280,2069994829;0
===1296822841,305503713;24229967,1437436964;1764072314,2116844415,8286621,1556941749,1860385344,1943508721,491257670;0
===1017290128,254846947;1040492297,712592997;1484732100,1102529117,1521247412,709178943,1155033743,863591845,1695349740;0
===93910848,145907669;577251240,746166326;886046451,1360283852,188395000,955075084,197988957,2035586628,213700621;1
+++94770726,510085810;901615665,1623268854
===297575209,789666656;1761351564,2101713413;1475764037,1422827721,1032728257,1580536182,266601769,204223180,2113143143;0
===1001987702,1152689511;472206961,1144202279;896401756,960952799,571319759,300299333,13259907,2008137451,1822362628;0
===2074933363,913863453;837454923,354187857;2051079324,1870526285,1449846284,883520445,1250030772,444892696,156463094;0
===445725344,1152767292;698149510,1264771202;542613158,1907065574,1751152813,1923695542,1988771026,1853175918,371056811;0
===488106510,258066119;1182395562,140555329;472804987,1629214511,793838062,676502521,1217949132,1908171037,221023075;0
===175143695,1507974552;501266514,1030202094;788202230,1337606291,431598140,1470205767,683642040,198432951,1302752623;0
===717825834,229608122;1953909392,1557735737;909987536,789723956,929601700,1858142861,1545069436,1316129868,1130543334;0
===1404249743,155535379;87783704,32361110;590144080,1913394121,1086251790,1421915624,1212192506,1420872221,1441742144;1
+++1601422271,765651315;2121779515,1612771318
===1341750130,2139745960;199596445,575081626;359294250,1826818447,1778767300,222434027,607160516,1195154954,1357278647;0
===395972865,657785448;2042115466,549929276;1014847375,703038668,1803639300,1054755139,877346826,716834790,1113233202;0
===1420844436,613109082;857832950,615241397;1133082626,1283137636,87833752,609795368,1610119701,1805249976,197929504;0
===718367771,861408621;1907367477,1247352851;768311148,859601184,1776161448,605260102,784716952,1510838530,728864168;0
===690365758,380570192;1296795241,128366425;553045906,2054137480,882744618,1450468608,1371646528,629487463,172893503;1
++623509888,889203508;151674955,1605367489
+++1439506205,1728741043;1463580839,2013449886
===1400337918,95113205;823820302,1856884367;1362729811,212743999,174111131,2104377459,165030732,246060049,1856357281;0
===1524617318,1328919812;586939404,1799477442;1316924,1506747945,1580233585,1740894731,58181755,535244520,1023066219;0
===1931618327,1883293963;1436092399,1903843545;963776092,379116513,2058735139,463597634,136333134,1557773714,1558487747;0
===204195005,2022345112;675246327,32745106;301603408,1211043382,97216196,1400709188,1105510356,1878191188,1514586778;1
+++1778986553,2717863;1388005168,2027806954
===233263367,781977872;2001090822,522951072;1199765157,1160602571,623563291,1205235510,970883695,141870236,445727923;0
===1376725209,1397129639;11298195,585808360;900834927,1837399,1994482874,586785811,1943955229,736287589,625509628;0
===1855974572,690543154;1240685158,2084558499;331294919,1156918977,478312375,887732014,1743978607,1720155067,1699964439;0
===324279089,197546602;590488925,693434950;613426305,127953730,1592541765,401249615,983070561,656820512,444993767;1
+++918529826,1585785091;2136477067,48192581
===577882376,755966683;1640121104,729422887;1508953094,747010968,700342803,297211266,390809181,1958007610,1894165050;0
===135073349,1168104738;120552550,514311563;555685447,156462101,1564418836,1401719793,1745504704,1381108775,1185824122;0
===1655339171,1772673605;525294127,742341419;47127204,1146124064,525904193,493949365,44241146,638818540,1206750479;0
===542083400,1801327743;96087910,1471674053;732162357,472649750,1908310430,35057251,558628710,709902270,969491088;0
===600333262,921143247;144820354,1658473092;910634155,1739481659,2137605600,98733580,310117649,282345064,847685936;1
+++1714406298,537673658;1034715977,1150844814
===526053206,1856457705;1770120947,761692609;1741986258,142857289,1838825109,45363865,511368599,491723502,1385649133;0
===99217717,1784754578;1188646804,1107149532;1015152980,292878926,2009575885,1409257716,2043002644,1868406632,19114602;0
===512117413,1006527036;914647447,1029858925;1555169709,735160439,486401310,232778969,651710815,546614704,1144788830;0
===1950090446,1132249817;808949111,2100598747;300199952,593186150,2025140776,839111418,42221212,570638644,1230112135;0
===1784667107,1840865056;530400831,860010230;2096294990,542219102,1987506458,1455934665,1378874018,2100947940,194957468;1
+++480104026,875757844;1673093525,1411566143
===1163031031,1638108661;1701118169,682812101;1841897964,234078997,2115318311,1334358369,2035882972,1399394458,1641165816;0
===1804036920,1334894073;1104554611,273660017;560758246,584221414,232285545,1812668320,506877377,847289306,264652265;0
===320554888,1316920864;113619353,11182648;1412967669,1415684557,838108141,780897326,1675461999,2114133672,966273804;0
===1213544035,2053040254;1211651062,1886156607;200333929,2077362895,1995359807,1741601633,377314104,1331333389,1187601560;1
+++761414355,635333588;2083788403,215326619
===355931213,8398496;286766921,1268198270;1551100489,2069717490,855705990,2086896205,1336565990,561816247,530740612;0
===909460256,1498389045;1469457863,74038362;93023912,1194504541,1710538947,1066316120,1920759393,876515497,1601059852;0
===1262060399,1274984104;1616822725,101084821;1582580230,249939591,25167175,1720694918,1213002698,1336937440,1177452642;0
===213018111,338638906;1105978426,1847611133;2145636761,478965767,224752435,469067198,716552702,189206918,1172285156;0
===1815300403,1188818346;1771655709,1919148687;639551249,362533052,1085668055,2052838713,1881033755,679370846,888319386;1
++1427226738,313791651;340614296,74895779
+++1932603495,1312363698;402322190,1543962098
===741760453,2074357865;585591767,239952222;476597085,1130453126,1460653115,1982931923,6099538,1834308300,35513928;0
===299603181,743131135;2140981820,1799381872;2036132303,1726919817,1626324491,1299592149,1280197545,1734299390,890087511;0
===1783485031,591798716;836618405,2006706737;491246404,743395435,872681105,1738837913,2115470676,346659902,1448287934;0
===785873174,356522145;442618409,621240177;129757114,703255558,1993585689,255721633,390505817,1099954289,534947819;0
===841122337,705796099;474835246,829654172;2119299955,533520906,2078321753,1920602785,1608365379,897914261,1655446431;1
+++2144442009,1971449305;411065000,1855838931
===1612201557,1050826698;26268253,1282062087;796182107,813171562,1945796034,2047019045,1930681465,46412550,177146601;0
===290909590,546124933;1289910354,758825710;435807058,525589871,1846870991,1539964162,656093933,355082996,1131708316;0
===171693180,1763466450;1232713752,796265047;1042207748,1662482113,195096936,376251810,1570677048,1231124872,169030835;0
===1407080185,1403835126;1348483583,2102041432;237797669,2056380534,1435315015,845253237,327569622,1444495006,2105125139;1
+++451019974,193881228;1104071424,975546242
===1224188519,1880962884;2893571,1061815278;549801644,594066012,1182819165,1580754057,26058851,1370013624,16662490;0
===70396240,1769303482;991759553,775770036;1697850401,1075717744,1789226169,914907040,389290903,2077326990,1530634462;0
===635199124,1668864163;810440701,703507977;2048686876,1636145773,1704140687,2025742563,1423239769,185469022,536710636;0
===1726931550,821920291;445617202,1514790603;1202373418,1388059246,118009195,2054590015,1512074581,380766989,98431636;0
===1215504477,1790194810;1258537360,764458780;902311873,1611491901,344262445,2090542462,2057818301,2046346180,2127173088;0
===1921171568,1749751583;670685035,2128393627;1915312158,62292647,852824738,1455717380,1931045001,1954713135,1112421445;1
+++1115003947,1015746505;251211526,1111973109
===2084122029,84205223;2098260747,1527259609;2014784083,109250066,149780045,634183029,1899683695,1129729641,1802331772;0
===331638200,1853980533;1000164609,1271889308;1436015055,2020472553,819422100,1659203388,1923727838,619913678,988009253;0
===1387297297,1566820037;889018841,1897428311;289864752,1104128173,2116555915,1203271569,1861635395,929625798,554617276;0
===349930846,32326501;980081731,116623867;1691189785,1887439847,859673867,217478593,1850273034,4479671,1961573165;0
===2010131064,1680784172;300180698,1809583917;1333097544,213792934,725838510,25003806,841776661,782724338,1800095557;1
+++754944480,1278575868;2033598952,1707464893
===1164440308,1609539288;1153973604,1164758135;1372238463,1364951937,2090769582,732086514,1008373169,2010582991,1541497657;0
===1527173069,957754088;370498731,2064538386;1430223937,571318001,701523768,2018600562,270227063,36085614,1359256543;0
===666176349,252709340;1172204701,1092639390;1230166067,1927506227,1526334114,1794736628,1254086237,1007757132,596043066;0
===1983749508,1343177640;621712462,277446660;1820800739,1581214987,1384313062,850855803,2126976023,119037261,2135009217;0
===544814081,2010895363;371476569,1500999142;154842459,1249460388,1590222513,782992534,1490243622,1658089867,712931519;0
===182446948,752379258;69392912,65430320;736039126,2102942495,1204516314,1302062047,633155620,178541712,194106416;0
===1524115292,1512242127;1365133848,922251033;975885820,1210765892,1114485317,1261400801,1189180030,1661423262,716263730;1
++405770994,1172829049;1096892302,1363010976
+++1412717980,517988681;773966588,438507732
===1918699715,78189078;1021589426,558381366;933009460,1500726903,2049070196,352248508,1759947265,395601258,75806216;0
===1957501751,1088083603;663314830,1231215181;286809678,422995305,1154894125,68860383,1599940682,1496796323,763690466;0
===1977546376,235198802;1198055031,853232152;1798067152,238549555,1789034996,1876051461,1572316168,513659822,452477827;0
===1462151460,1077804480;1617339816,1045868854;1408502627,116889343,1959085494,698250009,1278103717,772407442,2130821144;0
===426769465,1493945994;189929400,1009768687;1586238781,1814310983,1110893162,1948694913,1137861588,1042304640,1811674349;0
===1201932127,1595475131;19410541,1383774038;524063860,1870603661,1782502456,503048550,93030507,445807577,1177713929;0
===513390879,653758541;1667818367,2110946797;163606541,1062639997,574173433,2036658196,1916808549,1930546140,1924246904;1
+++1270930233,166458684;2069237751,1974933538
===1793713277,1946713024;43387630,1625255296;87365422,953455242,1028452295,99701416,1042193039,470126947,2009165505;0
===95422829,1093191521;630672005,955659621;1050897742,1496965428,1939610675,1444475282,2022853147,2041053622,915796101;0
===990652851,1722471572;2075753664,2118497697;1751036527,489788318,570618208,1856074980,317208467,1205510148,1859305506;0
===781620288,1088625732;2051314139,1572802536;147237556,235243788,1591733931,351214814,1898904855,252409286,1277610151;0
===718063310,1622817501;203146239,589797062;1076232689,1204015749,2132816819,1508880525,638596299,1100363395,1546452294;1
+++408098919,1016290329;1392478932,1660121641
===1710934322,422252989;2061571101,747352498;1104704761,1371161118,1926095981,234919615,1834069269,336032899,1884869303;0
===965589334,1266337503;1024926119,1762481228;541168461,138384707,2115395214,440157369,1311940238,1238886760,2078599239;0
===2042556571,387045170;2028728417,1408555289;1916548860,1914669087,1647094623,1605782376,744705258,993317097,562779995;0
===20562828,628613073;574726955,778471965;1676173904,1524198141,1333129010,1146782705,787310474,216809034,1116192279;0
===1138738455,216093968;1417596434,1118340111;1587200212,627443859,968568747,1175561018,1810105699,2026149704,594238181;0
===786628098,2009194015;315258558,502707326;488898580,423201430,1174270937,1054908031,534713934,607904174,1066333659;0
===857883023,381104936;509622147,88384910;596388439,1458173989,1655463470,621303456,1353946144,48678903,1038871242;1
+++810986833,928278367;831230566,1177206765
===1205270203,12917913;552780513,2007351791;1552573261,1578685939,716489546,1384142435,1012607847,2089602799,1913786299;0
===23600638,550488110;1571374057,125034072;2138770620,233878449,70934016,1485043329,1154788358,766940483,1492371744;0
===1979671132,1072838309;187291258,853666920;242120366,1925729755,1452840799,158179308,386416300,1726780883,2097178639;0
===1564091976,250854760;960819537,1159269634;1371970817,714254758,392207439,1596664610,176549707,1021063150,2007629381;0
===1373434624,1947684450;498007120,742001885;126261483,1977650914,1947107435,1041721944,1865597121,1921151361,42404252;1
+++1542377907,2145539023;218428120,1964431882
===289750878,854781689;1657899108,1541963737;715765337,1215805470,517379178,1379818811,1589943405,426520531,856939549;0
===1119109598,1382508941;1361446379,1367525321;1654301615,2084557220,112575899,1872018631,1046599973,898811315,58964060;0
===1857785045,668705983;1221010523,857629954;865728824,1794409821,1846953173,1202858520,1609291751,1602549933,1518521967;0
===387377605,1664383215;798329364,1257718093;1760913132,1325088298,1741268209,8461383,886333011,540612549,1979255287;0
===1237099323,792685290;1955430574,796919297;1305234595,1407254190,1181620557,1159157390,1079990962,1032871841,1818717201;1
+++1417864492,620653520;1023735447,85284294
===945857050,615019320;1721918021,252234777;1993799516,2005721307,2119232481,1719660785,548239131,916441422,98147399;0
===1180882430,1258673500;270112701,983796863;902175075,1520743389,1462575306,1458540931,502489503,1038717356,1503282846;0
===1175025271,1315432473;318870890,1886268116;211834497,2104983159,2028115497,121320460,1258305629,979099188,1474478315;0
===1512832283,1407066811;1887950663,171820944;322597731,711466426,1626847832,2137423815,1572424498,1687068741,1515258833;1
++922573837,1581829856;2112550546,1129317085
+++439474069,2048479315;390494957,1510513929
===406676531,696487669;638900145,126274340;1221141640,663342859,1256862882,2116331347,491440408,90816497,843264244;0
===992156912,467888366;1382166152,563773251;1388426626,434460609,219523153,308517383,730581375,1904887560,513493349;0
===1149711252,631426057;528720938,1486594831;1573176750,841421652,464458759,1999661990,665823173,1789498509,1670948333;0
===54071834,182040654;1398335494,559505327;1776037859,1360298785,148773317,2146671485,1923661340,420497321,1724722996;0
===972179046,764484056;416932238,1620598585;575743130,1151209648,1474825610,1619183404,1692606815,964564161,1109419125;0
===1895003959,636771737;1471764971,1546975327;714860237,461055691,1700527851,1759057570,1841490563,530450996,1969382746;0
===549576773,941740589;1022098655,101222475;685689360,1893495976,55133861,998679636,1395728092,370521298,2007143586;1
+++2088461298,1200667889;151958755,7661125
===92369916,38077133;377208962,1735016162;1882082155,1065839965,2040502699,426247354,335593654,1880847402,983161180;0
===1759430840,1175070854;18685501,478541870;343231830,1297644495,122538054,1093156568,527847281,1456058399,711044757;0
===1458188290,1917140354;1956497593,1255371480;1204911632,1528730701,432146684,911719782,497279540,1536265856,923008020;0
===1898365554,269046656;806520644,839529541;1335282678,369802296,1391314590,242733019,427753486,1433891630,417706757;0
===1193960465,1185270995;552241331,789226714;727763533,888177767,1855817556,1395916239,618532022,1411882998,134778077;1
+++808395481,669538953;1939299594,600347031
===2126319306,1750116510;368072883,1529446189;695816900,129534859,139722656,2099764162,849854737,1019955385,524620586;0
===1123924706,590309990;1115170919,156587048;343600635,1993034036,1362305042,650605872,68752924,792514800,1816403028;0
===1185034990,592771833;822386527,496310730;767709036,1106544743,547613342,1666948287,142363044,901160978,1895133668;0
===1265231795,1651425631;1976378125,948480696;687046878,1372418448,1166944239,1595854766,738466610,1798913734,181834421;0
===1134046961,1430322059;875165113,963199095;1308955765,1911576941,1555710156,1837514913,488038507,2125795833,686867461;0
===714210529,999447349;1592309872,2055857269;949684685,991717174,265914872,145857726,1098827770,1270633932,2078899087;1
+++106123921,894602506;2043310767,766203698
===1122424754,1516558092;1148953507,788583710;1704348440,1676932543,698530400,1545052852,675376358,165274847,1717588840;0
===1856802140,1059626900;1290939729,1522968406;836650103,2065357627,1185666322,2065331728,1749534333,561307100,1749278298;0
===715270310,1569986272;806213818,662657548;2078642772,1120861647,1672952950,1974278319,389727773,319141563,567523753;0
===1211493197,1596762370;89084535,671016011;381338616,1635605145,2014262880,463090147,1599192704,1310017600,639610991;0
===616900017,252176823;392064939,1181172622;1755029362,663795394,1053585256,1833430427,620903182,588373017,1793947054;1
+++1781758551,974371091;1980510510,89926209
===559700665,189866451;1737047207,292236693;2029664723,1874771032,1970953892,38829443,639434742,222352238,1120335640;0
===684162759,467231149;630771132,1844562305;866842747,1056156094,583318571,857835960,207334253,340386104,1785799581;0
===577417674,474092188;237525571,933106725;917337238,850872412,1124136557,981464732,1649176020,544521150,147471622;0
===1519029746,1465920676;862104859,104846402;49675372,1057981254,87363838,1813270697,938927358,263006881,2097997209;1
++2008053420,258475144;535009309,678272846
+++1107348397,1186674635;1728178327,750945407
===241892058,1023892229;634652337,1356442721;530906771,706457713,1491285198,315287047,727976351,1500505214,1294424572;0
===1835159337,592495050;94270851,823757282;1920806810,1798515578,851233977,31795317,202475729,1144878926,1705139416;0
===837759723,1414081015;1066668680,18131751;1475592349,633530797,586355510,187849523,353438463,474940290,1064301340;0
===2018301951,1802886409;2102708404,1900227104;1992279915,349365500,56906960,438039057,844790854,244147381,799896987;0
===215797940,1521600955;1438823089,476755879;1495568675,1835136595,158378525,722586924,741266167,1809363809,628456699;1
+++1753163211,636930711;406067768,37454003
===384943087,485871939;96608693,1940585990;1755889724,1867535565,984085827,643931962,1685966893,1541879679,1716966157;0
===2144122528,35835264;365576539,1995301822;1557318198,11169124,1213524405,1770637711,2085065415,383581715,1191829442;0
===2075521178,402339187;1560698026,810287311;1985121264,1287428733,1174354064,793021233,1434450360,101272019,2099540024;0
===1740505454,867902842;987959618,2055557855;1115968665,121846080,742537091,1202657270,475381644,734053923,410325871;1
+++476077093,16521026;826608803,1208554305
===631272929,1500058117;2015782449,798094520;2104877331,169499255,492681448,595717864,1714696425,1673084446,2100323733;0
===972954706,1435054344;1569769682,504577122;1590931687,1717964940,214914285,1131511188,742071283,1909334624,479264212;0
===1325253709,1830635679;1063594554,1235818863;1786643092,876490720,653498643,663385744,1124256412,842947393,1632460641;0
===693734409,808592070;912643753,1680323084;1697817145,1989185328,1881758025,2001412032,1044560110,1280748455,1853938772;1
+++1516751975,999280379;1415368457,839147048
===1049456160,1805709736;50579790,1992077679;1027740323,1845251577,940958775,1233530517,1207256437,2066900333,709660921;0
===1286236828,1522565461;629393824,940458093;603710943,1757184391,512226625,1653367838,2068977036,1059413980,377758518;0
===634992058,779654422;1241981938,1347917656;1266727660,616539649,76150475,1402738023,26947691,2010773868,1496282941;0
===19213551,2075625551;1718225533,673476113;275559087,1439863597,615555588,311815593,144539122,167792302,1195243333;0
===1044087302,1057688873;134441938,712897510;1995642323,1254221568,83259089,122883585,2108275738,1789609907,43938033;0
===353795215,1672900826;2005378575,290904654;1605164386,1902066872,530623280,2007113149,941907977,1585442789,1217179770;0
===874950675,82837450;265828778,1910622986;2040500715,1017408704,1729383217,560206754,2132932026,1922412009,1193688488;0
===156020235,775677121;1589473560,405636375;753240202,601123824,668943208,251249285,425026066,1316041408,331317852;1
+++909650361,62427331;1087365072,34543812
===1989960104,78391494;1811194332,1233591932;512739441,2051322804,329297399,817456623,870017100,1455216766,1342628126;0
===1007938988,1181703488;1451529239,1800521348;2090220673,1105908113,1236224865,1033295801,1860011285,474781833,749568992;0
===1808103306,241428833;1641780274,475310869;790021638,74731908,1306314587,1994243860,528917594,893782783,29756025;0
===1645779279,880085206;161332090,2022149245;1980013610,1146312785,1354278364,317876146,1010667326,98639270,322714355;0
===152696930,1249383252;1067417252,319843160;872364595,1508750218,733966891,1548706571,268442638,1685019477,1303325686;1
++164929934,652694727;866776447,1418406272
+++442104784,1541494756;1628414426,422060033
===808713897,43417377;1217198069,456543749;1011912888,1452242227,1725252919,605216083,1479638428,188671985,2065541992;0
===637266320,1084789168;1214660502,1891685204;693703471,1575491779,424983652,899399014,1092350131,1986256462,410641862;0
===1185406964,1382683086;1619976191,1325663373;984271966,1011664688,1381847415,1028383931,535150091,945742472,683771356;0
===208103374,265848795;314675465,1590551279;968329784,867857997,1105681454,1124933184,1117363742,1328427527,1446048709;0
===1413382488,1509542255;1871689761,595080570;2051387000,1012974019,175628284,669954489,330438020,2039427860,1122154751;0
===1785091079,1217135441;1251842685,656672173;133658827,942138033,613694495,1651422403,1016829214,32592172,2073897055;1
+++1939765976,1479297616;213879982,1058119765
===42344528,968504275;1167078127,2076420577;1073310566,2021935184,1516717185,1200926593,1036998781,1193059598,100825046;0
===688773151,1198022904;720203640,719622504;1920072758,1623026288,1025207111,849215657,1421517019,679527171,256036734;0
===579481849,1281607405;177558982,395033435;2014853087,1992286905,1241929842,1840774926,752899959,22552309,1814858029;0
===668003300,1751064713;1308596670,1483428342;2110708676,327143424,921492725,1081005609,1261615313,617774662,2060495733;0
===1353240083,382782649;1494543911,60306539;2055104266,899622973,1595739286,33629985,1072334576,2118328684,5528926;1
+++1971418304,1348644488;1541578820,911946197
===67451373,1557818806;1634885081,1369203005;45735933,1116477802,1229414773,668125135,73496357,1106763128,344736534;0
===372230736,128937084;1189717385,1767124442;191540498,233488326,346697167,498113036,736444659,1578791747,2057220191;0
===1387465364,15224666;284890248,377585819;765532223,1464112690,1641461638,234770490,717113092,1246635257,1704689599;0
===1947487092,2027993809;955903328,1645929436;912885348,442623644,920291183,1405951600,841474655,304759483,1548956976;0
===249824821,628887723;5802268,1791121154;1248043588,1201341232,5786871,128997343,454500668,2122782593,143671942;1
+++156859198,1053299071;204473976,1640196875
===1953849510,1263081643;1620864164,766543660;1669747164,610939129,1219263068,1178034598,1170379019,89612208,1112122493;0
===2025760437,289603136;573311076,1891256107;496436335,1550172513,762249501,420783707,1545566236,1358788830,1344099320;0
===1020243318,640708459;1372161709,989133616;462914964,1558632045,1807481792,229396985,1295638680,1559755496,1434985203;0
===606066682,578179702;1249877909,8645960;1543872516,1454489951,1188931914,686864189,1283756325,996986992,1772600930;0
===776533421,1559603725;1087851065,203635711;1681465749,695768384,556896941,167997180,1386375273,1197072335,47282847;0
===799466329,2098611652;787597386,288519929;423631568,1062584007,129620295,2099058614,2033230385,935392915,477082900;1
+++1163137164,2036419862;535923403,1150189993
===1700182277,520184169;150266958,741737624;651596281,2085030198,794132105,1494885859,2015689487,808633755,843064352;0
===486040921,1507762097;539809544,455965658;643892017,289691747,502582702,298352370,649144711,1171332975,412804750;0
===24219003,317511100;1466015304,1455500824;274224054,425970340,199228163,1034290514,1712400225,1607814376,1730042316;0
===563896289,20062439;1524013812,1947672638;1038505673,465821741,1873295285,1841375536,1062120345,886174890,1992900224;0
===1820117816,572318713;1063704524,676587026;1500552400,976704394,54668780,1714056825,1061927801,173371832,1061759242;1
+++1242823220,2095797133;1392228659,198364980
===888973367,1165739758;737363295,1118256623;759772181,1748403269,2003062781,812489662,1052946940,198306097,1586344582;0
===909726192,590218340;1900442365,1317425270;659854462,929163324,1850600327,1639202997,1560510617,1241328233,1661797997;0
===1708625590,1790794121;1262458788,1660777835;1616928864,1420045999,1494995509,309925243,33495693,1197349723,388124273;0
===535505333,642578057;2122933530,938534019;1451807478,1707369756,1353479274,2051317696,117764714,882741060,1992780952;1
