7;2;10
+683625724,1457643669;924427524,258813203
++325581303,709283874;478764729,164530290
==1393593781,239098866;833902199,426945375;1243335465,2001214505,614546009,1793676496,1161928985,1656979527,494727957;0
==4498309,1713116210;1592055591,1979395625;152036937,823869841,951522165,853158601,823350040,500423569,808386789;0
==1921643220,1764675919;1004986753,1620411742;1803530753,531361373,276422742,557484838,42552912,1158209883,1522507487;0
==1269714732,451251022;1500243227,327505748;2011157591,1459797795,1963068605,1276950769,1507814907,1529994950,25866497;0
==716397961,1105055298;1163681097,1385790271;279879398,2087171456,1206497670,1802402825,1196532666,1594622711,99868707;0
==921148499,1469423114;658207055,457387843;206304453,482296638,1308139694,872626544,1595285542,1573550495,2108779999;0
==1985260419,1454897093;141514659,798934194;1989356633,1648650194,1059962430,1909035380,672335250,1861694777,1010731750;1
++116613910,1639278001;1651611892,1404280062
==1753007724,365994795;1462802180,1728340264;1693998211,1219733599,1297378583,649091902,383970128,1569911278,655548154;0
==766083753,1496830625;1585801160,274000242;1457269865,166335247,659607178,1626344842,253085917,170702709,1711199282;0
==2022306260,516851141;228001725,1478083762;863023631,30746602,153510943,888059584,653585135,1539247041,792817060;0
==266369210,746293046;212312606,1944361257;1782073826,1031360655,283211541,134964041,1309384903,276388319,2090078493;0
==2044913298,2118100103;728482758,416453229;1980728066,1730883039,1975008488,1182773532,1122218945,2062304757,1493192412;0
==1386676293,2083789327;2094609805,1206691307;153856365,468497518,1059544933,1041764166,2101537815,1796032613,826331758;0
==197788190,1537143392;874193446,1939085230;1300992245,1941474452,867243578,1079225700,199819989,2029598521,1532203808;1
++1632549515,1641512994;1494654469,1597063211
==2132695254,1760725562;1204337766,596830200;319545947,1735905286,1397090997,1013940208,383383122,1704529382,1363224968;0
==2058380850,1031678343;852836821,1054188261;829392386,1235533365,519679881,2071446002,1380316529,974193648,1506424703;0
==317455764,208196656;302097935,145759173;1904877435,1771610370,1381054563,1289583925,1355840165,432129985,146409435;0
==1883670750,624587106;363256188,2145919685;11096179,894253209,424394121,1225291413,379329902,534101636,2042444769;0
==1974034590,79835844;703974935,8286141;1790979775,377531359,1417105649,1437468040,1844505174,1821250680,635606006;1
++674338458,2129598105;149329431,1688199719
==1617924387,816276945;620032526,1866773330;922152323,1115447088,595479762,882074951,1572486433,1025670107,1436289967;0
==1561341545,1303648917;239319285,1426756931;93678100,175980730,1784397207,1638724917,1629509221,875526483,1728889138;0
==809936998,1888618902;1759294886,1621497841;1190040040,1157149121,570255732,756936659,1749660135,1703147878,1778177416;0
==1195899815,1507231089;1704619604,1509947503;922308221,595544433,628523580,253172477,1461682559,630283874,2102284617;0
==787034441,1668071262;1713910118,1369970216;1837706548,1374860557,705093354,362698919,1478066018,90927477,589733488;1
++214012823,1523098009;1246754651,1499761031
==78417812,1092584151;1327046537,765643722;1946616146,20157555,126431943,1821123771,1720253883,1184101666,1003731242;0
==604607605,1071253802;452266047,935778438;2006662039,638983252,1932878322,1957001340,1697108799,1888260127,1814078799;0
==742710702,867103419;1692415593,771508466;1216251794,1364243957,1358903383,981710364,801645118,818250619,2085635063;0
==1807005100,1704318988;1450364238,2090256514;1367029360,145290770,875602541,889658715,649940920,1350046375,898453267;0
==22040333,322118386;1652506846,922394782;492881842,186630655,1027235236,1959859016,275917803,427466967,2014174459;0
==1347657707,1648047933;1529205768,28836237;1789032612,1826906516,145595011,712747713,1712577544,2016488753,1879825514;0
==970858600,1940756262;660282663,566874962;2018919368,1953788475,2064955667,1144562085,1488702139,1665411149,1056307782;1
+736485819,750717559;1873508940,453353952
++966494020,2089597752;1456050449,1819564352
==1773073799,526343265;555943907,1575884457;1139515057,1600442031,1269407324,1856105373,124338544,1562234792,592774388;0
==871910518,1209319889;417730367,495412624;672242010,1492800318,76990638,1870432459,896162520,1962913724,560035118;0
==125375476,1560799439;1555541270,1380222970;963774502,220584938,1413992669,1010957479,1720455241,969391319,225838364;0
==597761146,2069409648;648952314,1231009250;729271617,1716826824,1365897034,828751134,1322967283,1196535019,330813092;0
==506748120,730824306;359320415,1733444664;1777452133,1013330383,924718840,1315165996,2123232052,1689067656,1033262431;0
==1399542372,1596973051;1485219542,1752603368;1769156631,1144877689,1490801147,435512118,274584071,104836724,1832127559;0
==427782558,696979302;190903017,582153196;2127031897,261255809,1087251908,1425749835,1493488885,1402049901,133247452;0
==1592555475,2144871751;1998265931,1422937684;1770791894,2087067692,649904351,1185540363,1255333218,513272831,1607923769;0
==1007367490,1686398414;2030073720,251408243;1162937586,716655944,1655977670,768801827,720282420,1622009005,1072219707;0
==483225677,60620720;1135051014,690478994;1491279630,670644523,861392097,1954569628,229687161,114941565,324650928;1
++229631996,1714018311;610567242,483138866
==38255688,1317451294;631976960,1684855137;1887681972,1608276476,852885757,2066232952,394137854,112418375,507940690;0
==441416164,1054784518;1029761938,1718092635;290921774,1154052442,97432740,1061835129,186559840,173717789,1304594832;0
==1475165218,509578902;130215224,1815830220;1608479499,1323949129,1721912297,1998357018,1795491587,1546433827,453586043;0
==470995262,161254906;159141075,610816586;464737539,515104601,2103933553,878902125,1078710769,1275128962,1598113171;0
==164000113,1526434417;1627235580,1222881725;700592874,1179989993,1358248921,627878772,1798432884,95763102,1697182309;0
==678303613,1216289047;719566825,959421721;928999204,535740010,1681121417,636710151,1140675806,179148199,1293446221;1
++225814735,692385089;1830830444,1258908216
==1484090006,1229607755;646005977,831448930;620302549,2103770659,2096329006,1869505816,89468637,2132467715,623567376;0
==827009139,1578490728;165062820,914685794;2131685501,719758699,715447820,1424085942,408636454,1918347583,2054976019;0
==1606864953,557730007;195658031,447804675;2086983551,558138471,757507622,1184612186,2063920988,810416060,939598883;0
==86356090,3092711;1906583577,1082791554;442736288,1477689633,1562697350,209899913,2011917394,129580791,1643143215;0
==144953907,2111499223;2128981013,1788210724;1024145086,130402354,1280459211,514325577,1970392454,109051254,1779725008;0
==392801368,718363195;825179349,689362991;133180720,75745560,737302993,1467020611,117737945,106837448,1187174020;1
++1394192687,655066416;1515958860,1714743788
==1954775,2076048982;1881534005,568382740;222971311,219454867,363945812,1339269547,2051871445,42817511,1991583301;0
==1644162894,679214418;2101617,2044698294;1422696885,916660239,1198708729,153996985,183430361,1668911327,65042357;0
==331447396,858531150;1973827028,1282137266;404948632,762231708,950962296,1718925817,1133738852,1742133233,1047565734;0
==2070804321,447876776;497477120,412671574;577549986,1580098501,1342869944,775412330,603327480,2033219057,749667290;0
==1926273096,1085463651;1008393123,970390432;1177249730,893347376,447569965,1704982384,667463837,1929358844,901486503;0
==102941423,1818569129;401865346,42281984;333931627,477152386,1784165664,675693405,1217094066,828006185,1078656960;0
==113962401,1088144380;2099635329,752187377;256033740,1671865981,1816737279,1141176029,414222969,1935421371,636877046;0
==1188066754,1305270043;1036704736,524029637;1101624136,24791762,1267155676,350472399,1572739387,601598726,1486552359;0
==169397776,2135691147;469774144,695809911;87620473,469046520,2007204723,661155808,1691037695,1074880054,360127989;0
==582123496,164669526;73740997,931168170;254153686,1306037695,790184956,1607085119,2001233183,1718221058,1478164003;1
++1568772212,954490340;1892504479,2132361753
==531371777,1499711117;776335505,1157084672;580523648,862493378,691747586,1025952612,1659632102,852843508,607625784;0
==556844112,259662568;248808793,275765967;1895955327,1986473736,846860610,889022375,2042290975,1887658067,1316751084;0
==989248387,114341522;823286020,977542121;636080514,955474169,641393462,1956432500,1987385068,1185203171,475671070;0
==1766889858,1548951760;854354424,2053122942;2033939834,292023204,1448708557,849374268,1036846046,1318517316,1749374092;0
==1821612598,1779499857;381252715,234681110;1269454234,441665915,1094036242,436952371,346380724,1487652194,594434494;0
==2069499894,1647733891;357662244,2105323379;64892000,1142092937,1998737917,1987895348,1527362079,1218164781,1281055734;1
+1185639384,474429800;1283340998,1498428482
++474996024,2026226167;410957254,298672119
==1307840932,1102159927;1175630981,157247346;1368256243,39283974,857906211,1781389746,2136223741,1659097538,1486331850;0
==843079036,96345522;1125606729,238117577;1587445889,1482569431,1425964625,1509503861,973701986,1415198926,1200699707;0
==1745377948,1575113676;1706370098,1479828635;1791178354,810055899,77500181,1355237252,1236312220,1329175496,1915760254;0
==19450698,1087611681;1937279393,1490158405;793668743,1656235043,677561775,290260439,232846113,1960473752,1694507166;0
==122536232,1695385412;987014614,1711921838;1897854746,618637402,598074656,1644969992,1262587676,207082124,1807044048;0
==846668076,169018991;1809069965,269621443;897299343,1547566054,1837366041,1999540571,1508344971,1282986629,1630014920;0
==1389895769,1740997009;37933763,1523171471;1686710854,1726572670,681653098,495208023,267392416,714507271,179758079;1
++53559977,1865655738;1953411411,456549422
==1904876742,1506858834;626283963,1938611791;1247095170,1119357589,1710371207,501044709,2082236925,1054004250,1099886151;0
==1837076507,695912872;2108943634,1698563891;942916651,1495028578,759099072,1606013608,130786572,1375315091,509189418;0
==2090910839,1783373047;983926184,1260425108;1548421820,1077403035,1183939357,1817763587,1665524568,689019673,1452005649;0
==1803473591,900393421;867792329,1003148375;279014401,1602452721,1148656002,114734336,1882481543,1143277749,2080057097;0
==372096079,1357120225;1068529452,1610903569;1574127465,2077033226,1429306504,23654561,1266006524,675232265,602410345;0
==370659713,175332391;730898843,796095540;1371536323,1239327799,1760280458,1869919525,590278293,1032111913,1975989620;0
==1959957910,1120934248;301561990,108847607;1405049025,315071871,1217892926,232995691,130430866,2146527213,577279422;1
++900467703,1961775833;1989890231,1445970763
==627304453,1763688099;1492415257,180733359;1679346254,970097546,358634422,1014376427,2028459998,1709675,1703292108;0
==1364391659,930078277;554346259,1061266453;1210559839,621621384,315634569,1461704558,442501145,634092414,1217164297;0
==1079129151,1663843996;984638925,1225131357;1389281662,1271335184,903822481,1961189605,1583475687,1085001579,91981694;0
==1960723263,1857998284;1571282588,350133599;1556822186,1475550275,892377032,1293149571,1675112171,1274203353,26725679;0
==196862663,785569655;483996295,1378020728;1952669463,392532172,469478144,1290962795,1396876771,589249523,1805316773;1
++1856602014,1690795620;664679495,39629182
==882511986,304381457;1627702719,445009395;867750391,1339112348,1950328275,157408466,1482545743,1080260548,1689046709;0
==590227359,226038648;1614006389,1205328143;764773970,1794768300,412304363,323617968,425870392,976926013,1147515345;0
==277741148,1065413215;555453459,936615217;662335939,324005321,686658769,95846457,542352576,137621136,637965178;0
==1868797100,91679417;1029235823,2045782781;743560863,375212961,1358621624,386683525,1664413388,973533919,15609273;0
==1041921633,1070958882;1709689780,1901282274;2051172025,1617397617,152547846,618090747,1759419049,502677673,133266186;1
++618443354,762998856;1752573779,1918035759
==1608513539,1578137083;470728947,2028020476;250841679,457338595,1425709057,1869938999,1493297802,952074220,763154995;0
==1639303427,621850143;185419968,1234832009;672470576,1825262977,1275447999,462510971,619867704,1914578080,95140429;0
==826295605,774842322;497094945,321720521;1442003216,88323520,608531870,372193856,1605768991,1843803581,383153326;0
==1668646143,172477062;399868641,13684972;1780501579,1421872876,374532010,949226405,191655544,1707099971,2122989588;0
==888302057,800107758;801704197,1008569185;1233836383,862430154,1577677309,1992963593,597729148,544866000,1424098636;1
+408485004,1303279086;86217756,2143069701
++805495852,2131053843;192293936,401638345
==1921493988,1503647651;172890195,1020164732;486499769,200065067,159205802,1328400559,1887492646,1859689375,1007188032;0
==2146165774,2134726368;704195318,1806639304;2096970050,1161679043,1260583905,261329361,879230102,1976932787,595499484;0
==1840220783,1695879884;1334869641,2109769565;1533773142,771773332,1229004766,2105803612,1855667886,1355810698,1372328974;0
==734291919,900089120;2049765338,711079873;697001201,980124749,822740880,1046019453,1730144744,449553104,691556818;0
==94960309,1202296825;1672321330,1806421462;1170850713,1121669885,754830729,498851318,337941637,174121977,653536853;0
==1703219078,1583602113;525079418,589992624;1510222638,1474695484,1482480560,1617829997,1510475507,1357552820,880585016;1
++1729915091,1316735956;1186792547,1606324101
==1187116303,1650768709;627671591,1499140556;1181695604,1210603695,196276240,1728185870,886786766,1113010214,2095629697;0
==599006764,526964231;1048103278,1761699445;386746679,578311295,108423595,263174747,173053833,602538182,1060848416;0
==447751520,1559420707;1687482699,612421661;16236542,722503941,1603783230,317916223,2008298028,617275119,936470766;0
==825015116,598705761;1025982456,1334132199;1264735413,316229597,894411943,561356264,1806117718,499274298,104308931;0
==587574707,1963551939;871513285,690635913;1117093385,1124271855,1667693677,773004400,1480511042,1052511591,1969877049;0
==1563255751,1369277755;1604005873,1702373530;1159857145,576332997,1886099361,703994558,270268288,1547963915,585817217;0
==930276121,7889264;152373370,126584496;1449358533,935289044,1040759259,1514973053,239292276,1445041092,2007731319;0
==596975342,681416087;2112839218,654491869;33082382,1596476552,846698705,1590483030,411193945,1860929709,1195909004;0
==1810446929,142467400;1862937186,1586134387;878839771,140318922,1488531191,1453703744,1564577375,764210526,1251832701;0
==1982126707,1855317151;24633853,1433782988;377114730,643050601,1598382334,1398412453,989223592,1514891635,852430177;1
++224692328,392344333;147496450,70162837
==166814228,1178771882;1992898956,679794862;631529437,1942621652,1819486038,1267843398,1802662960,304448054,1465165387;0
==1822281101,849809685;266601855,1598633403;1884639569,777586255,746397221,169056941,1383324892,2100673371,273362173;0
==1435630258,1036293484;1059979439,127401551;1052481526,1386740902,735065078,941732973,1099484187,1976382187,1768527889;0
==98506548,645130625;1967928427,662165310;1486476737,1498655114,842799634,509548145,50327753,1785389886,930449754;0
==992961766,833723110;1890104256,459124672;993919753,2013894853,1204517934,1991844120,1211737556,871323926,1751790706;0
==1009012189,531998258;1910837305,1813498447;715424710,1126838162,404411446,1634938669,935638063,1213046181,576478754;0
==834527611,756244029;1671355218,2029795062;958310311,625059917,102787318,775149409,161829756,1757882447,1069187819;1
++535411661,796699449;554801930,1505038209
==2074443816,696260669;241378348,912277679;1266897677,13915010,1550874680,885371954,684964712,1486224598,99493034;0
==1926858257,1812397422;1345200211,174972689;952138662,1100445241,835123572,1234965817,625832151,284534018,1597101446;0
==302366877,1823097886;1427408251,1652802578;1382475232,1282484960,1746737480,1943791931,1665210908,717525371,1570455571;0
==321991884,2029223673;1185001267,1533348043;1610038037,1732437672,84333005,1944196090,525353533,564259006,143559564;0
==516369212,2009371009;520122606,2019377448;27371064,586954519,203874468,26971030,940649307,889119740,1865099893;0
==927625796,737948546;1899680740,2117842582;1032122342,1713344466,596785882,372963062,1037708451,563884025,563639317;0
==1231739937,508100267;2016316524,2070369624;567995073,1678663643,339013881,765468998,1312606006,132991100,2135950395;0
==646000344,1135406723;1995304764,644357332;2144350611,1965573966,1672593808,1921698115,1828606184,1458601915,1889902622;1
++1451735330,109726812;1212105512,1424990243
==407628179,111306746;1600174009,1566641736;2097855790,572980823,1518476087,1082598277,283844210,404876948,18138201;0
==1822159715,775831467;1411863848,1256805604;1233155559,372772925,68782566,1155892287,444240828,586410998,1233979496;0
==1999337182,1703271974;594330493,922766998;1960043012,1162221475,422848107,2138947345,1189288621,181200738,2107975862;0
==400869462,2109707522;1198764675,1338734104;1668890215,1544558530,2051065530,1972763908,471669121,2041235499,207135151;0
==316815801,1505586239;319762314,1948514289;1869193207,1870832364,691521046,1040568864,1439314569,1909253937,2081029761;0
==604760886,915541041;484145615,582837471;34085367,703280064,1817581880,1626427562,742900961,1223154754,24078211;1
+1338048107,2134456775;1727261116,225111597
++1510371518,158762572;557933979,1095731924
==1613144881,880147281;550756353,1448487000;1010756336,1648915469,1927783457,382083767,1980717482,512793082,1625055323;0
==702663825,996158872;1467654921,634772562;865924043,529916967,807738577,639900396,490540082,1622054376,725497;0
==68802,984086728;2011652883,2049679170;998552732,857003434,1940766261,257876136,1813188453,1031392813,1240376200;0
==930671971,676278447;87088281,1971022143;955680072,1027418207,1717269834,630147340,1194748212,1153818772,314888725;0
==1873243275,488257855;1167931158,1635937098;1267811909,184365960,1262127974,910552626,701307177,123156593,3560489;0
==1302486483,1348914766;1965186332,223871573;367183342,678672301,1569163725,1968563170,106482633,1603373871,366098380;0
==1681298058,1163452442;671324862,1936499154;1998864221,1899307902,273976675,1287337965,1652993326,530735002,1997546827;0
==1957740853,1329489630;497113625,448532998;1266638291,1024604365,1301602397,1480296217,1855864765,1627799400,1245617421;0
==86645094,1286192451;53447026,1504406151;1326000753,401055846,1084128115,277334994,199764109,901054966,497922912;0
==1419366081,1178997322;1102606178,1128320419;2061934653,1123738690,367010496,1091443064,1368497799,1127320574,205199020;1
++1845208519,1884376370;2035607883,1838103466
==1688525347,1885695288;1941061018,593414298;148967220,631643463,1655736986,942441353,1586046036,57259180,177235184;0
==1625927730,1975708482;1255866834,348953253;775834168,1148134897,1499856226,545855026,243448969,1064900416,13831725;0
==1144323370,901646569;1870664167,1162200365;346602399,1788348298,110121061,1700416368,305689733,215062848,495345824;0
==445176031,592540899;2006946201,728828341;251744693,29500471,1520934284,603147921,1831365748,1250729725,1920433305;0
==1546426253,104596558;358530492,1049932069;962243359,1816015399,1675405236,1365225086,2129744273,1251459819,1998428165;1
++269351678,1631738991;620270354,199263112
==1387209463,1832461299;1318841674,1477913049;1428905689,1377687627,1830813635,409297498,1504188612,449708115,2071146789;0
==603494066,886303850;496589963,311205310;1487874568,157830590,2028992499,702995805,615764108,1377532672,866455867;0
==1006126994,1105760426;396748892,1702868617;965738297,32340177,571591436,898972714,182270426,670071962,360730639;0
==1494007511,2016712654;946634481,798547166;1787490694,1042397644,1092344488,2048273120,1787632092,84501634,1682591094;0
==1452519428,1351124462;280871772,1419900548;2012056195,1284497136,1232450763,819551956,233791484,627718077,1263840364;1
++17012172,2053544689;1497532777,886714433
==1008357818,1006368723;410767801,513322127;611098063,1752001348,469330485,2106453748,1230698053,1577959270,1927470681;0
==1820509629,28768320;541143766,429878699;312355042,253707131,1816489026,258828059,1321388402,1639714656,903694371;0
==825040303,1587031794;901145367,1407252315;587125062,324154790,993383075,899635509,1443870690,222286206,1540414009;0
==1719914273,1497748289;1258433782,797462235;1071851404,2063311986,356213089,451095202,1748362785,1904862062,1220943325;0
==1236942831,1574326227;186822241,342601197;556247860,1083433310,1308154968,972144751,2073955970,1345209568,957275868;1
++1810431532,1556127309;2120874770,1163188946
==93373892,89006023;934045004,1469042069;1407690169,266987016,743973851,4507232,1693928067,785751088,121489694;0
==1356460995,65776460;1532236640,1784095615;120079839,1580022667,1902384094,1219126775,2067515098,1864437794,582411091;0
==534892238,1606164575;7894246,716598379;383207222,1990263261,2114634799,1160944379,537932980,1789558821,1170970339;0
==1815811401,540682699;1238142738,767487113;403890616,503077880,386948623,46544283,1342649586,2095957239,1692285034;0
==212653246,1124792532;914470147,174816307;694221311,1928530194,280680193,489135204,702324741,7106953,208787429;1
+1210502983,1866366862;407192875,106731214
++1524312715,874209340;1506612687,1454660339
==447834301,500647162;51122223,1775371455;536760054,192434873,386553732,423771587,1467937710,1773195704,981449471;0
==1688727399,941500148;2119621912,760122252;2084438109,1383950517,1581270351,596633537,638554798,1840885368,1693243319;0
==926571595,1886909386;1222842214,1924407205;8229275,1837069152,1192730846,1049650868,1872399993,1961518477,3272729;0
==175542992,652814621;50737451,485150495;1723949565,752174029,1295910704,1354486808,1357443601,2001824889,526430924;0
==376254545,90729627;1938170416,2116721778;896153564,205445619,978590436,2069711417,4878158,2063715875,1783185524;0
==1611004256,814510711;544353044,1164382732;713164030,2018617255,975119607,875556895,992108593,1482263199,1452873361;0
==1154054518,1596035210;1648315203,677092810;1379554013,233436289,2017290218,1623999329,328407206,1802118296,1614558320;1
++847598556,1534139696;22353763,574439276
==2024760980,77487037;1727584513,915396291;1331789188,860480476,1610238010,183697111,1366078551,1945027494,40627221;0
==622126828,330722905;239400431,846271597;835062404,1632628561,278759855,1558267172,1156330746,450584369,1595594033;0
==1572644884,922523209;551864797,1084881646;1623831038,1253493141,1066822272,1487157354,1314018651,73083537,1607914126;0
==2117485309,463329509;1618355614,266373751;2107076556,1335580100,1351430229,1609284952,1491500812,1651520786,705411924;0
==5854990,779583431;1820552323,1853392164;774842695,37803364,231195379,818457439,1894139370,1274427976,870355997;1
++1163755695,577165732;1728602350,760054889
==1966823030,665145189;1486963448,1141248251;1847631102,119534364,802266230,221538544,1760106850,380871519,1668672027;0
==1103225250,1348222515;619898995,1254218840;19636094,982931,1555137261,2089636298,1297481024,1660762657,1105014680;0
==1218850609,1768585517;937647464,1108414557;877277574,885921503,281578794,923360088,794438742,1608949956,333778045;0
==623669656,925202091;588246004,271173455;777668965,1768310509,942954661,1878814585,329768191,2147131801,1109481971;0
==772069774,946345608;1208558457,1954772467;1363954087,1161651816,327904851,1350005727,1463163146,19501868,1540842656;1
++1092801628,951098110;1330427560,452224667
==1683613092,408636413;1953281985,798556627;1712151877,1947183345,881139562,1247663953,1633370102,1005258808,2005561416;0
==1219407280,2099611736;1144119514,1099857639;1603287303,30795777,293122104,24436678,1429993785,309458992,487140032;0
==535407235,1392474634;251787677,826365659;1229707510,593753033,1399967514,885483855,650333774,1808809981,709895142;0
==2103615781,452294352;95030444,203854794;527507930,273325548,41069244,1287853078,506317615,481192524,1347669954;0
==1855987483,826475307;1376766533,1182170508;858095061,101079364,1692407442,437201316,1944669476,702085231,447765985;0
==783958605,1234980563;294701039,508068275;807371781,361439838,168594377,189145418,389340341,549425605,678968846;0
==54785868,1137853689;884427631,491567777;543598065,201717963,1785947208,1317889373,1670765067,195904478,1174502484;1
++652638895,923555968;1881697715,132937547
==190915383,2135874887;356300231,884481200;1509556408,458128689,88133339,1484102461,465163774,874828275,367856667;0
==1127131536,297956328;262492911,1193856235;957636393,1540009138,2107194705,1233633098,623015486,47222406,1504935046;0
==1355670077,2089292617;1717866753,1758822150;17252071,853868753,2091338266,1675804195,1625914414,652556131,2136787227;0
==1030556524,197191626;1191060431,1181893138;180316468,208330959,63896096,2009332340,1404279708,1748196879,1485981557;0
==1090971470,1429361429;1551721285,967031447;1303143021,736294411,1227878663,1102821612,830203950,1602058517,1594700126;1
+79323448,917636146;1295512271,747054610
++463355623,890787788;1488861932,1701249923
==1545973562,1746310912;153740331,1181661110;924733384,2077502974,1857387884,886640842,926731188,308455077,1996467346;0
==881000496,394027068;1765283607,1488276895;848285822,809380209,1615849188,1844772673,487551503,1255774217,230488610;0
==1813056579,66946539;1303102737,268656948;1961270744,1567932457,503967296,342463053,1743749371,1366698901,1800053287;0
==232008748,1924421435;156543493,1347550565;1656275992,446811807,1500369112,1475795022,1241116997,1866249332,1955816788;0
==1642139301,1337991430;456118895,713213513;65224023,668411974,169903252,2060151824,1984525248,1582177034,154352083;0
==1292350244,2006315200;1235605008,1018765394;683574894,1794831577,1386868501,1612573379,1144433712,1719021450,1213114840;0
==1539244409,1930465468;324622532,1089854250;1229158596,2039154332,728568246,850428922,686618826,1923153582,1473481972;1
++1386630776,85065891;1154164328,341719934
==1879418229,1131196122;214051384,774719454;2023956644,307186664,1141099182,742396704,2017237679,1008523073,359622096;0
==560267931,398754961;1534640160,72656839;2083458749,1778269341,903142997,1260627042,66262352,1589438234,773090084;0
==1946717228,87541163;1425251251,704056753;1842097624,680786746,1623731934,1355934959,96384032,158378880,2030879119;0
==566619759,1192349010;1483745855,1809952252;1734976449,206055289,467095833,1887729743,1563480733,1297351727,44189211;0
==1014461425,663665097;876549162,34516883;1475391452,826786552,1637425784,620640908,526859605,2085547964,830627765;0
==1809758736,960837523;2071540900,306554691;1342174222,786583187,1225592286,597092441,1240464277,585700368,1524039888;0
==343541294,929681512;1212229971,1425198511;315907709,1715975841,1959850614,1807898894,166446398,1217931989,362723665;0
==1393616856,1320533739;87177745,170730201;1394948347,922989736,276354336,860347776,1806619663,1778750876,191707984;0
==390792259,1119896118;1008057238,574459811;130495330,1350005733,1672507599,272549070,2066343417,1583239758,1169609915;1
++1868262938,1731059878;249390041,951649391
==648612897,1835376366;1326941530,860787242;762006802,1915813926,888408897,622099212,375378379,656642808,50911356;0
==1262882359,376949367;331776161,1545357586;1185153836,1450115168,339450739,578070993,1059704905,160644655,1615185319;0
==1340683657,1750161758;83549550,1548218123;1997243948,411969951,688906504,708837508,404205491,1969227529,2089713652;0
==197250511,1391935530;1683301166,1224799020;852608245,758507180,1116016045,345369588,1112034621,2061565572,588139157;0
==214282535,1837830643;453950418,1145503648;1702255673,1806280424,697460597,1394300695,953410106,434719866,1294007110;0
==521551262,645012362;494670641,1650045812;1561861253,1786622779,1910899414,1442654355,398094743,727699751,1548364868;1
++1225548959,629366188;1478509089,1811764329
==314576433,1925037503;697491939,1203725410;386446295,428414678,2022273590,1317968529,2142579866,497646771,230293350;0
==367186729,414954929;1323288029,636609382;447311501,196186097,1333230641,2119584472,133685428,764132143,94508770;0
==453732783,1291384616;1664410146,813516930;1798590777,1290685821,266574916,770601632,883261259,1829674926,585824062;0
==1476894014,1790743903;342788757,1685859618;1376337428,1084231469,528071961,140701142,568507928,606242363,867580506;0
==1457437385,774516152;1566166124,82675230;408887181,324688469,540160592,189603340,1761148308,43022026,319451303;0
==358032600,859976587;366954169,1205797900;425123164,1531875872,1747395596,647261437,1701941830,1625254033,22757371;1
++1188004789,1841574009;681509372,1013391206
==1955977694,73814045;71809518,914546852;1957358632,1658821818,584972161,608854826,2127166472,684966122,1179206476;0
==1288523076,1705822023;1977806970,1479142453;356798037,1015175496,1945182427,2069476714,1509016963,981774296,1685828904;0
==923548568,1801491940;1154787713,1783901296;1051589146,1127681717,1383520612,1185251315,903078632,1122626924,654269963;0
==499591716,528052463;1980020459,993602821;193051623,1656320172,31273639,910432254,1266223025,1640854193,649070451;0
==1334599909,183196638;1884128729,1298595438;462568993,2031170279,1688854695,1535426157,164030024,1518616653,1798954478;1
++100986698,1530427887;349599894,1640416221
==771963430,1132239470;2090957931,233407558;844749933,1073243034,57806304,422864227,908631717,2063691579,1115760458;0
==1655685313,1584678161;1404137232,1432067800;1565958776,1395753006,1440846928,19907485,820655491,2008024132,385597354;0
==592489619,1092458738;669244059,125421974;1656548368,680660774,1162941760,988562043,64717635,1494018584,672488480;0
==1932279412,1690367167;1618427028,1514139457;504712709,115277613,391543306,142126000,1462163337,1182445916,426648387;0
==686654478,1375326434;273508967,1782128234;522505077,1460900821,389712739,173967785,1385133292,1031979089,470064059;0
==898471973,686615039;2114354195,1889568361;1997245825,1742468046,1307369399,500901630,1316832741,1736421923,476209999;1
++1385219719,327056403;1943672904,1426234504
==1691787962,447973803;1870058300,1015903720;1592914914,543162708,1480217034,427765909,2053389340,1495564549,1320285774;0
==1246987316,2039100929;2045946676,1944290919;1053291437,1865277286,401302161,265025879,1905990789,1689268311,1524143954;0
==1181958884,1627598930;2119249138,124562380;1659866182,334840936,1856947481,47439688,295471890,2030070135,1872617403;0
==901641388,1872406524;154312848,333917116;1994114868,1471389645,1179583628,254532910,790606899,2045295717,169718825;0
==1175330272,470315171;1270260906,1696341016;1129859894,741736416,747177813,1210487595,216142501,546423655,190905143;0
==789991474,656807874;1116358977,1498355907;471228773,1295729370,2089519090,263934314,319109657,792903072,1386374343;1
++910391555,630760903;733122375,2040135901
==218998971,366011;1670063469,1193338012;874071058,2098847977,439065239,1778928532,1647500289,1383645278,1416147213;0
==1364998157,663569277;1489452020,1415628001;1194931904,960424619,137714585,424452086,1347337783,1305073354,615265893;0
==1787652059,2061468174;1232145109,676223753;512233310,1594700661,291369258,1586036322,1381626263,1694566917,24759568;0
==1640633632,360073401;473249494,407728743;887030217,11149362,1968034812,810212122,1397552351,875688995,1811841318;0
==739926492,1524654122;82160072,185109905;1392192732,2106150099,1951120590,1098818220,377111924,1096385564,506068424;0
==567394986,2049253080;1868903315,790656396;736354032,367338285,1995676540,2079163443,1685536863,800620508,396251556;1
+1121642180,926913784;884035900,1503961178
++120564882,227486292;259440253,1801626117
==1868345970,1963534247;623347176,33410687;1240323248,244636011,1661454839,942519912,1853622916,1575352490,1086958164;0
==576357811,2075607261;942320654,634922407;1674265913,400125807,1433095040,1436056605,289052395,35826236,1368654699;0
==1013811544,21536355;2083879474,1736369259;228253727,555056014,1075656671,848854731,1240464954,1046233216,1361223955;0
==30410489,1940331980;1336681085,1092200768;1574632154,86150901,278982457,1672392659,286898685,165418120,973101792;0
==479243600,754309882;531280139,310013073;1598237639,1683006786,1828746258,1324798596,1770561061,2065363869,620972064;0
==1689630378,1181906932;1271059542,896575961;459035742,110913919,1138722483,2082073730,808652317,96965358,2031051873;0
==1494435201,501776260;1529980553,2019069487;1890173272,1125549123,1027768545,7556384,1796225395,205058632,141461328;0
==1335708032,2125045059;1918633635,1340081031;195831224,1180988653,1423667381,2108831494,328360934,542168815,1101963292;1
++1833093248,521809003;1463533043,477643743
==1059740357,1321753103;1625982439,1281972195;1364812995,996664674,1695093844,1814783706,393390456,1961379734,1846083281;0
==107345358,1087428496;1068085083,1832601993;649789033,1194742341,1693914072,1925206634,1874021518,741133960,968166556;0
==668830169,1993759393;773192327,1854318380;1551393988,845982384,383797656,2083951644,2028140765,614337784,828349088;0
==609380242,1860017328;1380106292,279555523;722590857,154228441,1100886615,575695928,1847753538,1445513447,785199867;0
==1801578707,1903426539;776072734,1344606334;1643024228,1097460367,1908139225,1669531885,465517375,1330714607,978087884;0
==1802866807,460142114;1074141278,776805506;609029120,531117645,777551714,1455385020,2079132682,1286600236,2110372565;0
==737540428,857700072;26064830,1555194723;1685727515,1950795571,1168214558,977624324,1730855262,1982631050,1985671197;0
==1355587783,2088778803;1482915962,1195353783;1076327985,1119617656,511826649,1513704207,1181009554,1745874787,375371806;1
++1332018127,710664634;1919394513,553709204
==2065725517,383449108;1710860575,545654498;1564348521,1725806786,1513817656,1814141965,18661084,1878244319,634805825;0
==591841748,2080715978;150470070,1356510328;1488001020,1146621981,53179142,529918466,463811533,2068294732,757387266;0
==348229597,1259416355;1755420400,96080451;525008890,1803410146,1399010204,1428544219,404829908,1664825222,2058611944;0
==1942081677,554351741;636886873,2048861712;1073508671,958699715,902467520,2015840360,854967141,224314783,385366178;0
==2105936401,570619550;376610365,301389185;2094245034,737731613,244717131,296466874,479051971,1311781878,1113725148;0
==1968817254,898067553;1015780301,1436871554;465507675,442070487,1648757028,127206129,2123772678,2057463415,755828015;0
==427064461,1508680577;1835048686,2143419808;1138135494,129033094,127063796,158509933,961392064,33865962,1975766185;1
++1846934653,541155978;1516238851,1797367839
==1792930336,1518086446;191115223,1209759354;1276103587,118261397,1082825405,1187401591,816906156,1439683113,877042705;0
==1534710835,435673410;1245566027,2068790858;790643295,1400238391,595948795,1860165868,1084463708,811537398,1896273495;0
==1619096923,1410251862;1071053820,1381791456;1681672992,1838547946,20275317,1411209661,133468632,653473824,89528084;0
==722659011,1064888036;268828949,185023278;1363649555,664794101,696575937,710881285,373561709,613875354,1664699634;0
==1824707013,107399942;293748025,1067736614;1618470940,1197323138,1525625010,432919014,983468851,754866788,1383666901;0
==1047839465,308656421;1963349588,1447375870;1730520510,1402264944,1647958369,2091932394,442349825,166900531,841143819;0
==1513698051,651361285;1245315881,587801310;242962280,1171081955,1664964941,2019173328,837330966,1272833096,1165544529;0
==822316967,517298646;1758133893,927709289;279433832,642806473,751330073,971332866,383711584,1299223589,963534623;1
++2071212693,524529162;2115640183,1378522449
==726704176,1416342977;1828937288,1383815069;1187756388,1753932185,453377818,441473413,1804876165,2147159532,1880485048;0
==938082541,2087070690;920148862,1285900682;1406748783,1454804688,1280368481,900225655,881376408,1870102466,309006280;0
==1456966280,546867326;488458690,362584580;1215633382,1750491164,1280610860,2031827393,75535964,1956870476,506034153;0
==872697637,418651002;136129256,2028381503;393074889,277920501,1900655867,1647418121,521550861,725086999,1816556089;0
==2038734485,698076758;205532424,1854427031;1189615325,563870495,170316254,450740848,63678956,892362936,1978084922;0
==1653132143,671339055;1877173757,491073228;1136128924,1200083625,1748567152,76350918,1167604395,1073256254,1061409123;0
==424035675,25698873;1788544765,694420966;1262972213,2018919997,464860899,608098398,789156030,512419613,886587188;1
++2138212152,35998230;125536811,89116106
==182045762,1027882082;699092102,104455880;356288923,1693843476,74574813,1743121733,1222281437,737787095,1631729870;0
==1173016227,318028057;221589009,1542350435;637247250,326785919,58138805,1653084352,780912400,1332640179,1408363426;0
==657962488,332415594;492164306,818158182;297670928,1409927319,876439112,1223355539,1632341338,47674566,2056377117;0
==611964507,273909769;928881348,1535329762;1006711066,1899494839,576770139,261523990,2036692595,1708136224,822870927;0
==1403444150,1710766674;632356252,1753415208;645845702,1066004763,1181538125,1348020468,1829366409,591981176,1459216194;1
+1023480614,1283512175;1023965866,883739801
++867657871,1923851238;1554380956,3387397
==62914901,643954395;474385470,620578581;463177814,928240399,1579092268,1660535568,1677666411,1379593182,1772246694;0
==1317500183,2113565140;1965614186,1692123484;4744206,1136229010,851079765,743622983,1611266246,2110958728,1712191310;0
==982174798,2112396619;1708938795,167510782;1269343714,1382685538,726744578,243754625,102381567,140427019,479608324;0
==1274437897,808728047;77982239,1877265560;1251651806,1031086693,1095519272,631627831,1445391767,916539172,188865234;0
==1096572670,1725529252;1824935111,1514518311;1435511109,180854983,803632259,924643231,689071165,1783332030,1472966842;0
==846930673,1176019230;1279988018,1009178141;1521674995,1559289771,1987702779,142718952,746390566,1711929116,1498745680;0
==1826997668,643198841;1336619948,1492464800;1800770947,1941047640,1649467417,1215404693,1257070986,1798832453,1216901309;1
++1068634919,1963055105;480930482,1261901603
==1430707774,1199994332;345759584,780203234;1749559856,450551198,874182542,218163565,2003539020,178183283,51113826;0
==1836871497,868323549;797347570,1453368759;1619413418,2127979878,320402998,421950083,879360635,746213152,169051832;0
==969984873,394889643;1004607799,1174008018;998865383,2131679774,1994619619,739149854,803131369,1555734252,2037262591;0
==1428454501,1805844319;1484926508,1225621777;2126758421,1927135989,1738727089,1059727002,1523859141,775583166,394777662;0
==2002603435,1077763222;669521975,340222576;1522846356,1143094404,991891216,1653071981,2049579674,875401660,1785451921;1
++1079182984,1868460785;2136182842,571679034
==1723635910,1650442095;1717305093,2056817496;117085865,56557503,667606543,1920610937,88448086,1534405651,791082910;0
==796702657,335563890;944658720,392036467;1335687683,519358301,153602951,1924541538,1404188105,384494620,512307559;0
==1636386868,380831202;766701386,1193415610;2054905151,1332227365,150790928,641104908,2050891424,1874696317,221850837;0
==663886808,616923227;872007623,106573809;2041196001,1299177418,793161752,1019915956,275918754,1391867925,846365502;0
==2102660495,756267697;1780301239,1062139873;2044349476,1121708256,1696412782,1399143508,1700720931,80963334,94866743;1
++2108752197,730966158;1452796315,2100102902
==518100464,1119189373;2104625279,537193511;187477194,1121791921,1169047875,1179056428,1108128152,2128586927,1154453327;0
==1879579806,1118405026;2030406308,612151989;1305509612,1290048364,1462953998,746364885,556212666,1626963021,1369630759;0
==831107225,1585312474;1149886816,372316036;174849329,918242435,1956982956,1915368555,1509400669,194718653,1880926950;0
==708333684,494137166;1125447679,1317602624;963659625,256396199,1578135219,645826457,855685546,1879657457,761113672;0
==1391897724,1250960149;1008430809,78600659;1631920035,17329969,128941226,799508188,927535618,2089566373,1730387141;1
++1725115230,1210719236;2127908616,308853327
==1355650362,167905258;872010141,846952207;1492685893,1579308399,964492513,358168560,1137779707,1439469872,1282089678;0
==1957797036,1819212105;469091984,1952128922;1782473951,344838762,459665110,759916146,52582103,1867377577,1360462478;0
==507073265,835539109;952795575,403119897;1461180489,1505837063,462318956,1570884302,1577440619,127998027,307358189;0
==1313552517,515249703;1759343201,2100995438;622421833,306873308,88394886,1521004672,1186151768,836340458,60504788;0
==440250581,318072400;1672928609,409790559;532492319,1563857127,1970435967,565873175,80551438,1854600824,460225166;1
++242997896,1416802459;609344599,910671758
==212210820,1452982920;180056125,1846639214;1157226468,1461476103,837674173,1810539498,1215941150,1293580891,409199443;0
==50810089,77737549;1418862915,1884388286;2018965719,2058644740,770374837,1407281136,2007147915,1998612680,840303767;0
==155311194,2082078911;1188663362,320897390;470782069,1520031781,1421066694,572394015,2046617083,1744952698,2005770103;0
==580846935,1169462250;923044714,1193371339;1394336660,622440484,987307817,448888289,1293604355,793551730,837804538;0
==1166697894,497686543;1698491337,133292776;1035094369,1694610322,1026418356,1204255163,1977981321,1667824323,1698937894;0
==948985841,1122498428;928254368,1354306733;1740051495,2024474884,1220524673,1462577686,857278805,1698477256,1224544603;1
++1686272885,1741564803;920733716,362936748
==495656854,1038113498;958926504,591438962;499946906,50650416,1041359463,356469880,1287170029,1069756404,821485013;0
==1460892025,233360436;2124161570,183954069;1658618112,68032457,1841016091,1768557959,442823434,1906013887,985626169;0
==1533220025,1677525404;1543623516,1866144333;1620980210,1059343282,998189934,551833389,684201184,1810574795,2040329219;0
==1106035703,428517693;1405929433,1671948717;1438105741,1649218307,1846968110,470122079,525408779,1281637632,1110483944;0
==1674284903,1796984754;1929062993,1317833917;174883590,183316878,72058713,1683378930,31248664,1830517269,410787482;1
