7;4;5
+1766947912,1846252317;1413719224,657758816
++1991380702,991336192;472348107,54496838
+++16635164,1277082322;2026816867,1740891509
++++719900608,707808182;1863386271,1634531626
====290791613,1589347217;1848724270,1003214343;1221072757,1276473130,1576177897,1258740603,677398298,2056234489,1170329008;0
====576250659,478481634;1635662415,1238427751;91765061,1646582913,274406117,1449974850,264554656,1416012978,473400347;0
====555466745,1224412871;493605997,260050875;891218427,1079153693,1448298703,1409704772,137604866,1555364401,1620867992;1
++++1794869918,1584692952;687916076,2011592991
====1976108219,1065898456;1993846771,634276185;298509010,102940497,2020968542,1541319939,380786253,75593101,728399693;0
====858465319,690803224;1003013500,914342729;1371971452,438343289,1022149494,1079827792,334885929,1587700002,612838217;0
====372879309,1415049535;224464809,1461840314;884786219,305562784,319537059,1264362734,1838409350,168658270,1514699779;1
++++1136655511,2018660264;851878362,1253584756
====772240753,1761459431;1928126262,1159092257;142401919,946299472,167914990,366615813,265242542,1960200948,1416180871;0
====1117408227,706401957;2129329780,344527279;1196884571,1076522947,358962880,849024150,1012113120,210593097,937767218;0
====1143366673,898453605;115512099,840770992;2127434529,13422279,236098502,898180265,1812998590,731722986,159619474;1
+++600717882,518514756;1639119413,1486156032
++++659778883,1272979378;1134906501,1224620772
====1052578822,365425858;29781649,1271001410;1481512683,89766501,2132064605,778185315,484693498,592167185,695185447;0
====1208275085,190066151;238872699,1228524542;7570804,1034664203,1283925481,1653320266,1068641789,1019502838,4194244;0
====710055438,483705812;132160781,1286310731;1988476141,400090839,647176801,560432263,1857531045,2128965802,327352009;1
++++1829840793,1070633843;1453921478,316145132
====742344293,318432119;367349081,1062186701;1406908187,236430680,458686149,1618887062,1282316681,1591370355,1703285571;0
====178768427,1757939505;164618429,509487482;1695740324,1908127202,1047069806,1724830779,674031851,1715156230,347355826;0
====939629869,450319913;1572296955,1610154639;1749855145,1086378864,165757582,2031885323,2058082695,250490856,84681338;0
====174090926,1077548109;316112782,1806435106;617877704,1312770960,1715867147,2103006341,1626357114,1300526672,2014797197;1
++++869190508,1507973895;1378087478,1218526727
====600917848,1240221331;1141925696,2066148110;1309089591,1210910152,2037299713,984742741,418399174,1795179656,1748299506;0
====244603649,388402329;2095151849,443524129;1449930591,1866344016,882284528,1839355116,687713090,428294483,828711922;0
====271326724,2096487744;1355877558,867453808;353230332,349084579,1835573361,1582558345,1899979718,524356845,2116811341;1
+++1452797788,1611138214;550740300,734728573
++++1375040988,843150270;1781485202,1780114011
====1500554006,391924672;1753240188,365052715;480288230,588968708,1993432800,1944687375,823769783,1778848887,546669450;0
====739984331,2063536991;972236225,1651104857;1112002178,1854189985,1013892593,1764919470,1884840111,2142072685,112909821;0
====380311459,834880103;715780194,2064568781;1598065218,199532583,430014238,1074494775,1624350914,1890428476,468351168;1
++++316101276,1069478599;2033801213,307077456
====1751450785,889664600;792097490,177710320;25184119,968518152,672798675,810747487,1702779536,655203871,2133811704;0
====1925294354,867233632;1636053902,676335921;1876596329,1270966638,1992750245,1377785398,832374607,1886364223,632354108;0
====1982848394,638495651;863633351,1333074292;1491673231,842683553,515333956,2031150261,409815948,198492422,1323479014;1
++++858835334,1286641964;1067819468,908192517
====618044717,1020342695;2023418576,1211324427;632195272,1831454722,1297758994,986427352,1101550908,1851483197,1537507372;0
====1721469072,1981020943;1327283643,1726584590;1354989437,903747266,1828693564,248838635,1835799213,605949622,497926191;0
====1433136732,26896395;1265139887,1452458337;1757250345,1832417552,825427486,1131359176,1348246409,1254135871,764605084;0
====691397445,1845861994;1575959200,1322007405;1274463773,469075108,645454008,362605363,1940075840,1545592961,114095291;1
++1187860679,933622064;928550080,1029648442
+++2136660908,739186396;938543842,1263092136
++++108519603,303299340;1658272644,667483247
====2036697352,1742701250;685877489,1538317013;1829765886,1330386096,178442530,20565023,1751669924,955797394,943156160;0
====2051994405,1713283901;426559531,1546637166;1609976853,1035119932,1074886255,116407361,71277478,54174212,1018558432;0
====1156765751,165463114;1596224435,1151922658;1437430154,673191205,356878544,141702740,393046056,2089183619,969948557;1
++++1253224974,1492847240;640115043,783059108
====191260377,136648906;662332851,1247187610;235277288,615854617,1472417138,345596748,1940336912,1564579300,549026804;0
====1812908822,812722675;2063829918,443034990;449347333,502245915,323240924,497381090,778854943,1289150061,2020216611;0
====1086687214,133508886;1076493057,381244404;70416580,158895422,1148965464,2119702148,1731374198,866441078,1478337901;1
++++1944678079,1941365775;2078667464,779219076
====1300912770,594571785;453956553,2033403170;831788537,1441651328,1245900118,1556828475,591154628,520689051,1465909444;0
====1388176541,1669332183;510958287,953922049;293725714,1404016217,169908110,160413203,1309686284,776679163,1326984683;0
====824256739,524280500;1675510020,1798584636;1569877870,1891878258,1139631132,326817087,943078137,1488875231,87976115;1
+++419860523,497425359;754134141,829382257
++++1664331667,978804998;1373638872,634135345
====167829153,1573832412;482471843,861510918;68236422,241503635,1459736376,778501132,1338019316,2063914836,1524385254;0
====1438973295,1877167354;1618222913,1457321793;1748789683,373567784,140621103,980050502,944836325,1216742358,892542480;0
====878467533,485058226;442562371,272825479;1760945366,649642845,1638469165,2094347628,1726338670,1498546261,535682492;1
++++2068208862,715065574;283860152,861715824
====1420147063,1964067425;1360112909,1189536645;638585501,1455581404,1186213001,529709790,1568555813,1874475337,924044735;0
====1998884727,1185864351;22697837,1423030461;1206180013,1953289739,1344196411,1529127125,869408094,2061690774,905355893;0
====958785075,712473534;1385726461,224569789;1612045740,237708450,1408260498,739330204,435503368,800008022,1927140708;1
++++339986166,1603031271;2129174511,1744055506
====2017184623,1979466902;1886284923,90413357;1095797467,1211270031,70600262,1833143528,266323669,756475659,589888607;0
====1202223516,1714173541;1577461056,999429641;631861939,534070184,1028304349,1201200962,1717177617,1750154728,1689357339;0
====903542271,1432423164;1628693330,1192363682;1157808386,241799289,934843321,290240803,1914810523,1669854828,1852847717;1
+++323942812,53360929;666047252,256632444
++++891715882,140787415;707090981,1429333656
====1549973193,1010498735;1128049096,1391259497;259642855,826033750,1931061008,950017196,729858842,2025979261,17142310;0
====1895296075,1798948797;831521711,1463095548;934486625,1220453279,1441988107,411159201,1022859578,926115339,178813276;0
====497309439,1718330152;1447653608,619409348;2145945899,1483130608,349152128,1138978710,1940979655,874091771,1079077979;1
++++1576927905,887134586;498624334,1465435521
====61380778,272917165;2083473582,955486749;117039126,1764519080,293017664,740685022,1193686684,1930555222,568725269;0
====1843595563,740564892;319881064,2087563650;227194695,1593725145,836986835,963111938,2005317037,1338159663,1858100852;0
====796496123,1814782131;559672060,92286890;598314626,1319709666,558932234,793497526,298830097,2135381750,904479588;1
++++1343961504,104698701;663911466,1856877405
====1301601234,954399095;1425352187,1147187628;1647506556,39447814,1339523867,1298853780,1504259340,1786794552,1924837089;0
====1468541580,1092051475;1817467622,597652619;2131337286,1530420252,648582024,227785261,965460160,363922880,918330352;0
====1525821537,496074641;1684755031,471019833;882322183,968233957,2050879094,973471077,1205259538,1165830208,1461040962;1
++777831830,582345485;479835003,1412405581
+++1340950349,1906008330;138942516,937002891
++++1567067315,494884239;632755842,1959889474
====1306769224,796300609;220598357,993094563;1727023692,826242408,1443046221,910099233,1110452656,1357583026,345336946;0
====1689483668,1209367236;668210587,818075481;197212351,562065941,987595607,1391710279,243106241,1276065477,1269976144;0
====535400741,340598099;608958130,35974999;1215133326,1311889302,2120133269,1702232984,1515471050,1787119824,1073370304;0
====1238296869,1084209680;383929478,1799138971;875754953,1421245552,855211527,2121972428,132974968,1234995265,1198319178;1
++++1370721317,1481301257;1786717482,1102441651
====124736882,1991346138;1134405933,1784705869;256878832,512017342,1324268918,1888073225,1779018926,501744622,1356918839;0
====1970209756,578231079;1701550128,122865000;919792444,582947381,356928306,20334340,1033411460,753509527,497286475;0
====323190624,1292519278;1157106283,625903395;594159943,1265399810,489216605,856203069,168318634,1305297110,1073669674;1
++++1033866247,1219334964;252199130,643985572
====852315976,767114123;312545252,885981666;530494662,1458815460,158024612,1860602277,1038854936,2053252076,1826535372;0
====1414643541,1329753796;839196087,567302050;1628543861,591243697,155408709,2092859981,2142585854,1543543407,159612600;0
====758150905,611144154;1287189463,702163037;1351087932,2013582139,1868490487,1662920923,798257507,980290457,1424853842;0
====2011582463,310353124;340496621,955674585;224071642,1884034896,12227845,787562541,401832664,921994107,798689624;1
+++1553399672,1467240659;138675200,1221676848
++++1269255618,1409659008;2070300876,1941982260
====1164308166,1406160373;890372307,365474983;1263289803,1693633891,448917380,545005362,354175508,1660850641,1608208920;0
====2096891477,1083155121;240477629,431333974;1535737318,177529947,1260614460,1473999151,1172793106,542095581,2038316432;0
====1612676027,444617541;1352796802,1121256044;2072916929,1690020994,1256190084,290748604,307831625,2083489528,1744888741;1
++++1245181237,1148817928;1983641894,1924277993
====1028949156,1595651197;1719554294,2072003507;1009807991,465234825,104247451,946261484,562148900,444580928,1907687856;0
====443656603,1459927355;971714137,537627479;1348744003,2106692032,1401822994,161481294,1557241065,1663553409,1927279072;0
====1663382472,1727443306;46860126,1655901729;575248709,593164805,1546576974,726308671,390368091,1549074743,592975716;1
++++225357880,1126486057;1151431538,1458382658
====608689048,781767087;1257935217,1763990847;803944371,200950259,1978764061,1617236032,893643112,1949803617,53216565;0
====269155464,33955800;1924358415,901430668;1553891455,1854685651,981001555,613430157,758968718,869956820,1308230356;0
====1532846315,1864859169;1268918885,1849970091;1784650225,1802586148,1138733618,291788504,1238732306,311130539,1619007854;1
+++1867212194,1058987707;1762408433,2032706107
++++532759185,1032797859;655634137,1761804375
====111292091,484406320;430517916,1861124836;626330751,1360753822,1938668253,1375711844,1567019899,171296826,222337784;0
====975857341,1834019423;204428813,209182930;153537558,1942066019,836307976,2116513647,277514827,1366356055,228063292;0
====1215339528,1031655676;1411911574,2009408269;1734615092,905198249,1276312189,1228924003,301899876,1850990972,499581201;1
++++1369277290,966932589;566263211,751543288
====1300969636,237443048;980619665,437288195;1943852397,1032132728,255745948,1778361334,878769918,676792366,1532632819;0
====205448210,39212482;858307521,416641752;1260998749,754052533,895566192,1838916735,786518346,1085133717,1344522444;0
====1474219479,1417006611;1996188877,1496037738;405732980,447524369,506575772,1263224254,264301539,322593597,1247363784;1
++++1922477445,194276854;48225087,1139349765
====1651660709,1997426198;174233094,1424373672;117969444,244877947,950409617,2007245450,840242426,1528318040,405436258;0
====903875466,19090602;1934139424,1006303163;382836129,114999134,1897771863,1873171767,1490902395,593349293,290317797;0
====783210602,146026654;319006222,432037903;1916510133,1915331892,2081640000,1638257421,1699243152,1925640544,556024805;1
+1692936566,1684587968;380126656,121289715
++1256346133,303764046;688134592,427309455
+++550640892,2087483408;928796383,1925336176
++++2098222760,492162882;1859767549,716028020
====382800662,133318343;1319099911,145690683;1981631322,241831515,919634358,1111607514,154812752,765753080,1938875605;0
====1277027361,217708404;1909982955,2142723795;18393382,646658519,837567632,872933569,212468641,1470486628,96190907;0
====1952215358,420709254;686398521,1719216310;716644464,813935386,1322623203,434702332,1803028066,753389367,1549753911;1
++++2116127294,1696410336;78407823,68853471
====1378735605,924405380;55528624,1280389006;1508151584,1891521676,788364692,1701903722,278980207,436501282,379988073;0
====1478841735,1603508169;1919412079,1625556241;1618220094,28434035,1310933941,1335856419,823056303,631864347,826178228;0
====1383581876,1039809674;2014471890,944713749;365002053,1564873557,635112800,1055472968,1452307358,2018454495,1980053626;1
++++1860262462,321312914;1022059913,1359945482
====2020414630,528063643;850833269,420887799;1299726774,127534667,1885372843,1577995785,79018319,436867765,1017468089;0
====1471850606,1969891836;801271392,1189486399;408521372,642433207,1883890300,519012870,1437107310,1895724375,1867836491;0
====540086820,1823544724;2024955927,1380432216;1974543443,1700257260,562506265,496034997,591094997,125974742,1778306584;0
====1663382402,1741964547;543067047,260937846;432682265,1313464996,557348051,414446566,1408031977,1894460588,1438706299;1
+++1899283585,2036399519;794972622,417060722
++++1375889266,1910911525;887754395,1178366787
====79857645,2099575111;248489847,1844111840;232630189,1802748087,541787366,364716077,5745314,1032428718,2082984716;0
====1148728568,1162619283;1729376650,1948377654;311060251,2121006771,1905933420,1330012458,850433033,435262630,1398135095;0
====1296860350,483145262;622505078,1653463289;2105650270,353270507,1400865316,348372577,657499970,851102367,1124849005;0
====900254711,827878444;1806655311,1130602474;304756534,1797118616,263880370,1970051790,2045380993,143714125,409133276;0
====192331144,253399328;1966375364,690203068;236188066,1380721357,389229540,1108683631,57728162,994952395,665994707;1
++++1128900703,1652488506;400670664,335198231
====933581138,496458853;482737591,1732313683;2110237409,1695782710,33933381,1421122561,2108273715,1315022725,2080242954;0
====2135210462,172030163;4170840,837722841;1828162108,833187951,444345303,1512767799,1883990700,688974899,1972591306;0
====297916715,738777111;1139588531,876734001;487014021,71727835,7215844,2013962031,799943475,1517995274,572456847;1
++++531308043,28751420;12534762,1406709249
====1284999220,12821704;210233376,1631293605;1469669732,453679905,2054094808,1844995054,255497104,101497414,430956026;0
====120942320,238097309;859692731,480976229;81635924,2144729715,420015187,1248035873,280361911,2141789786,1001182035;0
====1159891552,1107871553;264532317,438029778;960648359,660047889,642535297,1917843737,946721286,1843150921,737654019;0
====419469750,1885222365;1464459936,1521434319;1780147556,2084267414,1354014268,2011936084,2137661164,1548649841,691574770;0
====529386595,1743422992;152138145,1227468162;1960977531,1177044806,868076915,1214441461,1323292832,1666628728,1060823694;1
+++755669948,622283041;1941915223,722964041
++++952348662,75133908;1969508317,542594331
====1882666518,2028444885;1670926899,168342801;1247999774,1585262116,1328213837,188301789,422966857,1467699540,1912651758;0
====951754215,1191032716;1382151991,1510620052;225254090,231674331,1211919269,1958736237,643391719,1375312134,1278307260;0
====231694872,1626463882;1806224589,204795612;1129783846,2084165852,1727807871,2008182139,1841961473,1364640218,332297855;0
====1741210381,1160032238;1487854848,607655518;602201394,595398350,1992367204,1980408076,1384697839,1865125887,955080681;1
++++769450279,1413058370;542808383,1626870983
====1895739438,1824942120;832839927,505125493;1517540261,229582467,256057911,514518914,570464773,617735816,548827961;0
====731976270,618219690;1693741555,1343531759;465276207,384859716,71244028,253348405,1892367156,381467254,1092348186;0
====867954461,334397001;1804472344,1210290048;1860963132,785693335,646371790,1211866147,555094851,1649710292,1744909325;1
++++858652949,1611806781;1288369169,215425815
====6413881,1996423135;2092281754,602008918;1980934784,2022592242,766066450,582837614,1693090442,1961772382,307151539;0
====91105464,121402175;569965060,2110794112;1799909169,641885770,537222589,39437120,1324186383,1571798833,877556592;0
====1384888148,1612348211;675825630,1837936833;317778928,549001180,2054310728,1052448457,1198249114,1811757325,415412223;1
++++90128093,1356731553;1128071081,278106066
====2064478346,1208573810;1980315139,1314360765;1940936758,1914533940,102256773,530059156,1700157401,888041833,1345476897;0
====1731562037,1112465843;1095885944,1720176249;1125833948,511814334,1179950967,1393959486,1951459380,549503386,761439449;0
====1298096863,1791594249;1963779265,1338398818;871500165,1271823221,407920664,1720369439,1926503920,2125146182,1547103815;0
====1842051830,1725171023;2101738591,2005742880;776312730,568014460,1016369736,1490285401,2134725344,684377046,1905087758;1
++965186685,598881191;1713198623,483663083
+++408589167,730455819;2060582400,885567340
++++1380609255,727797314;1510742456,2054139229
====1805739925,20716427;1770397256,1316971426;1607877334,1731728953,211593161,810677659,388787843,1804532186,1712865231;0
====202677742,1348453402;1061564082,1255436612;414048564,1103537633,1661925668,756635262,101974770,1743771179,888236622;0
====1945447535,576021357;692155508,613996456;1629847096,484535805,1480823651,1823989547,187868148,1443167925,407542764;0
====1433226406,337850305;703094815,425436788;1819031568,778121192,1476374152,1541277224,1444685758,445100236,1899965890;0
====1973524937,2112899179;2037457385,387283056;788505868,993325267,1292154694,185189105,1348658230,286962066,55162598;1
++++1135822571,385298540;112710870,1773929144
====1691952068,696943207;1407332451,1376387394;1942168152,1343478392,1751913707,559399712,794785884,505050246,2038401924;0
====1302785869,1104350702;1296952622,588680359;1247961895,97858160,264443042,603854806,1713769279,1297206088,1899421717;0
====962498401,212467650;73557162,1140172249;945111633,479448593,959189047,127129118,1858723358,641960685,328722964;1
++++879385548,294323261;1893116772,2126034655
====2103777189,503908131;2007658110,1492956204;311243704,1531997484,978446633,921311988,2105610378,1843352640,1989145577;0
====1872880071,1224369994;1751115192,1712740061;1288668348,977686361,1600894939,1246643508,1577824593,1489409625,1202881211;0
====1648240546,59638877;1303569703,1918628557;1631614101,1803174762,363969449,235309511,1114818559,1313574632,1701383033;1
+++154488031,1811506239;1734784007,891570715
++++1137095231,792886637;1273845577,469218705
====319541862,1608932902;1082467835,1799251558;830287377,697166989,1796502804,1933380503,662802627,1204307418,217946513;0
====1408175397,2135650233;1698136466,1074707547;444201868,935244247,1190005960,950471461,164981363,1457013283,2059178170;0
====2069660761,1771742648;124687274,897524169;1930129874,69151847,1163383153,1347795176,1274880689,214335033,487298355;1
++++622840830,71099704;1783731302,838052074
====2047193917,179634045;263283086,175885290;1673293016,1268543728,586590773,735088556,1654937671,217029598,677477970;0
====1972457886,427743847;296445882,756395109;923428831,1133197673,1118459441,546950689,1247080181,1325885257,1466970633;0
====1996971306,1022115428;1317943239,1597861296;28772416,1799168828,1536634887,1580958324,1174172512,1297585647,303713055;1
++++1991628641,1346620029;722898292,1818911241
====969592896,1844162210;571642207,275084836;1904267368,1405976758,1469440244,50289442,655646299,1388668633,1459164517;0
====1418446960,1816784342;349619737,1348368220;1585051548,1396567047,384473437,1449115909,573836265,1560502860,722386817;0
====1093475226,512010619;1543210818,82784465;788704235,819394783,957403290,830372967,629095706,1153158993,1809938960;1
+++833785869,1162078188;1248413852,838663133
++++1952660042,65231383;390692090,1447463675
====578933520,684740034;1699210647,702159416;1266403818,563737908,1647392574,2143751551,1337386278,1584591723,1115134441;0
====2003698167,288469429;1876588009,453054936;1715318538,1117453181,1171030504,851504016,1983086632,1061166732,1196750154;0
====720012756,645326226;605586736,2104656757;1792739608,704679073,562634360,1445279066,263197315,1256076232,1459387108;1
++++446228015,480821919;67796633,363634661
====1507013841,890865259;796823127,1550804373;2020634066,510204810,315832931,309708277,1576591374,1630230786,638324287;0
====173421228,1525865217;1507308874,690237193;912587664,194154086,473830204,302675038,265492720,592942432,1556118344;0
====1635424502,1375276717;697503002,1179801650;546541945,1401026681,674054822,161027538,126985141,1133271048,1303221054;1
++++888049044,1119153923;1658351365,2105974223
====1025679350,716843758;273607112,488632201;966900073,53858927,14903534,1910581013,1308608115,1160252049,2136981015;0
====1666774488,1635079751;1214186899,1018519511;1662512490,271738991,1220205714,1332499185,664218608,2744173,138377186;0
====1947560577,1705099116;997242092,465168016;1389355429,1270409639,89086549,1347627563,821811365,1585776968,1557766988;1
+++961152988,197269980;429317674,1163873670
++++1787559607,812380310;1353056242,168821625
====1373034533,1629661199;1046166178,353319783;1586094455,1183656786,294381533,246415885,1120999266,1210426329,1157226439;0
====1858759917,1253957833;1151521811,2049388243;1276244745,563010891,15101957,124888445,2034796370,1556592125,430587259;0
====820975446,1659462541;1821289570,1727878550;1558692746,1522203296,307860212,884055933,1226430266,61761866,2109827085;0
====1062239111,1146181722;796384870,1098382251;1355783148,409555003,2005298885,1589065821,312675192,1170101338,743519923;1
++++1420388024,1551264781;1249931802,688009998
====241806738,1698712813;846650421,378414192;1160115933,1446272399,685452627,1919817301,634709505,1589030689,1409889700;0
====1570795426,643158023;476177467,202995945;1451883260,1951397120,912812693,904631681,967983533,1516148405,789627117;0
====805403349,1579892509;936027583,1683236156;701576935,1821059695,1518019023,137980397,1464225661,1999627245,1127562706;0
====1161822479,1816873253;1540637746,1965019899;55596439,1309581543,366526051,350977034,1963333652,550609727,232107164;0
====176309249,1673868100;1036202613,2037299890;358232192,824728826,1523242172,280453910,1566914773,348245495,168702403;1
++++1249412544,1666709795;1428803779,409858670
====1679994263,2115851814;2041681688,2102649216;2077373109,29864726,1937301822,2009198037,1420062174,1156900671,740533246;0
====1950718994,929264228;388097253,424936320;1338997418,1767126641,1339940371,619870592,122463752,1142103527,253188100;0
====1908729818,1895813946;338643010,1497294230;847848139,1279377056,131679205,962478406,2140272650,52420540,383467436;0
====403723304,1953913859;43951803,295418343;186445960,936131207,445360381,62813591,717513285,1888847232,258174771;1
++++1018976792,1382933854;1079157663,1402647643
====128013172,1069341863;619676107,2094774599;1906749728,599249924,1034786721,733382422,1381630835,1371538590,2020596836;0
====1563216401,1111216825;1629617145,718883862;944994096,709700437,666608819,1892688666,703690105,323268459,2127883482;0
====2050810263,1429896033;807531454,1918864676;538568118,1586547964,751210357,718276812,406621632,560839302,812937607;0
====2069444242,843065833;1673537355,1579970803;1930361227,600311685,1067991690,1212677180,944494140,538771666,69761377;0
====1046177705,1182268519;1133873855,1870589787;275711013,1533340852,653475368,1269769202,1674908958,1689641413,13455479;1
+++293397296,335957395;1912219171,885349785
++++742427044,1884788522;107067587,1384210839
====113906101,850422230;3563585,1096592754;1317324328,1716567523,1586297489,691593496,1410207020,930136460,1197003167;0
====513900321,257199961;2142430414,2004240880;1173267457,1768238899,316091449,1263063913,823170304,1902638131,867501683;0
====709732942,913171443;629617663,1648321645;352635587,934138065,1888132790,92648426,506173685,741309392,1297777821;1
++++1520565939,586818583;1354320115,1394496087
====890810476,1677646889;1662351599,1472011198;1196763005,503970527,1386292758,274382202,358041108,687582492,60608755;0
====1036553807,739684420;535573209,928787570;281213937,1848955787,1912460746,1749078993,648890888,1303720896,39169544;0
====1208197264,549097081;1859767314,435972325;549928849,15771601,539163927,1152892096,37739247,1670328776,347011677;1
++++497592653,2022278600;1829938414,569196378
====464133547,1512874493;1231201659,1657209168;1719019723,1732305575,201433134,1103827849,1519263317,2136197520,1440677855;0
====372900422,144828445;1032047341,1418303366;33617189,1026422199,598930268,1102780578,1523393709,518319421,4755513;0
====203759266,1426334517;1029943303,1648545647;396671388,332803133,1954874435,341339771,233574141,1336333749,670251904;1
++++812993918,1451716819;1084765336,35651226
====725537348,689663267;15587208,510961214;2041384667,1268604251,1957093334,337994573,1786323627,599963298,1721943512;0
====1975125126,258123663;1082450225,1871778587;366313604,296158658,665900793,1617782089,1104332603,601846493,1561902965;0
====949363020,1420302604;2133497701,1130486065;1746825031,1684355947,490876253,507887159,1857309412,535304951,690332765;0
====1460474594,1480649381;1553474584,687809719;2072029433,123298635,703419615,698400133,1742700976,1905713165,1785661661;1
++28583309,927814718;964766199,1725697169
+++1124466001,1513548787;1927317219,1003243697
++++674255394,310427318;686390236,618054521
====2075376045,660207642;532354553,424413644;414599142,10353899,1816061104,1748348847,949204569,858648388,1660497629;0
====1641672441,288128065;1255913274,1606529774;250017970,1520634049,337133431,1426258694,1691612300,1487362105,1371834560;0
====1745723044,1420733720;1516410166,1955116091;2020837774,732550634,2094904469,36914443,752927787,1235474743,1983397099;0
====2084838615,196869075;210413824,1725893870;583765747,1065866814,1527179872,1246521113,991736116,737079854,1146776874;0
====775114146,1647414795;988167884,1734833894;1395782474,855190920,352324185,2017116784,1040046323,519839031,1278186010;1
++++608521593,1776581891;1720502592,1862238072
====1931634424,930010892;688982635,506839607;1421658053,1324836846,184608137,2023807811,1147271786,1270886250,1552755514;0
====94239342,1450345052;1041659300,1870070295;486088385,2015628459,596587307,1125084982,1687627525,1203824222,1020278784;0
====922607879,1931282411;1840304031,2052163080;1475249864,768196734,204762466,2036969111,1433377593,1505474124,1659459940;0
====1500714339,351606825;598396933,745095290;275528839,733200754,304418941,1483559744,1942766364,1408500063,889780525;1
++++1082160498,908565704;1716763885,1407155192
====506525418,780860569;1192654626,276535446;1994828183,1557982178,2098873834,1983987626,450560697,611044850,1573004184;0
====1477540613,2111915383;1322103590,133022470;782264882,369897503,927287266,1992115977,681815489,933178086,1298352579;0
====1139005990,1786342326;414753026,85334990;1681218522,1750020386,1538749893,1764338613,171156895,528290736,262825130;1
++++436110256,199299308;566996582,1316482350
====1667251309,981520997;877824901,782873151;649411834,1692342837,528945930,1352204122,1959424270,1357516701,1455947055;0
====1176969245,1279061382;1037991870,1143111475;1459006945,471497318,2137394530,382595647,1512591165,616844248,1865964282;0
====1205335019,1289583286;1785900824,1464829529;1511477224,1101374862,1052456291,1859466125,642140213,1058030059,930352198;1
++++1468729393,896714994;1746761731,793151530
====1341857210,474478245;1971405757,1492978454;1465048569,1382143212,7463001,1913244466,945728904,1198679615,616782625;0
====1871931287,968694108;1195336055,1404737755;892406473,1144297532,436997054,829796755,10793495,2012971423,767244387;0
====291953534,228978204;863763951,1386539640;1347693712,2010056114,1111105288,545950856,1045774376,1669045741,1167215229;1
+++1965795398,53834324;1449525363,223131906
++++1909978750,1664325425;121652332,1967488250
====225615918,279847245;1989272629,984630730;639850546,846014106,310916327,1538584778,1530059064,1827331508,180538998;0
====1627066499,124823656;1265373834,691786626;1691940195,1265994314,1999791862,1367068780,1211497948,580272549,1982867729;0
====1429563434,1751055018;44529748,2015792084;1540702570,863534723,120308608,484060896,309353041,1151703655,707576653;0
====561958169,363888960;1609246350,669185688;715275611,82145897,1512751138,1464241045,26553602,417055157,217172212;1
++++1204649585,1241506365;1660783760,1054552809
====1813587055,576656557;2024330552,1406841939;1808041854,2084628908,2038210965,267252590,1893576237,1404313693,114592613;0
====439606513,1827229750;1627639747,1131009449;534954717,409570684,1625432582,2008358209,785656340,482339307,663070312;0
====405994814,683501287;1742886755,1944689909;575284320,382859899,1957335300,2069003183,1840418552,856550062,428235790;0
====824203597,95316952;668554529,2061434140;1548286329,1680184957,1396972429,485221049,1899253899,1245853986,386365579;0
====1648202228,446401013;1232935992,390445841;1633079663,1208793438,562802047,1327814671,94805559,1764137631,244199734;1
++++1896712933,1079480843;817268991,1444951983
====1296171478,1094939550;2080682411,722598264;207156063,804276339,1246115109,1979354385,885119963,620114924,2049097351;0
====2109952992,1612671778;1525978375,1762602709;432680402,961804614,1454721617,1790730828,1101199543,1060101617,824076545;0
====129849124,227433866;1804218042,1200118706;221694254,531515996,530936259,170403744,716340500,507522280,579234892;0
====1615945571,713328162;127020434,59227559;25797616,337156442,1564633553,408651169,241138857,128945497,864169572;0
====366941511,1291338017;230085887,171796605;454723338,633078350,1554656514,885971490,939131497,1183071101,2062211061;1
++++1442117993,111804279;1880542602,1804982926
====1957614325,1645632690;1366378514,824738173;707340438,99797849,614887140,733479319,571234339,767065736,320681421;0
====73936524,46027414;1153413799,940546712;571224133,2029382128,1619954715,2038192301,1400671665,1654998040,2102759256;0
====1866581180,1541339242;1401336420,1091945183;422651972,901112502,997947365,692312455,1479141667,2004524187,1089104480;0
====644897583,1974204129;2085989793,1672881787;828973309,1705996692,1179924497,982914693,235991010,1663652829,45712529;1
+++1137773515,1128336473;1102049159,1894286133
++++1001953028,695083933;706984145,353868267
====1529682355,1018514896;874966979,457375165;547623803,391253397,1695121660,1180190653,895357334,1377512418,957221152;0
====1830391516,1869736187;984730191,1730358532;202863360,1597760374,622317885,1099437919,2127063585,940710764,869305241;0
====1960515569,2041694820;1664358876,1706019460;1867053253,144614783,1393669861,1582976018,1069240034,1073976851,1362926056;1
++++863232933,902838058;387316573,129938824
====1074083543,1457388968;42270194,1179991369;755221463,1943817284,643537789,462206697,908549078,1806587198,1203463336;0
====2105942366,2084350722;1124654577,2118794501;1356825771,1245995017,132937046,1788051240,899441942,436445790,1464147090;0
====1570125738,1509788396;1567865413,913617371;692315533,1554424604,1106339542,1290777197,1568057229,1339057894,8208036;1
++++1833303470,63246443;1467852113,2061891447
====1080580917,1617335379;257336776,798445184;887516039,1933443477,1498938461,1260249630,102587809,1580609494,2133800105;0
====704101370,476454634;459334279,525307369;575252400,293799202,1354927060,34159307,422779007,1433968383,269106284;0
====988245457,1779727194;82653584,897376566;495820640,325041218,1109370146,542711441,1738969567,878181331,647391303;0
====1761058000,891869970;397199553,1852664665;2102674531,602759913,1215096434,927444455,1649498040,1453212047,778174669;1
+++635240967,1693641451;175513045,2051191945
++++1921794724,294092773;1355774981,1337033386
====1799991651,2059900401;954435441,2095419976;527036572,2011676823,983199394,1918760118,973951318,1525854613,1801175627;0
====1743914997,1660896901;2146891230,1814237920;1769839127,1153212455,1811461517,1120196128,748035156,1900894330,309470832;0
====645623181,247692177;1178078705,1801308128;230256998,763398756,2030322500,239217185,1026145033,1842905484,802474786;1
++++1970560490,796027891;96316773,1428290152
====322958580,1137297028;1713735860,165172176;975980229,324130445,989380132,897561153,1783444072,301361240,698138872;0
====1012760473,2049741371;1437299548,233846779;1530173557,2011559769,1227577230,337242547,892377586,989635214,560013994;0
====1997042980,72852240;670168245,1240551748;957310620,411146800,287440078,1862189949,1489863131,1996177843,653780620;1
++++303932230,791887918;1228544526,456032559
====193207954,1175149874;238178192,1404234357;46551357,2020142098,1902547111,986216668,1611335225,2038541036,1161218782;0
====1493157013,12358226;1822346218,415138039;804625247,476703945,1771757038,1504659042,1793234090,259693768,1174951386;0
====473410552,1912065138;2119639707,493448465;1235823634,32005309,327427507,308952478,727098885,113305470,125657968;1
++222266484,229282368;1658049593,838902407
+++1709220033,1728126514;1688396319,1789393319
++++1934143345,309711974;2042059161,1003965463
====388379843,434389554;1034296080,141322210;451498178,239381784,756170111,470040457,973196877,167620670,999428769;0
====1244220096,125208887;419872631,853644829;269440809,625385633,1907330503,1517444927,92995348,1492364234,2124466943;0
====1939485543,1033967275;1682435124,1663105877;344875625,1062917221,1806951070,1910674656,684505318,525749525,470753380;1
++++1889932183,2065903169;948635540,1839680659
====612975145,577274765;2130935867,1840451448;1681348878,1741939436,2022713450,419500925,500267782,1024797620,1338657841;0
====1851989670,623393576;91262667,53334527;871557686,1895554706,1443452277,1099926010,1970112490,1183324596,1545255012;0
====1566854443,165512182;1588182425,1406478578;893163938,479410495,1326515303,1690072461,246025354,1566090293,1637157848;1
++++1055441320,1378495155;1530717843,661620465
====324407977,212575891;377796227,706233394;311359507,1861940788,839980429,1283962568,356298780,645312414,1064643366;0
====2061362867,1406536904;2050397897,821865704;201980532,1951234317,1842377758,1113540790,1506566932,674552851,1390380383;0
====128606218,1258232661;1471980224,1150007502;643226118,857284555,1956277665,458655478,239538314,989769226,176708400;1
+++287767812,367055742;1646898079,1208444201
++++1989609688,620687047;1564417829,1676158175
====441946277,1317566831;982411034,643274732;1185654470,857048129,323489971,1174899808,820302045,1712620182,88804355;0
====1751400720,1692783810;489235202,345543520;431651506,924518061,2097127805,1848920370,284844524,1224148958,213046740;0
====859476892,417039410;794801480,1962322601;798526995,939477480,2064895012,184887833,376320743,488351262,1379906188;0
====1640385847,974889226;437784335,1090301085;908879857,396865360,1790295245,1094952219,40367304,1479600728,1784710954;1
++++2058336887,816191934;1517077660,2126637444
====177192054,1600307343;1528490475,1546111042;1109603491,1882175208,32352665,493322211,1964607054,596395496,656998624;0
====131002729,2014491314;772261083,924815480;1214015765,734574920,877079395,111077249,1668660552,523089741,1198403842;0
====632736665,411136543;1231729039,964836437;363373750,606456547,1546641947,1261168084,1086876330,246951983,793032804;0
====519038056,1696274836;1227096107,597301880;799967275,1775004444,511836710,711056561,1167591219,1801513154,2047956298;0
====915409495,562041253;411426289,1622302241;814350492,603839689,908448786,1841404962,672356678,1556663968,1567506671;1
++++434239272,2144494309;1345510703,954984753
====637334060,1361049589;1823632530,1159188469;193015555,122110542,232462142,217462561,1280654834,767373461,1235951790;0
====1030973796,386742960;1569244676,2113443080;1234981591,665710864,1442661655,87316582,1173053285,210199100,1082158822;0
====183266011,562737583;1240095220,916201319;443938744,251098211,1981161928,317973835,1607180764,1313633819,839424517;1
++++520021417,647092670;789935659,590625916
====1573286897,654849838;1528589083,1121497908;2009433818,228176979,850975189,607717258,239888404,1030253947,1671069017;0
====625577407,824033511;2093486532,1132478209;356812737,97346055,1853813851,782302107,1581677935,1182982890,830670371;0
====1764634806,2045044473;1159991182,996558268;1147451762,1312747560,1879030270,1738723105,2004817818,1858870329,290244984;0
====1557115660,753979919;974184887,1238279707;943536183,996889707,1072917883,1789478910,1183084782,866072067,1678902096;1
+++1333603042,1255559511;1933889995,1271130127
++++1909984028,81234935;2006842360,1057276019
====539192955,172155937;1026612864,1164086424;1947059670,2067182165,40425805,1935133442,324424365,54850634,1589844898;0
====1214356283,1383597759;467295898,1552098844;716373171,1477575171,1169966597,2090871444,1842118303,163849733,964198208;0
====110319630,2018803526;1426493220,678900612;711602447,2073646829,347591717,437242645,842638258,777246515,955166602;1
++++235707750,257384689;1381600228,497769542
====1451291146,2071939164;1241341849,1861617506;412660332,1002598343,975656787,515601839,914145951,161370370,278569719;0
====1528765849,1508495951;1828356087,977117248;2037949662,1653210907,495406721,587792935,510439107,1703204859,1675311209;0
====1583534581,1554596439;2113925274,338476839;823659835,1996558682,2111526058,429287562,160294475,576601361,1820603277;0
====437896082,36595019;435072203,1117025451;1308035903,1826986763,1425520781,637239859,1652544825,446057493,1327243867;0
====1933077616,1744229934;1881406150,59498106;1634477701,1748894247,403641204,1411569095,90526725,380124022,814762730;1
++++938715293,121221894;786940052,659882150
====959576280,1862696575;1305241194,1794200851;1453802447,1662750323,1326813590,1877403022,814393893,1778974335,569020091;0
====1437877254,2042853248;90444877,1650233133;164578891,804988828,1570092695,1415165175,1415552052,312924667,1202148056;0
====779380728,568338759;95073731,1524914905;1513336039,891745693,1373610355,1620221690,1559866471,1119699027,1924171497;0
====1096413631,1713077508;1487603475,1494276048;1042318885,599243343,72286869,2036930921,400154330,1222263735,1413606603;1
++584885682,2144990009;1725710341,1833513178
+++1054191807,1607186814;372834467,827275667
++++1106487505,970650544;1320304603,1275825524
====276473350,718725979;1079566023,1539576567;12772336,647561775,1251762635,751462301,2067519286,2095635265,1146986285;0
====838650992,448652190;1063180742,883788559;647906606,118541639,1462235950,1254196954,826735553,242771553,1509831973;0
====1274944034,273631905;802925561,1060454232;661001119,1110530857,854237192,1798036328,1525179326,33345874,1936715295;1
++++1739213411,1367726578;1471442378,1760701638
====171295705,1240546122;714318262,1185356731;565989245,284255659,366786704,1101448219,98563700,1860281423,456789618;0
====710083855,1496320168;91718088,1506841746;2131975011,1547356914,272428683,1979914540,1741993670,1545430998,764691193;0
====1639939387,1048908123;870877591,327842329;726886774,1453264330,1737083224,117083267,1725750387,1448595093,634403331;1
++++1179956918,352310856;1229213091,1228961437
====644154860,620993517;784662980,106031377;1865842597,276813871,530862584,499186779,2123232426,1056776940,424149521;0
====1644841782,1964486837;1252718757,674990962;142873036,1655579538,7686748,1238425284,1548312799,1865208949,506551334;0
====1070746100,59020826;994792056,564755414;1929225798,2036534619,1318392452,511266712,244994962,669398716,875765160;0
====1544685775,315358784;1861533510,1173192379;1855841826,1084549976,537331727,867936189,1851217545,1438429765,1846651895;1
++++732813283,1207677611;2021163576,103539246
====891831524,921221005;30159489,120301832;1684521418,188803617,789839602,547590279,1900983927,1962313005,1987467864;0
====264979055,2029704091;494223277,1379844042;1681114726,585209554,890597455,152172985,1968248857,557234652,1411866859;0
====1832828220,330577124;1307518861,1110611178;770008747,443409270,496138212,1465950594,1814519557,666694969,185421812;1
++++991696538,941247751;1264670238,1640035918
====198378372,1770263622;696529564,306894127;733364050,2044927285,576022500,369223570,2050908791,2033889360,221201475;0
====818411788,1513491014;1938948942,649604404;399482940,174834307,520559154,1359805986,1638025001,1610276071,287799275;0
====939702109,1561694933;946727124,1199375192;750858692,149549135,1734969716,1891268689,2008863161,835757281,824638369;1
+++1000746721,715462376;355554120,1246101722
++++1896907109,1963694178;360960672,336728013
====1663149878,1570366070;1353175568,1360244585;1910644898,519169439,1735203913,1165612525,1292507358,1376472126,872724934;0
====135544602,1289867583;1003376442,1291055254;1242651733,2068722138,531519217,515751289,1670953674,1768996999,417754043;0
====2027391893,1151002472;552273053,1881062076;55799455,161616981,756208058,1214007606,264681376,1768431537,2145221082;0
====1989438294,398101830;2091297199,449040337;2142051531,2001887992,2082101873,296334669,2125313314,1560756378,830306818;1
++++1599124894,584815977;1882906391,1175593293
====889173831,641041553;1183472574,1646291463;1366556153,1074387513,755604657,100537994,2115282511,1610924353,967207166;0
====324138421,1618802345;1302663530,560270904;792030081,481892826,1880099595,918888160,278024824,2100807619,458101282;0
====769375126,1586880394;2041216153,1291840790;1844652092,208866434,1209118798,2352877,1857731872,960795161,2013454806;0
====373827438,67657651;470660526,1693017796;1154658705,1895715763,650548109,1840180050,1883253962,1669680617,1957148408;0
====1653759208,1777016695;1673094624,1653378516;118936203,50241525,154366622,1449477068,903920440,1190409474,1005868337;1
++++2000794016,1611441680;1360037873,1184943855
====686477631,394981891;452218173,1371123781;398167451,1376442898,198081214,1257080499,1622331946,2129649908,872375097;0
====1707067442,1645104891;308375913,1181970182;1078801040,1298688042,1176407794,1649947844,453504208,515895101,627898140;0
====364403460,485436490;641410967,575926303;1967217247,1495004421,506600417,1389992391,1907111853,332197202,927583133;0
====259148155,661473414;894756558,609534740;1181348571,143822391,2071743674,2125795074,1875565476,1131768119,1118306313;0
====513770871,2147228455;1673106079,67504047;50186553,461547201,2028776204,1897487180,557216167,1490171901,904246711;1
+++996742774,254651243;860762907,1368173726
++++1065097549,1066531764;132960284,1616538196
====1553040867,1874019745;881249266,915233894;1369019404,16726165,150289942,651661136,1790079402,319195167,677615199;0
====357309248,88548908;931333924,926018058;1214182349,302825208,251305317,1855198088,431124857,713526537,2002296299;0
====1862307353,1046013648;1488455187,568153151;762414137,892353427,1253899731,1576192931,1650518007,1155602281,1031870135;1
++++2088222171,1116993512;1978387394,787269780
====1007417250,591710249;1101293427,1874105441;383218664,1759813247,147639663,133207391,1794296477,1701031003,1796733589;0
====859690746,263852278;1945339672,1345492395;1205443391,1330363765,338036154,1877073238,1579464419,308596911,1324767878;0
====259973222,1131796837;1962951304,1155468518;115167484,1140011635,1540517193,81806269,491663396,389553820,1178584720;0
====296068897,844364913;1058354216,322201458;1285918322,1494758193,1907184908,401979751,223115841,1098782272,992582723;1
++++199501348,896274352;1740804747,377007516
====241021938,1291607985;1960219890,302745471;139350907,1023489451,312059683,619855333,1263258665,1271836887,1329840974;0
====500846190,1540463038;1348533443,1003154801;1315879900,1679820584,881417554,224531620,466341074,618379740,1771690711;0
====2046474322,364814759;1613757324,1700088830;2119835025,1770452259,620988509,1058593418,1499026769,1121418672,1545328970;0
====882503684,1620495705;1596743249,1281597989;628675285,1928420832,1688201563,2094423585,531625158,831376828,2063015504;1
+++1362264053,582721547;1333350565,858556070
++++572973575,1344618841;468173025,687911367
====1260580359,1720250295;750845836,1396681671;930988437,10444073,16801871,1661656893,537858734,1581951131,1967620344;0
====1383284904,1626307625;496009400,1195345142;1284003344,1459375447,614969318,1117662694,1309521619,1789617552,1934070520;0
====1067771822,1061177564;50648820,1458626467;330686855,193230129,1172199373,595391064,703816458,758116765,277985364;1
++++334089719,1257958558;1276861830,641461142
====784516365,1435816977;1647477804,1036623410;942058548,7341139,1066488800,1505176822,1707977727,502336229,318385930;0
====489936345,1191265856;1120260995,237864328;1731094109,1006246166,1247997033,367326395,879034869,1330163830,659288676;0
====1296554622,1637782185;688716301,1442578689;2106710041,274991435,314955679,841793839,241563856,9666470,1209201789;0
====520206984,1394623371;1841553998,840623748;1584265088,1441272744,1726911861,1743560354,386408219,566956579,1051375004;1
++++846266194,126033046;1343936810,593871186
====691386596,1701431117;1537655680,947178637;736540951,639723640,837379377,640504358,1257795891,1809570121,397915987;0
====1136252316,601309369;938093071,852820326;2037496706,1292226480,1251243791,1286800919,1200574298,546933502,1856897014;0
====1956032123,879880139;1229786701,44683151;284759008,212343979,1308949706,414800536,2044056928,450623429,2104190492;0
====1725599429,171719540;41678498,1370264376;1660538032,670860520,1323663750,1299102536,2147283782,973436109,1275476166;1
