7;3;6
+3006771569,2595814758;1949772933,3712186767
++1558864007,1958511959;2842125081,1667678869
+++2511856393,977792991;2969678677,2663017981
===2666549056,2563139617;965222849,496552987;477207692,1520859882,1606977835,2538559547,3547698362,2059502458,540431797;0
===1948940591,1002475896;2941959861,3528633482;531524145,1719541773,3737671921,1957597765,1775394354,1203522389,1346436114;0
===2559409090,2523628298;2562239180,2896781366;2642123888,1234860337,1356661616,2273891798,2097726861,1122185490,2110821710;0
===2869147964,1466846560;2195186899,1617891706;2775633402,1339473193,958698209,1675826324,1600369031,2098413231,3406898498;0
===2726187043,1120023936;2069794043,3096401454;2617228152,4259646034,3288967103,2084804575,2773356028,3660614229,2676300373;0
===2603565708,2861626244;1828867918,2991880808;2092518157,1355941905,900267782,3174929022,846661334,2203205566,3441357717;1
+++1641909331,2430857948;640852674,2638531762
===2127370310,3802834306;3007250281,3521294332;3622057260,2308868950,2247319234,867890922,847249214,978602514,2149280486;0
===3212353137,2094749545;3110918715,1571811775;2749105977,1908970133,1265993284,2748796807,3592307535,1828694098,1153092713;0
===4026184910,2122052803;3008635056,2694839934;458857524,1146169790,2988862675,659776324,552280242,829230440,1251682404;0
===3224689848,2923519085;2714841982,1975934815;2775431728,1430915939,2597466918,3917498520,1502600911,2358785287,965728364;0
===2503673988,1723802215;1771369327,1141988778;2451439712,2915126925,1193988805,2055526149,2903322180,3266189064,1872254074;1
+++753161744,1331085642;2807052112,2393782041
===3334259611,1586260482;3443671630,914990549;989488871,538801973,2108161918,3157065135,3115668636,3399914407,3156623030;0
===750025575,2604546454;3013442768,138057657;3502566244,1178762023,1194477914,2282558021,2261882451,1815089762,1401535542;0
===1096808653,3771537085;1897155640,643156320;3626119566,832228354,1787147439,1627009802,3480573015,1912844459,2171076261;0
===3530698903,2410065954;1593570927,2548464537;1517900125,2416593538,2475128817,2318736534,1866244329,3291420934,2600948749;0
===2740183854,2861367065;2988013060,2758847269;2621202641,576140499,2970265052,2171110220,2236609824,1798924795,1188319614;0
===2866728687,1995660717;2200137346,3968576901;1351811931,3546209091,2464060952,4108226850,1451138318,2610765190,2550853878;1
++2712108782,312853923;1594124861,1976581359
+++4061599242,1929294708;3139652249,1998053648
===3253153165,2056111913;1533286824,1993169884;2715937864,4186114994,731352329,1760813818,1225446836,2730911451,2581794201;0
===1889459566,3495201156;2630597878,1518083425;1681399757,1522667890,268008276,1751517945,2551612084,2748900267,3681392362;0
===1696819269,1771216308;2104717166,2122943726;4103031900,386563238,3013525838,1397025015,2151716654,927119182,3796916500;1
+++2339364096,2359997495;2105714741,1551782676
===1042964104,596835483;1982969804,2395816755;1279668538,3511217916,3794715669,1924053876,2855319825,2018198606,769847779;0
===1726691057,4036882321;2685390205,1972988621;3313846726,176412854,3229807956,2967611025,3101699322,2727196825,2266514632;0
===2981558137,2746513098;3277460499,1115244149;2927429043,2737871519,1760871238,2986504781,2307068891,2181349487,882029773;1
+++1620395013,3813637309;2880967328,2491858888
===3707808484,2766326279;1304226580,4019329204;1519692504,1687168954,2815071541,2549395530,2037124788,3460403607,431618132;0
===1667855888,212832968;2021121889,2142981992;3429888013,2040182535,1903056114,2353307900,2178537671,2311863998,2762256396;0
===2357577046,1149756788;2546991263,702004613;1321239115,2311174613,3138588409,2173205692,875963186,1703747979,3475892730;1
++1165817184,1676665148;3309323706,1751158703
+++2421450613,1279495426;1752010134,3431758303
===1168325407,1823855302;1910324674,2221813107;3293024327,2477465210,1056339837,3065402909,1084026610,1476357059,2262503040;0
===2081296274,1498058903;3670647136,179840763;2381122510,1201160992,2480816827,1434310208,2752795559,2223919987,1223490373;0
===1905793904,1743847431;3219569353,1933378493;2273027393,2610664367,1627063778,1763495749,3856404950,1554016218,1904914302;0
===1164489108,2449685550;1641430852,3646337722;817523996,403194626,3001232385,1260698462,1396997061,1119325481,2818440695;0
===2698327011,2396371974;1211023202,767251461;1561397457,1838595093,1891879313,2019625322,3565234170,1390907143,2014411563;1
+++2629555346,1546434536;1923413064,2880707962
===3379905599,2119403902;2041407705,1821602382;1225273419,1443974317,2230104806,2754194585,1287139548,1786850253,3055030977;0
===1237198937,1814036427;2363644125,2564859918;2551783094,1629806132,2216346092,1807169753,3511950316,2343978866,2063984364;0
===3168053062,2044293204;1714342703,1773015705;2888947077,3685383594,2033779517,3289525576,3908303103,2462638308,2620881805;0
===2336969720,3551169415;2583416753,1291452593;615689845,2443642195,1371910124,2055003122,2370262980,3143060685,2854660789;1
+++1048736364,1935309928;1781001271,2257182664
===521341920,2146983911;1487190153,1176203381;2474115478,1489336303,2693743020,2357939778,1228432002,1802211925,2685590508;0
===2206013528,3451206821;1506139027,1841263440;3443981169,3780633760,1053210491,3297254970,2923483783,1740743242,1923820683;0
===1465762645,2510990944;2914283892,3427978446;2725186521,670707506,3584615629,3054578366,1722758117,1496277265,2582985871;0
===2968231881,1052765536;2913930517,3239547375;2038456343,3439813097,2100306312,1590793923,1091012786,3863349296,1401698862;0
===3745383761,1617561919;1949328401,2783126636;3049875318,1720957086,2300514461,2136920329,1533209865,2551038737,2542460296;1
+++1646219637,1346528139;2134303428,1642590155
===2663574236,3522454113;2176380676,2239847252;678207710,2126140589,1525115922,1243067544,3056526245,3107918821,3280636385;0
===2289059314,1788583921;2761694810,2387671673;2285267164,2446225362,2311181236,1396178133,3669018889,3383576850,2304917977;0
===3269620842,2513489137;3608868943,3922663450;2223191211,1275868436,3663698599,959289793,3061633672,1600404684,2889595779;0
===3228876483,840672370;1554481166,2958450772;2058928776,1626897473,261396753,2509729557,1090173865,1398594421,2213979765;1
+++1680092533,2798891001;3549336680,3526486835
===2837762513,1624646963;2026433591,2789241514;2875688288,1390017810,1538374818,3424707238,4089802202,2253292381,3011315713;0
===1690623370,2361606224;2267309525,3436214387;3725909853,2706383579,3599610176,2029615632,2729644915,1520737217,2046566048;0
===1976568287,3253218968;3577751067,1771349294;2403382372,2618906390,2249093717,941667796,1608506098,1408039508,1543201426;0
===2219070443,3847236905;1253926213,2961249104;945292208,2261814752,1978753510,3170693975,3927155932,2251375275,2857432904;0
===2728795879,2919564260;2949020577,2620770066;1192706140,1906034674,958227430,1850767022,1665755780,2908688858,3553895988;0
===2458437149,428674653;1452534904,2301755004;1742900177,2141735679,2939323808,707593409,2383769430,1444722256,2366186202;1
+2269224113,3263513672;2991764095,2545678874
++2606721939,2964458886;2255721457,1455984603
+++786613103,1135284610;3102282060,2661514360
===2723200282,946226167;2721199215,920750066;2874527642,461378290,2550678354,927976411,3309121514,3589636427,1855309971;0
===1801229710,1093334659;2122689213,3547762603;1417424305,1330520201,397932424,2080027401,538223137,2496435350,1212076697;0
===2131891726,1414451613;1689364638,2802945429;1949226037,2791485035,1646752141,2251151477,3664834778,1811993973,1912310243;0
===2427614309,1142576230;2270930395,3897195590;1109423000,2514758037,2188301546,906680792,1356336199,2867640149,3221771430;0
===1517528119,2330637011;2163639012,1478078889;2313157014,783297707,1996540415,1914086591,1556905748,966660176,3489337535;0
===3375006001,1722390477;2382448569,781759756;2955022441,967631082,3661558813,4207221199,2321089806,1550624140,1115209074;1
+++2938486841,1683196774;3230713030,1892298472
===859230156,3274084815;2309442868,2656751347;2556087144,2114348634,3598069616,2868276251,2801753125,2331221245,2433137944;0
===653199916,1085886692;2921462182,1385310252;2350974131,3449080979,2945666523,1429237616,2060865443,2372429754,1494743391;0
===2550782419,838255188;2276388213,3994676822;1364000749,94393449,2614235199,1998116746,2668997251,2270226603,2279311727;1
+++2721593226,2290079246;125572675,1340282815
===484687405,2793902867;614480407,1636942294;542334851,4117807974,781619836,940159839,1323217679,3147407536,3335931838;0
===1513473095,1340524235;3657438598,1709412979;1697175349,2525123279,974540857,3437264419,2869113777,2388261826,981885464;0
===1775774570,2444767399;1775003201,2240462692;2996353032,3203630630,3476926549,2954229419,3084480518,2198294092,3698530747;0
===1834372099,2524626496;3385460854,2091358255;2022215966,2829096081,1385123238,3552675803,1268385414,1673522152,2876345110;1
+++1168063415,4149076781;2832181192,1998786708
===2317107841,1413973552;2841508797,3034722219;2491927086,2303386721,1860965006,1931609257,3561136310,3497051863,1151066690;0
===1655153713,1638900212;3301766131,473756725;2826313319,2326695273,1901725322,1541260952,2073411111,940392108,1006118093;0
===2370064272,3964808255;3803159313,2436187554;2852641595,1369414055,2716303231,916305989,4142513318,2172770073,710329362;0
===1359705589,3363187857;1263918499,2417104425;3094642133,2558548795,1428155535,1947236334,2342508273,2292118541,2307651691;1
+++1748046256,1942436185;3350110857,2871388822
===2981808314,2354417676;2257578571,3400743239;722739879,1597519783,3020163497,1997506711,1039844835,1426280318,2996759429;0
===1054374782,2100342818;1073867149,2388627458;3311453718,1887304058,1274792858,1617556765,1941148076,1504595266,2095410721;0
===1945188235,520990438;3073842400,2471193595;1261079714,3380635944,1683275240,2855834362,2354576227,2753051164,1516790325;0
===1910638085,2073606286;1684399757,2444643846;625207352,1741231549,3513639320,3298083086,2923426097,2067552152,2050679581;1
++1271536559,3093197654;2063709443,2443130106
+++605933671,1011907097;1705031034,2055792749
===3592794030,3037746054;1257599749,2903909496;3825094685,1087616162,1460539687,1185393642,3009801815,3366607122,1507726142;0
===2383640361,649759357;875467631,2042276187;3579151670,2492061383,443920986,2855067887,2131049989,2926852369,1970532765;0
===2431774106,2935347141;343494449,2158254308;2372170487,1827769679,3050256985,3846937841,1976000140,2810631543,1114314547;0
===1146999958,3499531325;1441737006,2580510337;2221142352,2765733676,2529847380,3556517493,3421550284,3524232776,3015198024;1
+++2314789980,1837537662;732590198,661421654
===508229200,1814545888;1413186168,2129392499;2427631384,2870258966,872050226,2562120080,2172014649,3850281255,1940604350;0
===3381754485,2723312219;253993366,3237155574;932249454,866765737,2240888214,1169745805,1734931251,3933774091,1945619945;0
===3941301414,1408594724;2426171398,785473620;1704087389,2854923856,3458852354,2337941955,2009371888,324073508,3364178165;1
+++2769877790,2158328503;1457585348,3507965918
===2224888937,1998893492;943340092,2756696462;733888201,2224917314,2091068919,1439265952,2437451167,2177909662,2565191542;0
===2002837767,2904208174;2545531039,1652786133;496276528,3288825475,3737281047,3874543458,656511086,1257345198,2095444859;0
===2023648955,2832709544;2255414214,2769419931;4073973846,1970722343,2265383029,874918215,2550157627,1478677521,835190614;0
===1606699192,2675600226;2697885899,3227475614;2854528894,2773710375,2240516154,1584003820,1721957311,871539432,2802474498;0
===3529320429,1210044527;2192117635,727349701;1233434119,2375161018,1596984290,1840510330,3390612336,2169072019,3250023528;1
+++3956126577,2868957084;2741948932,1256317446
===2973775696,776969876;2735100572,1642731043;1753169970,1261881619,601065529,1631275907,787826669,2268415708,878779867;0
===2769129339,1176219203;570035679,2903153762;1538880689,1938703697,2284675370,2755721075,1606048046,2884294419,1990385131;0
===1354253884,3547584181;1199817074,1578576564;1449122094,3313575916,2447295068,2016933923,465267101,2371687303,1865959239;1
++3330583844,1986491652;2762016923,3864738521
+++2177877595,969425750;1108554713,1349850822
===568690913,2590530965;3202370479,2661463243;2442986247,1480182699,1325724150,3124566958,2912583865,368361299,3049870353;0
===2675003867,3797366552;570561176,1472577882;1093664225,789804803,1371264097,327308413,1748920243,1330829903,963634581;0
===2770576154,866416920;3908212524,2086505042;2460667096,2183036818,2227363242,1611011754,989039301,2162957672,2816629002;1
+++1467979599,2042402562;3131166204,1874915677
===2157812960,2685907008;1721991769,1976253466;1041755096,1847958531,2888098441,3022063551,1341278047,1834257215,3625832378;0
===1786337364,3085798981;2416600564,2546401652;2685855179,2347084882,1923544463,2640569664,648934164,1690061176,2521262470;0
===2165844777,1840527032;3353705256,1967037514;2152090618,2601065732,262418758,1162555184,780322251,1561747480,2656903878;0
===2202151861,1396639558;2100492847,3020066379;918932023,1569054369,3009696609,1903826333,3624009850,2192181615,2549094033;0
===2181220578,2975769650;1810678204,1050651965;2123645067,2343964744,2405998862,844648360,3106396948,1351472850,1041128377;1
+++2119334985,2433576810;2569476996,709887965
===1411155959,2237869791;4048706464,1017365107;2247422830,3552348739,880999886,2306837365,1920891120,1709213362,3571437540;0
===2711859355,2726891108;489690761,2423649576;2550501033,869660360,1582238390,1135584407,2176236424,3129928560,3928291009;0
===1424368889,3387951466;707693047,4044040455;2034431189,1479892543,2296897021,2042159707,3214258928,2641532629,3605884050;0
===2170646791,1442732290;3288441219,2391799347;2345436169,2830088817,2513969177,2004299994,2458949448,3888631833,1713480789;1
+++3954266803,2342850115;2347393673,1752075636
===2443192014,1283747065;1307485045,2655125941;1400189482,2376908474,2691756431,3947942929,2429724599,1506386062,2238196087;0
===2430713382,2053617918;3044841473,1496651996;3551114478,2042249269,989040904,1189191910,1347462851,1988963455,2225953075;0
===2208284471,1074719648;1903132796,2517010376;1886090904,1897797677,1630730681,2090068581,3347499693,585848358,3080215489;0
===1645095928,3860682933;2264639805,2697327657;3211921600,2582758080,2657213094,1053995986,3528665226,2084964146,2859730357;0
===3178850789,1141421316;1668278693,2611261208;2182814744,1209794649,879712726,3522268175,2336458504,3424696239,1412728300;1
+++1889040168,1389258410;1994239662,429702702
===2972145859,1273617514;2152139230,2550371894;1447441704,2268975730,955654339,2492686754,2926599291,548511730,663640167;0
===1498848699,1855620805;1378975635,3344834207;299173238,2388276760,3033637359,3464319825,1316149374,1019531634,2741417698;0
===2091823256,2872380078;2127397203,1141818132;616240518,2576704059,2350140010,1026809192,3775818915,2377298252,1962748671;0
===1404066223,2543248503;2003212866,2674166214;2317422324,2164539720,2536457635,992156875,2152716083,1120874763,2638014008;0
===3627477090,844995271;1784266099,1744618374;2665706925,2456671164,2446276010,2581177038,916421796,1953699445,2131987071;0
===1158662441,1855577815;1090080424,1464557661;1174029945,3018992294,2902211095,2551894454,2969963251,1906720176,1638752283;1
++2039339408,2200689427;2364936376,1336491532
+++2758448221,2591336321;2558920508,3000729670
===1568461292,2501106579;1715035865,494553587;3824097527,3321093687,2098479961,1763260949,1407661939,3897402151,1934694025;0
===424995315,1077197059;3310894446,1990020932;1917615373,2223836206,2407038023,1383654709,2256719153,1258021423,2521067499;0
===3161979919,1827789680;2379728192,3082160724;3002265740,2245108585,2693114142,2296809485,2310043903,3225430960,1467295691;0
===2623890595,1085697510;2254875365,1275342382;2873572650,1908888933,2253794977,2158940804,2002762135,1256165237,1801032342;0
===391355537,2346803549;3410380251,1300233332;328382642,1932238610,2095943288,1104542438,1553026022,1138962098,1573221326;0
===3213249673,1758456360;1222846420,2175885928;2903347362,2036823201,2348846003,1303151476,1795172692,4191444959,2085192505;1
+++2161154932,1662084737;1862586948,3561702948
===2058299389,922667246;1325568286,3386874133;540511648,3039243696,2822305514,1809596370,2731986747,2475236044,1885688387;0
===2154965112,980062459;2027572489,2861180208;1018665783,1167996460,1966232489,1663026917,2120993034,3177348947,1924265407;0
===1939945626,3687965114;2468640661,3371239133;3296777004,937459032,2396334010,2483849455,586752331,2476963143,2495164726;0
===3213719668,1094777609;2035017130,2020273775;1735679428,1626699550,2680200386,3493322037,787471562,338736233,989104513;0
===3166748730,1227122987;2229680847,1726217658;1186932672,2895882743,1923587542,2345388691,1938171750,2117157154,2442891822;0
===3735612137,4048969115;2989210106,897305824;1226512169,2514223557,2693811132,821219865,3674912098,1759514878,1107821236;1
+++2605933673,3872174320;2898533995,3299625687
===1241754562,3013978025;2653891247,2543049605;1657304915,2870313743,1021117008,1085500464,1845973031,3335171559,2411819148;0
===3023608396,1928376416;2525817258,1426109824;1214793335,842880242,3031131059,1782736254,2502885095,2595989402,1626523860;0
===2094415822,1991912667;2945708603,3394123012;2737677312,243737241,1575990499,995974101,1099592636,3077684114,855882780;0
===2080387207,1526533558;2436230189,3275933831;1186542209,1732192365,888654033,1189508507,1111101810,1977796889,1849129473;0
===2242236679,363192309;2034265949,1905682698;2546272990,2256988627,1467357284,3270613074,2081331946,2663621585,1123766634;1
+++1643568167,3697127745;2213210765,3792091665
===3302547758,1652518872;2389129830,1122106696;986123206,2309715789,3577471728,1518603880,1459392968,1557211143,46510154;0
===3820917097,2657916507;2197208835,2970501630;2773345471,653653691,782143876,1877712515,888533575,1063472991,996286816;0
===513148950,2406779659;2718698737,1567062482;3189572931,2086894335,1944111961,1171263848,2610671102,2461684132,2232886035;0
===2076172157,1809190839;1761281254,2589836288;1099479274,1918508345,2813706369,2130701916,955853841,2269290716,3459866413;0
===1665118843,1623201910;586376976,1589238532;1638802691,1838766514,1207909241,2368520678,2776958578,2488400625,1634358475;1
+++1628843833,1314243104;1897063124,1870050996
===2834022831,3173259667;723422657,2270141100;3418886623,2900086532,1776119521,1072841449,2243960826,3791801426,1442590306;0
===2795418608,2188131564;2868786611,1204370134;2464371219,1879555936,359253806,2554768536,1920829007,1978110096,2467061777;0
===1507003271,1507625627;3312781110,1870129143;479574340,2226479645,1659109207,2340834806,1463599006,3416562867,1903309418;0
===2558971536,3478183926;1637092086,2448425696;1320887846,2736000631,1605102980,840624192,1798462392,1755647938,2303937851;1
++1955512034,3296871358;1447871074,2305380796
+++443693826,1548687086;3141579423,2076178166
===3112423748,3715344835;3498103667,2933249580;230674447,1365638130,1561047398,1692657506,2933327652,2659019560,772246345;0
===2736412241,2360808412;1759740766,334192080;2496754691,3763852852,2220141398,3315455642,3258797047,1839733260,2660030452;0
===1211196756,3043797201;2437542910,814746503;2621155771,1191325910,730911163,2143947192,2325188964,1389603423,1240811732;0
===2168354025,2006498424;1208414195,3564974691;2068479016,2721729879,2081206382,457872098,1926955984,2060851468,1548220517;0
===2020352107,1921349771;3401649686,2220641436;3463279829,425400564,2433889528,1454445928,842895458,3831811320,1173242570;1
+++1035290788,2261601325;3234404282,2863252592
===2670680656,3313369661;2660543994,1179844543;1376400779,3017030159,2174727093,913076526,1177083168,3348369278,2800255390;0
===3217635908,1735799741;2512617473,3067169137;2002881535,3722050782,2793881190,604085175,1761127658,3397860612,1823160817;0
===3440847874,1300913034;2989457776,1118307672;2177067144,1702697198,1783074677,635927308,1534790152,2473734648,1635423192;0
===1952654412,1561085525;570081645,3019549189;1685254840,1316659619,772278551,1817768130,1288233020,1849699039,2541879386;0
===3914327710,1821355981;3290652539,1971777498;3257786163,3407009791,1974048040,1442366169,3497718469,2106249666,2641544152;0
===850512733,1761093620;1280531412,2504161252;1700278594,2015857045,4123378357,2735749437,2741508883,2109709660,1602018189;1
+++1157611454,2388845163;1288758343,1656635149
===3066042468,3882663646;2432539982,2971822794;2826014340,1665335937,3341323438,2575921630,2212536109,1233350548,900525412;0
===1802924063,3341911470;2247259211,2764584059;2637024610,1893966679,2277569287,1136170833,1725406346,2432416504,564980662;0
===2164478694,2274798029;1474098944,2284921262;2598098211,1948710997,1978845022,2073396137,2831535040,3046010395,3668680621;0
===1610525467,958511702;1714092699,1906948486;2208580046,2408499716,1181333421,1624635865,2879757649,1668189692,2757020615;0
===1486301512,1503665048;1539642755,917994963;3669954077,971205062,2098185210,1407539918,1459191187,457119790,2508556301;0
===3062134573,2695137097;1954067724,2356874637;1537226039,2589326717,939809271,3304628679,2454706283,3081169307,483890017;1
+1873063667,2158596149;2274824302,1020404565
++3389426926,2792607056;2528426933,3138869241
+++1030982039,3691189586;2040494175,2138189446
===1242228439,730095399;3926666725,3052214359;1463308350,2788795395,2036394029,2674680928,1481190071,1540192297,2384620542;0
===2979822290,2018310707;3239150674,2431769320;260566536,2311159159,3748666311,3364924649,3254250242,2492672457,2061772101;0
===3437947373,1818306588;1632698127,3371286272;1805187547,2163592294,3065864457,3952996049,2857789137,2437849669,1988685296;0
===2182334183,3414145807;1836882076,842675249;3414760153,1219238930,2064335408,2978221981,1514990905,1534266922,1640725742;1
+++1457437895,581764408;1474669561,654588156
===594608362,640153633;1350356871,2725391963;3176504552,2125924233,1118407240,745375919,1407209292,2089729318,1335814195;0
===2826996160,1872730685;1786178283,999887457;894652229,3025452338,1052114706,1207384733,2394736225,2306687266,2890646293;0
===1208403837,1984845205;2789845917,1724541209;2841651200,2256664934,2846684230,3277145800,2031969534,2378376303,1629734079;1
+++2489515029,2393124454;2795422869,3333733482
===3239511447,2956641192;1735079077,2238469996;1628386065,3434598807,2542677723,2535107402,2854537169,1404739428,1195853072;0
===2421635625,726548392;2806981082,2795720742;789488716,3625015930,3090905326,2141621290,587076008,1440259747,693813358;0
===2582321191,3616246406;3073976024,3221285420;958369605,1235668233,2867164482,3481660488,995357349,4183315672,3238027142;0
===2678635896,1320543672;3369112366,1975360647;1188118515,1374997398,2118926660,2538068567,1235259771,2767864268,2654986204;1
+++2572114412,4028590756;1166234143,1848553189
===1605473862,649631987;1826999870,1557648992;2557690059,1942072915,3378323990,1720795818,478676862,2416964998,833038243;0
===3544445972,1499432762;1992728730,4116296631;1486549863,2137453197,1724669940,180834674,3750357017,1068677967,2698574937;0
===3174577510,3374803910;2825675496,1432231899;2037538740,490192719,3804383523,1530561355,1496753074,1962074122,1537759469;1
+++2780619008,1828772028;1934877748,2064541136
===3415581481,1714345697;3083797960,3308748909;2284413722,1842245860,831288097,2229770705,1898361822,3308813138,861820142;0
===2838541816,4083034247;3200637993,2976752667;713618935,1651402142,2626470291,944527081,2478395322,2002191546,3441781113;0
===1658591610,2777164008;1969259998,3692836702;2690601115,1841872899,2726725254,854352187,1533036828,3385886241,2302410356;0
===3031747951,635810844;2506535405,3251626971;516097372,4125626593,1577722164,2251504975,1166460542,1987131137,2358002977;1
+++1915283891,1421075006;3549870124,2195715142
===2619587419,2381786671;2382835519,1377458284;2659138273,1552071709,3394050620,2767233100,3594578591,2248738140,2158916449;0
===1760367346,2193121985;1968328222,1453791666;1184284161,1972270679,1462030192,1987292896,1878416096,3089941630,1795088633;0
===3144813325,1277774862;3216773285,606411271;2857589315,2617225525,2531762191,1735843586,2203091188,1827026050,2197528126;1
++477942069,2746455859;3323491992,500006453
+++2049673982,1311452216;3245867002,2077463376
===1760536794,2390077336;1966010549,2498260145;2769384378,2637938672,2961913485,2801608287,1889476624,1921922049,1399111907;0
===2292902867,1185059591;1917698778,1726222295;1736139727,3489726930,849584074,1390446257,2427731068,2518727559,703107792;0
===2584162298,3337663109;1722590218,1856170067;2825865674,3204590266,1946823061,2974331329,2288236948,1702359392,2035389574;1
+++1798991265,2044536546;2162187666,3727139454
===1738832461,3272637341;1578589936,2878694114;2581133754,1687485637,2266328371,2037290281,1861629035,2309331406,1445265982;0
===553131029,3338403891;3345551124,1307437981;1366403929,2532572978,895568476,1405285636,1406729034,2349744359,2483294012;0
===1970913726,944544081;3341883179,2702153272;2275222127,3425383095,793221150,2524009198,2975898472,4163773455,3197000918;0
===1281968723,1003255689;2952328424,1117696182;3535368487,1124794443,1889874921,1765877895,2793151350,3558733353,3169268974;1
+++2919013831,721396122;3007071119,3746556172
===1837268246,1349100954;2810045364,2219509386;1065510562,2620685503,1641772316,3084742838,1645371649,2637087587,2499553616;0
===2582930365,862595913;544710676,989248014;366477082,1770977531,2817266196,1790948873,1016778797,757498127,1703296735;0
===3128662028,660539567;1709192524,470498228;2338635840,2208028536,2924945423,1600877515,1800089242,3499464847,2005062204;0
===3751057716,2673966540;739183957,2579346850;1830640916,970262013,1213936716,767700637,2931727625,2635756904,3781456810;0
===2391280284,2353160445;1348065026,1377465886;1811884799,1743613876,1437170573,2674741722,1273454624,3133261421,3945135809;1
+++967084434,1287137664;1989033726,167135203
===3208199618,687037208;2233713125,1231979799;2654024901,2774493648,1904787405,1874361029,1271856274,1427321486,3422433258;0
===3958844680,1656101587;2121043552,3646717976;2276922824,832233407,702326386,535005806,2853725337,2502086115,2827953960;0
===2633538519,659818621;3345195265,2742087178;703537488,2534719302,2328432508,2052291871,1614799020,3970123964,987236460;0
===1301862409,3866919806;1312792544,1797455343;2116740744,2325570163,302703801,1773721151,1020707618,2633549566,1159901858;0
===2124510704,870607293;3840152306,1018903425;744623036,2061181393,2419238546,423001050,1194576960,2536404726,1638839488;0
===1683581400,2356271230;3048248704,1731138435;1562955844,3340506181,1499457264,2480736105,1294849134,2066533723,1570169949;1
++3038251343,1776333138;2188464911,3096878949
+++3222221062,1025179285;1950078583,1170318946
===1235563732,1464460102;1607847810,3046275113;2026112973,1607351227,1128081903,2695341157,463028820,2295089792,2431699377;0
===1509471670,3033136149;265774407,2047915437;1984817585,1315510952,1903819674,2882469222,1068280123,2433955568,2164692217;0
===2318639761,1256155537;2327940202,1694733798;2758854865,3143001764,2658149041,2986981928,3276424909,879108659,2392930535;0
===927338814,2055289716;1709322281,1687678373;1582278851,2711278640,2707421202,1794280170,729969695,1985561158,2546241020;0
===1432325854,2074771286;2606622283,2036907014;2761026851,2157278144,1941167925,2235461651,1899424302,1639431065,1236550156;0
===2674322571,1233590952;2997696024,2466235283;1400307529,2774825568,3319752986,1217541669,954362961,2179255678,3790023701;1
+++3696180495,1106849489;1929302782,3640329301
===2000758588,314738412;272620999,3083968199;756281389,2928813780,611514117,3759014226,1907026717,1593295776,2578719152;0
===1899598552,2407074131;1945149504,1827704400;2250240737,293214512,1782461923,3290377847,1455576561,2129925418,1790241397;0
===2499407055,1393412489;3308974908,3503661685;691450039,1586627794,1419478280,2398714608,3342553715,2240197869,3470041907;1
+++1672305555,2106788411;2818262001,3474475052
===935944692,3953534717;2293983306,2796051395;2944353995,522470762,2694896586,618675426,3674872856,1396965384,363240688;0
===2402293000,2900047233;2634614960,2266315352;3013116802,2012161050,616910921,1975346564,2143534013,2029397366,1866939422;0
===3713494227,2603685280;2037757406,2714607278;694989581,1556116758,871675613,2587351003,2177240189,1720706705,2399349026;0
===2636306710,3923322794;2460555762,1172721084;2179989827,148934102,699473983,716292780,3949795127,2498366755,2031125786;0
===2768298318,1627973598;2841159480,845199707;3374107154,832119499,1001111531,2829639168,2889731508,2720915543,3448345879;0
===3258383109,1665268310;837160628,2014011309;1661935566,204313350,2435052629,1407474543,1239381331,877183481,2628094856;1
+++2499226684,2950071631;1836735511,2608076419
===549118492,3214593539;1852225511,4029308107;3055990878,996180731,3788109336,3038640992,2373890946,2880191787,2552273882;0
===3722902154,1657957023;2722862362,3414595390;3199479040,1611704360,2619217545,1517380500,2497654815,1786013746,294158158;0
===2776846208,2041890456;3769684569,2049105542;466286697,3436509108,952218780,1980054319,2247619553,314729456,2880641498;1
+++2054125096,3025958252;2615053381,2090882620
===1917288113,526469249;1635565001,283958312;1381543577,2930237980,2728377871,1584038814,2884163973,1004180100,3455968844;0
===1297796153,1683035740;2697198182,1192162352;2020988809,965368401,853869738,3182548619,1369016894,1247689585,1758190085;0
===2909388991,2907457215;3072055849,1195297666;3214016376,3417495261,2228093917,640779631,927914217,1603840867,1599270667;0
===2123261826,1722214735;2083499329,2762714934;3193714564,3345537194,2883529229,2873416894,3242767954,2320844306,2127331456;0
===3086302385,3224240603;2133960789,1303310418;3610351577,2694772424,2547866686,1823879776,2019231095,2235203779,1168301599;0
===1165881168,3490559434;3287987346,3282612731;2522658700,2756346815,2622329527,1632581123,2498603772,1696855502,804474475;1
++1885597096,2921998420;3195436512,1817087777
+++2098473074,3063927977;3328016623,2632033736
===3272137772,839114878;1779451250,1562824574;3402352627,1991913615,3518387231,1470215033,1366526037,3612126268,3056552132;0
===2266797534,3036751180;3250251796,3334217196;4066871679,2228821536,2783787339,3602594809,2106153369,3503612510,206500610;0
===2606642139,2287865705;1772495003,1646338384;2990381742,868020292,723950743,1875221623,3468305983,3796991119,1452442674;0
===1725502783,2524367436;2713705517,348289289;801519358,1042193237,2905130119,1180018338,2594046400,438920651,1006955303;1
+++1001334533,2985088149;1657743706,463328231
===1537141086,119427512;1422543758,678978595;2463536070,2547136540,1666215981,2210601362,1554671961,1842614189,1651024777;0
===1075398732,1960716755;3497448462,3525914680;2510054215,2592565516,2131198710,3037326425,1886655757,2864531429,2621971919;0
===3873514320,1154356018;560300232,2661557020;3245101360,3430739901,2647373369,2094199913,2430856559,1834000427,2156127376;0
===2209388520,2232682248;1276268006,1727562981;2041052367,1333758253,3013467869,2676680550,2431329858,2743246921,892158148;0
===3547522231,1541892032;2326370939,1230572795;2668449814,742181642,2248222815,2398659008,3935632039,2711929557,1489432023;0
===2798645775,2843472132;1844576010,2584327626;2968412961,1735591288,3611718698,3100396132,2510670629,1558336605,1683475504;1
+++2513804048,2859051418;2639106935,1540665583
===2181274519,3546818023;1716203527,3920380267;2938949027,3403865992,1785135158,1720067636,974802883,2407350918,704456795;0
===2581644994,3889794397;1363692359,1796595032;2452764500,2361806981,1239651076,2768723253,2627524286,3204140006,1649425271;0
===1527558215,1402272472;2252807651,1857694865;1939496683,2154183915,753060110,3284696411,1482236457,1393016214,2519847719;0
===2349294873,2774733797;3156545531,2393309001;606190740,586632088,3876160930,259550341,365194330,815713910,2330339150;0
===2720070783,623668138;3797526229,3388359832;1120418415,1860579880,2679516500,1137848795,2016858585,2354849435,2397249036;1
++2082570639,2815209446;972646021,1390625082
+++1773798117,3472222428;1235348066,2430787662
===2919415947,3082103375;3432905606,1773935382;3320095371,2244036884,3151722243,3572366518,2842987452,2580720734,848372441;0
===2436292995,3283315294;1231857161,1607631709;2634734397,3466709454,2043387085,1153676942,2820172764,1581052568,2164514429;0
===3087763738,2761635072;1338102338,361861383;3408568005,2686515930,1646924663,1114985889,2330926619,2203391801,981992781;1
+++1625688998,2129603386;1363579863,1334449901
===2022207417,2398503303;1413535854,1565518138;2096128735,3540881495,1908488576,1249810960,2204193832,2535083390,2104539875;0
===3038963256,3337688960;1806969972,2703590239;2395952749,1240190361,2089023545,1766786675,623647870,3536588669,1704101948;0
===2162268633,886834554;669774372,1559481140;473208603,3582341066,2377539365,2930581178,2387349391,2079434441,2520464508;0
===1350210401,993431541;2252015387,1448976749;3470231137,2058884520,3120016279,1859434073,3516853795,3837785693,1896729308;0
===1663524987,2694576039;3299052744,2152765767;2625522565,524458662,594683044,2634741998,2376083766,2025961078,2129840687;1
+++2084848992,1621386929;1791447625,465868146
===1487788863,2184731729;1651821437,963689570;2058398892,1690475340,1151923980,2444005974,1597029759,359338005,2316675874;0
===2758879020,1573385634;2553398570,2772720609;1625787800,1377037521,847598939,491115567,3602044755,1394861331,2456930417;0
===1261596659,1819454244;2446415433,536326767;2117717908,3725425925,2579156085,1459053962,1612690468,901379265,1803268998;0
===863512234,2930274479;2648480851,1212332921;1499524205,552623131,2414178729,2352965639,3917554765,3072025402,2120077652;0
===1983292061,3234615092;3035121000,2166214272;561732166,3668528973,2093968042,3486274084,2723734001,4188730995,2280450269;1
+++741403061,3143911087;3172532548,1879878932
===3532028429,2657440738;2672416287,2147983252;3046655402,1918010130,1533562964,2225418895,2342837567,1801218153,1898911471;0
===2230804256,2662938344;712776153,589593519;1190365402,1496385191,2145328287,2244162652,1027187182,2096828656,642134447;0
===2568577207,1071315582;3957394349,1927600721;1343577107,1485309363,3524239082,2391948695,2477222271,1129593141,2273331157;0
===1241859911,4056836498;1249034083,2479477364;3485662698,1936268955,3361389853,1182325097,1653493926,3243988471,2667917597;0
===3066990224,1503254306;1122610865,1440996271;3074036104,940081878,3712985664,1201329450,1649333128,3129057776,3248697571;1
++1820927749,1726501777;2540832028,2181275958
+++654258958,1591598781;3044091535,3744424290
===1610756556,1203800499;840786255,1136293967;1934463428,3720664768,2627652952,2516562339,2469449608,3367800140,2675982147;0
===1102521287,2997958168;3004044669,1118264486;1481633574,3212634987,1209532998,1921184652,3908815413,2223182470,455665397;0
===1106456095,943662842;2624961624,3627869517;2150088474,814071763,3631316388,1843528124,1066666237,3243939603,3936297914;1
+++2245824256,2041820233;1088702003,318244215
===2124109495,847061258;1573172493,2773853371;781870967,1766311981,1971850395,2141112985,2720112816,2550550865,2342246516;0
===3649605031,2887600223;3224223224,1937917565;2744566173,3938478334,685513082,2391425683,1800856629,2215403293,4193454959;0
===2108246615,2785866479;2819445633,1351268008;2881468141,2155472201,2515328698,1260240406,2891422872,1006322221,2575961282;0
===95563954,1447933300;2060917892,2726234093;2926102299,2278686622,368307859,3927679669,3359508741,3734129722,2715788089;1
+++2037329269,3498263363;3700149201,2136751048
===2012848794,3504190306;2050337075,3651041511;1872126971,2469007345,2671488641,1705222997,2319651163,3925407519,3260906228;0
===2933604572,2734631578;1650934469,1011028099;2204319440,2452335635,2206567050,2515084383,2833453418,3016939053,1941740105;0
===1591870160,1915370615;884293358,535299441;1751122522,1899289177,2821559802,2744284429,3332740172,2548915411,3100753107;0
===2184106828,1683680144;1791203081,3506538521;2153401175,1291509158,2341652569,2422697220,3276034992,3133044397,3406069792;1
+++1311238522,1297782314;1732877314,4047112296
===3177095014,2988703888;2485605089,497947342;1510221675,2255048683,672597976,959058317,2554138644,3978993787,2912382842;0
===1675482690,330469465;784631245,2161584960;625439349,1745887536,2355079227,3415391411,652543278,3229711994,3589079436;0
===658402901,2128479115;406906587,2178239852;2938186863,2882388816,384054210,2983740678,2501100862,1617517589,2538364581;1
+++1391132813,3814803116;3512278272,2577235187
===1059035399,929534418;2128618350,1347452293;596757000,2982549825,1411035998,2161324429,1900423005,2088644963,1813528865;0
===3140840209,1800411960;983336491,1691993108;2801207906,4006497684,1351965105,1741399946,1668849700,3053417023,386408548;0
===2338782079,1928083411;1344762388,2895681045;1446375524,1677701272,2871022402,1204163590,588084562,2416058731,3562358887;0
===1195126522,2365812592;3450689941,2781592440;1864367479,890843750,1192211196,926676690,691091790,2461839389,4066739555;1
+978136306,2116028865;2021462159,3981275748
++2165781668,3055477209;2949939899,1128503454
+++2254712065,2783964030;3142389952,2447768969
===1550214787,1807138777;1205662329,1429656023;3205233770,2846607108,2818117731,1892121000,2357250646,2084685564,1257984577;0
===964730334,3167660965;2202137218,3200737436;1208715354,4018093953,1165146937,1283744181,1646810546,3447814316,1982556335;0
===2579094007,2834439232;1199721636,1241226879;3510862371,1750344778,287445323,2679743164,3252467925,2485919773,3127205019;0
===845018584,222674800;3961122593,850595906;770819170,2613591221,1009057423,1912500617,1579365245,2766741531,1888438172;0
===3977016561,2295693727;1102736140,2224456422;2825844128,3349152649,383223449,3111138139,1911844600,2415397861,3314693466;0
===3282331776,545248499;417762026,2912233924;2942584347,2856984434,2114595456,1924788472,2933641804,827189754,2133170302;1
+++2294325731,3255575815;1766154895,409255736
===3763550305,2298163524;897873930,1451800724;2732630421,1935940194,1036375948,969758303,1921774687,2377284342,1291391315;0
===2069732960,2169341102;2352387802,664557226;2525722359,1003315994,1777680315,1119643226,2600975309,3654643043,2061162205;0
===3260355176,955764820;2349719258,842026169;3353389873,2683225769,1851267318,622333163,629756984,552729644,2391040213;1
+++333024882,2496316129;1280845931,1063907112
===702159684,1538910190;2196168089,2627273452;3023570027,1290883740,1363869772,2400023775,828854843,2249675109,1270727222;0
===2525343652,2686930052;2071097554,1584532415;3392735162,1350425599,1343259108,1619813664,2796473489,1903921316,2197749005;0
===3748197838,1873580164;1859840343,2526723512;1723701057,2488931964,2693176926,1099243003,2074773778,1860859803,1228804953;0
===2588319128,2445469096;2127094094,3962149425;2601356156,4046863787,2247191302,2566947062,1991053337,1563314125,2253792960;0
===1297450481,3341471005;3100292518,2972768112;3367295382,1001786768,1474448264,316859844,2155208222,2800171904,2292557071;1
++2500999454,3912414747;559855552,2778113367
+++3951614754,3489736782;2123173503,2771282166
===2782545466,1322580942;2760307570,573176170;2416446416,2779866880,3870232232,1916989891,3201576148,2580359740,1815079213;0
===1729415555,1973030689;966711921,484827234;875239838,225266998,3504860870,3945055853,2081134468,3417935822,1510178591;0
===1413799156,1345892625;3304401937,3009088936;2078664295,2702166989,1849436086,2125627924,1616917992,3094610467,2893305378;0
===1844462625,2878205689;1649266011,2240220752;2481463960,1915279737,2426479119,3100918948,1401430105,1968528700,2770472420;1
+++2272437410,984474110;2493003204,3647524560
===1244975536,1465394856;1731627020,2095303256;3117762698,1900517452,1730224443,4113604478,1289092173,3444351202,1254341767;0
===1903398954,2528070156;2516578597,1587783765;2371313767,3615477639,898407441,2627345456,2894366454,2110083320,1690547296;0
===2559054774,3214887672;1299433261,1953428680;1937298249,2345554469,2219683077,2275259540,3047278489,2575373599,2794205841;1
+++2541792175,746080154;2480775267,665670104
===1486005789,2904606764;1599178374,2439927043;2002952789,3720831365,3266797251,1814401278,2548386983,2520936773,1775663249;0
===1769285904,1984053265;1426062706,2656436924;1768119536,2318523788,2417381573,3931939100,2598461312,2452587573,2169782232;0
===2960519144,3223071393;2217747881,1671591711;2005787866,2034628910,3925177663,3447933263,2987392304,1541926444,1903607305;1
++2576392452,873698234;1486000588,1949278193
+++3381133112,1680957578;1955723554,3567823890
===511093495,2849651302;2097977314,1919227589;1708005167,1109510282,2498092302,935053276,3102564684,2009601226,1696030744;0
===2182523533,2000800865;1278730486,3583969753;3340086795,2764405696,2853168692,1052436880,2058261946,2017095253,2619252670;0
===3549828103,2083641642;714206207,537657107;2736992359,1653849549,1959329104,3945395639,2876123907,2117916095,2437180621;1
+++930779366,2415263806;3183498296,1532512238
===1419692770,3692445684;969945167,2101689570;1558023729,1927430747,2637184328,2454287385,4006005504,2997155263,2395794120;0
===3697241149,2225131371;2160213389,1004690952;2279929375,2236417520,2002947044,1512135389,1924105767,2785579048,205121556;0
===3289356237,2630800207;2457287166,1445314638;1722232865,3507414891,1341287148,1306690360,1052369995,2438029609,4047009822;1
+++541056456,3483919516;1431671751,2177686764
===1514079623,3133643829;942996074,2657657825;3856699828,2876723538,2240195605,2268868645,1193609572,1316061930,3102507415;0
===2525643532,2571191156;2608003244,1891893497;2839834300,1862204403,2271611511,1803072022,3108865496,2272201675,2469775076;0
===1111909992,1850642104;1796223961,941742259;1784977732,3594253825,1953159340,2025743503,806037259,3274780298,2085956829;1
++2121378665,2362536632;3107999079,2448818551
+++3043811903,2480411454;3444948985,425909469
===2842458814,2516482825;3123038102,1421956691;3161158019,2619086912,2410857786,1710198970,1570380041,2633963546,2026677735;0
===2467170702,2523919209;3755979228,2387733434;2262266623,2145334850,1398866179,1301351178,3841007454,978588356,1834045020;0
===2194373995,363584177;2336571364,786066833;1111895187,271237835,1972875463,1443172394,2159532978,2998920110,1836508652;1
+++1057438864,2400564930;2636414342,2760325701
===3013647738,2806787097;2380845609,2232614417;1000733636,1290974320,1999425830,3109242833,3011697322,859794525,909159010;0
===1034766122,2942348922;2775430994,397022406;2254332758,2034855601,3285535263,1630291225,1252719746,1930407112,1213598411;0
===2424532745,3709149404;2143331808,2995526368;2469106745,2652981019,1857546385,3121744366,974352780,1073511856,1128733533;1
+++1188765981,2643806262;2939175778,3195445605
===3082261277,1627789233;2254526795,2630021964;829584710,1931951297,914680132,3212022939,2586396523,2856297311,2838055877;0
===309532183,2520744244;2881266871,3818692545;943268702,3290883125,2775034254,2051698844,3412829081,1093940047,2861742567;0
===2288594446,2277968066;504239549,1756932915;2623428462,2245806258,2607501730,4033324351,1974734042,1644225264,1865825970;1
++2364789604,1526808897;2600945328,1405171511
+++2934397747,1728111584;2255372049,1182327634
===3615925190,4121820681;3304438540,2355501125;2912307838,3715612338,4232036707,2729999468,1057972509,1765227584,2827846425;0
===3565661365,546792159;1528023657,1957042536;1949455430,2803062063,2648100445,3536238634,2490060455,3621966324,2136578671;0
===3150992753,1967004405;1924103615,1336603046;2008151888,711243814,2163398714,1715802688,1386854987,2647349385,3125180313;1
+++2247709986,3042150225;867508999,2097181011
===3192257100,1926572186;3029756785,2131747837;2239638628,2284134566,985589520,1873395742,2866156939,3252832101,2432020032;0
===2103844398,2157879413;1037744056,1667914636;2689015723,2878045638,534917962,473134696,3256555525,1346474733,2470700104;0
===1414781555,576467362;1236309200,2663515552;501895731,3000759541,1565405195,1123177723,3181792865,2496750024,1574526388;1
+++2199631034,2274013693;3514791584,2759669892
===1925732325,2518028772;2352751378,1517751419;1417066201,2899076454,2565353459,1170310988,3345909406,1985473124,2974226687;0
===3041677354,3752964538;839685127,2997161680;2792028651,2145643051,1767238162,1664665153,3613544776,2861291514,2190614453;0
===2473949201,1692531922;4034990929,2186134451;863696855,3140232106,2357348903,3825478491,1914781693,1235001968,1474929149;1
+++2137059123,1614538853;3165517590,122695622
===1763953377,3630153643;816088185,689495923;3081034408,719768720,2217754276,863981748,1834838071,2829613760,1864279804;0
===1628334333,1375658845;3241182258,3964437811;2113967898,1321928508,2255938918,2283818506,1396023884,1419295183,2070086102;0
===3578692639,2336070053;3817414339,1502024298;3467934145,3772491529,2142780223,1493470060,2899523070,2604786310,2131146321;1
+++2664825578,1274009528;1915058287,1361277113
===2509138382,3095554200;455597888,1008234922;133881506,1405983330,2440199526,1930289046,3896223514,992640279,980315468;0
===3471986107,1568383133;2035605524,692381954;1947573028,2168594855,2515494055,1202680725,1384337262,1838849929,2906634965;0
===3551200066,2077035278;2755929189,1759991487;1808790196,2482283144,1042137334,2756085286,2143243657,3337195418,1565224135;0
===1861156518,242490663;2630533351,1474905730;3462038795,3010390083,1670608488,2459343455,3699613045,3423243284,1708648234;0
===2007250243,2458710107;386119902,2121716097;2880095114,2862132835,1443929250,3267570262,1823335644,1720481120,1969867154;0
===273181486,1118658359;3308424097,2663742247;1252337843,3599762575,4108519183,1059010997,275426096,4081704903,1188623961;1
