3;1;10
+2049950795,2457567754;1424026358,2621421969
=2090260646,2219357330;2505614764,1830155780;3049330466,3082170803,2998331894;0
=3376639846,600960736;1878366171,400745511;2237057649,1124130709,3214682723;0
=3740060545,2277171756;1799183361,2440006198;2633752148,2020999389,1743913650;0
=2409746449,1031226877;2720993510,1318004183;1258142038,3751584169,1497855502;0
=1237790987,710299508;2318494457,1701731587;1883564064,618230165,856974506;0
=2788071774,3112233377;2133091995,2698012572;1928824696,1000087843,1489393984;0
=2952649666,412323349;2753180818,1061179245;2918277754,3958964892,1978746037;1
+2396874071,2313573501;2164595207,2793139205
=328374706,1774011317;1260604207,2404973277;1999510024,3507746209,960332963;0
=1853143899,3423842375;3071503881,3977707896;2541530533,1858642079,3552695054;0
=2914316830,2109946462;2893003364,1899562871;3120071795,1876560933,1862892168;0
=2150323917,1438463704;2252474167,1608044456;647850547,1612538595,2549250422;0
=1182048722,2300456285;2916098387,2892560734;845176764,1478667927,2384591110;0
=543426144,2693125006;998156925,1853781612;2882975140,1805823035,2507876152;0
=2412353194,1944311806;809907813,1379628172;1687464928,4110972452,2834255804;0
=1395988950,1859123370;2371515935,2208148075;3418624523,2384771675,1986193038;0
=2372233039,2434674445;2124480976,1795871180;3027438275,2868752405,2007284713;0
=479678131,1048894011;3414698892,1775169170;4045261056,3593015280,3088395103;1
+1733100000,450053899;2633067501,1256797498
=3490732571,1409261638;1344341240,2587008741;3288834465,2349614541,3429714028;0
=3024523706,879230891;2798253975,1479390401;2339414790,3125448743,856162023;0
=908508622,540856576;1391536732,671886889;1235551812,575594570,1971285944;0
=2175399421,3044691835;2114835236,3660748682;1067443452,2199563166,1024533278;0
=1786926156,3457725737;1291174316,2122384972;2270347810,3021749260,3174555282;0
=1848836632,1517969326;1850192345,1154266125;1363703995,2365796938,3542548027;1
+2185144046,3545321645;1962535377,2049993192
=1005203907,2905520275;1745983266,3476537642;1891534905,2416762045,2560887437;0
=2131837686,1609045813;1521928987,2664063779;2420741253,2796829738,1227829943;0
=3230062194,2202573104;2354893411,2186499942;3476671418,2106431213,1715980266;0
=1768284806,1654122779;1859261679,3011713490;2182543022,3013682556,1331358140;0
=2304599416,3339965410;1783830612,1033928627;764555419,1383242348,3258637346;0
=1765932864,2844315578;1562291312,1903260736;1471335515,1221110486,2135144514;0
=1774602262,2845297408;2957540671,3327940093;1843078720,1700383931,1557405628;0
=2795308408,2858667794;470885778,1332945102;2074787215,1209699904,874693052;1
+2480180220,2435015895;1756538171,759490537
=2203006859,1937161086;3217027303,941421197;2892871911,2172053406,1893840147;0
=2027617572,3439453460;3303834171,1017723220;2155398062,3309085589,1536817536;0
=1632366654,392505290;935850713,1491365267;2851665374,3034020604,2315300837;0
=2669643500,2582683750;1986062528,3855566940;1683544033,1240192305,1601931615;0
=1701720046,3167060506;2316310616,1798666075;1556376319,2802740285,2010940722;0
=2665572876,1989966695;1752260602,1479291634;801506437,3068947239,843337994;1
+2351711350,1992243986;1987544550,1669305541
=1238865055,2300620334;2438029161,2051109710;1288808493,1184337918,3110224810;0
=2058429213,2262698652;2421844746,2501562593;3556660228,3010498384,2400305577;0
=789685710,2226224429;2231281068,908220206;798377420,2782253350,3935689138;0
=1906855731,3920520109;1128088053,215191711;920987838,3419224927,526269834;0
=1399715258,1399445483;3622543634,2752524722;1354712238,1378035429,1616442955;1
+1746769563,2199433951;2472718571,1206271863
=2127481443,456584597;1778573263,1903878005;2667962729,3657848518,2954180014;0
=1827020815,1057591813;1643701858,1314266260;2915920734,1018587698,695941606;0
=2319024338,767692266;1091652881,1879168403;1981588848,894730070,3720502925;0
=952835998,2688335621;2603789372,1352671371;2630437516,2933408214,985295206;0
=2487934374,2004073366;814457606,1528791234;568985937,2372749948,1931612910;0
=2520808896,3476884416;3236684011,2187383017;559265475,1167413206,908142367;1
+3658822181,1449434529;3012648955,957895847
=2235968289,862296777;4169450064,3347116095;2227523560,2517840321,1911901378;0
=2303044027,2108636719;1990846982,3469622495;1088260596,609747822,630068011;0
=2562440467,1368611387;1060716701,1942723643;2013933056,2615564949,3415481707;0
=2361957795,1038890326;1791230527,1182630223;2608304586,698772414,736735166;0
=1529539618,1856913215;2384831968,647222803;2598871957,725206144,1496902213;1
