3;1;11
+1545614080,1447036414;1923326015,347334557
=901679816,1684753967;1460875219,1954266166;1338348326,2108294038,677265789;0
=1027856216,210250206;796230678,1789628259;122447155,435754856,168870873;0
=142244013,1771871738;540993401,545777279;1148380795,1174440334,1979346108;0
=1371026822,1611925173;871773647,1836742335;1412069716,916745939,1770441633;0
=1086950695,756755182;1462088871,1558973966;830479031,1783028164,2012466839;0
=187667275,1319261563;1897065089,945115014;1455362789,828286689,1825993258;0
=1647801479,1703979139;403384180,1560803046;77201286,924394997,675191440;1
+319320710,2138634100;14884118,1671573775
=1945761101,1778380510;214973308,1650040956;196481445,288862577,395483104;0
=1598637047,45183643;406308188,1364748217;117376096,1867152139,692688460;0
=1860409335,1851350123;1782732065,865105700;218160101,263336401,432057138;0
=652082153,556544418;586611120,874118122;1147167389,595134319,828849290;0
=1565645257,720815330;966197718,261193742;590278776,252180128,810506424;0
=695119510,1836228124;1771546666,14836399;1327248347,1760603438,2109653094;1
+589424199,22058819;1252665667,1026751580
=1357845414,319319707;1934565499,1240839236;476258092,340765078,1460971229;0
=26123312,347266934;1101598557,925972792;2094553173,2059409778,358007060;0
=223627977,1974500533;1165011251,1205708752;1214247202,1333332935,244865676;0
=169167747,174088079;1770520637,644872926;1820626282,1063347697,913150261;0
=5645801,89078869;667304290,849486667;681437721,53453888,1011544862;0
=607852404,1408693985;825155373,51905602;1913256907,1175705266,739767169;0
=1249109256,330823664;680045761,22998616;1210442982,1506577358,2142210980;0
=930352256,341022030;1315323365,1693673700;649857462,1287897896,1807673218;1
+1446061168,427384862;1072902704,1516726551
=182585873,536017977;1986223175,1532265481;1745653310,1555989307,1375104718;0
=1202224237,1478137240;1566907468,807306828;2122818492,684652370,956012060;0
=1009232385,364261976;1867825281,1493814780;1519339086,1721519754,1896750002;0
=1983200751,1108086937;1904319991,1789459145;340253713,38027210,125979566;0
=1094062936,255597618;1872344462,279854518;1707656684,281179405,873184745;0
=1352190179,395954249;994544983,260212837;2112482416,2087643152,2054160516;0
=1617119248,207229634;1161284219,192403927;1273603988,1580581113,913387072;0
=1716467019,1179172846;210875830,1043728424;506840979,812875296,1674656472;0
=1574451624,1973665372;72617647,1955015008;1750173571,682419900,835492827;0
=1376580419,1633088632;317334794,194557370;1199162799,1977629860,1169357666;0
=626624570,258561849;963345402,981645183;1310281446,710912802,828124201;1
+1160879872,912951384;291070961,39106270
=646847925,489237438;952936315,574862024;1796322301,1557814453,125186032;0
=693422027,1066288964;1642923570,1867142618;695500197,1840304636,1109935694;0
=52938254,913346169;441649725,584031115;388820058,1641919371,320598617;0
=1649554011,605301080;269232932,1977129325;1410273434,2025557255,304356620;0
=1663219851,1403582647;36737127,376693063;994799399,1521496198,1961718268;0
=1276113737,1598340307;197000466,1613990300;636373688,892649632,1784184882;1
+1903055889,1940412885;918217190,885850166
=512958838,631504453;1629657519,1322293573;481074036,1986003961,1307535101;0
=1766109031,555351306;1647110949,361411336;759114595,525950067,632883122;0
=642603442,796873412;1758048519,431032499;193307191,1809734256,67408702;0
=1322859497,261656268;1783966967,1299698068;1146704878,1481246380,132409728;0
=1492342989,1025418297;1181812191,1348392921;1154303377,1168545302,682964997;0
=1035300895,109261051;109824846,603324853;1146474458,968330564,2141295853;0
=594485532,1619081059;1450840004,1612947632;1008219921,1248135886,2076421715;0
=481516560,207745461;94960811,695511971;1828753697,952837271,1660917437;0
=562210232,1644899139;1161412701,1977568062;498319464,250458461,2023396590;1
+1828693092,21385476;451228172,917097938
=1656674598,1693345173;444520499,1180543345;2027409433,569178911,234198945;0
=1665994707,773700555;10913905,2013730838;109945111,1145649171,772331045;0
=1045940122,534510262;347090136,1708933015;755891571,876042220,1020565043;0
=157552727,799942924;195434208,1987148050;87317680,1925624462,2109885025;0
=2015004250,1826106354;684426627,1707675521;1186606711,1910755695,1514650563;0
=443261816,1891200980;482484946,482818880;1812379384,1162259364,689001391;1
