3;3;4
+2538700079,2027291542;2049360258,792735056
++2395016223,456501081;3285986685,2768402927
+++2278136125,1478127864;2215035960,521686360
===3732809269,2313322093;2338997030,2905710096;3546529264,872380362,1669965766;0
===1558411597,1762853682;1090625894,3695734658;2104927875,1153353527,2109785497;0
===1280865133,684868618;2003869365,3366975951;2376661623,2899971806,2629813744;0
===1793757746,1729163009;1789258761,88014802;2572308956,1315665721,2113958341;1
+++2685043987,2030360888;2919610685,2099918831
===1569084161,3679646600;923660259,2144656705;2966536494,2340384129,1290612860;0
===1657994471,1423283280;2778240287,1371332899;2956572226,3008513664,2866846748;0
===3757404167,1571388103;3621899910,2303787608;2547997160,3453914993,888785461;0
===2898807692,812251893;1361274404,3036700646;2603156146,1181380244,2208755679;1
++1768407747,1778994319;538451731,288409270
+++1369656307,2911826442;1619484524,1115169708
===2163792439,1871018836;3980001480,2384364242;2358958607,1040168741,2647923343;0
===3030480918,1609157808;1231703899,240396776;625152078,825544780,3330824855;0
===1922754389,3030318981;3103468359,3588311975;2021150138,1042850065,2299547615;1
+++152069055,3272458484;2903376380,1024781631
===2127229906,3489519630;637648001,1701608964;2215487165,1519729670,1752205228;0
===3109782527,1228368123;1201389693,3441891832;2421246514,1815969808,3950235704;1
+++3523103654,1909302575;1699672308,1462918583
===3327696797,1212030033;2223338922,2512170447;1326855809,3833174831,925216012;0
===1563188839,1928616094;252537659,2874311992;271456055,3370448541,2346701884;0
===2483977488,2480561974;860263948,1906834360;2264990087,1054583390,2770478720;1
++1936862260,2227913768;1721223106,2408100047
+++2030422207,2054349043;1227980669,1775311198
===2153623424,2114171424;1139888272,1291583043;2273478753,3870003450,2274616318;0
===1863352166,2578491631;754118995,2904210289;2570083431,1652353632,2666248212;1
+++1438992857,1260227283;2642905872,457856401
===1066153703,1508657140;1777790264,2559335538;2257978735,1274851056,1780633039;0
===3872176284,2659310095;1579901058,3445756825;2887452186,1934694231,2008609383;0
===1914188098,2811130233;709880900,3132149888;904628597,1757945242,1372029437;0
===2070545134,2146010126;2895342265,2275100223;977658889,1532255489,1938042484;1
++3158376153,2973876698;2896335180,2201212310
+++3175951832,2650523273;2995363397,364003160
===2812322340,2346817427;2086354646,2453321238;1670142580,1749549368,3008592204;0
===2413098023,2267947348;1012636558,3560421576;1904894734,2178364939,3376173745;1
+++3127852885,1910488410;2087137086,1188851065
===1819338407,1518345989;1093619920,1433097109;1597482172,1250337041,1967873233;0
===2220400841,4183049713;2231486206,3005061990;1540008808,3809494721,1921368253;0
===988005524,2207924867;2908178359,3962295997;491422740,2304897241,3286901169;0
===2892011594,509464496;1796242733,1113332113;1648571727,1981633647,2249491349;1
+++2819547062,3199295401;2869595307,1618825105
===1670993361,3273257278;1090135817,1948228154;1607977938,3978035094,1926334642;0
===2449876071,732763840;2200234456,2807787961;1599459123,3553503805,2319795382;0
===1350840314,2034349915;4071990611,3814023566;3168471181,2957392493,2087168720;0
===1211521901,2321317742;3658026895,1850824334;1875872486,2372750350,2659935982;1
+2783313523,3132468967;1951684841,2501369600
++1975974477,1417410454;872073815,2001693076
+++1335091041,3006758217;2587193458,2755876387
===3653548420,2848476007;2852950423,2428582913;1934880178,2845048256,2662244823;0
===1509413782,2076000045;3154825204,2456827772;2624773407,310460734,1380189097;0
===2779664664,2095079630;1128267096,1295928622;1361495938,2238935915,710684167;0
===794745868,1504241264;525865416,1747977924;1846300515,2242137178,3445343223;1
+++1861628255,2668572360;1702050542,3001539350
===1702096851,1087517956;1872180802,2211844080;1877686417,2689681619,1290270680;0
===1412827649,3226360688;2509044604,2733073665;3351271057,2792730416,406901857;1
++3404465560,2154961765;1668262054,2570012946
+++2141251765,2639722650;3031384512,1909042183
===3592347811,2965997365;866345350,3179301305;3183686432,2200629637,3352841475;0
===3312391964,2352958860;1486688830,2210531222;915255295,3293704913,1874098527;0
===4029299238,1216859969;2015819729,1712323225;1358115528,2227265887,2923173783;1
+++2424330049,2363100270;1333027233,2556084681
===1197193948,2348082373;991008548,2106209918;1111369923,3208517311,2414486810;0
===2932211252,3653634937;759813588,2906356608;3019345516,1570879989,2765578207;0
===1624596903,2593049108;2393685608,3576598459;1872294462,2739242194,3056882836;0
===806483227,2191924055;3054562718,3180987722;1877126287,2898169459,2282955056;1
+++2396414047,1265376830;1993340160,1763248418
===1302508597,3422443321;2494402809,2354903970;2508868905,640107330,793376458;0
===2934275985,1158517743;1125824576,1163172334;2033219505,1896256251,1263936945;0
===1641520849,2086163843;4097284026,2268227709;3403646923,2944765723,1699962323;1
++3293890797,1707579926;1956743575,2227052055
+++1996563475,3055742338;1345008069,1650522820
===3258613243,1010545259;716210914,2185902526;2790214562,1046079611,1273408321;0
===1532123581,2445230363;1185812440,2549889138;2468559999,2281609090,3254052757;1
+++1252913864,2116119526;2444474960,2746879177
===3073765060,1685961784;2081393239,3375740068;2065779818,880220692,1987923821;0
===883744197,1182805536;2146834989,2012814758;2016145250,2877608274,1759684139;0
===3591629430,1303495328;1838897789,969206629;783939729,3176820654,4040427146;1
