3;2;7
+2442940787,1540080254;3813118889,2629290475
++2314317218,1851254106;1524093384,2383479870
==2418072887,2921203792;605976431,906504469;2756103212,3130681620,3378720174;0
==2906614785,2884687466;2377982334,1216371847;953211582,2172568419,1890459347;0
==1630142796,1792507638;2047844779,1908699359;989821798,3785000929,670747515;0
==3419156197,1806352003;2730285352,2230230789;3122525097,2151757896,1334794909;0
==3434027802,810834178;3472729580,370923564;1506241348,1657917565,3868998434;1
++1439851084,515386654;3268276983,2305066113
==935009125,2183838067;1844020127,1871517377;3476427182,2995455971,3124389496;0
==2135923473,2376847175;2964119035,607472553;2773844937,2832846985,2596187891;0
==2385690062,403892550;1533464296,2463693995;2709074176,3531690238,2620169366;0
==826052623,2350155422;3459530760,3018575753;2694640991,2958622379,2200441961;0
==2603319320,2396229909;938324309,275333592;3193596247,782856260,1664554495;0
==844372140,3532671363;1765795318,1370749691;3291738147,1176765616,3056897390;1
++2177528024,1081653720;2127617947,2681631603
==2063864862,831389764;1120868191,113580834;2266479717,1832651712,3159940773;0
==3556414167,3256781111;1944150721,3137951620;2331046580,2076114851,2571568570;0
==2167381289,1224619613;1644747344,3186986145;2479614556,3271502028,2179452841;0
==1646373911,2298103437;2709533596,902730608;2406610278,1373480667,2826695566;0
==2533937393,2349293126;1355220900,2695725246;2135914447,169895146,1004220251;0
==1377431899,2296378026;1005467535,2259919543;1501314815,2241026505,3114136891;1
++3299500613,3543126376;1016328083,3001102784
==1988715396,3199241040;2620086019,2734303306;2289631480,2147029053,989580702;0
==3967637626,1259106958;1382552208,2981890827;1317713756,1910965696,1745132262;0
==1223242635,3806898521;2354128081,1045488027;2138629317,2001346812,3631150965;0
==2323447358,2278402647;1815269762,3850602851;2716170173,1787882086,2246502469;0
==2129384454,2012334578;2130789446,3276489434;2536459190,2069505269,3544329541;0
==2320915965,1895581406;3096039656,2249064256;2450452667,2885176286,534859214;0
==1654944940,2084085815;1141178046,1811675420;1512542380,2781932303,684946908;1
+2857645179,3083488938;2493442078,3807874732
++2696113016,2767456227;2204170196,538651079
==2542057767,2496112116;2360493513,3142211534;2968604233,1295763278,2773753003;0
==525451814,2167224446;3529625057,1814107956;931470437,2072943783,1489639522;0
==107322333,3538852812;3745100121,2925186285;3326973697,2469411408,3122173005;0
==1161425396,1226222921;1797446464,1842887323;804150365,2438499923,2531269819;0
==3198418000,849858523;1792286006,1011937668;2528604753,2179807270,926946758;0
==2546991663,3253484433;2606175160,2488854407;3843170316,1988581361,1721204379;1
++1279705559,2869533179;2069439773,2534348522
==1874614525,2951370227;837537556,794405911;2206955227,600553388,1439201904;0
==1754209808,1788703211;3661377929,2316736781;1825438184,1533333280,2694480061;0
==1927136091,1508057448;2991808518,3194835258;2111231473,2325121334,3189827297;0
==1525792403,2792396047;590869892,1834543611;1973202651,530273285,2553724334;0
==2418842910,1568814793;2465813962,2278656116;1716806239,3049727812,2517079214;0
==1407773997,1714383385;1513724447,1474302874;1729859006,2170621673,2236352866;0
==2319770816,2708889493;2282813786,1607975376;1610175463,3154739694,1451232798;1
++3976017148,1646137771;335341745,1648650322
==3137823089,3396943023;2848660121,1646622713;3854306230,2853611744,2047182641;0
==2726618219,2695802455;1047621062,1396661428;3480975151,2392073051,1114885529;0
==1938604002,1857923775;2089315865,2477799730;1065846141,3127820533,2447246069;0
==1420237127,3231112314;748070875,2102121568;2213166259,1644660013,1646718369;0
==1326487793,1037208311;702710231,1489613445;686569539,1617901507,3839035487;1
++2595768253,2980453098;1987954729,4059082557
==1320138284,1847718321;3044145044,2035713179;2118510068,949662193,2786243019;0
==2815683712,1825444489;3557544662,1258499189;2457434208,1976908074,1772385868;0
==2591966743,1634902382;1573824863,2166232996;2067185293,1256961408,1869846039;0
==2001220677,1712705889;3065098833,1446339117;2213973291,3771853963,1253337180;0
==2084565415,2650562664;3705370063,1960790072;2187211669,3633269322,3623880874;0
==2349105126,2382383343;302791834,1388086661;1062012817,2611001232,2289774962;0
==3080484859,981425672;2573907902,2352324273;3983812018,859348572,3845985336;1
++2087394434,1509058809;1926209874,3327350743
==2156835310,2239342536;1639263499,2600329432;2939731349,1637642631,2533338522;0
==2349391763,1849516852;234500445,2923015102;1836785521,3217980548,2127610463;0
==2356526405,2532183588;3264264596,947475262;2867810453,2294342749,1385941597;0
==2326018298,1559597044;1638969539,2219654230;2127828331,3180502408,2688456401;1
