3;4;3
+552092528,796242065;1476212811,1697324477
++1692831068,1068273013;1255201190,1643040797
+++683033653,2140366111;1288942300,2056056177
++++1879023494,627575944;941606027,1381899874
====1264263687,738699653;73072306,563816334;221472942,317080062,2145607183;0
====1580553007,1009537321;1991558251,975212011;1567747869,717100230,1234708070;0
====43908202,687722696;1137889789,434496338;1615713899,511494537,435613642;1
++++1338801602,1646788812;1837632694,548819012
====821011216,836339111;1544201789,476356193;1135819001,2070461891,2146666214;0
====948817435,402635082;227243983,15637776;1711114566,910430149,1687249857;1
+++1717683239,1848731609;1916438478,1634661149
++++1832556008,1593861655;664139554,1322013939
====2142703028,1665356466;1590800071,1907610185;1243328460,1156497443,1159777994;0
====1927820474,1944012032;262806214,1985815557;1442928029,905892484,534892324;1
++++148553982,954151961;227667024,1608325130
====1510261063,1832380530;782076893,235399700;1608195554,339230415,537345109;0
====1411521426,1891445561;1746863010,1269772183;1091578678,302898494,701400505;0
====1388252660,1216944799;1912022541,1888036321;1457414991,548315577,204055533;1
++++1262977518,2001674022;383359471,853877224
====355793142,1205950046;1169992684,1404622195;1223025101,315588875,1130188892;0
====1375168340,693253851;359924261,525184847;1793861635,1995039273,81483268;1
+++790198397,880338792;1607784804,1828568403
++++860597586,1187090194;471162496,1350816125
====459489983,251008033;1896277890,1351737068;1891505621,2007212555,811111584;0
====36558355,1343206812;437457981,615324295;1707438016,1685641352,1736098627;1
++++2135148898,1736799862;1798688715,359690475
====425510611,429547926;1657683379,621195706;2109760350,1716607298,1124044413;0
====6455211,254136543;2073054240,692780494;654575698,1628854858,1167491353;0
====906329091,837497083;500815867,1019414131;607426464,930276711,324068982;1
++758856892,2087691816;559355260,615936589
+++358617304,1788472323;802925500,117974940
++++1518800362,457069160;1751129627,1174424109
====301742595,593808424;2134201194,2070901223;1156961989,656676161,836795855;0
====1500631463,1766544735;1120315349,1351854147;768902644,1812703953,1753298385;1
++++525826990,1011797777;1478875621,804387768
====2004574783,1220091891;229830593,42691897;1546416321,1765148917,1359575795;0
====338662180,1350733364;1812378641,389342388;1332103815,999945311,731899964;1
+++1286624374,1625948177;663139615,132134212
++++439289227,685867484;1191954095,478757732
====2074723493,1629441944;1965732934,1141161150;2005116656,372807884,1270764247;0
====1492450224,1674746207;413777039,1622892916;1304971913,2058465476,1419487224;0
====1742537964,272137147;144061040,1188178752;1746867601,669795909,385215969;1
++++1274979427,210386420;536764858,899366330
====422226348,921875626;1746300935,1682281869;1773751141,1098242512,1605532060;0
====246899420,1847509367;1715651066,1955042587;381111100,594337430,1325897529;1
++++36212482,111431027;1886825648,329477529
====2136733230,2103212261;1078481638,986456530;1536514477,1303324248,178794722;0
====1767710838,1857161949;1008323969,1219376035;708292825,1744205615,55018283;1
+++561524348,1311495796;733897454,15274605
++++569989595,227065673;2092805140,1703569318
====1250158343,1660731724;195091699,907918247;1674811040,1132579172,1689699756;0
====85192905,838953290;1727179232,1480626105;1147495535,298053098,1832070957;1
++++403219047,1542323081;2024045222,1769056619
====1847536347,1006867485;36822526,1401247505;1729505415,1945065649,1189133258;0
====295089703,14922014;1546083049,1940870689;728850976,796009734,333910845;1
+2092861627,1383841156;2144252589,444947892
++1389355521,1703519376;1328075411,851563637
+++160949221,1798165165;1290959918,475211767
++++900385361,1787831704;2082860552,2141061891
====739373499,501909745;2057654520,723889921;1460967790,408830000,485835380;0
====649360842,1612463981;1043484036,1257404239;363865426,13604415,882351767;1
++++628576118,1407200153;183715418,991855694
====570778810,2115718545;1416169538,1684641767;1866519888,1894276833,1777630302;0
====1488044981,1975925626;910299306,747471990;159023280,1575558336,1695608582;1
+++1848850742,1180073683;1618766774,1789870602
++++586549860,771522657;1662388242,1456766603
====1423921813,2075541915;25115942,1814340953;883131458,931247987,1091778683;0
====1684732994,1566853792;1834025503,1060760744;1340539814,1407046099,1776547967;0
====771008867,923650863;1102624458,804824500;1132742233,1541699723,1659048179;1
++++1942473383,1653116016;64430383,898688369
====1742987262,482810024;1750120060,1065372089;886204818,1799007265,1461967917;0
====1965651951,1150677122;1820239166,346503517;600801158,1139482079,1898336343;1
++1387465728,1142161762;2033741524,1301049685
+++763238428,1819394256;1696076179,1584786523
++++355774254,1313437459;1442911221,1239812677
====1950103268,1122634272;1709443715,1589198939;1480928622,1046928456,129562166;0
====2101451352,545982328;2003459070,1999987344;103167316,1016941752,354600861;0
====1091622134,867709078;1138690032,1944717383;1114791504,1365679640,1159541292;1
++++64894905,56310272;1005978924,786536192
====597033232,14799732;2144414703,625004497;2082534712,1578213314,462553023;0
====669094771,700355913;1890379603,1691173748;568572583,1192885658,1702935133;0
====1377739302,1032680546;599789298,812317266;1413848947,110038731,1974748883;1
+++51662899,401875563;756127345,1715527698
++++1838341444,369378190;185659112,828481709
====933287464,1364663431;1391958690,1702747657;697435481,1966379411,1329144833;0
====617217156,305250640;185353545,1575277124;1711332157,2097187155,717286492;1
++++1807369382,1012994493;701159241,544500668
====1443118148,422587362;391958945,1957073691;82485325,310562140,61570746;0
====1200010324,1042549549;88395950,252686559;1694893466,348071493,326460504;1
++++401045117,2043775740;31241367,2122031039
====1995315922,595404033;1668050364,1669214504;2106098488,16668730,1584001225;0
====631117551,624923754;1579941158,1483185002;1016008404,1557756255,2043556956;1
