7;1;5
+739317880,1988206201;1604746179,471836958
=1793078618,1309988985;2093920408,459403867;174961154,145560231,209404426,479580163,1518547878,185264779,1301272154;0
=468766550,1364411561;1286709667,374672153;1415822190,1873122043,1419399441,302656124,692064638,2116121957,1680896185;0
=455611761,2120652401;1077739778,885964499;628307699,361602238,114576546,381422618,1882859771,1126419931,674660535;1
+594790248,1064679160;868131956,1586049059
=550439526,381325631;1220137760,900045659;2143571772,1053345383,555203536,1701085977,1394536143,710229790,1268905354;0
=1547731648,931595773;1121913835,1301086653;1658112971,452233254,318304451,1124002960,904350116,272430860,48968931;0
=479697427,1289127388;1458017826,1815498875;2014911260,494399566,1443685974,1392239194,1384510599,860874851,1160039817;1
+683230414,1753850089;1371106914,193662443
=719604633,350720427;1964847121,248929597;2033299227,1210821745,1471170551,2029425923,1509439999,440838166,1372645719;0
=1536354392,867717396;1466063134,109341787;2135538364,605898072,261944735,47998454,292377677,1008975129,2095219353;0
=232009244,431628951;1755328380,52023424;791377772,1246065908,358679990,655495895,207714751,978682094,1023514188;0
=1145575045,1562773362;1009475158,1819895522;584634875,613323437,266060031,1976575049,138538133,87222150,1724178816;1
