7;2;3
+1650973199,1008304609;250673105,432711802
++830941341,1202760759;1087991446,1545169539
==380978230,834000133;101836570,498186124;256944175,688420634,1386908773,901325019,1207629141,1745098909,137786770;0
==12533500,1424662495;656402575,1937754265;499035415,1293522056,1268349448,984215261,539379549,1539973808,485838079;1
++749513333,1231619926;1228713959,557400955
==506932426,538540581;324347661,235414159;279335399,336185151,1565711663,1740620686,1816468098,2005528230,1060832577;0
==252689472,291662081;1979298644,294384462;413849690,146690110,1952473506,1809081337,1915920195,659170773,31118170;1
+75345996,864099661;1106800740,690033601
++1235253764,741493172;1138901816,182328127
==1006590416,1669802570;827592413,1688120104;101328084,1744656532,971246614,1434425381,412844721,402493782,1890546579;0
==110445373,530629158;76283428,187080108;793505388,1024290986,65860626,1801641993,1359505547,1421567488,366472089;1
++792579463,705216526;1088199962,615358699
==1854543887,98316871;67225594,1549432387;509981288,2128413055,97008184,1191574093,110546331,233660723,1154784610;0
==817316399,242241139;1674043927,1806992163;1551965051,1914432301,1618426856,1584167899,1802919951,1108695247,1498211598;1
++1471945241,656681896;94703391,184555241
==1244823165,1318807081;1166871472,1343777538;1059307539,1304968016,1427688648,1240461000,1152073934,209898908,2040171095;0
==1876795897,2050517209;1364570831,553069756;1012872961,340251326,185294770,620979868,718837162,920613378,1222922445;1
