4;3;10
+2432144615,1562817198;1834795825,819251550
++642976446,2462101212;1943263147,2286656947
+++2526591215,4054818692;1576143583,3689214985
===2751512411,926626850;2270165240,2465094157;884138213,3003680764,1242542196,1925335673;0
===2651047913,1968970597;977021336,3190125603;1629529561,2001729558,1719575092,2042223748;0
===2985879232,3276929246;2175154192,2856808022;2655597791,2069783757,1033183601,461801938;0
===2053767747,2038607295;2298116281,1941015272;3024153613,1994422474,3419716847,3328533671;0
===2086881445,2729565513;1811968175,2165062980;1125901517,945682857,2133449019,1519153170;1
+++3104073884,949552238;995161785,2093786515
===1785369058,3657384354;1304385468,3099615394;2963294398,2039036157,1019651501,1518310536;0
===1476049425,2444203315;2683026532,1344057907;1419759541,1966564214,187456346,1657907626;0
===2512123605,2515400631;3212069073,1978985874;2109054880,1232753710,1872198513,1368864697;0
===1570346105,2173048279;2159296157,1827374636;1985672419,1479532465,3511574346,572920399;0
===2248416669,3983409611;3341172251,1484489315;2096247238,1721222221,536409609,2265094871;0
===1968229652,3050285122;1527983980,846500002;3325574085,1642209191,3680761263,2984971810;1
+++3245508628,1962766979;3633853853,2927842856
===1375125306,522968523;2510305917,2381685461;804308515,193744716,1666897373,2925327310;0
===1307340039,3315961419;2395261227,2286651710;197456230,2400813255,2291041631,1768807945;0
===898360703,691093297;2082132082,2376601404;1973641764,285523302,2513087051,1003735866;0
===1607807163,1839105674;1964684235,1368973514;1916520656,2340587538,2832570212,2219802811;0
===2705844250,2679602077;1292941287,2782651827;3211454467,2602965447,816849455,2333338724;0
===2560710994,972843649;3040363678,2186242488;2857733173,3037714665,1919172322,1658756589;0
===1616387163,1467225166;2038168045,1825086522;418662814,1003272711,3068217038,1613681965;1
+++901641485,2312277371;802610091,3725459050
===1779497849,3374829986;2697836081,2562730717;2511127976,1483643295,1512949338,1894454015;0
===1651892516,2767479420;947930216,574929422;3850438078,2220271015,2244977258,1991813338;0
===1551938085,2068045275;2776987377,2319673037;1331877088,3122960280,2681369222,794048257;0
===1697019038,2242785019;2465261832,2331521105;1439537996,1225482608,906266991,2024898854;0
===3324990679,2610942778;2211538565,2742352826;1867847345,1676704178,1790314899,1041155507;1
+++2294123256,1782925413;1734517269,1154168869
===1123604076,1831605776;2974356372,1375912761;1748429333,2296918297,1453948465,2000582508;0
===1651189861,1539305090;1598306913,3971778943;1920124094,1917182930,1919859735,1806216405;0
===1505321521,2117367623;2020565976,2478776783;1261885901,3094622875,1444436745,2495008817;0
===2403999518,1711226012;2426443221,2585157913;887366373,595275014,3225816345,829911918;0
===3422517569,2279163087;2981017114,2163868097;2242561797,2120552745,2538858172,771608073;0
===3075921493,1284073843;2884088495,1909808311;2203744855,2064742002,2272820234,1970079616;0
===1877987978,365714636;1520325725,1846073031;2340533739,1413217311,1944601461,1894113190;0
===1819862432,3167096538;915343987,2236525355;3652675144,2231404652,2522458855,793833548;0
===1927049328,3024517842;2766576652,1526387114;2392377972,3403786550,1662238607,3310307384;0
===1499874908,1809530370;3723567597,2208504996;2612552946,2663647168,2146935675,82142971;1
+++3014245801,795086428;960878845,1982823681
===1636353884,1242199780;3332820108,957718703;3653439146,2534770289,1012667886,3650467960;0
===777450375,2576097458;1734705953,2165304569;1469864724,1527409074,3836768775,3758660554;0
===2919234457,638943254;2798897311,660570769;1583544839,3587892823,1994325988,957397121;0
===2890980721,628276359;1732211338,2143834091;2186650418,2138603596,527819151,1676146168;0
===2245487002,3862954289;2554534830,812317679;602333365,3370481416,348131277,2186599847;0
===1690101604,1513336201;1386196779,1916029559;1752798419,1983052016,1157857841,1974279657;0
===2007591714,1668113122;2705078445,2219115489;1526303276,3180241183,1896589520,2409485892;0
===1667874504,3371759453;2892977569,1479376395;2454573661,1695636741,2377396111,2785756418;0
===2543722738,241618967;434687848,1829469959;1246023260,1153075399,3076129088,3536963158;1
+++887702345,2960900190;1477386070,1873033310
===4073648712,2911089873;2671959028,927269646;2176127623,1455329948,1785345092,2064148191;0
===1802849569,1232161124;2710538673,1249550220;2823059320,2881130586,3647994394,4065538428;0
===2216301158,1359230904;2839673645,1305673724;2995024994,799895181,1577602622,1207634183;0
===1539916028,1396852451;1406524870,2828181833;1393333034,2756504129,2484611637,1915709792;0
===635755201,3524487625;1691376922,249864350;1496988298,1991491380,2985425386,2394338908;0
===3469905667,2598188041;1330891051,2746804543;3339359123,1979224728,3869193914,1862066411;0
===3611499221,3018692891;2090906318,2018109078;2442784818,1602101276,616531916,2276928773;0
===41439609,2271159216;1208023535,2145349485;1775738006,2760968463,1266864057,1750270974;1
+++2679627674,1768303690;1807244244,1602174864
===1465649368,2921224461;3153274601,1972987444;1571426551,1301231419,2325506549,572221409;0
===1274703142,3722655008;3179340604,2653427265;507622939,1275746593,2178208254,982778316;0
===3472188909,359014093;1547664246,3027573430;3019933190,1926472177,1493389353,2515133236;0
===674549757,2190984190;651298292,967140231;3141559947,1791856369,1176830443,1726817101;0
===2404549912,2969120675;2053238835,2685557229;2505732568,2295782577,1906558355,1431216510;0
===2434937859,2014949853;2030098168,2502114236;2304221636,1376166001,1325054556,1831061938;1
++3837587149,2808036287;2004124869,605861504
+++2664526075,2343082087;975079929,2018340532
===1348801015,1418626588;2823902279,3568221323;2367384619,2211880504,1577654869,2954419071;0
===508054157,2910132556;3191198860,2946790277;956326828,1577005683,2159844916,2977390776;0
===1751577138,2164877943;2466149016,574804495;1869020683,721528881,1957324427,832572256;0
===1438415078,711600661;2460930732,2839468490;2319332028,985318640,2310629286,2873291888;0
===2040844136,1342194475;2306301788,2881067174;2417030196,1387942510,3897373580,3978110151;0
===2179209896,2704175259;1024286981,1899289887;599833142,3120322395,2185974266,3674046528;0
===2295344654,3072304832;271190106,2955770581;2537075843,1249742626,3411681651,2095120451;0
===1893067396,2043086889;2878126330,3034480243;2993759657,956450776,1615576948,2793436186;0
===4100276197,1833703300;788802778,2506540012;907912896,3241248618,925432735,460191705;0
===3522044852,887487653;2345303957,1420462495;1337444798,2924691808,1835864878,2279091773;1
+++2584702530,1473659665;2550986666,1334372121
===463975605,334247737;4084054663,1117228078;1829015463,3656944833,2458589298,3039456665;0
===3267093963,973991217;3497895804,3763925289;781862018,1873746761,2204341242,1212649426;0
===2095144196,1665927281;2667214262,1741599863;2475254547,711853670,954189409,2395761117;0
===1311207187,2642021169;1604599200,1426829789;2900990987,1540264072,2824349277,894956527;0
===2300596751,1677271404;1823052556,3445509887;3631962697,1302767930,1883431017,3801292104;0
===2673111035,841656529;2634589372,2548927363;1983122562,2520223131,2087557873,1865203344;0
===1866204104,2462682255;1686253829,2616127249;3854788306,2036327954,3800851830,1716070559;1
+++2428808919,1654425514;770847967,1968184518
===1602632449,3288273559;3135978020,2458123813;1721030812,2088960278,2455489632,2940117011;0
===2094764277,3154601805;1374940184,2932051482;895639337,2131051023,3123411246,1588883530;0
===2434159962,1222584878;2684087732,1813197523;3846114390,2737705706,1314140934,1647559720;0
===2399689791,1500237869;3119517169,1305835872;1215241563,2630274630,2912961323,3423034184;0
===2544402504,1738201787;2208457014,2744663349;965846519,2444435611,1589205879,1871041450;0
===1834989043,822782519;1120806490,2892361718;3761659946,1058789701,2060468367,3700369485;0
===1466552738,759664339;2487810509,1756981948;2298961511,1397158491,2004430793,2998493761;0
===2603381048,2249371601;2196835200,2169931616;2392899917,1666844072,2406979903,3474332677;1
+++3734684835,3002189237;3583313568,2224125735
===1978043433,3450818939;2320169966,3695158812;2528882402,2547316624,632845418,2183433279;0
===1810671754,4267543784;2610883436,3114959114;2548093804,1111024049,2566848332,1060310716;0
===2706004974,972423469;1661812673,1110388364;2583801335,2792879557,2330558824,964801494;0
===1660041266,2601312255;2792955813,727353341;805561392,2578819268,1058484422,1874254417;0
===2207304596,1051765302;3226135876,1761655922;2364160704,2132845642,1617592977,919549344;0
===279337208,2194177583;2723966516,2217316133;3369434529,1537048707,3928421772,3090545314;0
===2121559559,689387056;2430389548,1313533584;1678727007,1617420083,1049303630,1353945376;1
+++1790082758,1057654919;921779025,973851268
===3253773741,1460234024;1733699808,2259343018;2624736711,3718572598,2678433016,2672844582;0
===2921080248,1723621042;3573825261,3448592177;637474025,1789884993,924780926,1315654125;0
===2225915898,434068244;1327563385,3112881778;3823370605,2894382495,3274778378,1460614472;0
===1842512247,2949483158;2965937263,3467257654;2142031069,1807107642,3000642030,671265724;0
===3617597670,2919080133;857969343,2685778510;887446058,2548257231,2745298313,1930385854;1
+++2058953391,1296501409;726243758,2062607195
===1441282506,3781361252;2710063287,1728277830;638263384,3302671085,1317320254,1522372845;0
===624908333,3055632123;2399271062,1874529191;2169312282,2506622290,912745581,3177680459;0
===3232206642,1140398567;1688380622,2148470822;3017693749,3501693683,2639621116,900093720;0
===2664863500,1277190126;2531030393,675623874;2861459099,3297721174,2076368443,1315144989;0
===1641097451,2357320954;1631633345,1943114829;946811637,879360380,3659306638,975313227;0
===1832479281,3021860627;2020064329,2240050120;2688138816,1060424428,1238502385,3512915418;1
+++1416810600,1370671147;1779619327,1886412235
===2268790084,2390642506;1552272341,882497917;1079377503,1795038430,3192135908,1871157980;0
===1070098642,2243502243;1339471260,1694841018;1543460890,1224973466,2909527644,1902663511;0
===3831282284,885048253;1430323222,776014759;961375973,1773441544,2606919005,1660744722;0
===2495189834,2203580956;3703390800,1879142482;2353678167,2354945246,2460836044,1699889875;0
===3311711080,1532327965;1622464779,2391507269;2344013708,2711452293,3009937411,2129560852;0
===2913106165,1316292932;3083231153,2616252756;1977048653,2243848768,1550770187,1848997333;0
===1871195541,828723700;1132139830,2426083742;3192949446,1807045584,3529712452,787573611;0
===3154244378,2270464286;2328735791,2236575825;2378633841,2144686525,1147333401,3388659851;1
++2143049840,3434573250;2630537775,2544471339
+++2068144052,1643027564;305640551,3113223917
===3491235523,3376993113;3286379892,3837080407;805428826,2240882235,1335304535,943679113;0
===3664745105,1218219180;395701521,2515872983;2330235415,2466658977,3486986152,2974304263;0
===2045581844,2383242155;2099806418,3350043840;2425546729,1326603526,3235230404,2678312433;0
===2955963144,1432546041;2691747375,3406900934;408534101,2586429374,2131244123,1637446102;0
===1264596940,1867045722;2478329711,1311903471;2980483405,1667696704,2629669909,3309555536;1
+++860962994,2654247714;2557932022,1323064973
===2267512426,3989433061;2078018512,1739570049;3534292459,3435201165,3970128522,2810019537;0
===2075124413,1138694838;1051398363,1310713674;1074656485,1126605331,1092094049,2088062463;0
===3196103939,2949164065;2967546092,2398449717;3027319152,865035992,3690018914,1389153918;0
===3741071770,2157794662;1995576703,407057100;1283374838,877605536,1447836588,397138224;0
===1519031987,3421501552;1348673420,1963860291;2357878187,1742030317,2165000868,2604552434;0
===3189894470,1690460441;2326785161,2797907496;1059563755,2080837789,3114318714,1300165089;0
===2007609486,2335264596;1485154484,1241935396;3067949574,2067609570,1850728743,3353177317;1
+++3156094075,2301293531;361385751,3041273605
===3536847675,2516676121;2092036256,2459449115;1595080199,2550493484,1810399289,703556625;0
===2394121462,2880318041;1132062392,1886605045;2908817827,849504707,1966076223,3056596839;0
===3015058097,891145768;2284497515,2200927848;1737082209,2802227257,3337638580,1622910695;0
===2776745892,2919376160;2769134961,1740724412;2229969450,1569740028,702049615,1414888542;0
===1804330553,807523681;2749045798,2846084179;1019755792,2568335660,3212392535,902974475;1
+++3229364758,1935194193;1726205782,3391254727
===1394186312,2764465986;1752188768,2595002591;2436118226,2841415790,3003019401,3688009370;0
===2250724621,2595040555;2163899435,742441882;1845328847,1609611596,2663779476,2254003523;0
===1628995005,2554955076;2214411999,2892760003;2713628116,3969567543,3011550152,2913134669;0
===2306274833,1739422713;1319176066,1830443612;2052619232,1614434907,2027264359,3050612053;0
===1672065192,3507658544;1831978096,3131912666;2878726573,3429848067,2148796653,2250902622;0
===1782547563,2581249441;1923339289,3325620998;747134401,1817535544,898032319,2269611792;0
===3254777315,1597084513;2671416849,2937598836;1702134574,1644967911,1936238387,2903321247;0
===2205203492,1730767941;843126557,2135174142;1673875561,1344142356,2698665851,1846379971;0
===3262784432,1586284226;3440457679,1425652619;2839597002,2322570616,2427620669,1446700907;1
+++1479821078,2136431528;1335563708,1884795343
===2668625276,609576381;2148544915,1964347982;2164357470,2171508209,3830695172,3430999022;0
===1583348469,1291524769;2602369498,1857465144;926177742,1429080011,2151401945,1379434875;0
===1024723663,2886800033;3027634225,866780443;2055927814,2863744899,2474455169,464657130;0
===2795464134,422839541;1254030196,3441193180;587151021,2272954266,2398907562,1510255660;0
===3282261458,2151625824;2299106334,2823712641;3672288618,2324226638,2517313574,3399105202;0
===2523844280,2447820988;1688822006,2255574721;1839196520,1592134645,626209844,1460221640;0
===3167068475,1768521082;1730928640,2967030898;2487867663,1624661932,2782509833,3725756318;1
+++1468077840,3145716641;1972619974,2558126810
===2052377870,2660795392;2168883619,3432715493;2379616611,1623187684,1246536149,2162499382;0
===2648631150,2318407912;1747901175,2962038605;1924638220,1717476683,2446931329,1714595578;0
===3689310122,3764207909;2000179653,3148057522;1415685202,1203098232,2357884574,2475339333;0
===2098714087,1700800634;3978409392,2412225501;3729482581,1940205912,338846710,2597712737;0
===2812266581,904649614;883956476,2018756154;2236717500,1995681118,2752903513,2406403318;0
===1875295555,1008809969;2599745548,2242580020;1057250101,2375298019,2401618467,2712845908;0
===2964059579,1744897211;3847436627,2249669572;1753221905,1805564109,3156101472,2385389724;0
===3763287666,1045944157;1619477522,2837595587;1452233893,1434229367,2771443012,1582500849;0
===3345117310,3728974212;2203445844,2216022853;1161389249,3031496459,2914811582,3393592265;0
===2698587647,1981468963;1809712519,2904855150;2301974480,1148793648,3253059783,1403323822;1
+++1797043650,2490713932;3185448825,3516533162
===2883668364,3392579046;2953782759,1688080267;2657458431,3598995819,1847239765,2602640078;0
===2119228153,2489573079;2322417009,1430039939;476260114,1958025869,2291950140,1974692754;0
===3007106109,2423186698;2169107692,2699074392;2132223615,2661768989,2109629650,275238292;0
===2753470479,2400637661;3180868380,1204389398;2076832672,2904118375,1901744822,2312790581;0
===1724252773,3396434790;2178307788,2477528169;1327510521,2420752719,3008912071,3716121784;0
===1112873582,2121932644;2274275909,2058204288;2037756812,1815121145,2298256478,1332359009;0
===1049110939,2718673519;1298142704,2955475682;1566858530,283790446,2172074253,1800212723;0
===2140415520,1963552254;1945060052,2073064224;1670562890,2112291957,1295858876,2111744598;1
++688528440,2537326371;3121127236,2401083431
+++2282323370,658791598;3205988768,3098738418
===854786311,670357677;2379072870,1182789401;1303109515,1399441841,2607141660,2121553887;0
===1008907226,3229988842;1767881423,3316954052;1422557442,2514378623,2943781430,539922864;0
===2749118880,2106130582;3101602820,3165376016;1121879462,2077681588,3539691800,1945850997;0
===2226531238,2310080480;2271558053,903100952;2793095511,768092115,1438982949,2938008756;0
===465703076,2580680222;721168589,1531361771;2018168705,2290627871,1289364748,2302903696;0
===2832399571,2264627268;1741906514,3132466649;2041881100,2369924172,2100238476,1406025346;1
+++1873818086,3217934496;2068964540,2548303282
===1508459422,1185640506;2186246584,1800978901;3068413248,2991922158,1910645612,3458540630;0
===2571729044,3661654684;2686360191,2774070291;1296882949,1939258362,3121695836,904286066;0
===1954970274,3623948343;1855168075,2845199601;3032445596,2831158447,2683809044,331422661;0
===1537858555,1763242959;1922175718,3456139498;1234300830,2114840284,879067805,2162149865;0
===2041606710,1780733075;1679798809,2633887788;2744517023,2349572461,1842129648,2280635599;0
===1554868742,2048764785;2222634818,1986817784;1768927021,2740033821,3394805709,568421264;1
+++1645877890,1867481633;2640565871,1669045430
===3018931468,920813839;3002370148,2365156168;1678369660,1156720737,1663804511,2117677875;0
===2129972348,2319802334;3180804926,362681736;2911970691,2025784763,3464489814,2961374745;0
===3569634554,2002368102;2263167617,1908798929;3402713133,2357978526,1652358707,2164359813;0
===2493873136,1115437787;1660056835,3344523743;2085462330,918894387,1805918907,1077702764;0
===2885633744,2886529856;3159938210,287741361;2216120382,2276162503,1461249208,1272178273;0
===2703946386,689019613;2745057611,2371264299;1351009176,1681866281,3773688474,927132671;1
+++578095852,981010815;2000753796,2870892484
===2473294900,856331492;2681038074,3790458527;2229558490,1515795398,4004509070,2039576880;0
===1053731871,1170346607;2013088595,2269703069;1108450143,2442309219,3004941888,1473182704;0
===1612529940,1265271926;2062771597,3069381159;462316618,2232758117,2117289449,2761040670;0
===1982146945,1228631028;2256539690,4045091204;1775560198,1177339039,2372963474,2921163440;0
===768173294,3225863426;2636551793,1530561374;2739275678,2330426056,1981005186,1774236289;1
+++1026801767,2835176926;726778285,1883322334
===2918590979,2767331839;2284319927,936210750;2931916460,2504787160,3219354105,1690378403;0
===2026420737,2832957922;2384948071,1644388180;1494034769,640124379,309910963,1026502001;0
===1687559701,2268132600;2649709930,1014713297;2535976491,1247635958,2121836972,552239788;0
===2368445626,981352360;1709082637,1786420863;3654035240,3237832167,1668929713,2501640249;0
===1684424931,1065578593;1879367449,1473303323;3903678220,2449812850,2905930886,1083261708;0
===3627219211,3109858941;2479450526,2227228501;2167727907,1966934379,2265430270,1375018012;0
===2180160257,2010066343;2192838834,1686533794;2031252017,2037319776,3083229915,3180476707;1
+++2434485168,1157261514;2813697453,2565146372
===3729960952,3462447921;3077767737,4023329020;446457090,3347659289,3650988016,1671417835;0
===654862067,1499280797;2612608673,1272634689;2172475481,3429309837,2222639295,2295762010;0
===3781848803,2695189416;699656738,2967500804;3860956744,1935513790,2132602447,2459477976;0
===2123621963,1638996412;3167959701,2925486313;1737847661,911986797,2639662681,2513696483;0
===2579057078,2366745321;1229718900,2033364938;1156172580,2148587172,1881792004,2176260413;0
===2472046395,2255226812;1509057111,1905094356;1656652838,1612231630,394008722,1837381382;0
===2871299436,3169927597;1566079899,1328976897;3090112099,2462326844,2119830948,3351833098;1
+++1839113024,1252288480;1858053198,1222159477
===2414913418,1724947688;606523597,1988012696;1929501073,2713609706,712744746,1906853251;0
===966447888,2928764499;2819441235,1126071702;1020906006,964709866,3199403632,2479923269;0
===2252488935,2294352510;2992530934,2769620121;1704868526,3125107566,2165017864,1327814818;0
===1888396093,2099398161;1933929275,722308806;2160772619,2571935670,2265273061,2587288722;0
===3348540152,943624438;986094753,2042219052;3182884807,2445926589,2600900564,2863545839;0
===2110368407,2504110814;1718309707,1573998666;1744103886,1784162698,2628684322,2217264583;0
===2339074561,1690808884;3213788731,1425922487;1333224721,789420867,2623806286,3605937555;1
+++4122815805,2556657702;3418137265,1456984175
===1461977967,3057289152;3236985867,1499333365;685399437,2047485966,3201341247,340585754;0
===3642240054,2160992529;3627307006,1302312273;1714602504,1413677524,2224198783,572794921;0
===2728114189,1596766446;673429779,1452048054;3155916206,3299594427,2468848894,3489556767;0
===1255220819,1719211157;2325255267,1149632615;2014567382,721501953,2457320454,2909067191;0
===1633836531,2237306180;1755496592,827560648;942936031,3003861630,3435605050,1923177478;0
===4032526052,2107407587;2296681516,1404265453;4085856235,735803992,3595039593,2054602980;1
+++1575114731,2546075917;2423771290,1821921409
===1760191405,2712833674;1913696781,2700623952;3475461874,2262793786,1617232537,1282769606;0
===3218075844,1820548048;3595703650,2514469701;2821789177,2360485192,2177921457,1988641062;0
===3060867964,628788044;3446736727,2582296035;3070361481,714812478,1398128907,3946145466;0
===3138805247,2779308638;1088149340,1174922697;2440841212,253024830,997252936,2534152280;0
===1540785789,2617668455;1775866050,1523627783;3938482428,1955522999,2600543042,1393581601;0
===2105625528,1484909050;1795538908,463289118;2195947080,1777548095,1464283688,1705510129;0
===1787055287,3405437233;1832369808,2362229899;1663010362,2293523407,999228914,2516917182;1
+++1085850513,1352159059;2785356413,1992530153
===1682057704,335666468;1798368864,3094874448;2690916618,1002909985,1372452021,2617125748;0
===1539400371,2043745341;798689166,3212158079;2167731840,3103025634,1965592801,2963577174;0
===1813534475,322970697;216052302,320919350;2444539276,1633957780,1012669815,571561786;0
===670507095,2250188477;1785352006,2735463421;4161903279,2068042869,734724920,1938930265;0
===966754597,3056438910;1377229555,1612144096;910286065,2739052566,3030596831,2541059501;0
===2100195410,3150910515;2991353310,1850108775;2834733388,844138444,2574058784,3099686021;1
++2943205995,3858031441;2130921144,1583880214
+++3007340628,493442975;1871729052,3896177298
===2809883237,1329158489;2993052241,2715070608;3805481462,3560306221,1005197448,888026806;0
===1991376544,1562986918;3434829930,2170646161;2398563998,832023906,1341801497,1357344459;0
===3438692125,3110831190;654745077,2594240083;872952462,1846321482,2900887505,1053778011;0
===3067861672,1837728888;3501554864,2049909074;2373788234,693752870,3386242278,3207271092;0
===2758485531,1972967800;1109729921,2577272382;1587105763,2025314252,4129295138,3652832410;0
===1571756965,2075957384;2995310462,1868628774;1285358671,3512114689,2933475060,1394009880;0
===1698539403,3427576632;2205078396,1684561121;2875772538,3683512699,2756403962,3340025149;0
===2017314435,1539352665;2813787005,3440299152;2720020875,1823532379,2522864182,1807935020;1
+++2179398625,2544121274;3485873554,611580506
===1854261335,3118211935;2481008963,1933134684;3555308498,1456022750,3971376894,3700631420;0
===1630230496,855334972;1860074567,3410169111;2433058158,1272464090,2664144288,1855921080;0
===2963873469,3001715738;602631993,3515459148;3415879414,2577912108,2772587044,2674276838;0
===2176275658,3346984833;1175436211,3031849906;1994784264,2265163750,1949174711,2847846129;0
===2093538951,2533536722;2793247252,2424822659;2679907319,1333726246,2263733482,3628863594;0
===1911172719,3625204580;1272836282,2659636849;1759832643,320840047,2266663005,1328251648;0
===1470738303,3023256665;1419388688,1646170647;1483266285,3604513999,1646630919,3137992257;0
===3203434394,1510593254;1139674729,1758957757;2103950823,2422251941,2063683011,2805366107;0
===2023879627,3629251587;1920744072,2392209331;488016177,2453662681,2757179957,1693741882;0
===2215359249,2772160062;2256927176,2493785787;1784458411,2142817626,2721704675,2686948282;1
+++1220832469,2922478511;2266516942,1999346808
===1902996274,2497614054;2801628685,3982394084;1620727001,2223397507,3039524442,1276546371;0
===2328997152,2708811205;3121417228,2317834901;2844649599,3237737814,1017583971,2093609577;0
===865057536,382861137;2981619180,1604485470;844217983,3383706085,2029618349,1929894470;0
===2816455172,4054099530;2295124731,1950077485;1050605207,3442033281,2585723087,1100355242;0
===1593440551,1890484836;1193380627,3025615634;825415601,2212555547,1995183543,1945654581;1
+++3963018217,1868330043;887967888,627058246
===2205257231,906332972;693883762,3350934132;1611670352,1491711351,931542841,1852077614;0
===3516490489,1690200055;3040118598,2266350657;2457364071,3946241583,2644290712,2045213560;0
===1238682438,1621132207;1536660475,1550711944;1504508972,2085336274,978576604,1736109299;0
===1620106635,2999803945;3794242491,3577881933;1663117958,1164034022,2732922084,1015626440;0
===3559307501,3189399852;2584175718,2415448149;1017640480,3137594396,3730477924,2597210093;0
===344942571,2420545951;1271712771,2335413432;2041879079,2643702362,2794583796,1372621813;0
===1650187295,3028360322;1994687038,1847804139;3354886820,2636155725,748255612,1752767093;0
===1580198951,2769426141;1464692486,1007907485;3072597547,1323435732,3266910820,2513013660;1
+++987397936,3782660075;3349677238,602053974
===1772934944,2035923450;587872492,1322008541;2564646826,1044235164,948567796,1823849223;0
===2244151041,348380527;2996184241,2058436894;2872460090,422935373,2766101416,767343601;0
===3207414789,1639289572;2661965787,4110533389;2542961096,3160687402,3449247742,3343355425;0
===1071459283,2402840395;1690444353,2880799057;2352817911,2873667519,1849785660,1959013923;0
===701167193,1961145363;2795760091,2292849387;2659154302,1434971369,1180268366,1398298026;0
===2810426196,1353037232;1730211185,3073841019;2162780992,969845383,1617044034,1409553528;0
===2592634058,969702830;2914061813,1824510102;1181069858,1174947445,2884185227,1731520155;0
===1825716142,2092409411;1405605633,1398527336;2979016586,1331958041,3497948620,2336396226;0
===1675979270,2386085426;2144121634,2253771213;978914568,423824015,718696761,2082197565;1
+++806152004,3775752940;1613475987,908193084
===3051903863,2280326783;1961931391,2023152860;1454703995,1166725985,2328258271,2268996339;0
===3278205307,2540333601;2258089677,376702346;2069739821,2830627674,1081418360,2437955794;0
===1595538833,1793092333;1739673322,2296207970;1977001853,2620735158,259851830,3687819508;0
===2027804017,2104560818;2035713647,773863965;2507909693,1683366483,2063450139,3745623690;0
===2072791105,1369211712;1107890214,2036291922;1197550198,1328262271,1561250136,1863214845;0
===1206042685,1597387167;2400909870,1210850859;1795732674,2058667873,1230005948,2565983720;0
===2729336190,3991578024;2558369295,786898765;1827172045,2262151492,2063278284,2872258030;1
+++1587829678,2103246339;3158690416,2233979921
===2444670400,1609111715;3902651747,1794972605;4111294422,2431012752,1957555480,1343090335;0
===2331325814,1726868832;1229520130,979395486;2754400445,2155673616,3531810909,2328947697;0
===1425592399,3202062180;481046533,2347084103;2658455088,1570044615,3100702427,2365054361;0
===2365321616,2670481584;2183087655,1960151696;2593678913,1022066652,616281204,1106467150;0
===2816296347,2008613793;2721531491,3299783357;1540019478,2489003767,1591736738,2369918025;1
+++2289261321,2640097579;1441576320,3857778992
===1553182389,2345559466;1506240824,1282122587;3447834090,1730482289,1526653402,3280554664;0
===2145544682,2251551757;1326940643,3640079492;2327808009,2269518324,2494317484,3009764252;0
===1113734935,1839662340;940154718,685793656;1243900788,1488235163,2745769942,2144297709;0
===3544453613,3847378279;2346821428,3491187815;2649176900,3069832875,1321893869,449194387;0
===2986815360,2368541702;2934451469,2041506335;1685966956,1800335231,3135278354,2036227586;0
===1183540959,2050462261;3895587703,1228994047;2544563426,2125167917,1936946906,3081073496;0
===3717105939,1124395226;1304753847,3351188917;965892009,1372747063,1459048917,1528010861;0
===1942071208,441973431;261315120,1909867213;2097520381,1459403243,3251008342,2128667611;0
===375254027,1793852100;2117800021,2668342864;1760679663,2045299053,2817616044,3361000938;0
===3396157511,3111503103;3606721736,1472475167;796643374,2976206745,2021713947,2238571739;1
+++2416715490,538203878;1924944072,2784038688
===1871272058,2352116172;796002876,2788225950;1918657592,2349397640,2129153994,1621762159;0
===2849186945,2648751609;3213046315,2126102411;2332411863,731319151,2703455273,2164702733;0
===1383758213,3087230103;1180278176,2135199573;1186310123,1403483264,356178499,2581045801;0
===2797609493,1815816317;2241208803,1322200525;1314688824,2745991101,413112772,2330016995;0
===1188937134,466296984;2527629863,2212758792;2726705364,1589708396,2199770599,2389167370;0
===300690440,1894982749;1355497444,603961374;792188521,1178066904,2214648368,1351159583;0
===3333806568,2031454886;394519311,1916385385;1373418657,2083422402,2813926095,731066165;1
++2601975142,3180004631;2558225535,2161322854
+++861704235,1915064976;3068701022,2033476694
===4181310302,2817922719;1853914124,2694127742;2053280615,1447483233,2334689641,2361465841;0
===2623045604,2993395256;2479338452,2650153795;2998629165,3028948117,2877762477,2953563023;0
===1370179204,3416440143;355692933,1827259753;3440181726,2475437907,2806359584,2931475995;0
===1976346060,892601502;2610747713,2090793847;2056519545,2214672288,1757868283,364587549;0
===1059030043,1711889396;2432988100,199956681;1776389692,2918382458,2659663561,2158701206;1
+++1085774787,2231190562;1526058597,2590769181
===1837156705,3616570003;2591618979,1973295824;2702047129,1725090792,1734415088,3535249789;0
===2073058759,2551671367;898269676,2951160108;1717122960,2960153380,2054091170,2167790461;0
===1897293885,1604111690;1329473023,2591863655;1803675702,1813028470,2561987525,2608822521;0
===735204599,2363392387;1362627366,505915859;1741264470,2654734572,3405678827,2729037474;0
===2029292199,1391476117;3215065130,1646686026;1227268245,3324512962,3362491753,3472395882;0
===2490449601,416000733;3988283100,333935545;3421036606,1839033638,3448854201,2563545822;1
+++2586226854,2735775525;1501927030,2844398787
===987730352,1686511121;3673641808,720964281;1961716303,2145897247,2270554662,2157626802;0
===2401991163,929567306;3824600323,2950279536;2201282519,2115225737,3518978963,2461370686;0
===950641296,3176055586;3852676765,2847032282;2020236823,2085855939,736969994,972631859;0
===2170803867,1567340925;2633200727,1667860609;3402205959,2231523339,1979908992,2516157263;0
===2796833149,2830743174;1138521851,2627679317;2803029637,2420966795,2885240250,2406234630;1
+++951950226,2385301249;1388893124,1477477421
===2114116983,2452452424;3020263067,2906854377;1646327984,923693830,3032255383,3248302329;0
===901759580,1023693669;2004521160,2686357496;2078678680,936526027,2091351544,2642901936;0
===2610489583,2015402666;2690166230,2764990292;1660238697,2874996745,2225444836,3423015611;0
===2496506054,2133998936;3005709775,1509830580;2391669101,344181216,2712675156,1837371415;0
===1651048652,1674612247;1407299186,403167375;2113093120,2836661500,1562054811,922028885;0
===2558302832,4079595643;1818264645,1654399816;2922861718,1605285885,421755346,1011303316;0
===1386948513,3147308885;3151636417,3997139664;1839223144,2778953445,3331459217,725404284;0
===2308394420,185652208;2059059574,1284067633;3234329833,802075529,235186218,2072359464;0
===1001390791,2990138926;3076053939,1837455599;1618529167,1385045069,2465573799,2896455749;0
===897678878,711739386;2823811605,2573308580;2375600908,916616620,1277269177,2480621700;1
+++3850221724,2388707049;1087011834,2446507894
===1567425741,2573154714;1470683153,2014114929;1393754986,3354699146,1268046639,1656229341;0
===2240762680,1803519644;1841436390,1575681872;2158198501,1483120106,2871377587,3492231264;0
===3654634111,2153941698;2446834666,3433509253;2868196238,2604119172,521329496,2787401924;0
===1816763602,1512825850;1158951585,2234960189;2095073796,1731831807,3639937165,2101408380;0
===1900073343,2925388154;2239896103,974120974;2798846164,2333885497,4263118682,2080853941;0
===1791365171,2614096879;2753276058,2083376023;3799620379,2596583868,1318816289,1102736856;0
===2313928701,1638776974;272573492,2861092906;1753776011,742672345,3896654673,393879463;1
+++2897558900,2487149338;2785027735,2417636711
===3197960658,2925502187;1325110169,1102894924;1552856062,2329296684,1474161761,3764586719;0
===1766312891,2035049571;1160897995,1257717479;1976229602,1792755219,2155762213,1345977256;0
===1376469011,3174665171;1649661707,2504569221;3044071124,2152927886,2846495539,3025555521;0
===1968242535,3922335609;2492180351,3423175390;2476018956,1880323650,1940801356,2387130265;0
===4044534098,3434216967;2604225895,1673347416;2103173423,1443504922,3013311074,2041276648;0
===700989459,3575998746;1515099402,2482742805;1863238106,1131566231,2474169597,3226428018;0
===2186786112,2449845081;2970331499,1956881698;1662437964,841639843,2531798670,1398355010;1
+++1533618505,2304728205;3522282807,1731270779
===1784264885,2632019587;1842709146,1559700685;2473912879,1914508631,582940685,2350060200;0
===2489003294,3350252131;1936279169,398569011;2063501079,2858731532,3276803787,3463309382;0
===2401706789,2448745061;3683180141,1893988547;1874294102,3307297814,3565114382,3283683260;0
===3517342141,977079582;3613392528,2932325161;2229755605,260167456,1285189107,205456747;0
===3306510860,700942100;658288196,2759697805;3667799145,1424175942,3454861834,2462181777;0
===2034726868,1556616219;1731205091,2066925901;2313504041,3470833334,1857241329,2066101871;1
++2295728026,2753383050;3391349991,2336739071
+++1484630847,1646101734;1850270834,1398922168
===2829988790,1552978960;2877578650,2283867806;1553934570,832415431,2982329794,1754974799;0
===1233854069,2184715510;4043623133,523485946;1090639529,2051857388,3247957906,1058006879;0
===2816620138,1722313360;2432801350,3519094016;1169308889,2285950859,2430158860,3996011568;0
===1780029084,3414053566;2490451703,2029361643;2787866218,2040387549,2655002414,2005347091;0
===2687328341,2066114227;1324007045,3904863813;1180763625,3885217832,3129264201,2541022678;0
===2377430356,1587606687;3819872426,1387812631;1458175942,3949804551,3416468496,1773813558;0
===3096545634,1996639153;1626775747,2915104193;1909806951,1903750436,2218894086,1058845068;0
===3346278375,1470178833;1209689626,2167631790;54121873,2041186820,1990851972,1779891170;0
===2445666275,2353050408;2483390830,1362492949;3590665217,1967127220,1435349240,1418932912;1
+++2848018768,3304189403;2238795822,3178025803
===746238163,1897064778;3310636680,3835190552;2125306102,3082141153,1922650661,412982710;0
===1306922103,2196750224;2468145232,2493141548;2327978504,885992865,3001719095,1630510177;0
===933973843,2114708453;3755622721,312252581;1329394334,1731150704,2522229228,2609270810;0
===2268777255,1055367939;2057337093,1483725200;1675049824,2686897343,880746103,2199526223;0
===3029694582,1827362077;2565893573,1684747202;1924603458,3185496476,1197537291,2779225527;0
===2150969427,3344649896;2278117507,889586173;2495392346,2463113538,2570894689,2165204626;0
===2841216895,1460654688;914417906,2353498963;1841442449,1764727488,1127331180,2467376944;0
===2689758682,1609481885;1118013844,1675120797;2163241771,322502151,2277137232,2531595412;0
===1394491566,2192221484;2720070118,2386163371;3405927175,788674197,1876939136,2063032125;1
+++2617898289,3574163808;3876068951,2412119785
===2266531109,1921755256;2014164091,1968306677;895459532,826312131,2212439075,1906148841;0
===2251632718,3787645244;2851304803,1980275939;1922994705,2017906557,552454120,1345555173;0
===3352286407,2338288322;1104060355,2850624935;1425352948,2313679834,3772066307,2613217184;0
===1742968800,581435152;2818006036,1591110473;2365389404,2547873971,845215228,2405283153;0
===1470742070,1198077291;363154659,2487104784;1956529239,1402195655,2428574330,3769288461;0
===2936050414,1308642350;1006466956,2788265550;2761871738,1836109560,3528596819,3153949807;1
+++2791168239,3475349335;1393290805,1094880238
===3380979164,1012005561;1640002390,1871908829;2255098057,2026890048,1067672036,2004571602;0
===2097607971,1266117495;2511545442,2958407113;3071988587,2047894861,24499619,3341358054;0
===2538124485,3155734115;1088461413,1146139612;2291816873,1999578335,2021510130,2289724326;0
===2610795376,3010960738;2402040862,1872216105;1744879621,2063268814,219752407,2642100813;0
===2253019716,1501228894;1855062568,2346357206;2637419225,894545999,931951303,1930294277;0
===1217426586,1714789762;2353004253,2947572277;2410098277,2302004499,2192853982,2756136448;0
===916244538,2196962193;1321623418,934345142;1459431355,2395442210,2546183868,1913251745;1
+++1568485521,1448750324;3118524140,615486503
===2267897140,1698263191;3172494804,1536115248;2085952221,2267555804,1769809311,1528538608;0
===807002433,2714823208;492812184,2320899782;2342119146,2952480926,3157392784,2630088795;0
===1243539179,1134906253;2848597454,3789637208;2187595479,1696821223,1039394073,2693393441;0
===2284144434,2323726558;2094283779,524802877;2450670206,1294412848,2016364071,1703311778;0
===3122793471,2623592206;3549573793,2118438236;1573891830,1097342193,3459432653,2070880905;0
===1772437675,1194122639;2545835448,3904522360;3434460756,2890359928,2863920814,2520283972;0
===3571275585,2766194814;3920413218,2482464401;3846003461,694751636,1745740618,3723295451;0
===1493608937,2419068047;2146740565,2417025089;486865938,2417015818,3021021001,2358920932;0
===2570364649,2362240403;1148554603,2171393770;129365447,1066260960,1695677249,1750996227;1
+++3206640831,2575961705;2858388850,4129218202
===2093473494,1260793046;1196107081,1897007780;1605609494,2663390491,1961668568,3347583026;0
===2372842803,1007008993;2064489963,2689794527;985787745,2417873615,1335630536,2645649089;0
===2567665516,1846810327;1239026329,1074431374;1984239059,817547172,2196979910,2629629192;0
===1215472504,3425547334;2026702723,502765508;2960285356,1593005634,817760470,2526534426;0
===2088705376,2572211457;1071281711,2151897394;1500443741,1786476400,2061196332,1183793143;0
===3374501989,4027556232;3335689020,1258954608;979312699,2143198626,2145470006,1354500276;1
++2567358055,3041572163;2999954224,626901431
+++3240488287,3468123066;1292212420,1561650452
===2168311699,1194885366;3226331579,1987312515;1651076656,2631398968,3600081090,2398145120;0
===1398440282,1181718012;1510115372,3110308980;1777839811,1779148876,3512703498,1309797700;0
===1508515470,1292349064;1267360149,2309534796;1668002526,2996095354,2130707580,2176451082;0
===445990916,3240754090;732111124,1309737195;2886910462,1028631091,3491550582,4105617014;0
===2050107402,2698941133;2158907690,2687081746;2407996569,2017970298,1543984551,2565862741;0
===2763564423,1797203602;3259347159,1615816307;1007079912,866229656,1827175909,2451948238;1
+++1299432776,2124859687;428262018,1332827735
===1774202557,3677516836;3510607040,1766284857;1414185940,2045034411,2371133581,3594233791;0
===1329673758,3736309643;1887484919,3543436600;1418394444,2512138661,1687210950,3243127356;0
===1483394081,2747578717;1629269759,1845481131;2499782605,1605199413,1387488914,2020589787;0
===1705847356,2034202364;1015179352,1041978562;2152442887,1365776739,2676071928,1238389287;0
===2492642983,2646174567;2871520715,1314095423;2047012582,382798174,761329650,1464389669;0
===2236325670,1659680149;3257762443,3667083420;1773371659,2702988277,2043246212,3820220152;0
===3923618260,1621065654;1562927347,2289362299;1282130989,641545898,2217983949,2811839200;1
+++835322844,1796336415;1272149379,3238714019
===1033211606,1887967902;2725236426,2926429549;2255172890,3031797551,2558210958,1767947973;0
===1350145671,1290781943;2694153839,2481199499;2035690311,2001177343,2678180312,686378212;0
===3210308096,299233551;3372992437,1587232950;1812111689,1992096777,2637238590,3954448711;0
===2763774249,2364162787;2352818434,2558550799;2898131089,2539555429,3433447281,836596792;0
===2205447463,2232492682;2519378621,1974963481;3460660687,3144723633,82126030,1511811952;0
===1566696091,3676555300;2199261978,2244511189;4063152463,2325072828,3915975624,3000746763;0
===2382805845,1366320886;1518028278,1167107091;1681979826,893700346,2028685068,2261332018;0
===3415863462,1878413129;2193050226,922823518;546033088,3536031991,1708042629,391432189;0
===2431242625,2384395053;2610268168,1116832093;989565967,2540522270,3677103312,2557289508;1
+++2487249799,1615769933;3271418496,1149901266
===3436980514,1156344849;2552660279,1225821578;1827033908,2794881412,1980684804,2656563518;0
===1381343488,2098051161;2804507666,4051782015;1673451783,1629642128,4187626935,1360644499;0
===2712254883,2302434524;2003920564,1744969579;3911204067,1926599743,3609379593,1788929714;0
===3641300790,3159096331;1929759263,2427612922;2344045169,2694255065,3623177884,1181000949;0
===2111161189,2343192955;428914234,587550862;1874175467,2716008480,1954641984,2106589279;0
===2205649650,1434655112;1562442878,2372687518;1744734191,1801103214,3030024862,1894283084;0
===2888916507,1670305869;847383115,267150502;2434955059,2767260396,2662123589,2734015620;1
+++2834838062,1798792455;396129076,3491671463
===2108473732,3400241470;1969823181,2234055299;3032855414,2088354849,2629945599,1674167571;0
===1738051684,2695041633;1543066965,2327559752;2087665526,1958966791,3211920885,3757216175;0
===1388622273,1971889094;759322125,3230693945;3038872164,890401422,3851318540,1213170227;0
===2126463994,1911094168;472654988,2676069488;1685983633,1843796054,1524974608,2649765838;0
===2096901024,4044456459;3457125474,2228527472;2424400372,1661160159,1133463119,3050386061;0
===2337415525,1093292806;1336712143,1731567161;1056545797,2778032107,3446783449,3769438805;0
===4083398752,1713069594;1650643377,2816868123;2253573678,2013661057,4062567411,2172729095;0
===2919833603,3280256438;3232903239,951092273;1259135716,1570288081,4150776346,292737985;0
===3098785182,1281800173;357890850,1327991688;716357043,2990748450,2925616352,1699358857;1
+++2085070278,1951364492;2641412492,2057695006
===3220112732,1529783112;1874249673,3212392896;2070350082,2135921835,1443666500,997770622;0
===3042925696,2782293159;2450800384,537932724;3290068538,577573963,1945342937,746710137;0
===2927451911,321247794;2109193506,2890758348;2396680113,471736880,2337401689,2022914507;0
===1434856425,722665118;1805896365,2362769452;2802234591,1304417198,3242952533,409424310;0
===1676941007,2715445329;3171372254,2006032884;2657141152,2897523281,2927320928,2670720918;0
===3753760230,1993773152;3594395517,616265070;2291502886,1694164885,2302017057,3116407744;0
===2748207781,999983331;2041523567,2065709442;2076695564,3075201510,3165122687,1091343310;0
===2258732281,1334127648;2463309760,2727862344;1733497214,4059758665,1702341478,951718801;1
+++2495333538,1555673264;1413876360,2581849369
===2213516351,853579245;822102823,3322892190;3859010521,2858396769,1402972266,2477903731;0
===2167072218,1863331526;3183873165,2149983333;2534482538,2629567775,2298515122,1813676239;0
===3668064818,1894429821;2764871968,2736863800;3797924162,579383425,263859891,2194619623;0
===2821037265,3422817537;1841783822,2385318191;4026258001,3335687255,1088660002,2314363837;0
===2363134830,2679468060;909141096,981579178;1893278828,2757775257,2540826632,1190795644;0
===1969487466,1882911448;1544746228,1799636641;3487178476,3195586738,2517857340,2064590783;0
===2875200982,1966200327;2372880030,3692612020;1910723566,3351638657,2803404194,1891587099;0
===1921811161,3334254760;1272313537,2929528318;2465961272,2228889997,2635875884,1923672532;0
===3837470499,2329087902;2824439202,2991373255;3585533583,3382904815,2082892458,2553135593;1
+++1610854537,1818245751;1836035819,1499844564
===1317782141,510810921;271922402,748799538;4138718974,1143127129,2142606935,1135186100;0
===1680785951,2665891397;149885169,1858076709;1418050885,2068917610,2456121186,1016167280;0
===2425634080,2406285743;2384922159,2823248446;2389313388,1845438862,1547903058,2306760899;0
===3132260215,1899168722;1168586207,3095275123;3658539986,2912996779,1894461424,2663469996;0
===2355429985,3569915371;1477193995,3353847657;1656063384,800126576,2353804088,396746418;0
===2501389611,1882645471;1903137639,1641386125;3827949123,3116587814,206386731,1758370027;1
++1793963098,2662441203;1754515263,2644575608
+++2054860398,2482977312;3783919550,2809681890
===3032595923,1971385108;3684886232,3110675302;1576498970,1979916330,3440173299,2208111126;0
===2016897437,3815561507;1527809340,2668767325;1078164669,1060969370,1379150267,1661300431;0
===2735119394,1882009712;2083048904,1616901224;1993774380,2129291524,1305977081,1656683043;0
===973984513,3204262853;1266057714,3121362288;2821179622,1838510892,1409186199,2918611745;0
===3372563480,4207544868;2405310341,3341680046;2180089818,3293134685,3519593198,1676036369;0
===1276927811,2051284174;2156866105,2255343504;611319745,194869697,3965433853,1252392182;0
===1073858189,2998495592;2645557627,2725921935;2429170370,2830776181,2459861988,2419356560;1
+++2540415400,2343526401;2514054512,521410182
===840096954,1690596299;1702949054,385799827;2303403816,1220901086,2076420429,1552895353;0
===3604596284,1202554608;1285778638,2674250349;1779936980,2548586313,2526712549,1431249139;0
===3590541082,1515421792;2357865523,1102555350;2033210344,2243310560,3360192776,1455282153;0
===2804215183,839378439;2085667179,2305497179;2967225413,1075813543,1930875153,2660684654;0
===753225396,3715538142;323839053,1060182469;3489931653,3056906425,3220522381,2741986460;0
===1567036235,3908932119;2110468369,2793457415;1574896807,1580118050,1724160420,1758999507;0
===1517104012,917102513;2455813223,1205602283;3736335874,882232686,3689590251,2311375645;0
===4091315284,1864775914;2457751974,1316342253;2614614004,1303276610,1588493613,2759023611;0
===1811258253,2052406379;2594985913,2381347067;2891386018,2237420692,2840610724,1714752281;0
===1921886794,2659826825;3111774920,2004870005;1622909751,746153595,237481872,1124318884;1
+++3155440022,2481050403;887556244,3290309804
===489961632,1986263679;2296678879,1661071132;1761203293,3234999832,2585242940,2213140332;0
===2859920078,3231683944;3582197742,2756045577;3863857988,3002289122,2129518395,1783288795;0
===2285788216,3357184249;3665657882,2212770882;843455793,3777062497,3374947981,1806657943;0
===2767325145,2833536371;2963787564,2759564398;2260521513,3502259912,2084830341,3310862615;0
===3953229350,799908197;2094726706,2488648008;3508921848,4247164991,4058086631,3834698856;0
===749626694,1640801577;167444990,3215734520;2836409166,1649025447,1535139040,3313795460;0
===3477679067,2439752934;1259611964,1108609565;1442857930,1812112900,2761689162,3461454531;0
===2515693834,2026750156;1387066837,2071795734;3086271395,1418830145,1863479743,776232625;1
+++2458615761,2781189562;2208881633,1929683934
===3384323981,3109401659;720297007,2121783764;317360654,596336288,2287376591,1955591292;0
===2815387723,1112379274;1592298906,2108873327;3316243750,2258418306,3265310725,1201784520;0
===1542296559,1459939028;1589796289,3155883457;1518893901,1377284804,2201017804,2998905956;0
===729543107,1415599427;1339416568,1644986421;2438562691,2811173467,885070614,1612669573;0
===1871183786,2643988835;1398683489,2425998543;2411976855,2961191404,2247278448,2188546254;0
===970586253,2600709997;1363884581,3528493422;2290221521,2429722939,2039407081,1863503794;1
+++2347236204,3410715625;1768837659,1687037504
===2252200076,2740993148;1928853848,1610896783;2541288233,1832911011,2247982060,3615353518;0
===2792830286,2719587902;2925231652,2041755080;2405189486,2260111738,1855973334,3136096671;0
===872110736,2063740243;2074240558,3194236707;736256800,2398866123,1898027362,1722763271;0
===3356361673,2017800776;1900996106,3132642840;325198794,1846212912,1340415994,405788873;0
===575080135,1130294036;3289069005,1468368003;1425563913,2122669683,2146821124,3464643435;0
===475714369,3445773258;1582895899,2546587208;2368843110,4157078180,626152820,2056504298;1
+++2359898265,2035901470;2107337421,2223324859
===2226465232,1706808542;1402406323,1385637475;2036356422,924898377,3551033404,1177571645;0
===731988393,1609459823;3644996569,3612993837;3497560850,3407148768,1033027590,2578642443;0
===2122095972,2167326884;3532825820,2067729851;3340098008,2257662919,2882900371,3292296643;0
===1103767756,3024005086;2362645548,1731156893;1225182498,1905393090,2431323165,2017812464;0
===951118971,2910113693;2208187053,2112734560;3888851837,2789363026,1483790838,3095889044;0
===2784471291,3100963096;815309924,3969632761;1607277186,2731179870,1494360470,1296802058;0
===203632534,2710609820;191935071,2135948407;1754106425,2258058565,2454310452,1538015379;0
===1393670724,1940610971;2304399938,1905257570;2305179520,1850928848,635132504,660870506;0
===1943573355,1527296806;1404913465,2127077345;3394056164,2854784378,1962302273,3241818763;0
===1303962770,257732661;2499142257,1730808288;1584239506,1903689155,2804563319,1110861260;1
+++1391526251,2438668963;926029968,3740264135
===3733362625,1263540091;3632135169,608279229;693906605,2346165641,1130912945,845927042;0
===1564796009,2243935141;1644041232,3548345019;1505093185,3282220664,2190816804,2969892418;0
===1306052226,3630134678;2150199382,2780916908;3443709319,2276518159,2349014068,2222757936;0
===1454550871,2987751034;2181183508,1652377433;3503288999,1617471245,1123883382,1840492566;0
===2237543835,1423875681;3799123129,2206320483;2396902246,2892855746,2846256764,2629983651;0
===3093050870,1500498824;2544334374,2216177961;2184685154,3491520138,1977801168,2481638665;0
===891128343,1006347436;2197675955,3518817903;1278419100,3314718249,1781169275,1386125599;0
===3441973821,1024187041;2349798939,1696032950;1791579157,1211255550,3146033916,2971174103;0
===2980434049,2435890361;3223853838,1375179786;3808010351,554349988,1946921931,3027158146;1
+++1945433073,872389889;2245363816,3448612584
===2003556961,1227949339;2424761500,2939135710;2805973606,3319799171,2673521991,1352270526;0
===882966469,2034626561;1269603621,915593347;2982934930,3394034483,1126510461,2327706990;0
===2597889814,1527065418;2466962694,2031261282;1092576325,805102197,1593731444,797807494;0
===2664227257,3135942107;1811806016,2371263059;2610523249,2820501406,1357598241,1489948961;0
===2141761857,2526878692;761871224,3185964495;2218128022,767231803,734637714,1401406156;0
===2565153768,1744054328;1643670265,2359872779;3296990826,3485427211,2492588953,2796358379;1
+++2640740130,1809698656;1277848924,652400441
===904095444,1930970525;1295415076,2756658322;268551639,1570573306,1856593470,2725852515;0
===2300493823,2165745779;2711237034,2528122433;3716194627,2122689479,1713420989,2437512825;0
===1632316526,2919237781;3553755960,672260775;2020354398,3423087134,1176740412,1226762630;0
===4239970491,2930614522;3006178852,1907943031;2669435006,1396275431,2192821232,3166991003;0
===539453493,2419050479;1400659784,2347618470;2610860681,2197861317,3059351572,1333794370;0
===340640996,1327832605;2018498385,2956382601;3526279472,1605313153,2254442054,1164055693;0
===1962713206,1547733966;2298461030,3011421666;2983498009,3496457111,951492431,2901071791;0
===2504687634,2987051241;1924224527,1700094406;1226756208,2080838134,2800921234,2693675655;0
===3091564138,3061581257;2294961619,2021467277;2018781879,1887753307,2869312133,3053906280;1
+++2478794650,1901688748;2909579621,1055026258
===2159497892,914013978;2812065303,3751749952;1757911118,1725247007,690972576,1319267154;0
===2376257714,2984120551;1530886767,3141027417;837997696,1758915296,1544723680,1780572664;0
===2346082611,1428622523;803341780,2138094772;2826942996,1719463976,2788679982,3263869691;0
===2311550612,3052075033;1725517306,2019505090;3618285008,3269209529,496355854,1853553585;0
===2592897747,1980143330;3042603559,2238459650;874839917,1765654121,3036183038,3452831289;1
++3051026687,3120554720;1570481676,1531044738
+++3456295118,1439951222;2834298795,2282744623
===2180443361,1777837251;3423833165,1810953501;2232837609,2018324073,2309201862,2924926230;0
===2238627689,3930288266;1346351677,3793945817;3304473867,994145070,4051352572,2428403989;0
===765398584,2235086050;1112679683,3605924278;2253685649,2446138806,3207238097,1200526702;0
===2114300864,1220250091;1480014836,2950160000;919405262,1703901604,3264369767,731645809;0
===1790414815,3827889932;2088224782,2389619146;3062159306,1665167019,477400697,2769752855;1
+++1612733944,1606996699;1472625666,2837570559
===848590072,2779060747;742148371,2075827468;3031648106,2125484503,3043918726,2788363785;0
===1894665422,3462208574;1380357269,1407851681;2330791044,3166036325,2499782123,1068047810;0
===830351821,3708129895;1179100884,843352607;2932015830,2026488309,641312535,1794639019;0
===2649104851,1468715010;2589165817,3343079356;2031690231,2764740440,1904632350,4129462219;0
===2758353231,1614569233;1658826939,2381656027;1637992614,2171404916,1807987408,2741274619;0
===1212636593,1379270779;1054931291,2120394340;2585383055,2434877593,2109626383,2963770992;0
===3203159420,3152808465;2334873777,1567806962;3054243431,1351506922,1513719348,1820818670;1
+++2374083599,671634471;1413693015,521495898
===817604406,2683149845;2384543629,3692394530;3184704470,2502133372,2197107129,2148061891;0
===1691990227,2833358275;1889505496,2581590165;2949025281,1237749476,3143259930,1557161399;0
===3219293641,3166071515;1775979118,1085810591;1205350763,160408931,2566714435,1118083071;0
===2645272572,2290138259;1403086542,4066860465;1787355137,2663784006,3052095695,1342664767;0
===1970386563,1868074569;1476304589,1151385736;2429310762,2471373502,1156786917,2005839548;0
===844205822,2124643772;2224873702,1575214115;2594693950,1854356151,1309629394,1427597573;0
===2245881567,1338257660;1162600522,3501597974;3193869321,1975405703,1783827536,1989480584;1
+++2045016899,1700060367;1249639341,593039570
===2393079107,2086489131;3178635619,3364062493;3143956292,1988524843,3515530984,3367156160;0
===3260556618,1611505572;1802255506,3007462150;1686625925,1670041922,1982592213,3848759385;0
===1475077664,2055672988;2610479051,2045699610;290934718,2055197373,1589177754,2877718774;0
===2535338513,3466839661;1762142981,514663756;745117748,2585781027,2162673809,1574489527;0
===2767833681,583970661;2271297452,2203680758;2606685682,2905274324,2947645298,2591296430;0
===1490325935,1110537425;3083842956,1544238942;2178975985,3797859311,1655315904,2399687064;1
+++1170519468,1327239043;2678340133,3860967781
===1796656185,1558193554;139918372,2517962722;3694383527,2479002955,1614026697,1339791510;0
===1180378475,2185097424;2901113501,1453948583;958288600,4020045522,3122032297,3023050780;0
===2417206350,1450437898;3898736216,3503918760;3571522647,1214073931,2759386673,3162634000;0
===3653375131,3648649356;222659165,2653094263;3415084235,2625850771,1603546318,640632402;0
===820541726,1809279730;1477540859,2137557376;1989530743,2401764815,1620389393,2211413650;0
===1581601742,2597828169;1898637408,3402180912;2704486653,2548750918,1015355950,1845522041;0
===3244261748,651227086;2317432623,3287874235;3816074687,3116131727,2570660397,2714691307;1
+++3205654478,2328667814;1441607667,2315024696
===2569907448,2849049066;1409576010,2878535077;2028644040,1645686251,3291920913,1785107149;0
===2506763744,3484413404;2242371972,2669643001;1240585526,1376616501,3044625390,2523111774;0
===1380205519,1898855076;2146263740,3437543912;2332012413,2141635472,2243554501,1300315966;0
===2082138104,3459525656;1963503656,2489966826;3277546722,1936034242,699780291,2316539929;0
===2272788246,1986280285;2077516021,1041140864;1248987679,352046055,1633204036,2201749582;0
===3173663608,2663899195;2365468681,894433495;2161161201,967896128,2005218639,3168287305;1
+++873589367,615629791;2352777235,3290709644
===557237215,1366310933;2826627678,1560936950;852413019,253361504,2176198108,1982233786;0
===1120221498,3120057909;2109428585,2694189422;431285519,249425643,2931580391,2529119341;0
===812478608,2438300080;1793574294,1062494549;3945620330,2708682948,2358998464,2576401489;0
===767377837,1767622601;1265658579,627310215;2902439405,2818737000,3119991089,1989692333;0
===2415286625,3832295221;2959913007,2050222316;2174628684,851169273,280355456,3901703108;1
+++1451349364,3544568644;2264308513,1651589924
===2340216991,2116875163;2603130490,1057985904;2797852575,1352385957,3138542307,3048247369;0
===1720302348,1278545298;1257851412,1642261698;2079245699,2209483943,2556903677,2163182019;0
===1863459540,1366749803;996126394,1832228509;3073908167,2337674945,2422792531,1067583358;0
===1880826448,526410677;1997143780,2551961025;3924301374,824540445,620896956,2050399655;0
===1432633434,2714861536;948694044,2406646162;2846424441,2369458735,2264887206,2773169811;0
===1738406089,1095516484;2336432664,1737673260;2614689269,2227132300,3368704495,1486183374;0
===2681810526,1618380853;1421145489,1627950399;158503278,2682487978,2234764555,2585288542;1
+++1718687857,3299424705;1838004619,1822770530
===3118411496,1690953704;1159614048,1841498429;2110527609,3122521962,2462833179,1693126727;0
===1180890990,2164336189;1247614343,2207145340;1977192775,1817737227,3517765979,2927791519;0
===2215949154,1188774340;1676727093,1867209617;2503488513,2294317150,1560162713,2118270094;0
===3876388752,2577430494;536865310,1855864049;3818211923,2835506958,770894729,928155573;0
===956696005,2519124108;3933582135,3754765655;2628707957,987445030,1201049448,2959756930;0
===1942009765,2668498057;1699735190,1758812744;2761963083,1117168857,383108710,1034399820;0
===1538289313,2146925869;3008796891,1997030584;46652712,2769588560,566683069,2722131360;0
===2010650614,1162946597;2000063750,2493660784;2151198049,3369793107,2667709699,2644532396;1
+++2514561872,1571660278;1794274113,3682591968
===2412135754,1373352506;722165678,1296693857;1188829085,850819971,1245412675,2167387203;0
===1298978461,806979472;333215519,2157282622;961584550,2160100645,2766439823,1003546958;0
===2457319258,3416795462;2490808992,1552088021;625379669,2984169543,3444789277,2121090418;0
===2246910166,1008118984;986733394,2882192807;2593711179,2570223946,1980711827,3634825517;0
===2086252074,1671599116;2042462587,1177866641;1684518186,2801347571,2679456667,3882015540;1
+599350284,2380600931;2967535419,2046415476
++2574228310,1070114644;3088966162,3130975026
+++2414216834,2122130918;1289745952,3314032621
===2691023465,1261509318;1654595712,855839076;1939391310,2047291352,1687775282,3073433714;0
===1772203277,2983425854;2444065671,855532065;2334574402,2042481304,2187833541,1664106413;0
===2165200572,1916602120;3241138016,1218833851;3719243729,2337535840,617478166,2389006476;0
===1994750598,2547785917;2067423955,991599835;1331810909,2582922827,1357251471,2918152157;0
===2482367597,993107176;1884215892,2649218925;3246365651,2985463925,2365884583,3153458656;0
===2000157297,2752268139;167483697,3820455171;2252269161,3745519280,2949285083,3008855484;0
===2131426243,1808715917;3171470577,2330956382;2323382640,1967747343,3193101620,1502595376;0
===322554444,2526739575;1703676724,3276565786;1208714028,2166830275,1855051793,2897209352;0
===1784473066,3361005028;3756050429,1455515100;1577385484,1002920423,1825965441,3160304356;0
===2113177988,323206311;1212401017,1844148406;1899716297,1028134803,2408121157,2182673608;1
+++1790137400,1521811004;3020714198,667563354
===3007590018,3319901278;2807641435,2171765034;1562267769,1518873048,2986363025,716106986;0
===2356408762,2956653500;2521124547,3561273799;1390307859,3015226603,3003035731,1792764483;0
===2713497550,2876866265;1033976492,1666279971;3045022139,2179097723,3279505099,1806639937;0
===1874137588,1899235609;873830882,1197870908;1216302336,2501722701,2560339870,3204825745;0
===2585565931,2863809463;3995743797,1982149328;3396577754,1767357601,2483121041,673359159;0
===2905774924,2160502676;1767398069,557533489;3458375395,2398576179,1919680943,1539417389;1
+++3263797100,2660658735;917675764,2682996912
===1290142990,498191432;1506995170,1606553024;2275177244,1481171957,1822239028,2028871744;0
===2260743672,3487241103;1814400546,3037204081;3206104863,3089138399,716262977,4218128379;0
===3250951109,1005548374;2315040629,1760299465;2177682976,940989500,2532698343,1533857847;0
===1201714726,1471402873;711885014,2964976251;2958799255,2068396458,1390582319,2186169766;0
===2096639825,1011246961;2297271671,1423175944;2781594155,3171316430,2132785027,3877513995;0
===2275266903,4039295372;2861226023,3466530824;2604486171,2188261409,1275711123,2930139036;0
===3703790985,999629989;3007316306,978456850;1863128875,3885322769,770203921,1960806658;0
===3262831599,1266604573;1744763469,2030935540;827180499,2449732923,2283848581,2851869006;0
===2303182799,3964683618;1684570612,2801422981;3219802890,2830838984,1968385453,2166084409;1
+++2364858661,1232662945;1701145046,2888685541
===2434635597,2723989914;292622889,1991257419;2323382247,2180668772,2999437934,1853121666;0
===2043815906,3964561096;3200004313,3431132244;1317096154,2768535875,323383837,3934049708;0
===875108180,2910157919;3270231490,2896258341;2293318243,1836889166,1853681801,3701975077;0
===3261834853,1271505378;1583812009,1967937293;1359203207,2232296625,2393450651,1319376412;0
===1205699134,4057265910;2360697080,3109448942;2411491975,2249685760,1071829039,1362323944;0
===2412591344,2416137525;1193570027,2655491012;1826670407,2657856951,1695707079,3067174882;0
===3078654144,2499335572;2711399332,1216772272;931262523,3080055277,2518991611,1229035661;0
===2630153231,2373222262;868582405,2451901017;1186756945,2176651402,825045166,2710385833;0
===2152935119,1749827901;2227644907,3884956449;1317842186,2708210817,1505597329,1702714965;0
===2361706218,1273843240;1067005564,1967638155;927028110,1458441505,3425073382,3997125467;1
+++770241309,1123061687;2110073811,3356030360
===2101222163,1026783995;1742416417,2696042780;3307346156,2053024650,2103437894,1680334444;0
===2215314484,2825828851;2733070922,2132570243;2445275804,3691605251,3569447778,1857702362;0
===3909344228,1299454845;3418093555,1914421531;3514539618,2592111167,2294943082,1938306170;0
===1698842252,1761051817;1581063615,3135480439;978866219,961342633,2185222352,2413977763;0
===1991530398,423664217;2264685359,1851704186;2448326212,3305660960,1667011831,2519620495;0
===1185586363,3752702237;708052421,2578815698;324635012,2814435678,3311558419,3009211068;0
===2511213088,1921856203;2355870894,2599689305;1848443244,3586512582,4125018984,2324782790;0
===1781165972,1449370856;3130092503,3203523893;1751304044,413050338,2333774574,3306708927;1
+++2332498666,3716734981;383183482,2413646812
===1906075571,1970210858;3493476692,3057038266;1620172232,2837741988,2261321645,1780858649;0
===1859483621,2628669308;1348689554,1311619839;3444111615,1717310116,2349351512,914745847;0
===1569805836,434862316;2957844414,1503450578;2052624463,1873924243,3634010423,1991337701;0
===2154245438,2022367939;2714374126,2717492815;2278588879,3514454572,739338071,1476276620;0
===2545097486,2358833858;1770245603,930047968;2477263903,3453567285,2955183791,1836380405;1
+++3190079864,2399317625;1684315417,1378769097
===2674161369,2923634119;1882137350,1132114639;1059017771,2034607703,2213041458,3449518131;0
===1797676250,2492832836;3550517599,3475864712;1930533686,2151962056,1791130759,3795993372;0
===3339132359,652551095;2840459051,3288962249;3906087799,754077230,2236478877,3440692776;0
===556905286,1521455244;532313755,2195485246;807246453,3929613168,2024203219,1661261217;0
===2789328060,935850539;2608410724,1425803632;1979750231,1974697961,3044744849,2021750335;0
===1540002885,1399520578;3144976619,1935027489;1888953181,3698178570,1009807960,2465219331;0
===2643432702,2675522461;2220974395,2195256087;3039334202,2943355029,2835412717,2375506157;1
+++3008474575,2941738825;992858572,2754341432
===1542240366,1476688207;2523741672,2332893953;2318994544,1874860462,1477467687,960272225;0
===2114011499,2201289904;2060882310,2932965373;2338394050,259850351,1235407266,3234000318;0
===2122741875,3957683127;1820740943,1887475750;2473550978,2630246915,2876486889,3799022282;0
===2408977971,1697788583;3490281065,2080188464;1247487325,3196976296,2347522660,2763965704;0
===1512560040,3479984794;2671572384,2245258814;191758161,2655479656,1978498912,1488722879;0
===3576341050,2685055026;1410138004,891162268;3668678118,2667461050,2765827887,863795774;0
===1144189097,1638546061;2502531547,2031730694;1575199774,2614086922,3018830851,2002743447;0
===3562474321,1913996354;1617060238,726554271;2256097468,1997933330,1779711963,3216552031;0
===1459290393,2701060712;2343423178,3632147334;2366856564,1562120636,302913776,2113704126;0
===2005067983,3454374877;2615891154,3305250330;442620853,2683282224,1797985405,2364953175;1
+++1943791164,392884394;1047523727,431001877
===1595515778,1614054739;706387713,1851347927;1219603744,2564596926,3035249885,2747489446;0
===1517574175,2539385092;2105941410,1604810616;1547911848,2451283243,3137468024,1270126032;0
===787845892,3054579687;1111833640,1342844411;726620023,2013144574,2129485319,2459580892;0
===3813396450,4157264839;687015604,1494864000;2029521539,1729170641,3782121070,918792563;0
===3792077602,3574551827;2536087278,2008932731;2377060830,1266957564,787072122,3138043166;1
+++784261047,2018692288;1226076534,2493130850
===2014326149,2841606180;3943977056,1775347141;1362704355,3460731585,2832085175,114470355;0
===1876377309,1429015981;1011374633,2450194768;1960557292,2144117950,2596347962,2422987252;0
===2348216583,2154086741;1721417081,2006243316;2887911885,1330884131,2549242278,1526789792;0
===2650569340,1298065209;2568845873,1426117118;651195339,1767882788,2702452180,1998335906;0
===2975758903,2188609840;2391351415,4007938978;1759327106,3248165673,3813837216,2940958264;0
===2715563214,2277671994;1421029241,2048125500;3820829277,2255154716,326209639,2785942190;1
++3665895211,848771073;1406570869,2800798807
+++2962419855,2403448634;3181413176,834678369
===3297918707,1575221114;2486367954,3027089007;2358790218,3574499143,2908162986,2897863594;0
===2260042119,1731582094;1463062632,1825199353;1403924218,3755021401,1694312858,2221902352;0
===605610314,2065026031;1725845872,686512551;1104147117,2095465510,1891270562,3411915078;0
===463804735,1034581136;1838989792,2489926551;1496181892,2242909600,2402095066,2466420899;0
===3591038774,1775057338;611396911,1650266555;2861371667,3714944730,2064825237,1380948603;0
===2968609533,3265079438;1240677715,982884674;2032240256,1254925112,1331007065,1190055917;1
+++3577160021,1700279272;2450934160,3002278673
===1646396715,1791151754;1675613180,1834555248;1832318044,2011608352,3065125985,2655309381;0
===1298215432,2148099479;1653508061,2229257313;687555951,3504296405,2346963730,744448088;0
===3685103215,537764738;3224565999,2399960628;1820455076,2751854206,3412442843,3234822666;0
===663799733,1414640064;1279656686,2267300427;2804926653,2703691494,1447933585,1683773680;0
===2123539288,3303687887;2646453122,3351705453;2220311578,1903124373,2765926506,2231346174;0
===1450558658,1202512260;1689274596,1705020615;3176454333,1414339750,1288661465,1092662244;1
+++1703862893,2541218535;3233764188,847238062
===1969600367,1652095297;1972997939,1266926438;2760024757,2950720387,2546782727,3632079810;0
===1428397196,849707180;1817187632,3266293016;2828278150,2939467282,1847524061,1701436295;0
===3790081369,1652221923;2493104036,3182929814;1235735732,1957915667,2539656323,1395622085;0
===1972284447,1876322724;1806188449,2342872144;1129436775,1930870393,2780936700,1153895472;0
===1778723982,1247700481;1809080658,567479436;2730158604,853184658,2960326922,877925065;0
===1714337359,2447434852;2537746882,3560127078;2320623252,1782489401,2382770088,2277793691;0
===3664896163,1984400347;1744355255,2788403514;3227692552,1613590622,2445288957,2388951218;1
+++2225798872,1932029703;2795995577,3055658472
===3030947316,1887909713;3071462291,932180938;1446627480,3759989345,315496070,3910325529;0
===1604872186,2430613323;2109235169,2318509320;1968082409,1932889178,889566479,1360722660;0
===3285128109,2892784802;568034857,2358353538;2224149261,789967324,2014977026,952964630;0
===1808012745,2286863102;1158132324,2530136623;970795706,1993671500,4067031378,304826860;0
===1645430387,1099331944;1987679120,2010636292;3101598558,2685684271,1568136051,1926632064;0
===3225282263,1440943126;2946126239,1714615383;655537300,1332363199,1260484100,2981346951;0
===2683267312,2486504831;1655958991,2625784340;2303625171,2161993489,1181818754,1388676203;0
===1883119967,1308024584;742013967,2170244788;919292558,2347326876,2151470749,1733181496;0
===1855889031,2522461324;1962102701,2061175106;1466723030,1941138709,2149018092,1939552475;1
+++4054302481,1766591547;2929568177,2742745657
===2185723507,1965120448;3831980484,2339035865;1443585594,2149629265,1906413498,2151237743;0
===3192560110,1820076320;3074098766,1512352696;2170774225,2407535252,2189088382,1482262794;0
===3324364246,1083876921;2769973884,2633340828;3379263029,2349163152,899589593,1120741532;0
===1260436523,2018057886;2940885696,301407332;1717275644,2032253493,3780037606,3063529613;0
===2245186710,1545073047;3757507547,3450341661;4214155824,3249923970,3333612694,1833665070;1
+++624673269,1245563556;1825572662,1832815447
===829982206,2435933118;2054222391,1796316099;1832703083,1216755292,2024572488,2796794861;0
===3446857510,2486670439;3212689516,735828892;2773258586,1823544948,1094137778,1891588178;0
===1983327501,846317017;212688991,2108878091;1532717864,2634953649,1801621325,1003376653;0
===2725225816,1733832777;3089532376,1081865884;2491192153,2093371766,1263995336,1571152079;0
===2309804739,3067360916;3116074588,2442430759;529697507,2181409500,3118856540,1243494111;0
===1949051109,1950237749;2213079631,2020412514;2089714377,1520737593,3033610827,1559219107;1
+++2011283634,3596873333;1719117132,913390140
===607503339,3217652508;2229159473,2009417449;2446046662,2876673759,2109744547,3976587170;0
===4107098153,3383062227;2340152155,3326708402;2345192608,1486300324,3176603020,343196949;0
===1256620391,2353453280;1318411118,1192706819;1536912122,2476810099,2941540958,1360813639;0
===1510090934,422466306;1801714059,3568810513;3185987157,2399101005,1904498166,2425093102;0
===1173230952,3359070742;3721175024,2056339496;1827238303,2504392516,2572783102,2621636259;0
===897187961,3591853667;2889566546,1603195620;3213692720,1614880164,1262823797,2712326295;1
+++1088239405,2140299824;1528028624,562450489
===2764880203,2409251956;3561601498,2607823181;2317449775,840102290,3642252603,2160177284;0
===2875089610,2852725505;3057061734,3753954951;3765146988,2386867848,1282832433,927719426;0
===1991479777,3354349653;2141932658,1148268107;1073055859,3377278316,1007402733,2389707860;0
===2326560379,1456014770;1303923719,910584614;2424153021,909315261,2817699935,1225842255;0
===2105098142,2467391011;2324197838,2616686429;3124424806,3012961292,2394163476,1950060646;1
++3053386829,1314825342;2225029095,3405568764
+++3650097544,2807038138;3408238332,1466650383
===1818699652,691206918;3319996758,2152199261;1246543824,3401074978,2454489695,1794290867;0
===730675004,2586886006;2134663027,3122310487;2602143172,2363181733,377332906,2327492103;0
===2936667283,1922166733;2569298465,2155209482;2030257221,2677725076,1600757969,3830440844;0
===2168960830,2861941903;2530055969,3095021068;3250693155,1432083894,2984879251,2712410419;0
===1434108359,2798603686;1920035310,1522980383;1449498895,1183026190,1208532692,794393576;1
+++3014909601,1887294442;1963221283,1744520678
===1354663655,2139529736;2366304056,3419613570;1859194496,1729270577,1375530043,1509586228;0
===3550783545,2561787747;1735378672,2350733011;2054148879,2233727609,1411806023,1801247140;0
===2438449572,2073651343;2331485804,1022738210;1965614215,1377125901,2781188123,2002310045;0
===3765788560,3465697248;278483087,1588744679;1500968286,2048099960,4078280064,554067427;0
===3080403508,807602535;3462773896,3257827898;2484135950,1875010150,2695942539,2632017885;1
+++3275843908,1108122387;893535662,1896180465
===2910905524,423755215;1505971124,3322763039;2668219722,1616201092,2077461842,2717134633;0
===2630895581,344169871;1555565848,875894643;1150509845,1704740046,2359629447,2656552369;0
===2736733385,1554184708;3083999034,2867059984;2412967197,2000904121,2646127793,926693629;0
===2495294693,3422873990;2149207214,2670423446;3048155607,1622724104,1615904286,792610524;0
===1875679332,3252858612;2540765916,2668830718;2497060890,1229779973,2636802920,1525433288;0
===1647515323,2898850035;2311621201,2827649095;2893907831,2842299808,3143418700,3207198227;0
===1959237060,2507921837;903250943,3184524052;3584636139,2099170489,2540914956,824544872;0
===1227115967,1864754469;2493235950,3450333016;2386744373,2334770002,1794811133,3490156272;1
+++1350128394,1974842124;2109438753,2596512946
===699560518,2957011749;1930767373,1323798045;2133380317,488241680,1898670598,1503078517;0
===2458219095,633757306;2962232038,2884025605;2127327046,1525830056,1011022368,1349723924;0
===1932285440,4137315752;209235812,2216687620;2612870745,1365061418,3438238202,2215369539;0
===988299820,824857554;1067494743,1540609236;1834148842,2578476030,2631023023,2208014702;0
===663266820,2455401263;1370175403,1052651467;1935938233,2834457872,867510855,1078159166;0
===4166245064,940309056;2030057840,3150280687;1907136168,1705763247,2284420789,2597519890;0
===1798424067,1618627277;1601402185,3088927421;1886560993,3480632611,1837531804,2601016381;0
===2127130856,2833215075;2303846960,3272042800;3991578905,2246707092,2891349049,2752960105;0
===1672654649,1689395218;2477135063,2200932975;3192875433,2620373330,1326300114,3240733059;1
+++3668025199,2826618071;1597222893,2735032337
===2581009541,2531169886;1906170027,2641129519;1224422526,2824210809,2788503454,2287028144;0
===1486290781,1693625515;534404003,2075674065;2853008129,4000373528,1584631072,1521199165;0
===1577584996,850353984;1246622298,1394517345;1002876992,3082374228,2463171746,127877671;0
===1510435766,1074880674;713509070,1036260870;1264445023,1298458801,2385027043,4142787375;0
===2848743890,1265755674;796877804,2571783417;2101986253,1208489114,4037928154,1939545234;0
===2058921358,680013877;988931507,2882334138;1338222943,1849033694,2739710098,2081782440;1
+++1649400940,2092940611;2309915697,1618980176
===1788677551,3376189111;794852781,1940884137;2789486338,2317426666,1218120840,753542379;0
===2374943412,1628102579;1669461951,1045197670;1874961783,1848023478,2999227642,1987222378;0
===3637601866,1138454914;3134666414,2327925228;1462043313,1955976626,783109755,1419642480;0
===489826521,2413140873;3438265209,2794946687;972868716,1267411060,677843321,1650480629;0
===2431020923,1383611113;249240263,543269832;1066026461,2187052583,2500093838,2566786272;1
+++2631207839,1749780820;1977205512,1657135522
===781540833,3493753182;1714796776,1654876640;3065921777,1722704400,1407511684,1786426979;0
===1411391527,2439775079;2533410872,1709709132;2042916629,817663662,4012002105,514031201;0
===1725603933,961594765;1172906986,959735483;2160776458,1487473253,3708892114,769911508;0
===2338411713,1782932965;1994919226,1144868099;3782464673,2267834279,1405880338,2792567898;0
===1066752044,1397369287;3813340489,1879909660;2837510846,1919546574,2526069655,2646334527;1
+++1521886482,1321794979;2784224821,2364186077
===2992755041,2444318151;1939568658,1903368494;2048064420,2842526535,1754932834,792521122;0
===1551105283,2551769227;3510545734,2163180643;3354047907,2308758658,2856507707,1589513175;0
===1468085170,2045784291;786623883,2073664571;2624992830,1010293284,3626972389,2699684671;0
===1739975576,3998376718;1597995819,670589956;2249477021,2404097675,1543913642,2051595825;0
===2582462311,942326497;1766149086,1944222223;3011858865,2545775413,1825924619,1872137827;0
===3137181829,1995940321;3327918405,2867639845;2028510282,1883491769,1707201735,2178125848;1
+++3284216623,1229520983;2075263597,2272967467
===2532017586,1564922048;1238829510,3682270649;3100613352,3634471635,2153687500,1144846852;0
===2062564328,1358016779;803286590,3052970194;940729842,1575923951,2550763998,2751899219;0
===2319915874,1873590429;1771866188,3260245654;1845482011,3471836763,1422622880,793169794;0
===2589674345,2985982231;783835209,2061353403;2591674576,1995186554,2674517924,2133276696;0
===1532047885,942728835;1232783730,1065707373;2657141265,1722989753,2724734220,3725976414;0
===2384875236,2073203306;2933651749,3577592192;1934451918,3678151254,2732934628,3330052761;0
===2656639507,2287086747;2802822901,1985544554;3206301796,1282346461,1449055441,1779626102;1
+++2639309837,1350640102;1218684275,1572976332
===882833839,2767322383;4226109318,3021611350;1803300563,1091746392,1868527758,4014935284;0
===2303697997,2025458964;2366990408,1223802723;2683269764,3127034581,744801598,1285478170;0
===1950945545,1866042460;2187969453,1784208653;973616214,1511153594,1213705274,1054182424;0
===2414607391,482889818;1800042170,2101670671;998129002,722644353,2596127566,3148309603;0
===3484462336,3141647266;1745272237,782337513;2851117899,3442278464,3976731719,2878160428;0
===1427828450,2625866957;1955152101,2389203462;3029976975,2351722351,2766891053,2109250125;1
++1570992488,2242020748;2646237031,2678985013
+++2547085439,2612572603;1128976280,1414307623
===2027171497,3004453597;2463519576,150078145;1722335754,3155092361,3009377827,2787885376;0
===3020197976,1142368635;2932410328,1617204755;1411971487,1979782924,3750286648,3286656258;0
===2089481860,2842090940;2141549678,2698967395;1656881282,2448260352,2524345533,2707099196;0
===2572152835,2341607467;2052888455,1698856216;3405596765,3674863273,403410437,1960187736;0
===1733004109,1433797931;1553165156,2188285657;2234845497,1689068135,1313965005,2901150044;0
===2292819027,1389710301;2280813060,2207548699;2819751806,2520975588,1354633195,1596855965;0
===1508147869,2155803760;2414515489,2626930936;2615796363,1226240591,2237965252,1264873004;1
+++2650024316,2857641046;2897027200,3585813235
===903613015,868519793;981565436,2474433091;3601229565,2017172524,3338250306,182328620;0
===529583835,1352760673;2492772575,3304932180;3518297886,2110410481,2749340145,3189463152;0
===2169232650,3332986329;1512503593,1622274832;2996960242,2874255969,3243818784,741299515;0
===551464120,2658118265;1304035021,2596373716;1782966138,3022119547,2194608219,374299413;0
===2758587372,3032299160;2238721432,3313301032;1653409050,3241341706,1675495395,1617755348;0
===1138996294,2149799247;3190374911,3292500481;3746847445,2406085983,2179048230,1549427816;0
===1998420826,3156297962;2226758159,1857596830;856843646,3423158825,1561478451,1345010134;1
+++2102251008,3326055399;323892196,1867034328
===1712856868,1414502920;2494062085,2223351346;1797994184,2858819044,1907464913,1778554574;0
===1148385878,956085102;2609331090,3243704862;1939311357,2418310680,1893275913,3142212959;0
===966415995,1519664134;964971650,2401349969;3380599791,2273328961,1269326954,1390951375;0
===2699010793,1910006108;709300186,1338223373;1125151152,2169829269,3065262865,2358980860;0
===575058333,1536100780;1237341572,3053869449;2554693869,3320425593,1766758809,2736084649;0
===2363588906,682384659;996970759,1136564497;3016419579,1244146021,2969594122,2934594011;0
===1977118140,2942838112;4004895113,1070143844;2056915266,2613737360,1018741272,1122710034;0
===3060208673,2870309393;1888793964,2798203645;1098816180,2769889845,2134312399,1064307829;1
+++923640177,1819917901;563144450,2508556628
===3610511641,1663214602;2769996980,897612395;1087096209,3798717782,1889846145,845008582;0
===2253540223,2185985177;760534705,2872741151;2342839937,1976641486,2059376511,1455018137;0
===2259378992,2573133407;1544769795,2177218923;2196796738,2442266677,2794570225,2449564520;0
===1291185626,1029794842;3137079096,2911456597;2177758697,2763050769,3446867804,1233992768;0
===2054278275,2499272113;3184598819,1265761380;3892405253,711877880,3049217293,1239919259;0
===3569665575,2373605167;1639551960,1024375612;1698914696,3581564469,2073103341,722484351;0
===2564467266,2950175976;2780703054,1594631066;2894146087,1894967795,3896226401,1660838967;0
===3995002170,3234910556;3753048163,2542626513;2618024741,2465542662,2347612952,929090424;1
+++2222694138,1308078177;2260785351,2720263819
===2163558018,480395196;963212675,2877846533;2878218372,2162128436,2884566265,2500121214;0
===2119429710,3376557087;1686057654,1449069406;1692239776,751823010,2060131408,2612739063;0
===2821669864,1120875643;1285215708,1538423619;2014496029,1639587905,921578379,2101809446;0
===1197633547,3234626149;2445733597,2053043572;3507485964,1789200047,2889682476,3018328216;0
===1075905702,1519547625;2675096105,2608963878;2516169406,1319188945,1591018915,2307418447;0
===2195528560,1767936770;3119988523,2516606299;2572476791,1784872163,1315628232,1398823715;0
===368863003,2241796128;2007333135,2451402477;3260495821,3141726347,1054876314,2506076045;1
+++1873278125,2429778344;1451150896,2507974841
===3599632273,1257634005;3194159430,3465141289;1167198785,468239670,1961076806,2189346199;0
===2877316118,2221363202;1657498705,2948629523;1921419738,2803884141,2718565071,2043149646;0
===1638558870,1624905085;2571773220,2315629117;2406942748,2761409342,1228877934,1549148599;0
===2276330431,2258960127;2154583753,2619697078;2761538367,3387555602,1857362290,2181543903;0
===1973461875,2308306373;263244858,1367472776;1413376787,1296934405,550189264,1509317777;0
===3414409913,1383945203;3972552175,2311206312;1522289366,2298162416,475554521,1239863307;0
===1804001292,2977737113;1934677573,675911279;2794898117,1328206179,3328418571,1694092198;0
===2935473141,2309637282;920180724,2754504113;2288505722,1902408450,2879469041,999192730;0
===3216595646,2232812379;2544710538,922988751;3191035957,3500362674,1726034748,1607911100;0
===3667952983,2598967311;2607185664,3373512059;3149371291,2782460441,1284118618,2767367314;1
++570567356,2840091775;2091710574,1228052806
+++2409085605,1880856982;2182637035,3354776862
===1149615929,2319807476;2017053936,1345235774;2475129436,458883509,200603958,1547813429;0
===1237880567,989954149;1992473072,1694450025;3046067716,3311261634,2297868439,799427016;0
===1322150892,1446823662;858486960,1494505941;1968090915,2818725493,1418528279,707821203;0
===2029125986,991060554;1829639585,2593463424;2116762075,1781688887,996532576,2479390638;0
===1407656989,906444463;1504262197,711590051;1117213179,2143154870,748974489,595727010;1
+++3099261283,1891257630;3628152592,2585105944
===2223500625,2008053715;2561261628,2836168215;2204739954,2731733104,2114224878,1846099202;0
===3678412078,2828028064;2211135615,2719264087;2690212139,2649215156,1809666382,1824640025;0
===2721326389,3078500169;3482562210,765604771;2451124995,2724007246,2018480966,3205459182;0
===2731885468,1319916428;3507254741,644225209;2067396328,2785086430,1879536085,2740633734;0
===3025568986,1092057922;817973567,2528433729;2676470187,979701339,1977742333,4045612013;1
+++2929550678,3168498633;2266800011,1478604630
===3939782452,2422553420;3153334212,2054492462;1394698202,1832861629,1172356843,2303952867;0
===3795886993,3566834553;1417959770,2415593942;3424435401,2750723261,579539395,1819379320;0
===2284490811,3227186952;2015377074,160491826;1092006560,1336041487,2940872802,2696555901;0
===2840952576,2819161716;468116702,3001206872;2037616086,3609290465,1857392552,3456684561;0
===1740183824,451846857;2701712424,3432563756;1606345318,3451030016,2180202651,1826977477;0
===1284247011,2561253663;3123947041,2487990240;3265055865,751589891,2800433527,1741167472;0
===1465648542,1818126925;930065893,2623098807;2189111296,1886970047,590783298,2333963643;1
+++2762025950,613108252;1968378243,2335163559
===2964076262,2820090181;2791290942,1820726621;2489387081,879612723,980276649,282665087;0
===1665169652,2974056470;1748715065,1439470941;2571823837,2163556086,2029675395,568237191;0
===1133760230,2952533099;4068337104,2248898153;2769134872,396489532,1975710994,2088834344;0
===2540905247,3520059131;2395404783,3152447250;2045540542,2367453195,3479172758,1819032792;0
===1250215340,3789731545;2965195499,1682507143;2894161099,1908745646,1820071287,810726279;1
+++1782832981,1950992178;1825938614,1218411908
===1284842731,2934792321;2383764560,1060025207;3443907149,2248777976,721294275,3061849026;0
===1644839314,1511569865;3733501240,1832712924;3205323474,1394721019,2636487034,3717042191;0
===2120686446,1964237085;3772875103,1839536978;1250106744,2158934706,1786233767,2140601242;0
===2686290810,2248573268;2467608329,2281237656;1947632484,3720708616,352744938,2594401822;0
===1609172835,2374958301;1404499485,1096296480;2490779889,2780131407,1185494629,3279866554;0
===1877261026,4035930905;2416504644,1019185161;3064248828,3708275778,1911396090,2890555679;1
+++2636609664,2674900812;3105771722,1967707780
===3271164464,3086089296;292231389,3876773352;1546583584,2375027829,2513664236,3014107228;0
===1336678181,3506481926;1696278369,1739427527;2900904236,3764616437,3524041424,3844378978;0
===2416936618,1500259201;2705448313,1513650276;1716998609,2047337055,2439093701,1192823657;0
===3376789788,3305238062;1564719983,1525225987;897306046,2335419862,2244820894,1546587132;0
===2913679219,3675643674;2310319427,1249259629;1598041965,1775324009,3054201176,3162820969;1
+++2110519062,2988402685;3493960366,403999772
===3381937308,2588034530;1526712926,3086861933;1773971419,1607313085,3059217888,2204291652;0
===1248211036,942607453;3173093393,2785236681;1326346193,1550646150,2830312282,2536371802;0
===1822151916,1401309056;2237787370,2183970840;2693924479,2211360791,2453508857,2079457392;0
===2527172695,2820756504;1450612791,1810719359;2051137228,1480823954,673780793,730472386;0
===3247477251,1934747080;1371243332,3628958100;3546669970,2054286837,238853592,2949588342;1
+++1564223763,3196213735;2199500536,1258172936
===2810609392,1690285284;2930061157,1136066822;2580306075,1148481515,1927732841,1630449916;0
===2016358649,2450205032;1071879689,1548405462;2115798079,1495883657,3235678830,2450474002;0
===1741097274,2803604907;1854666066,2040183212;1828489654,2855139276,3432076979,2332318133;0
===2713689921,1557149740;2439801380,3112939370;2509875501,2052790555,2250997093,3154896145;0
===2626337875,3941125649;3748632868,2999855640;2443516987,3051662963,2215140043,3220152433;1
+++2891679552,2340801333;688686204,658653541
===2400332569,4029702611;616679185,4003253210;817930034,2558534673,2940157236,2625132692;0
===2352643057,2634356589;2210320961,2715505793;2446811136,3702899136,2586170428,2856845639;0
===1514621775,2044085099;1950773412,2791909825;2394286056,1092687616,2019659303,3424343206;0
===2274542227,1560897790;4085836651,1922727362;2367664936,2828232034,1050738399,1394672628;0
===3782582433,2206630990;945943535,2582627798;3029101920,621921872,3661509453,2252386341;0
===1417847785,2008286412;2649498469,1600146071;2448793853,1724917476,2346201301,1908284963;0
===1749054150,1545923225;422348845,2087652192;2089925950,1683737162,2060607419,3237389913;0
===2783344089,3076523487;2140322848,2467527100;3219038926,1996971839,1785262587,1989767793;1
++2483292712,665348706;2758955028,3327562023
+++1606759955,1569479994;2052422519,2883389160
===3294672086,2327375393;702510394,1532353393;2823779721,3662160810,2876010853,2614858598;0
===1532714534,3857598512;1922029540,209800708;1282567272,2082747846,835561042,3103723526;0
===3733300815,2758369638;1404520422,1484529510;2392549211,982808712,2263782140,637783876;0
===2944691273,3117231797;1985353877,3683810708;1959314592,3506374713,4135616224,2781403113;0
===2039909387,2815935053;3080453424,2156286552;1761986360,571084122,625696690,268687548;0
===1822901712,635086480;2323877374,2784523147;2506414551,2911109331,2091726647,3175376063;0
===1916344093,2104865267;2159950631,1867625101;889285488,2683715585,3621771466,3245621004;1
+++3717690638,1741519501;1379875883,1050525747
===1871551488,2737240199;1437304605,2551628861;3010588557,2276061424,2414573964,1528083960;0
===3198127348,2375806447;2716125454,1386486565;1803910387,3586386237,3407121891,2257677601;0
===1293222670,2085854323;2520854385,3097691231;2564181612,1430780590,343889123,2176499924;0
===2738952766,2649978750;1521052155,3104098378;1895050830,2671025041,2037734548,2426393843;0
===3480676265,2011080930;2167239758,2338672980;1659461584,2349927721,2413024627,2748828196;0
===509222847,2478098034;2671634001,390098958;1801815504,2743418383,3546252449,1316687999;0
===2030143347,2149639616;2301330548,3567842807;2398000960,1622771639,2255663317,2540729636;0
===1899343713,3660495926;3326951214,3231132812;2162634434,562433288,2528040231,1707176754;0
===2281282672,2161533423;746341371,1613218601;2432059188,2649817366,1937656268,2030162645;1
+++482968368,1942905795;2435945432,2543197787
===1292572652,1994699735;738480367,1578419304;961994391,2719147320,822447614,2002291147;0
===2615657952,3171506908;1043192643,1903165154;2375024286,2265528827,1262468247,2505661928;0
===3521444550,2240098509;2586066422,2605630063;2649157990,2738323659,3023448358,3475367111;0
===1084535026,3395739544;2574117273,1633525013;2439378030,2446139300,1270620251,1606754102;0
===2005180637,2000177785;2080728729,2183223769;1043494795,988086492,1445081490,2588172793;0
===2953306972,1518148112;1938597309,2017941288;2664249841,2139325917,727296964,1467834562;0
===2656380951,2379600288;1505871757,3940864128;2079796994,3333826744,2588489106,2881935047;0
===729163550,2223521563;2733186343,1636406692;2423843660,487970862,1895673111,2254296268;0
===3806048824,2483548970;2329330955,1920628667;3867184922,2362461395,2683161140,2310412252;1
+++3428285501,1037288914;2725148668,55284741
===3164902570,1982344384;2952242371,1298478834;1268012695,3985588987,2693408236,1880120441;0
===2121276733,1427243136;2750855831,1513721686;877790988,768699088,2151993282,2207266139;0
===2839092709,987323105;1090823430,2572227398;1340777463,945367139,1672670352,2528682544;0
===2690619649,2226563746;2279448633,1697263364;2856731373,2817300546,2328961297,1047369639;0
===3208776004,2511703395;1413382440,882540134;3073387166,1411372338,2570191518,2512146080;0
===2163035287,3061774375;1224476849,2039661512;3120648844,1103229600,1602479980,1657970463;0
===1837396335,2784421007;1050457488,272060559;492163701,2766217770,2202274355,950186950;0
===2035508567,2734868134;1541380977,3532172169;1753167092,2042780887,1989971426,2439250456;0
===2973418924,2095001184;884556718,1220426839;2062023813,1273536008,1839675795,2416267515;1
+++3035048197,2182082348;2897698130,3080651728
===169931821,2087939494;1958670360,1964727032;2958836920,2002989549,1746355874,2555182475;0
===2645588185,1597115994;2190989058,3013271683;1513819458,3816902581,1851073654,3240295907;0
===2214408064,993543320;1654892268,2825907026;767678599,1816212622,1315320513,2928358493;0
===2059561235,2472452043;2849648918,2907384763;904312461,2508004183,2899013038,2583169701;0
===1475998274,2533774198;2201641986,1848083216;2803809952,1205081439,1693439674,1951710953;0
===2405352156,529624859;820498451,2017607337;2195700227,3218760617,2043800316,2066072446;0
===2851327022,3520785184;2455074466,1693532967;2292322525,3305485803,2678252640,2365065935;0
===1820080094,2336788335;2291888427,1740054834;3603371800,3422204953,2287503555,1786594406;0
===1493876891,3746692158;1697362706,2262146268;1369634505,1957928410,1554557458,3955396985;1
+++2205848686,1032984583;866152043,1416402997
===2325652180,1611755650;3670662446,1967527961;838991599,1800685572,2729266117,867229498;0
===1253032824,2245807195;973447478,2148928644;2458973073,3717262331,2312059591,1084569128;0
===1956854827,3098866729;180097592,3010696394;2086690184,2249034465,1782893419,1364345505;0
===1293132662,2991915603;1328216426,1530596997;2372054623,3814578491,1168903802,3650951883;0
===2188404060,3447562879;2357520859,2031412024;3439778437,1493386589,1749822178,2647652621;0
===2901664484,3420947622;3483399829,2602635927;3477724036,1125487088,1547999778,2043907455;0
===1718648624,1958914846;2655913472,2084561057;1549168200,1388078830,2974600669,3209088323;0
===2390960388,3248621382;1974966655,2226864985;1414109605,496831476,2225224961,2840422561;0
===2761079940,1967772026;3365727425,253618855;1835915507,2303911961,1467633365,1961037792;1
+++543645193,2339874385;2607595720,2574523288
===441637003,1927874151;2038373324,1476282483;2147199669,1890976084,1337034924,1397353925;0
===1850564292,2573583894;2326587111,103168061;2010396722,1950213419,3654678204,2095717644;0
===1484684317,3692648138;2103768588,3079722682;637000925,1099318695,1249138628,713619613;0
===1891350581,2317429054;3935130038,1909540183;1379634705,2701057645,3545247031,2234495650;0
===3883283471,1986275771;1356128002,2112830128;961169966,3174124655,2876214652,2828470502;0
===2764116178,2917280286;1190145262,2832726091;1610790886,1012062415,1646542286,2133254175;1
+++1568725291,1597175978;1746905597,2106527731
===1660245178,1480627449;873060306,2223504964;2743600474,1585001404,3307338309,2040127768;0
===394752086,1061886940;524594313,3120581386;687325063,1019347828,1187867519,2203533285;0
===1407095358,1067081602;2277541821,1213761319;2649370665,1401933525,1783970648,3854379627;0
===2658470845,654348267;2523682738,2213759123;2304192043,218622591,2592127145,1068485112;0
===1767726900,3014364341;3473541250,1056474883;1487175454,745208281,2181946024,541552184;0
===2361512537,2008976394;1919718681,1581100352;1269208133,1326646871,4264957370,2769802813;0
===2432162554,2050962886;2847406953,1967650063;3776464541,1175740351,613119721,1730350804;1
