4;3;8
+1272890377,1240588511;1363430424,353750527
++636187905,872040030;1274089545,774363839
+++1733362954,887592692;395028926,1329198829
===2001771506,1223502411;1281434230,962918979;1757985325,1048259915,1899200722,1943158344;0
===1829935166,1229959150;939200191,1138220844;421307621,1045085235,1291808714,752239374;0
===65735846,1971347571;1333302261,126864038;1700954642,1739985578,931071634,1161484341;0
===280904254,424953556;1395846831,853971861;380709216,359434312,1465874979,1207883841;0
===1951188953,178194767;1038367031,1582517343;318985612,1152466766,1099405450,1888612282;0
===750606057,570028109;1055046010,1835592014;1618981984,730394219,576134226,960488251;0
===132806102,727171577;867926435,2119234678;253164320,1999420931,1641038673,68268025;0
===2095986218,1855523800;1325915074,1681271274;399079072,1853782136,2050705563,518708748;1
+++467358094,1286022255;1812076434,902568444
===770301093,300070687;196381328,80996908;477428990,602127106,787845782,143397524;0
===1950628586,2142956474;1490091708,602399480;739727713,918252082,1775113081,1982076577;0
===1229126110,1115145717;1014614469,1573348160;25550911,1290955346,48984143,1583522339;0
===1723636991,862563321;1745482070,831186258;1177689876,705976905,726866933,1806873915;0
===22619068,1988450744;725494709,1721721492;1017894871,2030865138,526648271,1307621263;0
===823289395,1976817138;1092038133,991308616;786846254,1543293178,1301626640,424672131;0
===1283071623,862348497;359250871,1155272420;264013473,835840788,639769300,1956169918;0
===1191980480,845857931;1899881608,943589527;240745285,1719535002,867679258,1831320754;1
+++716183331,1779954463;1172816471,1063120918
===709714887,1873408468;1831261788,1205002173;1625691407,1578873886,759497686,218808280;0
===1111458015,415545576;1519973384,559387890;916695606,1440008923,1442556356,1445601926;0
===610611022,672200680;272777176,361250404;2080529314,1342158747,1880539089,826622188;0
===1681514444,2113951840;2007094028,2118566725;882682679,1181845717,1830127528,1850553810;0
===1552469401,733451858;700341795,1749616227;1248383574,754353885,1633050124,986074254;0
===354534982,581853767;1167069274,1547943263;1502554190,1248260009,510621595,323156603;1
+++1002081321,855864277;1546946758,787889354
===670526993,639598872;364894793,1035206763;997473821,863708569,325238132,1971184049;0
===902421275,1546296308;1935251304,429767654;1839890100,94285670,1000734885,1349324947;0
===140962987,873374182;1834290247,334715754;1619949724,1011347310,1837301839,730620152;0
===1249655031,2069388705;433329957,500413888;1140431907,495643875,842220186,2126963634;0
===706063576,490498170;918976818,569259171;200210815,546737666,1998809091,243712661;1
+++1773323241,1649908081;151997107,1805347413
===478295062,627109779;1972441560,260261075;417418223,843030801,354099961,1958434869;0
===845266498,5210472;1058925762,906439090;1026068620,1480535325,1704939022,1354283597;0
===666067750,1542089549;756451034,1091338323;633789496,1805904796,1815325901,1531505980;0
===2145952319,172258760;278453072,2023746043;345321793,32221393,2132157979,1732830100;0
===612170812,1060015918;926087839,1351021757;814405292,176377406,1074102476,2096019407;0
===906407695,1202993461;1527540233,1193248985;204152089,1157336128,1159053418,1728645367;0
===1246382151,1738110273;853925119,513011268;447565392,75051346,1864994065,2137013996;0
===379793335,406943213;285427696,326983746;1502098338,2003513524,553897530,1500227706;1
+++837046044,2143666495;2040109153,1629401275
===303966705,169656123;1882274126,456259191;1526399233,1047047360,1099827563,112140774;0
===2058017982,388702435;158509210,1382756612;396303205,1196278373,1023028061,2106646825;0
===949461678,158681752;19699996,1622107479;1583404620,1489210574,1772503203,1843884619;0
===786400436,1521915291;1850360183,377906695;2088170825,394115964,1487845182,1201113682;0
===1042631412,553843043;1827716245,1834924409;1646918845,301398783,1226142696,1281184998;0
===1234103922,2087867984;728621095,1107007719;899261074,761606821,2024951986,910276802;0
===1925667764,490845001;268767957,792872863;1345728508,195813432,940298724,1789502058;1
+++2127143716,1676301616;1114381664,698756557
===987721750,1443740215;1059965705,800639888;1939795652,1920006444,2054435764,633151747;0
===14101174,1085218822;469670227,769413503;1140174929,639941903,1073095635,821371781;0
===829025020,603103921;876357058,831665262;1514271641,1879582538,928061476,205296907;0
===1002643042,34137511;1739102099,1766003643;1272185402,1789543664,545638576,208314737;0
===766278746,1309268339;675346186,1163739696;311641174,2104318497,1058646592,955552869;0
===1107116278,344179199;1753000489,1639291566;282062298,130992660,1010731764,1630966009;1
++887794474,719961441;185982300,260020692
+++2090689061,1264538864;1661611382,1598549476
===1707856221,1585596254;1275895238,792771330;627148988,1162811339,1310818504,1910873297;0
===460207607,2105291608;63888111,1767492346;833947534,1530826211,640054481,1487129488;0
===1442415753,271377680;1604734895,728117653;246610004,398143801,1337313934,204928262;0
===776779468,407256634;964329469,799316664;1540868822,2113733351,1547945289,699243181;0
===1119398057,175173369;213672442,887210995;1258382933,497972869,2133763989,1133691255;1
+++462631526,1403497861;868749022,94417092
===1196518889,1778981969;864859698,1112164298;1645119643,1350640161,869330182,948857334;0
===305287295,778811648;1418726829,735663353;1932429285,321832609,758020438,247396281;0
===1960968960,1621522350;954969888,1793210820;1986444335,1395634176,94478369,450494152;0
===945785128,1145164847;86154964,158387910;865915823,1649613763,981931578,1272879808;1
+++971402433,820648140;1402995189,866680628
===694903579,1537504929;965009798,595177272;1073490863,1091934214,641788284,569445639;0
===2045613327,2065331062;431958530,13559740;504483074,2089112956,121039837,1324187532;0
===967383739,397926751;1074627108,899503129;1893027486,666036352,1054114030,287762811;0
===1178555748,760038041;1410497070,55952812;2113024951,923036410,1906246090,161770684;0
===1081502498,1229877557;1114990072,1275813315;935532246,1564558049,1707261639,1489576816;1
+++1367454244,231363339;1142579494,847631196
===975945353,807422853;1184669584,1833795250;1108225652,974596622,1586215301,1985053525;0
===648581670,653013012;1035601014,906016776;852860733,1252331684,742217784,1835528433;0
===1464771147,1451818427;1152450291,268259721;1132108070,867665670,244856583,718706822;0
===287301312,1389132380;735325951,339859998;745824018,906833578,28334408,149538510;0
===1449844666,499729717;1248879155,1124007501;1606051457,1223272861,1214834172,1012177320;0
===751686313,379996886;741606868,2040579954;1846960054,2131602340,1608821739,438798634;1
+++856094332,892077221;1579452862,1555483332
===282596330,1063049664;1707094491,1069547843;1181783394,2016960261,285334305,110071618;0
===101422997,454434680;288608055,332283236;900516162,1496091943,1406342387,440190170;0
===1178334513,1406649101;903788376,342219630;1060438230,1185108691,1578285856,642963552;0
===969259205,926354879;1868661995,821496377;286994929,137854001,1036548638,443812193;0
===350478763,1080480810;386791508,495486048;682246511,309315328,1812531124,70292892;1
++1279490665,1184014305;1237830301,575620767
+++205004585,602211075;610290407,860092211
===409021101,421105905;145578427,1499004158;1595470587,635990954,1564092431,1372435238;0
===1456777202,327386728;1167928784,675921822;1459642565,1311909217,1648101931,91039866;0
===798016478,516991602;819329515,1116558605;38640719,1981205563,248145869,2000893122;0
===1285945776,1956018141;792750527,2129928473;421538330,319609992,53710697,117835125;1
+++1976459985,1949430685;1185008147,692720274
===1274516803,2123911688;771097745,1700133030;1580619126,1248926042,1722292859,542750666;0
===2047838440,798936875;31434930,2010247956;1126130511,404746342,1223221928,1211166587;0
===1772222898,1472723733;1001427309,2097371647;659182728,1347918237,264618133,358590598;0
===1436505311,549476986;763778606,412179143;752985691,717976526,19466251,256904054;0
===1907221895,437629197;775020429,93651673;217230963,1947829992,1134107421,368931169;0
===1001613843,1467168121;463836410,1612267130;1392298715,68265771,1374683849,96022096;0
===1961568133,485460339;1976302757,17825496;727999375,423816799,1605050656,1608291860;0
===897443893,447202980;1558885017,162406551;878140794,1063930260,219287363,1797240511;1
+++2114229898,1243072842;1112062862,634225825
===484711873,2041315185;486815755,2122215468;1760196547,1404653716,782673862,1425561957;0
===785589331,1829192694;2077668386,1096538149;1093949521,1077238243,821234463,1839422864;0
===1294497540,553683179;124233147,1081380423;659877189,1079286825,1726218439,402964610;0
===738857741,1058967209;32925119,482213582;594899848,539687560,395489003,908287018;1
+++1833960520,126258524;936084051,1274594867
===1799749946,373787437;577473426,1109861274;1834151325,318796508,2094202546,1758122275;0
===592472669,1153032507;1614736900,2019980021;27500191,301435873,1717981848,1439624288;0
===1011431279,359759276;2006234343,1791576128;756271471,781817042,925154445,1098573286;0
===1705508237,41703503;1292419631,1609782738;474477284,1606359391,2129063725,1586930435;1
++684412220,483578741;816212748,1973282910
+++17196147,313943986;331098493,1973509249
===1416598243,1524091518;1728160145,1957918436;630376068,887203610,1650509273,503205764;0
===1256362520,1034630617;996783551,1709838693;1242556109,510171342,947509132,876687697;0
===525329084,905561217;1052973752,353449419;1029415387,801434898,1725205786,890728258;0
===335852586,1125193911;127637361,2115380950;1470177194,365459358,1189444454,1309783794;0
===513568333,768872654;1578982804,276473017;1741377323,1925046332,1428234040,552617525;0
===203009821,288915952;1413946021,1798409402;530757370,1559980610,1587744304,1499407180;0
===513347483,623072988;2051540908,1376332238;330180029,1475801692,2065816936,1156754400;1
+++873939342,195544230;150774314,1255757254
===1488218007,1093530176;13722761,204633926;1656551885,890365760,1767359385,854457108;0
===654293330,344446504;458580777,1375451767;658562744,927921029,1814549383,1173179284;0
===1896858467,1084825062;2065922900,749824769;1222291349,1746624697,1605195159,599394391;0
===97595709,2122184660;1060815270,1988500886;1323791754,2072562758,946910534,1832549153;0
===1080541746,909854137;25205240,1436884646;31351821,1045987681,1505238789,1017919351;0
===1985000760,649464794;504728216,81336693;1109019897,77489267,611634601,2034322642;0
===157310603,1909101033;360486201,1217934170;923714971,2067124998,1107017967,1246437854;1
+++1420505421,1777667598;2046210388,1460472805
===812191112,1802178714;1475766880,11954060;1250679215,893329949,1078824277,1711646926;0
===997490854,1520050254;781062592,323751097;1478701934,1843717463,1762566058,762642158;0
===629112704,982946081;1649480647,643686916;792786053,756807937,1483291485,1325578716;0
===1309501262,657882316;711474340,416222863;204980794,2030988940,434654397,506034282;0
===861316115,1490600229;1739471368,214404496;2064037849,860271260,1043982669,606750577;0
===1364759361,1446257085;1785706076,922486240;1310749703,271815558,2079433992,904326265;0
===383628936,1195223679;1666064142,1992096799;1323248922,1460075174,2080354077,1855217804;0
===2030399681,994833131;706319434,723479114;1578549034,1685548169,1497717775,869955661;1
+++711557736,499482423;410338301,70181556
===1802357730,1009899759;1488695943,1590965255;554136715,535213346,1758970228,201194468;0
===1427490977,640396157;1971023289,880064659;510308564,137109799,519357987,507652607;0
===554580723,2024301523;2018848605,766336835;764182762,101278087,1828934764,1941360502;0
===1969558609,990603596;331936072,1441169243;2120989769,129171275,1493963438,1942650154;0
===554777753,1348999483;693673462,1519943466;617358196,1456940226,149420828,107880163;1
+++1154230279,1972701228;456647236,1823258093
===1470128446,631584059;319847668,993211216;1265585999,1773233590,57662584,1224112777;0
===174447087,1068687394;523556576,1293690970;1755496397,1064938114,229759823,2041042542;0
===376735628,25109688;334232806,296526725;307988133,973026569,1494793997,1900278814;0
===1426194415,628028377;486630259,103339960;636599494,34979605,1259142413,1946040849;0
===1356839971,2113246713;1625130141,1336024350;720128868,1927239658,1079104067,1503018980;0
===2145506261,1188345273;1906390233,1486885467;758786622,1091594760,1801805787,607250907;0
===783681115,1634889122;837896889,19635188;781749798,1825090927,2030321355,1648569141;1
+1698887865,2045055765;1539967391,21962333
++538612962,1775093242;1627169082,2039466195
+++1381596137,263318610;1658574617,697656260
===1354749285,224443134;1470562075,2010758010;999711024,1869980917,1019633320,454761511;0
===1542415467,1184254400;1153454017,1892448948;546210547,1515732430,1052173270,78084893;0
===1227510428,344918913;1581491841,112521967;1400454539,1641829691,48774306,1280185823;0
===208636453,1883677552;996094543,941225239;108450320,840420016,564436123,1688500802;0
===811184201,480386524;86232764,2082629388;2119707479,358933553,813823845,860566408;1
+++678521937,262551563;1782435721,2100818874
===1019992510,1969585697;1670581689,1272661144;461409879,1098175767,165271173,1143501405;0
===829345712,1118808224;1674979432,434106221;517268522,1073710359,2023222208,2064132823;0
===80210938,8864178;1805772101,1466465734;510015232,445972185,1951682019,1610056095;0
===1837912895,273949233;1278422412,498524291;989556000,2020426993,1933008067,771788360;0
===956612406,456086472;414530286,1703571215;1877953390,794450194,1262074658,835913099;0
===1161420128,1505494687;1022065335,1177481532;612746776,798926389,1987708480,1664780518;1
+++1343684470,1613316812;300434231,623086341
===258880740,1662108800;134988096,1162777391;1010181902,505222614,1696716907,1180176945;0
===583609982,579504497;1256436157,1791527441;694638665,127661425,1184138110,1942930389;0
===176096312,487589416;1985583849,1584553803;2008998634,430101865,1226239627,705524915;0
===1489416883,1443386468;166748233,1898587507;176737869,1205641709,207690190,1503912257;0
===1181556735,465104092;581654254,1632380230;582736779,887254563,792013997,914825275;1
+++1982400164,2035603482;1251349788,1371883497
===1316747760,336777263;493061725,2084710286;563678,1400505847,1550057203,362286354;0
===912527214,232856426;2105014609,276195270;2119410166,1703792349,876926059,589008436;0
===1828221943,1146169007;1467422268,2117472231;1300457172,971933459,1283530723,2116281520;0
===2078624563,2005592847;713315364,1804317294;456600386,1832632164,41018069,1659864309;0
===1930484879,174001105;1550954142,1228182638;457011612,647441671,1072417725,1751808624;0
===2010238833,908027839;998186279,594632695;1491583225,1383949096,749862288,669719715;1
+++730041604,982686307;778474472,1891131000
===1444668301,1341139562;1042146696,785022382;1131129725,1295832670,133899084,1890931973;0
===1370107334,610242114;1075699587,854641144;1067109945,856906707,1390583964,1821891828;0
===1012783836,1429424632;1236364306,1456462475;1434065707,2002240591,1443184624,1731769449;0
===549583109,1289158288;1840845351,1429944185;2016266574,718274361,559355030,1025006757;0
===2005285774,1423534889;1037735303,398826432;1125909502,1367091131,1723076061,323296917;0
===2006281362,1667858585;1270822452,1783883476;1221134314,1275450285,1885255,1774339705;1
+++526603093,423926502;1025582681,1529643429
===2135610146,273529083;1115961095,1438853664;343796219,715940701,604453778,677720367;0
===1041446107,1572490403;571450257,1790275801;515649493,1206983372,429981698,155094172;0
===959439356,1557648079;2071275105,1148297099;1028750782,1692862595,1690072296,732100286;0
===1893913673,2110613948;1441524534,1983515798;552857564,1113784509,2039346614,1063308494;1
+++1161685357,556799023;1755101530,296359574
===229331792,1689998277;1602080824,1937887321;2070440535,1059909687,1625371442,607846874;0
===1391508578,1676450576;907066714,1409559434;1065239306,407208848,643684323,1813060677;0
===1513594101,1844562436;1566124749,161379307;1982839599,545971074,1392739083,973930935;0
===820327881,481647278;1109330899,2142620354;1133522355,848183456,330229139,1415442817;0
===1284978506,1716115578;887034451,1930793136;47121362,1597837555,23941225,150223030;1
++1474758379,1084178272;557924400,1988610056
+++1566700043,36820288;596943516,691366566
===707760781,796758611;1336505562,596504018;1576057919,1306136350,243089373,63912130;0
===2027326399,1912349925;576004237,503441665;1354877687,1825686665,707030633,817966181;0
===1260858229,636693534;1768412129,1777884944;877823023,1801357097,181545189,1908112017;0
===592361368,55347544;544402365,624439246;403058678,211384084,1861852471,1965494513;0
===859710902,461769800;96797137,1337224276;883522712,1161536853,623449427,64661230;1
+++368660010,1317161173;208682044,1018672381
===1900274487,419371951;393448686,1301542250;1251533271,1118607855,1844619340,1361116852;0
===1087855242,454322520;887289524,352949335;846695720,798606850,1373147453,1265940229;0
===1345509401,1777162427;2141005061,2082005013;1729299490,1915443153,271278688,1752728673;0
===762641569,1956860785;1789999903,1471237123;1919910423,1916272602,1168569282,544029111;0
===1402920673,1988115121;99374683,1362482094;770299629,308409287,797880301,1279695129;1
+++1916352673,167290140;440209210,1179937816
===479021880,1428323890;1645881669,386292802;1475114596,253397093,1706165555,1023648179;0
===509329285,1931196928;1937562519,2116338466;1144053984,370819303,791080856,450073310;0
===170191540,106594520;773235988,1230986809;930656748,1415041776,1289153839,1770852347;0
===1218462120,576692684;536425929,1268633020;1364138809,671228473,886280820,803959300;0
===1913273861,123630005;1716129539,2078534723;473786181,690279145,1190676381,456470632;1
+++1251785340,101600832;772953614,1388980218
===1747920506,2112343082;1939488939,2086114643;673186148,1045189283,1556800428,838697230;0
===1359077488,899623620;105712625,371214587;1449707447,1667969019,1994387789,1550901394;0
===1033808433,86652232;361491259,1027379275;592705312,222812428,286580584,817890264;0
===436728401,1633453474;893963059,1759894169;281876717,1507700981,1729046795,151248310;0
===889244257,595392379;1564098276,567117600;1608997352,74321372,96594422,1954685757;0
===1499410885,831833546;2060789136,1925567354;87799135,486168070,880886607,113860238;0
===1497435224,9789013;844455084,17066036;894760773,1547378847,1125308396,452445932;0
===961522537,139037023;1996068218,410107708;439776863,1079532607,651513479,991313518;1
+++1019067736,630270811;1392548886,104494058
===522722975,1450442306;2099999778,1413576849;1721488830,616924556,560495686,2066290123;0
===2145576656,593174514;2118927555,415857026;1362244025,634197212,915008234,1423291740;0
===1237717041,560359507;509195059,586270222;2067205672,196903030,599979676,181294345;0
===859541200,1440579892;1470246570,1510690492;1709170639,2077955249,780295361,2062259495;0
===1868265680,961187287;1809470704,602540303;1372992875,1975681740,1361526513,1551131403;0
===877612003,362926653;1246820100,1117134807;1690307004,1156742451,1050042623,2018147555;1
+++1548800453,716801434;983792215,1340587663
===512688325,97806652;593891545,1860365974;2134693346,763052061,1000041962,294140692;0
===1072026092,240931833;937754715,1459530078;1663545195,8249373,375252565,527395749;0
===187011272,1292299322;346680601,2058889138;1018572780,921630035,234958960,692272415;0
===1319695995,1037692586;415260931,1699018471;580234874,229686343,328407386,68135010;1
++1710748430,1808528366;43459785,2068335262
+++137374727,1826140464;1629960317,494422023
===624923795,216944207;1622902030,1302045765;2067769747,1736368506,417474074,1236335732;0
===1639827133,478784518;36378148,219783423;912182799,223184764,1311743001,1908752564;0
===504144726,1402536102;1201996957,1927353099;1027445364,956587638,1213981033,1112143491;0
===437430049,1262757255;901941168,1632345294;1789636493,1228281702,1456135153,713691246;0
===562821216,1443548674;755341951,457894904;2113520439,1675569151,1039560767,1799699542;1
+++2043434810,1647049077;1394556640,1794628895
===593044145,1619667412;929828588,87862003;670672874,471021490,750800573,579053107;0
===656618693,937246644;762539644,493691478;2134274633,1999063487,1637508762,49557523;0
===1888651262,42109728;658665629,1254500144;673420593,419063685,1841409542,1346901974;0
===888068784,715957587;641023258,864334357;2019664006,1118826172,328538863,1097688408;0
===414344722,2112574892;316891738,1732706617;1292241616,1698253452,1269723410,530112375;1
+++348083884,1075842468;1815257581,138785397
===1360667362,603274146;1075796749,1531773070;404019338,603072765,584797631,1985954994;0
===1679489436,497754679;2000281348,375263256;454066733,1512722423,1429341668,633289190;0
===1594225342,1779445608;331670296,509876091;1114576060,1303543372,1184535428,967892736;0
===378285098,230956563;1202886214,1349993298;1657351475,1769185964,545990993,1837669993;1
+++2004694210,627959649;1513571889,1820035376
===1179015040,856194028;1057429507,1173791541;22647231,1527467581,872139201,552728342;0
===634571686,1361493923;784864705,77968725;294504670,1513366138,1001945528,330395543;0
===28415213,894519058;256290332,1851412860;864697356,503547407,833446068,1666043136;0
===1081583272,1078850249;1964904929,185594503;204974341,1072836849,161195889,227591552;0
===1532976999,1010041271;2019341781,165209240;152368258,866493167,661978815,1524666099;0
===300775313,348123850;816271617,1173885444;481916838,510515870,168196967,1174559092;1
+++1903349105,1387869573;767594396,356078095
===1549169117,1093645114;1710261194,764664995;274408322,911160965,908214746,478837860;0
===1167664210,1148441591;654139058,130498043;1166288720,2127226972,1150585925,686809696;0
===989825525,468708424;2076444328,1958973939;1639495761,1884796692,1214595710,1217069153;0
===1439749380,239533152;21045960,378297065;789789445,1605474103,1344577404,1403977700;0
===2065442620,1663067675;1053801458,1800091745;225594542,1284796595,808394318,1668842656;1
+++59617461,282268051;113686330,491957792
===1074670080,63208413;917600994,704911279;635148066,1013791580,1415182816,635301847;0
===1576959931,1933829311;1662833520,1473164569;294755972,1459734643,1444621563,977760415;0
===1643572374,95200815;1781544667,876658594;542162199,22107884,183922442,1305309357;0
===748332873,1392424352;1103813619,397835627;339683302,1152886915,826844188,1416831406;1
++1233975165,1712895971;1978374270,427497122
+++1843676981,2134989109;137781581,1658413768
===1142573081,469866859;304856472,1893925097;995128834,1307774298,1299812669,1887567863;0
===360826316,878343844;52499281,2133374866;912273317,513380254,518167520,959329041;0
===1045821215,1821106219;1964435826,1771819822;1182635780,343177858,14903454,1113103038;0
===1575455294,1050895274;1081766631,1491230263;1399672010,720953745,111480112,481048705;0
===1635128371,518770048;513071333,2036769269;493283654,1410520145,197309024,1306616160;1
+++550206967,383796828;673750888,382548515
===2092226874,1157679989;818599010,1495923555;1069863952,1940476073,436312309,1903014651;0
===1796844293,214814323;147015772,1107339303;1709571487,1187371138,1327959308,1125556535;0
===1704959906,2029316128;1431104793,1337651768;393620811,909835512,46211440,683364369;0
===1306309233,770196378;608521927,234810417;1947051483,1636149,1832644358,477521661;0
===594036253,1614484334;1131453425,532773622;134291525,983039691,516787651,249363495;0
===375906516,8288018;1796617020,236199363;480169751,154835213,1790515282,877260980;0
===2128965106,1520506690;419969620,345159164;146344168,1703736766,130155134,213280272;1
+++1747724161,1898213228;841000979,1894351503
===1675656445,31596504;184613404,1591075992;313822171,1492446445,1061874950,1352134372;0
===102095998,1024832319;266627533,62351556;1002982337,1102779992,1286481058,1930424410;0
===1244281751,573356106;180825782,619123772;245646875,661899712,1914579878,1357059057;0
===1770570282,2018599467;1823215179,165150573;269820741,318947936,917616789,997786932;0
===646464278,196771686;1896217810,792532751;152775425,919770986,734105581,1298456305;0
===1844877005,1977519387;1755517986,86989862;2040582457,1160390816,359109142,14880446;0
===1872226830,474554638;890074976,1788744591;1842153802,1506057699,1895547978,1661652174;0
===1954508524,1330528034;674169181,993386710;1746722839,1864769017,498889110,432530949;1
+++1105592677,418418556;1052104984,578878708
===881839652,749529618;261120535,1581132522;909981922,1633699744,881546059,391680043;0
===826686868,1394739518;1573740587,993636480;133375648,1288266743,133119202,1326165012;0
===1321276548,1935796164;2034011319,814230935;1887065641,32026861,735733896,657333502;0
===2051600756,1320668256;2020276622,1231352069;566589909,275803728,1046404298,1764315649;0
===1332751829,171794696;1916672371,1341401134;876940728,554409309,1720976366,1885806857;0
===1367188202,188363346;1325835376,2007525728;1002057390,1415316725,1192741073,693953568;1
+896101239,948802966;161224781,1135429913
++63461612,194467270;1684833935,1545390938
+++762747645,1391006376;1910741848,79281112
===1138899285,598531448;1175781111,1032716409;677163810,251516318,725575583,157976165;0
===880949937,283840709;203598630,748911083;818068777,874755660,1176262567,133132662;0
===477197658,1347724796;795919028,1341359564;972038898,1736880385,1854515688,1582289404;0
===870813921,3720162;1122984243,1699850318;1286052489,2011631023,336909175,737613336;0
===516573634,977929898;65414635,1175026684;136866114,1041803674,317853272,1508772259;1
+++549630798,1581095800;1723658163,92310942
===925128324,549661296;1721936177,691294224;346039467,528140923,1632976037,1161996316;0
===218306755,845221198;1760479325,258513581;858605707,2082533114,1548866570,1264933188;0
===1899882362,597444757;101993890,1761364831;1656276312,2003187655,1998465730,1496688814;0
===381129443,978210886;2114308244,244919888;1456054669,657311164,2007609357,964114986;0
===1405777466,754563316;632962941,191180354;1660012064,948179947,1737263902,792685738;0
===888358276,37269200;888600602,926468098;1601288762,438079947,1667761689,1488642549;0
===1071918559,207267728;1362260415,1108934504;950910471,1360679766,79833336,1398719442;1
+++1945250177,874044612;2126239959,35431720
===842017832,267948413;525840318,1348324019;742887492,441982060,571300401,510871942;0
===2079498052,1101350961;929311623,1183375190;132068865,1432996670,1581846422,1068970077;0
===1807632999,1062234034;1015913002,1372907985;1626077224,1433322385,26983976,20994580;0
===895654226,658534298;443426066,695145633;442340609,2139926234,924277332,1014785498;1
+++187144599,2073791152;2032575829,1914309221
===1078861095,583132473;2037959789,1342322591;415316861,2092349502,489626452,1306786483;0
===1913020485,1204352476;340159373,281989851;1200697965,365887554,1279143421,1530404430;0
===437292244,620045020;1266485086,590647162;1105095983,817154788,1297053152,1762298668;0
===1326101981,2037017065;474208654,1318004538;592699941,579503847,1200891085,271314092;0
===783464112,29442165;1224397496,1250168955;708787119,1877642245,703664447,1256412849;0
===1849392751,35611601;893092252,1640547427;1391972225,1186253155,919792624,1627589764;0
===1182332630,894177413;736604018,1363509994;2079584360,525874755,7756212,18602570;1
+++217101631,822318064;931685963,1593807765
===887105255,388417683;1807096837,1655964738;155011102,2047358066,1987998920,1219711295;0
===1047286640,1807964869;2047228362,1733633182;920339446,408333935,462633304,553395521;0
===1034764901,1452207855;297353465,1004250239;477961805,1610082514,1460282431,185537392;0
===1621303493,941245003;1822199292,1782832419;1702191931,715669334,293339025,1596514320;0
===1114799381,818555355;371368984,101455209;268470152,166126210,1354682410,505491656;0
===1030620742,543898331;1979340797,2129906479;48141759,1456761165,1767571358,1781382219;0
===640691566,1797047465;689205987,1866269746;1267495840,2028878992,137703011,1202498140;0
===1593894354,535153833;1338566683,620225342;1292666985,1971362888,2098088989,369431451;1
++492696430,1213428193;924310295,2107318418
+++2075680681,527255950;73296130,1565102592
===1450649371,765907324;292660407,898923237;620468632,490179691,1353446954,1474412615;0
===594296987,1077075317;998430720,386017304;1125368319,973569094,1916780886,1629862026;0
===1289793478,1540466749;434575755,1289513146;1588929553,2060550749,1172053392,593818661;0
===703459766,1417393623;1957672792,1508723424;1307778982,882568240,484674437,347736435;0
===1957057841,482571067;14234565,2126676292;1871995831,880093991,591621021,1063241567;0
===1713574880,1376263024;777995195,982566924;1095390225,1425974598,1593060828,641765377;1
+++903279471,1340241980;431774609,26996358
===942851811,2005579594;1242327038,1928984648;1047731188,1215345365,2025793294,1052493547;0
===1696991282,1338575533;1359969165,482267845;682918203,1397141169,2048242345,1144236168;0
===1279324629,1503853688;1828952465,612826988;785623723,592347931,1492694443,785708568;0
===1023145901,515321658;2142838289,616342950;276684177,1342613142,390526476,364166944;0
===1156890656,554722648;2031631182,907463173;1683699748,1265908706,1030493498,218347880;1
+++1590137956,560996814;299741694,1963003921
===647178719,113242796;1947210317,140180654;317215473,1285676308,626900458,1025867271;0
===211090431,841806749;1310845033,39763887;1165475990,989992821,461400680,354342723;0
===1239926727,716058540;1048771861,1217930486;602107774,1328628559,1752336015,507075087;0
===651279454,1555693826;908117510,243852520;1518391227,1678743898,1147875493,1393376570;0
===297747878,1685292562;88716191,1866815609;253098515,423292943,636672506,972866618;1
+++995236656,1820493023;98343063,790002715
===1723762531,1368237305;662053705,685324512;1753895509,1516599379,2141568548,1146839965;0
===1941013576,746479571;538887007,588660472;1446611300,1500207046,1508148355,26389058;0
===1544345699,833940771;1225772914,1751107103;1506035492,1805636269,666521508,1643957421;0
===506081382,1400549392;2011704352,1751321629;1412037432,2142723612,1509016087,468962143;0
===1554467999,497038410;936447371,1718221583;275647184,940992967,685823377,911482668;1
+++1916830686,17587867;560575297,1061960837
===184635831,1418787839;1050115581,2035061458;1682009389,2894489,1430266747,632496058;0
===941442432,237024397;1964113908,1851221544;196493734,1948507712,37337427,583590233;0
===168070965,1075975129;1995389708,1841375507;337974490,1637110996,191916778,208521259;0
===196807940,1539539471;842275212,1197782175;417291293,2068562699,796483481,442875340;1
+++713934501,911754262;2088663442,2005601788
===285242103,1384930600;1246050124,301416999;384016585,1131196430,530089758,690154061;0
===569819140,1240723248;894186288,1123876925;118571258,2002424216,2111093794,2053693307;0
===1280376006,2137833051;21242621,1852712849;143657151,2115387084,1267030413,1264743013;0
===1395176493,1262181490;1050007955,1038624127;916173114,1446564241,1857068923,2043910668;1
++1918863794,1437035883;720467123,48124095
+++1732647742,523541257;542761021,498634702
===48792233,596905675;314065757,742703360;713858379,1506162877,338739928,252187441;0
===1369984951,1597965727;1833500574,541279648;1527796153,2109321584,106822363,1434993349;0
===1693635593,253717708;1332448606,865500049;1057248759,1435220299,63380226,1174292558;0
===1950744299,979562269;212007232,735851009;168801025,207225658,197477449,46983522;1
+++420218826,232854243;1969805413,1562679214
===373534195,169865468;1812561937,579843358;59238603,529420734,1003684220,52503474;0
===827477167,1119549677;558078441,999891137;527471768,41056798,1525256144,668957276;0
===1749319545,550549165;175995171,663632073;747305424,224936571,1050117213,254090332;0
===1414028667,1906872013;1086980812,423767236;382259714,853149942,1879100340,1022425946;0
===1911221957,193111822;815507976,900929503;1745786794,1490059735,1733187589,1327777359;1
+++1252264074,513481744;96850721,148060133
===184986186,816877454;654931163,1909779339;1847700896,1800191012,967488074,1438178368;0
===1543650985,1091421452;149391181,2010044995;51530798,801152350,737826623,510448241;0
===103563538,1934346257;2035901304,56480971;1357470135,727483933,1664869181,940584651;0
===981775602,1854810426;564495243,1305042191;1921351345,776246430,1998892374,696654387;0
===623796741,371923903;516427602,1680853007;1401046485,1366197423,340804536,1223155974;0
===1411787282,1576207419;1785447341,1436050925;450756783,418043864,1359231311,2128866858;0
===1936367204,284853406;751473690,536514780;145416956,1976299974,1574137995,2080163059;1
+++967616908,1276296354;1810456214,50172984
===1861670813,76725247;1741216902,1569265318;1403914187,354482114,23053409,377600702;0
===1682062197,1870927568;1387145369,855266995;1900738955,948607953,359350212,1502865515;0
===689437495,1830379582;2003553559,541011637;1038602457,438734330,1692455421,2009035185;0
===1892041142,2033581933;1954487126,867504220;1586723261,443044147,1742171906,1707959562;0
===446448846,863509323;1336338154,1983974683;77866191,1062792261,1836236770,823287082;0
===906626983,570960493;276401135,1715798116;331940855,503257366,1574171481,930894248;0
===1888331645,1821832870;985420073,1457837531;402388428,1300192494,1062544755,1802332576;1
+++1107264342,238599950;1421976678,1102869994
===825725545,774775372;145427644,764819890;2102609278,974264455,1111964717,884097404;0
===1591549279,535146114;1910216559,836648690;1664016577,1115887246,790936526,117940746;0
===30211293,553229632;430972101,863835042;69477650,301802573,29827839,481116539;0
===1775442036,1605354401;1029432623,1539637829;1271611320,1580949083,1453080065,1116811692;0
===186040346,1725051396;1870961413,1309262215;325777606,1833890126,1971714983,1072470105;0
===2108497877,1110172381;1755180935,843687545;1096085582,1747884455,842537641,564050290;1
+++637601495,873139569;431716625,1656005947
===1330330161,697192215;718444076,927668409;574800373,1649477968,640482535,1504465401;0
===1652063072,980541108;489779645,887325082;1767874645,1565086554,1518756259,969467178;0
===381886193,1452924664;822178432,88358061;1892747221,642018660,1914783531,2123707980;0
===1306648976,899781597;1752060317,887401035;2004232603,1819527638,1793012568,165181336;1
+++2039782030,1831580419;777089910,399143590
===927731886,509933230;401615359,1547721663;1736333340,231172492,2007811598,969461801;0
===1596145590,595916100;819028487,1530547894;1598636475,1879817984,520966538,1281648803;0
===137825327,87090399;382353200,1493839587;560276488,1622938816,1802238519,574708243;0
===774067843,1062419812;110447930,1891395212;2073578793,1941731866,219632216,838866726;0
===1751256639,1445594419;1188077714,1276887941;619937193,1534757579,919965466,1923355311;0
===118923775,1385983611;213480410,1197676509;776562778,1240162879,602244404,1021986824;1
++433857061,851580924;1741300458,1068275548
+++55016413,1020603629;1524194132,322564829
===1741296943,292963512;2134078601,1844671360;84442844,2005753269,1993980568,282385193;0
===963175919,43850623;803966423,1403354417;1122098325,1036849462,318478663,10889378;0
===54604743,1198258569;921913061,2049258738;45315817,1501456011,464026153,1847210145;0
===472643274,1805318895;1554649450,1053615829;490480764,690783410,1927097168,1764642937;0
===891776095,1792460457;1451000297,2077466602;1936602015,1495545937,135952369,1854396804;0
===828700950,1059740862;2107549558,297703553;1120394738,909136295,2017584624,957088495;1
+++11195402,8607732;299230306,483399395
===402740769,248590592;1216876611,1294255209;1042858575,476079659,1571774613,834054247;0
===620690238,231121861;1033994292,634604277;560577273,796350780,1769901964,1683874177;0
===644866837,1036660265;1983361967,652628704;381065871,1999006522,2099725929,1601858610;0
===291238410,155282804;2048167690,1840178046;2085390459,165170686,590530264,1907320677;1
+++1610961496,456849080;1255332450,2059287748
===1414249210,1134081837;1355229646,749993048;1684168526,247351022,111022518,431301958;0
===1565464435,1774878426;272737585,1495692327;465030015,1468032409,197261554,785915136;0
===2036247516,1205961222;1830973922,241671971;1992203395,1267894188,1819185032,1997888924;0
===1977062300,663838767;817931208,1883648395;1047741265,802205833,1849914814,236136118;0
===1067820923,1625513994;770021905,1111330536;1656421941,941034857,1433282294,531496665;1
+++262428532,1375063319;1192303582,987107934
===1008687995,1718828173;373029501,398047822;792529486,1114949884,1591137578,757348127;0
===467713835,2117948507;942048202,921739096;206136756,1351726100,701203938,1541887731;0
===85624530,946777373;1060369412,1675902036;324754393,1844168754,2123230837,604924692;0
===848125199,1904823302;1250087139,594744363;842247205,1579403298,1524025404,1259320218;0
===773097780,1940381238;1512777039,1775936044;1624823882,1253202251,845921446,2005833933;1
+++852894681,890855236;1678625844,1188858249
===766623616,663533790;734452189,1758842081;1263517685,14850082,187554521,2070977571;0
===1487035121,1065799024;224427143,251363048;1808701018,463113654,706794356,842908447;0
===601802039,1635166122;920745828,579567534;992480273,394638983,453201045,870604639;0
===121850804,1120605743;90010231,991701267;462558997,1378479064,550616352,683478553;0
===1800376625,1703707540;478938831,784520694;894999166,237416481,212780149,1167265681;0
===869615670,827484119;1945983572,1550536171;22886569,2038284555,1362892271,789580193;0
===1330244965,887721475;1904371647,281406007;1938191347,2080932490,302883361,2135245079;1
+++2098123192,841020117;1088807754,2079337847
===1410262541,994649836;245071337,1649294023;1188225247,535818472,18539575,413480411;0
===1368226089,2124133367;1484016636,2121462095;1094615278,1242214823,1506708858,890093270;0
===819259479,240391751;2072590515,1424697811;1481804413,33259508,1267064466,52675370;0
===570931472,1560018558;749704439,395504625;1952990589,206964541,1867625936,1985768776;0
===799948762,87705167;837832061,865787495;1913130650,1409341357,1871250910,1585042878;1
++1725184950,1390697213;494311751,922285152
+++744113233,834783373;1688446028,1214211622
===1250386129,1170090572;1069922672,1406002138;1545252871,1895587238,446336156,456415925;0
===807624209,340361272;1220563956,1159628572;458106688,184557388,1475257878,14884848;0
===1369726206,6144177;584477334,1634251864;107789184,1936771010,862437278,183699410;0
===2018434878,451733574;982145278,367838706;39199602,233129596,869438600,2104948806;0
===1468571367,1283605184;1431703010,271736724;1112330997,388970470,108689431,2056144314;1
+++706625460,324334510;157685551,105927892
===305084990,1730234938;308660239,1651087900;1693412769,1288633206,788064091,1446766501;0
===811043737,1952002186;1270925911,1037015429;47635208,1112176479,522157713,928349475;0
===1487260309,1422098819;2134620955,1246361507;244592489,871287533,174585951,2112645624;0
===837398179,1130921698;2014589182,964709678;1703401432,898642547,996106286,689479639;0
===307872505,1588670796;2132533847,1189810701;1898375238,1320677921,1535958108,1038967532;0
===1761517458,449768833;170374080,636232292;856469513,643968167,1417179987,1732310530;1
+++617019657,274410664;1581377947,45102908
===172986277,2142834361;859308093,460234289;2103426808,1919502205,454358829,557511659;0
===1217274006,1717379294;1970397859,1868063629;1166670074,1175799422,1794398818,813309155;0
===1909946459,1150845155;1456191599,20623542;1482447601,1912802189,747235211,1000211511;0
===764661147,807659289;1322889377,1571514984;370826896,25809120,1362699597,2120677124;0
===1694410822,584517454;1961222305,313528023;1871537145,1308147948,1095826709,1789689221;0
===720855343,1999194254;1702653537,1461813010;179394844,967467896,294523739,1607490293;0
===1886845937,355341922;2091276765,1974526644;133472034,769497558,460948981,1645423383;1
+++1282888744,1379033209;152139709,1159687356
===592466029,1098426196;630277609,1170624941;917683978,1829089897,1119685471,466841181;0
===1981812187,1218783416;2073846373,650049916;1331162342,296706070,78900010,1456856365;0
===341716188,945264429;1777656222,1140494100;1920231662,292384066,1278083516,491202308;0
===1520690405,145737781;1379199488,490825968;174037132,1976516032,712043704,1071173634;1
+++667247685,1356724315;675804104,7515260
===116066709,1269466017;1563887001,664846683;1944880136,1039778808,357109104,136346417;0
===636473074,2146508884;311607752,826441026;1302494363,1684086602,1699344700,5896844;0
===175130177,488413842;926308201,1131472101;1955989265,124320239,132768838,1629932889;0
===1069184798,1308461117;745322631,1383198911;106265684,2037965102,909784382,1508629864;0
===2133814075,1720846438;1408540618,1234379041;1494855401,881391490,411671140,1996593871;0
===1658834509,1605208703;1885019682,450860235;1666495707,1267739147,188525596,1476745906;1
+++646777960,890174857;24901737,144303843
===466556283,54478022;1368499902,823937646;1316633625,141188994,1783501174,1004039985;0
===1918170953,481520581;745295726,942723701;391504651,310118132,301893648,70905520;0
===1917651401,537692270;1995463716,870924954;1455054444,651356149,227998584,287723254;0
===1242108048,237248556;78039157,476805935;350458997,853085692,1432057913,1038644854;0
===943769137,1736886101;1367471782,664587449;1857006158,135834900,1207621851,1637704990;1
++1102165871,429749377;2019258401,730836426
+++394839283,266952199;817087840,2104701020
===251974848,1866209733;1996268134,636221676;2101713835,2100853767,1915464551,703245795;0
===2095360920,1271596817;1653472470,701628260;1852580110,1896757932,973566527,1650978932;0
===255576328,775138651;1439852260,2032760843;1641108879,141062061,31459293,1075316433;0
===929271138,1621486762;1653568456,917643769;48467597,2039133332,322394799,259070315;0
===611481136,1827705700;305611975,1997884844;784857165,1137424996,1643131077,124495760;0
===1344091454,532764288;1103176227,1185514128;999014931,239290884,992294051,1658953865;0
===350660189,1399060357;2122777763,904049465;1411701397,1956186869,1937622216,271227328;0
===645407176,122945583;99485380,1364681275;1302863585,973346268,1479566269,1889606947;1
+++703827624,831695990;2054795420,792760150
===435632942,792998253;1531477340,1948921271;380859467,741502353,2005326311,1187683617;0
===817805791,1511892787;143930386,976661808;162008192,657996680,550861721,939358113;0
===2143912941,763078415;296495622,584167513;2144102832,104558681,1244405541,1515059118;0
===2026082164,2057619917;1685293165,1926730173;1788305847,109998835,1586663944,2066576986;0
===436195939,125531524;954326037,684011236;131758436,556079996,142324320,752537704;0
===1785811769,379109048;1255670953,676694179;2087782419,774701043,687512932,582469629;1
+++1092943260,1413957371;204059085,1426327049
===914831188,1281599849;523131271,1457217030;714334122,547451184,61259267,2001302954;0
===1833090816,396942933;1967901708,1566178506;1693392475,159540633,1881197143,914650225;0
===1652843231,881159510;696134337,1558089255;739051120,102295530,1903066932,697487728;0
===1014426741,840323959;811004437,1022858066;2056328079,692645122,1321543152,1572901394;1
+++736834233,1038954899;1586994197,857404748
===529776703,790718914;126552717,103888117;1449558107,338593222,1568736836,948011507;0
===1347758854,1376601795;1046591618,420451989;1126817176,1447508910,462009273,488191801;0
===1377355227,1059344543;1413033549,842862854;289056983,272274275,106032647,1224151762;0
===1511646597,729796523;255309675,419712883;1846790778,448025901,1050687901,1056468909;0
===874766797,1742746930;1519896617,1734289085;202098935,1342868242,1441090026,1788125508;0
===1257791914,389257356;2126764729,2113426334;427565053,185940585,174256489,1095989591;1
+++61086105,1960099367;237128310,1485877912
===68476593,378922359;753910953,1067883835;6812830,1922874527,1542520038,2091830044;0
===1730783256,821965629;175006378,280201078;1981599247,1393479152,1761267487,1442516007;0
===1552367150,1876925943;1708541945,234555754;1716442545,894744851,255841408,1186657472;0
===1478581686,121066341;1746742800,1012502317;1082490089,1356546114,682310600,577409483;0
===1959591962,2038828041;930626657,151223915;165454678,1106260997,660618580,270764499;0
===823959748,1891306093;1096063004,905197583;1582799741,1872428827,176589217,1706552399;0
===1290416788,1549391405;234829628,1334225303;1468088132,2109372339,409145192,331396303;1
+++1362362447,2146817521;553377930,535537270
===1923636729,722258918;1218656588,454712443;531480347,852029799,888463347,1310701398;0
===1105883633,260192417;691763079,2069349327;934236951,1962231355,27150379,708264441;0
===761668977,1165308294;1009216611,475948153;1224410082,1390873626,194427258,710288524;0
===1135817452,1946223361;1181092760,65236898;1835643999,254664141,847805556,1310682772;0
===1165515469,1710268897;1628493050,1099101758;1915123602,1954870112,340503226,1182563916;0
===649464943,522787661;1724336780,806871307;1676767655,917714421,1401370391,26991943;0
===1193644822,791602829;538786893,919704491;939354373,527574596,1688912913,369209294;0
===822750641,1496485141;881765314,1980641945;196735309,843564783,366316208,1493588061;1
+++161460653,974003906;1176426117,1932137873
===618245768,1940896757;1760508245,561921281;99458982,663408840,1873382215,741715445;0
===801527337,283416721;1936377609,1178099993;1556089471,2098191208,647439826,1717168275;0
===565970882,128828566;115019841,397981299;53059639,885875683,1741577948,999063126;0
===1617562770,1622887686;1022321281,2009631269;1841462978,617116829,143995373,859804388;0
===1129407356,1446117290;1321413458,1935341700;736895908,2136443159,1114621983,232431571;0
===165972657,1912144308;1661917017,1837932033;1237911424,446345829,1044407067,1019419294;0
===1613459266,2030272932;1050402384,1813786425;160457407,1096452741,62475515,556846929;1
+++1238267921,1165371385;18451311,892441897
===1690772127,967800599;1944853468,1278837585;1306628261,1412074559,2137711168,796152714;0
===1339466961,1929619150;1752147962,1970545881;1584371501,1670550842,436749474,1912751100;0
===36566370,38072850;1219126731,172349109;801741318,1268994533,139933948,770684004;0
===54215889,873433306;2010361233,806704226;1317420312,1084728967,79543449,919387119;0
===1939521504,167516564;1638861501,1572343199;628502531,1385067251,8537717,335494360;1
++95032585,468664620;1749496326,992209347
+++1807653593,61125077;130305864,860806997
===1517938479,914960391;61284305,1088863623;1698795968,576937238,2037386347,1492639324;0
===1504117267,1748782983;62886734,1216021854;780125459,1770963427,197794908,484579951;0
===431851236,1887536916;152034479,321590182;1533826207,1973302985,1437046267,2068904314;0
===1867539300,223546634;2021464391,2005845917;789027611,1952304873,1069489851,373910124;0
===145312633,2021411727;673375547,1011119843;152595116,2117902718,565522220,389435442;1
+++262226983,1620057092;1422248045,1376316403
===1240448265,117327343;412415087,1653500241;794317603,317646085,324701223,1172028952;0
===1555036706,1131440264;620840741,2092098737;295092760,985664684,267417591,961536564;0
===1333084793,1016243900;1299729933,1223703203;1610829395,1121910782,618967437,1211139322;0
===1819770312,2113644869;1719953556,239380017;1041116531,1504221269,751125184,911679028;0
===1438957273,1190029925;1176197488,915460261;1562611127,161498417,1739776827,1396984589;0
===841375325,1283235527;817538251,66741467;1181595711,663782905,1877642326,1931502929;1
+++1198903805,227812199;1863808108,865963865
===456414312,376987716;791457680,479990753;1924415132,591432453,1411941472,1001173932;0
===1103934215,277902126;2068324852,1970545835;1223109743,608620124,2104601014,713115870;0
===1516371946,1933123366;393220809,634358458;1049329634,1538367292,923063097,1738486373;0
===539144881,182688781;591695692,257104521;627280946,1825665511,1949807335,1415076195;0
===1049417746,2000693283;1958510578,1050566258;1227652264,464942549,2113936372,828103039;0
===910708180,1651707060;943467995,862848525;1865833427,449521631,1637230833,211758282;1
+++1073323435,1119823067;1377679751,1739284149
===1126725300,31130289;1171675913,1787384943;1930097648,1876966193,1029750356,652235700;0
===313442816,587398442;1962452854,1236981230;1281142149,1080011250,1949302116,694639768;0
===1971327660,155626503;104920667,944001687;527567718,1748856641,1540159,1278429329;0
===567545171,1257452939;1516238845,1055437355;548742548,5526743,28066577,2111243945;0
===699215041,2023670646;826716349,950894252;223639208,1701064042,811517382,347397417;0
===1588443,1936231735;1735201421,1232349347;806612932,72714203,766059252,1491789921;0
===1440257919,817869013;1856649445,187597313;96603638,176094105,1811181957,551506320;1
+++1293520208,1928361610;1173142356,1980620699
===453301183,31662797;2141369463,1954319691;516049066,653156252,1487562966,535726446;0
===1148473955,2033623589;514992116,1018560064;823099436,1092393580,316351947,429243651;0
===299921078,1810555675;1803973270,195980571;1732144067,1518352845,810682711,56079511;0
===783166156,50041955;260087291,1259507490;1375241809,1176059835,2111114425,193915530;1
+++337547115,401043364;1502631460,1176517475
===1306600192,1711297011;910550593,827382303;52666534,617774982,804489290,1159811328;0
===801702183,724995824;1119666964,1027177403;1627384123,1194449659,1576677446,1864766477;0
===1125190845,1509032320;37443451,378579088;1041112665,1819378527,619895495,2035627112;0
===1825079977,2108795116;418659039,1046357801;943022697,730313090,1858257956,581566612;0
===1044457869,1852116043;1482596724,723984676;1345642018,547996893,729751847,2128686829;1
+1459226145,2139336749;1940791013,785406250
++2131390219,2064376683;1755363437,1120284027
+++840021333,785814832;1533896503,2106445305
===614890207,884290073;1268421663,297946304;190778585,1226160607,370035919,1822395022;0
===271985472,1349036393;1922831895,1730785233;437695801,1592874350,717328074,571507194;0
===1180177902,1827632479;914386076,1012600226;108061937,471472048,1967162349,397141414;0
===1815454213,536009531;370986661,604834681;437083348,1695218160,325754597,1674024353;0
===1718492451,1707495464;138983412,448936990;1438281218,1575384196,1317824972,210054243;0
===1278602023,1489801420;13721422,2134918666;1291923529,1552469765,912679425,1097955417;1
+++1731758715,1075016175;1396562924,471246935
===167395393,517910979;157307663,690970164;955307588,1998259863,1367801616,117875894;0
===667944614,2087158602;1373205216,693581793;200176903,1646158698,1168247161,1447451068;0
===176357331,137222634;271071688,1668380950;1112222964,97724523,1523535247,777553259;0
===1827689202,1308086185;973879605,121739510;1890952769,924266251,254075776,1051282866;0
===363727198,1466980397;490734096,1936874919;2106831404,504160862,1752517354,1689671547;1
+++1749553361,1260263395;663860294,595878179
===1610809754,826208669;1632551871,1706935327;867065981,1553768146,1550686691,395628103;0
===272683926,572203445;1962855006,1171937914;1646742759,1100142570,465844740,2129987821;0
===1120824583,138046562;1838702261,920007930;1115146271,1789384397,470013166,1454605573;0
===1123809620,462398933;2001089604,1201758410;870749628,22731403,1374008248,569504880;1
+++1734051759,262734757;1588513967,91327349
===730138533,1258530244;117063956,636927411;790415440,338363653,1254239746,1396751327;0
===791959411,1846880356;1561650105,1003411629;2097478420,2090920985,766890041,25132223;0
===1975909753,84789774;554196831,1844105328;32672003,843689654,553687770,582895699;0
===134727455,1785646369;205684690,735005563;1211843470,1126687056,2129688224,431634202;0
===1625519173,837778035;55861484,1319146531;789345601,2036436155,962625590,932513047;1
+++538026385,512655990;1848071552,1845349986
===2066280653,1590501234;1880154370,35368582;1374402207,829452641,1738918558,1377615637;0
===953272735,132781659;319332977,1945692593;1872522365,960096141,1559281263,250700382;0
===2077033854,835419181;302095805,957058707;1877509990,366037104,1225847081,199231205;0
===1771152931,1133846486;1849648024,1929989936;346166042,458134369,1290760190,859552730;0
===798299758,473582275;1192071039,1514823781;129428714,1386734292,1307215794,1888352674;1
++1591504256,1164383502;1254843177,1439532502
+++964273535,2082273860;792132743,205372378
===1128509034,384660321;810922003,1387320533;134603655,163640222,14377843,540433298;0
===2101900003,1550446310;425763344,1728866086;636518602,1084033255,1572080967,1459404071;0
===1789079963,826598913;598875162,1720117049;30836166,83777467,16866302,598768197;0
===363465887,1974619842;1580003048,849507554;1181709162,802741943,2027736629,1715672984;0
===1054628291,535086304;1543928300,607653305;814173439,1079726471,1482523585,914457142;0
===259208068,1273683468;1959035152,956552743;239116604,2002363750,8066958,2066280556;0
===1235637178,1354125146;1106010149,1442597589;1583076796,399853671,1746463846,759656616;0
===769304073,808637103;675500185,730156674;344657699,1673976581,2026478096,1446702261;1
+++302122431,277987499;313582607,2067590914
===872646156,2048777815;66736750,1203439931;1194194221,2047502129,1228295026,993290745;0
===1573133410,224145487;157371886,382278742;1395930588,185317434,1328360198,22544476;0
===725911954,921862676;1272933544,2039855557;690308154,2118878861,343994602,1683701850;0
===511959762,1668001780;2115740862,1512151338;817489829,1912289996,906631261,1183109794;0
===1014491015,1827434931;2040805429,1461932509;296253851,1551770004,1072627318,309390933;0
===1845511730,453313762;351118863,1125594948;1537198960,30496648,2125609929,732533651;1
+++674326050,1137801804;463021419,1010668178
===1622817514,233304798;60087859,247665610;971841757,1311791127,221828903,1293277283;0
===1902264161,1339007691;1126498278,653251164;2117064516,1548962993,286085118,1458982564;0
===1593757877,1385244924;1520501753,1787133571;1540030846,1675748502,1200640989,1020969095;0
===1142908358,1950244003;1738224096,1994895057;1104328912,985208587,1028266581,427388330;1
+++1499933655,1065374408;152755855,1021688032
===1717743733,1535231512;1209976517,1419190368;2042404714,1563554396,1608519460,655775707;0
===268851299,1268343828;1661878109,77668950;420906746,291109617,1658780782,1210367335;0
===354172973,252923856;1567331751,1800466750;178557331,541689817,422738052,779381085;0
===1556722483,232011147;1562410084,1030087294;1952550655,1586213224,1411424853,499417483;0
===1161133035,1993250830;2058032673,754568648;624666143,250242329,1620356261,1428404672;0
===1095265754,304495905;717705143,363304170;559670410,1413908051,665420508,1407120371;0
===1017475853,1709938269;947707581,1786614837;2119828572,277116783,616148952,1940893326;1
+++1668918149,79561601;1772961924,381573958
===1987438900,561146559;65151571,1729267750;1223482503,1363485595,867631760,1456194429;0
===847980220,458916830;185436407,797417660;685499072,1696438386,1471687269,374336614;0
===688172379,1677352651;1253749905,1568190955;1592481942,6615563,1633393842,2015661251;0
===1652861945,126510916;568897836,308620267;921758893,1913390997,1551582435,269635877;0
===609007093,18067439;584881768,1997314191;1052905030,835280524,869833249,1767437714;1
+++1277099867,497921374;1406068607,1282923217
===1646717464,205599348;1958729946,829657178;357673450,1243428670,849374561,21054954;0
===1417266248,1861467080;1059908538,1612105320;1359572503,938542025,1583322448,855112410;0
===675829317,81134115;203050540,1605860744;953144897,245460777,7883823,722356462;0
===538958312,542598620;297335040,1929101361;538391149,649712060,198440508,601770825;0
===288038635,1208838992;1527873039,1452708515;1720784850,1745776875,1885302388,2100884551;1
++791660600,411356247;6474117,1776307182
+++1237668108,602194671;250772849,1904415365
===945397612,1446815501;1913451483,500154502;268476034,2103578680,1920199555,958638765;0
===1239235011,904883256;1930757029,1888083809;12158081,841112654,1669090019,1437368690;0
===297265263,1746781952;1194461459,744003004;881518286,566062423,1239269922,1139886253;0
===328564549,1450408844;345777297,2067786209;1733699212,150748535,1546786503,871704250;1
+++1559408397,819058984;559912241,523859042
===673246847,454398379;1391341850,187282906;660134271,1848798815,386530213,1896579240;0
===2092947728,1379196316;1506248732,673931613;1352193029,2124474118,734358420,1718320027;0
===335671100,1154217704;1623171090,1654762160;961529557,289179429,641512207,1324603507;0
===2145993223,213312368;1484880539,2024572339;1975560829,2068202509,622828448,1086955215;0
===1377182647,1838092676;817516192,828800692;1016799401,983335137,21343181,1220548349;0
===1325916496,1302839381;1112287982,1241810875;1589330207,2009035535,783451877,457672980;1
+++693688455,1914123085;1956238495,1600419803
===750316058,466061667;1110785133,823424071;824667417,1106672915,454521784,1667710667;0
===513514158,944327758;1697929453,476948610;1526443874,114968578,39961153,1512682040;0
===1856304858,1223742376;1883658625,689154723;820634904,2095018155,356632843,209691443;0
===221341187,408616305;642713985,1711269312;1387599616,142096910,1851123948,1840326530;0
===1266223554,343544652;259088534,2052809629;65822746,1791465058,2120180241,1709127722;1
+++1019584480,1539029635;1175657577,182689379
===215930191,710287430;1206790530,1563954966;1027546362,53350802,295968511,1225212750;0
===769687058,537056590;1722068099,362779863;1787294614,1681313015,1855980217,55334654;0
===106025116,1689203623;1428424283,1710598235;118136178,155438308,1709201665,1200332704;0
===1572040896,1368788062;1703151262,76200894;632667438,1523074049,885671076,1099987034;0
===1361961978,483598799;339388324,1694582701;457065248,107856811,1995677144,1543929666;0
===1774138697,967180412;940590374,264983240;864598336,1306453883,1767991000,1720046077;0
===112043216,442431011;780078730,1041515185;116939894,323771174,1798123794,1526412207;0
===1326394969,1809971250;82421022,319872937;314834249,895709470,1009775925,402166930;1
+++190202205,1641443291;1063009301,599068369
===1067534857,658941949;1986008456,1632599009;1077894182,28277556,1442492108,635790414;0
===1216026525,2103556021;1339105296,1920207396;263255102,1641832926,670001210,1855784226;0
===950566352,1080925149;349699584,1116849545;3677441,1700963410,1642241959,720905842;0
===249685662,595056389;370035191,17124801;2028943499,405221629,775414707,648542115;0
===1296848026,1098315039;1801137864,1466974472;1963494698,884783565,1138970388,37363217;1
+++174219932,1911331627;412410913,976074278
===854691147,171507035;121327814,411528142;820635839,2010020882,1896314022,1703034438;0
===1892493409,371549081;2001572989,54236508;1011650791,658788154,1625178772,1900158194;0
===1477852901,880880361;2086237675,2110365648;1057395355,198561459,1519857213,583565096;0
===427420211,835643162;714572450,887005265;8751281,29527099,1244044798,266269535;0
===293734530,1894513412;1141026337,2087751810;2069008477,1475113731,161048376,324838573;1
+++338437218,1985887668;1689486122,33076952
===508817362,2072258067;1391441489,1459063364;387437076,1515527495,218076671,662090972;0
===1224355926,766952024;212504839,413622824;245370110,1396194923,492000987,171133759;0
===543652762,2147133677;1204558920,813517392;857923955,1299742673,1325146544,1947331464;0
===1230611378,1739729608;1422838739,936014495;1967230453,1250359937,1353354959,1780658572;1
++1690073967,1861108559;1474896963,876607998
+++462533604,1458607291;1598698339,1001264691
===1188223704,1684479859;310081589,652451570;1520893632,484774073,159927708,514500265;0
===2065551991,353745871;285941963,1367829637;515571290,1751277072,1898531554,1429163420;0
===509350753,2133656336;509578363,771602678;161068509,1351054676,1142482451,1168784899;0
===299398152,764038904;1848395816,78249094;783831182,334595925,1578856991,787142392;0
===1984728496,649751648;1319075069,1766594718;1841908141,1470647913,1104584774,1965754943;0
===705493974,958360083;1016235104,1303633094;1443244876,1073342774,1217439969,931389831;1
+++2087530034,1416273930;206496699,558960041
===1654402723,1302822132;204692458,57253746;1491364050,1757332908,1285324777,285063971;0
===1809076859,23932301;48742285,1872723397;1628589860,133059458,1734431670,1353358161;0
===1053174321,850134393;2081657397,52621143;489421699,756860708,1037895769,1606399572;0
===556717650,1993151041;403812803,217161802;479263389,1097099016,1155751917,1035611613;0
===2007130169,1979186691;1587367346,617048593;693703271,888598868,762933636,1160891038;1
+++42753438,792077725;224488382,1607715548
===890640922,410719910;2008657950,928996174;1094356293,1160943085,1304239511,452045684;0
===565440961,385625289;978074020,1708492311;1649636606,26190002,166556568,1411504470;0
===584457362,452084448;1219622394,1334837843;210689775,474320356,1819878897,341810094;0
===1558670554,622808373;1880987769,959183564;1637764151,227689987,1423331346,96289351;0
===612682663,1268316267;1893871105,613882678;1677385539,1840550188,408832858,232759949;1
+++1250424170,266156307;2007202203,1037078639
===2059026550,716677883;1306405026,1194889019;65516452,283721407,722810182,873965974;0
===763854837,920882904;1157462396,397755126;1117458003,81043926,284503690,211547849;0
===1086819044,1770385567;1834426966,1385010335;2112562298,461221342,726929844,937917392;0
===97159130,1707434944;1046718223,2038170207;1434408769,1530390377,2094136721,231208477;0
===1211229087,639630544;616844545,10695853;982072525,1008680697,1722231748,766511627;1
+++1784300123,1445156623;912624177,1036048874
===682139573,1364551100;2012075060,1776653057;1523112476,1281027815,630483034,1526043167;0
===362111082,1898466624;24784222,783701852;121955443,1353477118,1332344076,1960592173;0
===1880898759,317747008;1753555661,327079356;950192991,896568161,631933414,1510785077;0
===1779190106,2109892160;1892176865,2031894927;1111328161,1692253827,886782184,1777659783;0
===970912652,1917997937;545334925,1890932429;11387240,171334472,1747086754,1676918437;0
===653167390,647605719;1199411065,1061310958;1541863001,1299127156,593631154,1236184546;0
===1098986308,1896560950;759537601,1038083916;1635034080,914190071,265855075,8956593;1
++384010751,500002049;908837079,2037393825
+++175074816,478564049;1100869329,21476673
===1204945754,1506876627;477206677,170949216;1006704473,335220556,970850789,120674929;0
===254089311,1625739415;1828825081,636209412;1948637900,1140713467,778313856,2019979138;0
===1991628824,879635081;741231376,1326895598;1864801652,1282859511,240619236,906757661;0
===1317892025,961676990;2019605925,546863989;124157233,717830444,783853109,1639084124;0
===545103813,730351148;545061442,2093337168;847631156,1028265779,1939023284,1040254926;1
+++795030142,516797193;363440583,1150830390
===336419680,606824122;1559634781,495841067;931370917,1817680686,1632310433,1530121948;0
===306274967,188783832;1118433616,1924107668;157921313,276507616,975661498,1454144132;0
===1456197096,2073298253;1073085142,1277096503;1268231254,268902388,493646856,279552232;0
===1921665251,1501335748;1362815652,1013213522;1429663515,1652350122,1238185976,1171725792;0
===909234293,84570770;877255443,579826318;1546599572,660169760,1266000285,1107192950;0
===1021738727,1000832895;337951474,1081656713;780310807,920098014,1628466896,557794663;1
+++1426712886,1507613177;1356473948,434106557
===1612102339,739846658;1305567510,1926169403;442508395,786302161,1292354903,1756757826;0
===1145877730,846934056;294236807,715464172;206181839,2131218258,2010072781,1462787686;0
===178642525,1442510571;689831221,1051210551;737964289,46444793,184339296,1774333914;0
===1308028335,922731642;854008477,652018915;600702171,1811724692,478540648,1212093949;0
===1345586751,2146765034;1726137180,1449238543;1986172751,2016041912,1997396265,608129508;0
===1759203638,1659717601;1330056721,1266033112;22289750,33793469,966433610,638736498;0
===1450284434,1187257388;1502111128,1653737646;1588518484,565281183,1561710429,1354786743;0
===101711916,1051371208;1437505933,1210288214;266236116,87390278,1359831295,932837018;1
+++256733970,270222404;1399821199,822304940
===901313316,314960305;36993444,1648689966;944703340,501579191,214356226,1019580206;0
===983663983,369077041;1544684914,1247029646;148751647,696588123,335252745,163100268;0
===160420879,71901291;1444283131,554092369;1083663831,68378177,1073405875,411821841;0
===1128164175,1374223852;47081090,74263912;1910263569,1989495547,1285684197,1079420357;0
===356910760,417312623;1460812912,191228360;1219645005,1071447088,804674094,1564662906;0
===1011764679,1327992797;514509798,733371413;140022643,948683073,1032602338,1378029173;1
++536878649,1840320956;79318469,1444626899
+++1921476305,341842584;1453190676,1588314553
===299572515,29224345;1130776723,878315233;1816002504,1340689486,656123826,1926627611;0
===974048093,829242147;1574166378,1284917218;1921280269,1283768726,1313278782,188963328;0
===1578938913,881972583;1296973477,526046349;1193782496,1656054248,1154813053,858443238;0
===1023425177,835166500;1237949722,433586469;132829475,1013234824,1262696134,842447699;0
===495600199,1576343685;1727394905,2144020934;296708727,1879543514,433705828,65528869;0
===1859737999,298121073;481790822,702628109;1772400645,2126100675,1087781445,394860697;0
===705584448,1952003029;703870569,2005397683;154642778,5646012,1806955200,805669540;1
+++1538666263,1105229681;578122632,749235728
===1600258086,1933611343;2046158130,1258351092;1575860268,1126794251,1692602789,456922456;0
===64446452,443530082;1124059643,1374661743;1384514121,665489415,753570658,1263864295;0
===927937141,1035146583;750025470,273353158;2027109790,605880465,879033211,2083362286;0
===10554622,966285334;1131971517,594181495;1811650562,143609208,1941123891,1385617453;0
===1785591285,2061097448;1589033571,1187743921;1906128509,904830325,611856490,730046742;0
===1353438752,459729235;2066916848,1998130865;403316903,1681581505,1025461318,2080563361;1
+++1271989627,300334208;169945156,1733379683
===389629981,1943539963;220564405,1262637947;128950826,467252755,711869225,1831844928;0
===1362372369,1223473572;1624130603,1500901943;1651957749,1414945932,764425005,807172272;0
===708302916,1793219981;618837820,731572919;940213563,215443669,1365677258,884654494;0
===2050048903,1820153792;1242576468,670167654;1117922543,1936782966,488457891,451686129;0
===1470727121,1121914496;361524097,789405928;1811188102,2071243716,448450675,1507429913;0
===1524149345,2105394947;1532257746,1822163844;1978617539,1257997613,1618199922,2038433004;0
===1039266552,868182493;467349173,556727020;1314661978,2105925902,812469258,122712625;1
+++2053491129,1915570483;409426130,1471014956
===57596346,962452889;565963849,401691667;47551200,1636934011,58873680,2089361957;0
===1149606831,1440383619;920635206,1187117344;103778625,1013978012,1921817493,668077261;0
===1964896835,1081933087;1479471160,1600960743;1188270571,12200665,1788155354,1100845820;0
===1004460024,1585463789;1307626446,2128709608;28434147,689215174,564637978,2057668954;0
===2098922458,747311635;2010657924,1388435733;1529500990,1722068069,820199938,1704769658;0
===118359752,870292249;1056236252,1999118530;1764439830,101810482,1929890876,634092927;1
+++2041447244,1593733186;1410035946,828960574
===862570987,1942902557;693031275,498000964;315089381,1686189611,192242938,1569950548;0
===1388041848,903189847;2112569525,449036148;1269118120,1456661349,1341659255,831813980;0
===1633689658,1232740250;2111495940,2082725969;45558261,1266508803,1541585130,1339409506;0
===5810879,740057964;1087697483,1684112539;1621270172,1531436037,495605343,1627204164;0
===817737898,169323772;1719561122,1532479295;1515779715,1226474927,1383322249,710133775;1
++1611347837,2098649422;1569234663,524725434
+++480052973,377217911;2047945331,155059079
===1300582838,406739205;835639379,419004854;1873708138,1969417203,608412885,915943110;0
===352401328,1321481055;2041639652,1540128375;1975829451,427569589,747974090,763756438;0
===1296175411,995704389;971652365,1958737274;1781242268,210890336,269102520,1853955069;0
===400304286,1039407667;1002879117,1063705244;180316968,1797443014,1414398758,2036738110;0
===1139567521,480931176;11032960,545161101;177764542,919860827,1989291359,767266102;0
===547698632,519072567;1859511270,865878419;1323363304,1060810994,1107905321,1872031079;1
+++1984840288,857231357;1299618550,1631503864
===1403597372,631589720;275353670,1584146980;1434462033,61122591,1220748600,529622932;0
===2057262319,1129390372;714982445,504886934;1474263324,1405255540,2132000267,153758974;0
===535336131,1878988597;763465931,844488380;1697658369,126508711,347222159,1690439368;0
===2129383355,1566035179;1789939552,1713187801;602706530,1294784562,1455917162,649812390;0
===1801124891,1646758411;109826231,1975454544;928236617,1020787364,378091796,863941354;1
+++446842849,525179668;772776124,532640700
===571239444,818373005;1687769378,1745934597;1589532475,1450559144,2049740127,1690441870;0
===853474889,1661186445;1230957840,2071091540;156380597,1775007091,307700237,2305758;0
===519306512,933825134;830196537,111632233;476431535,1431795581,2030150871,522162204;0
===183771407,1279140069;342076194,723070014;1617404394,1312513728,937368904,2121204420;0
===272883143,1635323050;1522015518,1092837639;360965392,1737480940,731456988,2016572243;0
===469576274,165638934;1451430190,225988666;1388378989,688655981,2021191098,1460657909;0
===929071880,1550298293;1941861079,2050758923;1744187044,1643222219,720448091,2140275846;1
+++1487226660,1265174802;643300203,59584230
===241951078,928395719;2112108997,1825766272;251595653,1431795781,1279001740,611305402;0
===463623775,518495457;1071891248,2098024147;1169260130,1346279329,502324671,1677817961;0
===1041633308,838564239;917082434,2046674628;1622497568,696247175,9481432,665721967;0
===1249070646,187499566;80611889,736572506;529307451,43383007,367746973,1104918051;0
===422952293,234085272;724204970,2057276297;1967256769,78524424,1254025346,1844433288;0
===107918761,352336443;1557178848,345382723;1056894698,1731012622,1916496543,1661104732;1
+++102765015,1784831622;1365474690,933388486
===566480258,553864291;1445240211,2109420667;1996658650,2080027228,893900746,1881826329;0
===1723363903,739742941;931725496,52362198;1471165602,678641615,1739135412,614752820;0
===696821083,239596224;1800717126,937519394;1403408871,951921443,696516239,1771955580;0
===1206151442,249636927;164842536,97331142;1640922519,628801793,314134178,1792990603;1
++92674387,480352982;736772585,496907312
+++1324288122,1880066214;876631414,1548980720
===1319473463,1266304992;1472210432,188016657;36189684,1017786249,1657067362,1074231574;0
===1869380164,63330349;2045837607,664890534;785831513,204362357,1923360907,2145581975;0
===1643666715,1615726021;1567283862,1567213321;535732600,561418061,1008627322,1104647939;0
===41758070,491206889;1691942697,1554841249;1440573604,1947260110,699850159,1135807502;0
===1141578776,317740062;1452248104,405732355;1142579666,1070509955,1943697080,314498374;0
===1349822707,1879135613;1965922090,38587076;1629473928,1209005050,745801661,1914173230;1
+++1220566298,1472873512;726699782,1013276316
===141056649,517910537;31834029,445116677;124414574,1382338229,1259617782,1934336992;0
===856261209,1486074797;1443504697,1677435747;1730600815,1469935529,317749521,360862460;0
===884613974,1715511816;2016187780,742891761;63664495,2071455157,667653022,1347801117;0
===336259944,1875453495;1165533023,629886039;1673487549,677276165,48198447,619381914;0
===1753184637,1408608616;239969133,1579968480;1704086973,661493259,1690888253,974310452;1
+++1449888256,850510146;434493243,1869704216
===1511812951,1951519622;1031507311,1535696324;297863983,640151547,258205721,1951664379;0
===1031825720,1032063961;1638331954,1606020631;1474144590,50096951,1244054595,450429762;0
===2021702844,93430485;1309428316,434473302;1475845360,1897363997,1199589799,226609070;0
===1981345836,470196293;90205953,1181786446;1531987201,48906424,1527982009,1927521491;0
===1836500546,1713593849;1126005741,1532542815;1680020436,1317992725,1659084532,2060769344;0
===1116697896,1182312983;654235465,1408255374;430959121,1403278592,1385123446,1143439487;0
===444339611,495424747;238624345,212719104;1613731083,1110630843,1381376196,1968183120;1
+++1311367304,1767539373;1275861394,1857912648
===2136894898,859824771;1202779079,89957805;132482236,786358459,1855830669,246357596;0
===1342464003,456766728;1917478802,1551208276;1692146809,1345106403,624607859,1501437229;0
===490376956,759284005;441699499,212590203;1440745732,1015605645,681186710,1288441021;0
===1130609192,189225186;1275245895,1713121922;1047888086,817561576,1178903513,1322315846;1
+++2071678660,338042343;1372675616,449331585
===187489878,1080523591;1721691448,1184097970;1104155653,222352175,713310117,1923993020;0
===727734437,820095230;662969909,110143039;313176265,222907102,844610291,1888276970;0
===1054498424,1920608244;1094806599,649374220;1707723968,1113525266,1517681630,576814413;0
===1900002037,1668197682;1469498377,1051101085;1135361064,1969321313,966107884,472139348;0
===1775203690,1744093139;1185792955,867146214;249018319,1956062783,1117869140,496465311;1
+2016338511,1984038705;310578142,1798894994
++1594645030,1792033958;541568774,752460804
+++1135506881,1527405243;1292282052,380372570
===1599393756,322198772;255716608,2140701449;1515571513,467462667,854786202,544921448;0
===1141086613,569522169;1698424136,1641232127;1667779762,552570935,910018130,1645718067;0
===1522750034,1102714043;2129699022,351378983;1621115599,1476429731,1191521562,1767518401;0
===150218933,2096107020;2134563481,2116471399;949245190,747285977,1850569720,509901949;0
===1935851528,145973386;117544387,283316531;1868057134,1236283174,301283721,396387873;0
===65303059,986332953;333536373,550923894;2108434874,864664284,1516355726,2118308613;1
+++1618135106,729655079;731283484,769590339
===687796116,731118602;1799661705,582751748;261155274,1027956224,439686285,115641532;0
===2119810094,576062503;953609391,1327633710;1641750408,2031954156,941949923,1682375483;0
===2076153243,1309489455;2040426679,1101017907;108620130,493839278,1074026335,1314156900;0
===1977997745,1655249338;227346554,825570162;186668703,1942716693,236737200,1515362626;0
===202071111,850504720;1123527261,2018124583;357305640,569411810,2018246439,158236851;1
+++1550251520,180381340;2053641659,1659506265
===1209759180,1800856958;1244876852,71045174;1473693933,821029845,1031433183,342657815;0
===2112791951,1837920340;1496868337,1280355864;1428764675,616949994,324727915,94775060;0
===47920972,667537714;203822504,1667209303;696411913,234312975,1503566449,2045906167;0
===381177831,795310668;1080865906,464225774;97438891,1889776,1410975220,1079051849;0
===1789112573,1989775042;908629944,952038921;1257513437,652697857,1296978419,383525404;1
+++149317719,180736936;1529231486,1985190082
===118282008,1515491299;798133810,1985622722;103583724,1666773828,53946361,2087491695;0
===1199623510,621713282;479617893,1518556482;2146104126,1429535698,486727572,1043734987;0
===1995260636,77513908;1273551081,688419404;1738137533,746559283,1782958295,1802436777;0
===128741655,432663083;353019906,464112549;750640312,992870189,1623182443,1060783425;0
===914549538,1016645724;1524348271,535620938;1393576687,1838335947,1665955322,1184745325;1
+++748474775,442196619;1514352909,649495219
===563305547,314009205;926529767,1099683982;236167393,533335131,405198197,1186644754;0
===1010412236,1674903868;856789081,840858780;2066553567,540658128,1724571609,2078314603;0
===60042747,184991510;1975427436,1463436978;1263170997,1065242547,1109947850,713589702;0
===1462725591,1028409405;1714528055,337849932;107854905,78323102,138385546,1001527399;0
===1489314256,417015145;914403810,215211578;965454427,531511948,488278490,1670429168;1
+++1411072462,1852627912;1202093087,1685822627
===1107261140,1421642980;1058180522,857585002;1198634185,1119453335,978723894,320807842;0
===1508036957,1087172991;1055226740,578311465;2018909489,382600098,1553246473,261404069;0
===1268934652,384139189;1871873828,1477636724;2013936918,1377628971,842844026,1341326230;0
===1759210164,1741888891;853204743,772155777;62552541,1078546996,1018005874,602628476;0
===2002797673,535999382;884721486,749756796;320594553,940292713,836052820,1589988511;1
+++227046072,1913583589;410863528,1415864628
===1622273969,1398806246;1672920307,574998609;45754551,1898501814,848126484,1834319001;0
===797342995,397179136;782470495,1421990871;602099497,1498090280,2052760763,2014919010;0
===1841791237,319824521;1081988079,1840211675;31154451,235901881,666091441,1602263751;0
===1300237477,2107237152;352591749,331156151;1231383016,1140328388,1513648321,732284183;1
++1335101348,910127909;1512581757,1245357990
+++1296023511,334538472;1587074760,1949934383
===1632228350,88034851;1320162419,1465699871;1681518266,1856637201,395647374,205066020;0
===699533689,345483128;733532953,2105732858;1465542219,1222248431,1240599711,1985854412;0
===1442998069,641669315;1683331510,2084027985;57351245,44086988,1105956106,1369506476;0
===2073836417,281214043;572227290,1564701095;261034419,1104907080,241555839,875955091;0
===1826604661,1538704411;785122146,652172061;348748062,189586208,1044592502,2123015503;0
===1668427796,504156170;2008006750,2130786911;794006351,1019281143,326998776,1146075708;0
===201478071,258165709;905032896,444928449;698351845,1912579353,378369911,1127133785;0
===2037174776,1754142287;2072188212,1482238864;1484023164,879258169,831320063,1770131676;1
+++351385433,706263142;1290189409,59650651
===474503401,10492401;1344513248,1773336465;1236000594,625235187,861335368,1345025257;0
===1863990549,1179694261;1497936954,322905483;2047402061,46917580,949299611,18591356;0
===130095262,1507520070;366675319,680018944;24619236,1625890894,1860533780,725305060;0
===1226348087,1517170914;92336855,446434653;1102767291,1509868095,794386901,1213771160;0
===1882993830,351445592;1674876732,1818125666;212177585,487194739,1662054212,1240846083;1
+++1351820776,821873740;708308962,1098045070
===1644639826,988073248;1252033867,1426444373;244119545,295255224,1165318779,275604440;0
===1242174217,1911482417;1322567736,1705604115;1652756871,35091851,1631724571,1199463478;0
===764883530,1255748338;2068910230,1548173146;1250635138,1376121601,1670450845,698643943;0
===34389217,615188095;1287400932,711572196;1077271191,469723095,1299441951,229805425;0
===1323643240,705763735;820004656,990424732;643981826,1003571501,563355540,2101973155;0
===1161273224,1029858749;2074295610,933250229;1095771565,967495381,2144026957,181088401;0
===302799963,60925598;1945029853,335042409;605882121,80158178,1202135579,265171579;0
===1599160051,2123777979;478610365,1212456148;1407846027,1165134286,1304573007,1265780242;1
+++932084330,1036584665;523182296,1928628612
===2131714614,1815814999;401838589,1658052376;2040926445,358350911,1263071691,844098005;0
===579850340,506325126;230585178,1254793673;1968669892,367629669,278945909,377798720;0
===37714439,934435482;1941306684,1683401322;748180748,189043462,281274233,2135456427;0
===1988107228,66777147;172148025,1406456391;1364895294,15827069,591317520,1724527258;0
===1847148219,240872914;1924665739,97744032;1578342320,303750178,1830694907,214364927;0
===2121735430,63676384;1325447325,537304154;2131550195,1513018683,2080534472,774165935;0
===1890518074,1166559730;2142943770,1087178591;805547908,288051385,1161949793,941690977;1
+++2030699442,1664010804;1388650849,1029290980
===2090552887,23353471;1955267860,1241947086;1157810626,1444582063,345047324,1221016063;0
===214679064,1915829254;1852973315,350346521;1369242279,1094608334,1692107101,548886067;0
===1249108808,399070947;1825220517,970099086;836463249,797102807,1424929324,752329528;0
===277814397,377859405;815807936,130519975;567907603,1475623644,1356209873,266573428;1
++75357350,1397816195;1637520880,1360452042
+++1183241672,875652342;1650896213,959913291
===1206488356,1086325249;131217186,629403325;1156048749,1582051854,1879328012,1800331349;0
===528837501,1076512377;341726895,620286895;512208632,8550760,1353544774,1754358781;0
===189519203,1666980556;1054004788,1994547464;1507598409,1062844394,117835128,993966461;0
===75546975,425689585;1020637071,236620423;1908341462,1860029378,1589899368,695362609;0
===1512359955,1304872860;602317211,1572362561;2005497919,180923266,1995254894,190366838;1
+++1070017477,1087716969;1486886057,2093664471
===1219322166,1491212440;1585688917,832727176;791394362,542367786,1602331485,1401645894;0
===916017627,1934036305;1533417140,1500777039;1387109115,1870305129,242226939,343131399;0
===639028249,374978711;311243332,1612422771;191565684,493618706,1233509107,76122598;0
===322239560,1622904562;1730912820,2065112846;748865735,330437309,1627128484,1539744991;0
===1599362576,964379625;1537034778,1953137086;1368022379,2129784850,1147619136,314974501;1
+++509566079,1166721928;1064228575,1196442599
===1336081387,309267934;1700815781,1547238876;963798628,2124366065,1582887853,2128384770;0
===1660296447,1583164337;351435108,645451793;1316395286,1488804196,867590977,1565266616;0
===1734221296,1808496485;1516611867,1846487464;661339908,1351752486,822760394,2136391988;0
===1389509308,1578795411;1180972258,1273549752;353508669,1942809708,1400048367,701793052;0
===1192536988,1096391654;736457611,755408141;503961574,202434661,476071515,1423065701;0
===1316219519,432950701;992335758,1352846910;1166579257,1674065209,1693947,272125916;0
===1495916843,1386979759;909880970,869369400;214838513,176341042,977877975,474473222;1
+++1429726184,441430938;462420459,1683436540
===1167150103,184532063;1510620178,490286738;443340816,1720549919,1397100863,1596450009;0
===1963789346,890301558;13803372,318443930;276823013,983796596,443978865,1638994379;0
===1237645996,1956533498;682946756,810067621;1165974582,536156133,500661822,1708659756;0
===644349907,1611039227;1030351812,603886273;1513501248,909112267,371410156,1433592066;0
===1365438462,967068033;317171452,1795040524;283880955,1578922578,988803627,1596112061;1
+++656268511,1947022444;375315819,1860537810
===982852490,2131471221;27784772,975245828;1928423322,120217239,900388601,2078037031;0
===561191159,1164040434;1405545072,893014633;1559573993,987841399,2021715682,2073362766;0
===929740453,641763460;1332067632,649138669;521667995,1550706803,455137122,322650267;0
===1742933648,661219986;168118370,1158281408;1981763211,741982569,474077011,1861885318;1
+++1635604014,719619741;615131509,111309733
===2147119867,1267169259;204580366,1311013401;34760742,324086563,858263582,1881838279;0
===66976749,57332890;1880839188,892242335;529062654,986057096,2102724205,1075215967;0
===1754424438,700165030;683454978,1082459491;1345459762,892761307,1144057759,1763317586;0
===2135660987,846307121;1911292667,2089963238;1290696484,1766765643,647157435,660495543;0
===1845545983,636353490;1167641359,1911184711;900857954,124214315,1788523763,923505782;0
===743599074,536567509;775145460,906644576;1285829773,2008685415,2131674429,1793927989;0
===2003497790,2008994066;447627508,1270827548;810657081,1261357482,291304381,955665633;0
===814298497,601475680;2145496842,847758628;1122023853,396758566,1219766071,1084780994;1
++3589940,522016480;668629464,386120586
+++2058441621,1239643899;1999716364,1665968440
===936162217,738796852;490597513,817851548;1496926639,1306085399,1176167124,573090588;0
===1891792105,1926822427;535751789,1731620242;952457322,1892927604,279126808,101600326;0
===1689296250,1024416200;222473988,1340121129;1619225581,836319327,617895751,1732623974;0
===489392290,1128403132;922131696,1524383325;1626728815,1858325432,1741841615,692904122;1
+++736599908,1818855571;116147480,1722523049
===693927576,1798162347;1304477247,71795254;1996795038,2009762843,907369847,2026533949;0
===2144812468,53072453;731640416,428391980;470522976,1382845004,1106263018,985149214;0
===712703568,387969715;1326796331,523337345;773133305,772059611,1765530186,270066968;0
===1689429410,1667817808;1505311858,833264123;1722300313,1891555896,1811034685,1260698224;0
===1939746734,486915309;421370386,206397173;1838468732,1568009117,268621128,273682321;0
===704036862,445240925;391428145,1451155366;1196647253,178301599,2064221049,140479934;0
===2004812595,1740350687;2067927526,744392758;792530750,714415913,1125853825,4046580;0
===916253731,1563703956;1285206326,590533499;2005077270,1136195744,352159684,1943272315;1
+++1415337801,44918967;1583465545,666542322
===1180337243,114060373;1657658139,275450059;1580751793,1975750848,2052632169,210109504;0
===1394174935,1805990729;1839050696,295093314;1140858625,760554635,473971096,1602991853;0
===1115371617,1817948218;433756181,1295482367;674041515,1767862314,1538672665,1280561561;0
===1332141305,1700994345;330638202,321642875;1297853892,250318480,1141160918,420645360;0
===381209402,2073734265;1955670406,99876929;1129875962,2061777888,1166578854,1673921453;0
===800546050,134537321;940440181,428249995;109502696,1442841830,866132515,1447961322;1
+++986759480,396630044;1660893022,1556121776
===1656548507,7251622;681438545,1186435148;1860452286,1898981221,2083670989,489201345;0
===505837598,2048283243;841908608,1943099959;1506708850,1769998597,1039134476,1577266874;0
===1371831277,1544049681;1601863556,102875710;286982191,1625076843,1646890291,1984857159;0
===1882100548,1175410417;1420315987,2074531894;61666197,1598665036,985632260,841651244;0
===570487124,512651507;1810378809,79395293;922437455,17057117,1318533121,710667366;0
===575676667,1656115046;1564832329,168220959;1034001197,2046868962,1827599679,295456582;1
+++1787072862,269812027;1467928337,1200798799
===1091747360,1197847478;750732598,542190894;457473723,1004242015,675142558,1341274222;0
===2053236311,817017395;1093329390,833361097;512636393,1312711396,830174016,1942166080;0
===848371713,693889173;258828780,629393802;177237664,2024022419,914596682,489161428;0
===34619766,599926190;1306991460,2114820511;918626405,1492532961,1758265177,374064772;1
++1429942572,643455569;2029136059,1160425835
+++1125515522,2131204961;1184187965,1425596149
===289346892,10711416;1775962362,550498442;1560471884,78463194,747202646,239363628;0
===476142209,871043565;360993815,1594489983;1504708659,1825514962,1548797772,1671179675;0
===2090709588,1261750530;789533373,176091512;848834959,1117166414,1903410303,611850429;0
===313992236,1629570093;1256742596,541561693;324719868,1485128001,1540167753,475654504;1
+++1174419772,1839464035;1316099940,260684954
===1809301505,1587247595;2009327631,1771219665;456880497,535072101,846816512,1463961618;0
===1999230002,1578229208;1358442866,724099125;43292427,153013923,1514977142,1111849467;0
===1910342427,1660789364;445277996,1300768465;1281901272,2083195273,1758334139,1821245969;0
===1108970416,1910928687;1113219792,981208614;989914147,749315014,661066806,30647471;0
===1469005902,135211372;197470239,1270586232;1287826653,2064308941,1897693291,675215396;1
+++1395078005,1642835264;581723786,1653250203
===1570218395,1337511876;1994167641,1586647704;640281726,1118164463,1807690839,828549081;0
===323214593,1341732287;1451020124,1412832527;263022776,642414563,1529851369,2110115197;0
===736413137,1395756594;1509835912,965383672;1019800948,1322174265,230950847,1140327372;0
===1872568061,32916096;1787883148,1314415735;2053268819,614051122,1007065600,1127940803;0
===1485142615,1467036852;1677636199,1415693990;569698134,1189504660,839357906,148024823;1
+++1314614863,1743093840;40999411,1305791709
===1777677430,1801038626;169878860,1362479982;75135467,405892382,1758332835,672219353;0
===919430917,1151236866;1555793578,984620355;1240792534,375391858,1387980881,1896610456;0
===413968183,730352420;1080953559,1866646985;1549782758,123293883,286774255,967026735;0
===1759926752,13435017;810048621,1653435189;1674951620,1928264230,853219505,43632724;0
===1120632086,981619898;2094819508,872509181;431436336,1378129284,407368872,890249038;1
+++92604906,1846406728;1904334560,428549430
===1800346146,1797107684;411317478,504038621;589684756,311654641,1433504456,1752477814;0
===1670273927,510253861;742818584,1239741873;615488491,1229831936,1320725065,349641666;0
===476281281,436252820;1944694868,251345829;748691647,1215945223,1269196898,357095085;0
===2061455772,1346431954;1578953826,104671096;51322359,266496685,9724520,787665333;0
===2116314964,2073415630;636447973,2050135035;1377334007,1854181921,1156262983,527729774;0
===1136890511,2141802671;2119069401,1319032342;1680074427,1471587943,1117566143,476703102;0
===322150424,746875879;2125258175,1883017624;874327698,1961915739,739611009,667032543;0
===2013814074,1767511975;2036481291,2133880528;1402972862,1338908308,275609506,611453253;1
++1831284749,1422277304;2054416788,1175100233
+++213934645,287098468;2045689731,506318823
===1933907987,1594460260;836670961,843089524;2110416430,1588045432,2096488115,1478948199;0
===420989665,726647868;443910353,1094304887;2126569122,513423142,538289023,1180795873;0
===559404628,1606863379;1200324053,103100447;1195769703,249504024,890429196,356523412;0
===315452984,1688079462;1188783077,1309899919;1473106982,1063505748,743961331,1455725287;0
===1836188164,290086763;1512869328,1357271400;1435723457,277426456,1298463249,1464438738;0
===474433538,942716879;320645479,1581506277;1690521699,934328561,1335445986,1163626589;1
+++1037522869,1047101167;1925183579,1224905113
===1123737284,1675967360;331655413,1341112694;2143765210,1820100599,1820465631,1035595051;0
===1767830554,437123266;1418739647,1583214251;1503339684,870259713,1746804508,1212207634;0
===1873227130,784670830;1513559831,856785121;1778357657,1253768789,607807551,1147922113;0
===1239623193,1460579850;639230677,118328405;855672469,236739863,855219536,1366500305;0
===2145090335,2048993742;174353330,991310351;707560736,1461156899,1717491197,1567718856;0
===1363564020,207462404;1932458558,1802551690;606853923,1011020053,1503313772,124946603;1
+++1503570528,571532804;55455650,1346419997
===1243561000,518504779;92461138,1121298288;1434806099,1370766705,1983671046,1952553812;0
===461461305,1314420879;1499916981,902790979;1148667643,613863491,895062356,1071124795;0
===1396711857,180453943;1052759580,2146762310;1034582188,1671486562,1718835868,413970930;0
===189901385,1734376217;1784311886,190276270;1754128744,832486983,1485873566,1892774005;0
===1218879947,659997916;735338732,653752774;421703027,1801116778,158898742,1737494005;0
===1142301683,1324859810;1048523014,913522747;409649519,1375342011,437667029,403609606;0
===122988903,1175735748;157285020,1156195164;2123749422,791444563,267046566,2082576382;0
===1135637607,1136318847;394298748,1954243317;296703145,1429110825,1716479262,1349571478;1
+++78610295,1010178380;1262332838,137072779
===513868199,195067333;842750116,1317231879;1532681784,1314484286,423937161,287922879;0
===1469802774,1969730326;1497704065,339337871;885371927,2098261470,589674839,1554692948;0
===2037077179,989806400;600307224,174407879;1407667460,1854707018,813148668,554034267;0
===1538144229,295885485;1862631475,124176699;988861784,1464933189,1295763873,2146118062;0
===1220777281,1188273190;1112080547,441554665;510559406,1954413336,215092413,1571583060;0
===1558085863,226148025;706319085,404643075;2129711456,385502431,1909290326,1052249604;0
===139088752,405928089;1509146215,1060706679;1342328939,2025591631,1699063939,190773555;1
+++886647420,262998952;961602827,735353328
===2032922873,2126438958;567618058,1717971889;310086611,1713957945,989998039,918822563;0
===563482819,1946665476;721527561,1822054444;568309415,1426021706,2014224769,1899278059;0
===229203702,1544778106;1597655554,1333714729;1921662436,67500166,124385235,1992554394;0
===1414387943,633959637;2141912228,88426264;341003704,1860160456,314081752,1628750957;0
===1345026830,1945843088;2085873776,399595576;644339321,2102115468,1795878163,987741359;0
===1852594054,473082314;1302396416,1268586226;1911975356,728095820,1999543798,1282328507;0
===1386823543,1949899034;462161400,2133035093;992777738,1087242070,1711460149,102400225;0
===1666387110,31136514;1300171201,153172440;1606601553,1136009721,64739326,540583889;1
+++1569051989,139927635;182399980,706376516
===434514233,259651892;754950683,635869519;1682635232,1901330602,1204147769,116113101;0
===727507887,47189631;1202789981,734927862;1786839819,1561551036,1216153881,1892196506;0
===1481563170,667472159;876090427,444451343;1271200992,1776088761,473773844,1162200855;0
===1753267649,586677753;1347107257,835954617;1321786310,797138607,626801154,895846137;0
===363006974,1450232127;347260249,492101279;1245928831,1955553246,1440628415,1917247099;0
===575153147,96833987;1263571227,1200064160;547577632,1423802937,361812590,601198349;1
