4;6;4
+0,0;20000,20000
++0,0;20000,20000
+++0,0;16162,20000
++++0,0;6083,20000
+++++4620,0;5696,20000
++++++4802,7959;5657,20000
======4838,7959;4882,20000;4918,9838,14492,13130;0
======4802,10701;5657,20000;4758,15322,14478,12336;0
======5240,16597;5450,17432;2954,16724,11544,9468;1
++++++4620,0;5696,12663
======4620,0;5217,12663;5610,8816,13088,15246;0
======5486,0;5696,10155;3446,3978,11692,16666;1
+++++0,0;6083,20000
++++++4323,11606;6083,20000
======5876,16827;6083,20000;3806,16918,7532,15484;0
======4323,11606;4600,13300;700,11694,14108,17936;1
++++++0,0;5959,20000
======5701,0;5959,12110;4846,6080,13318,10014;0
======0,0;4755,20000;2954,16724,11544,9468;1
++++++826,0;4801,20000
======4292,0;4801,20000;4778,4388,12312,15694;0
======826,0;2012,18140;728,18000,5492,17032;1
+++++0,0;5594,20000
++++++0,0;5594,13175
======0,3756;5594,5716;7112,5352,15798,12878;0
======0,7959;3431,12372;4918,9838,14492,13130;0
======0,0;4617,13175;7030,11444,17102,2940;1
++++++0,0;2949,13239
======0,0;2423,12467;2642,10028,16384,6626;0
======0,0;2949,13239;3694,11572,15924,6692;1
++++++0,0;4508,20000
======714,0;812,14847;700,11694,14108,17936;0
======0,0;4508,20000;1944,16726,12948,6768;0
======0,0;1161,10613;1398,2946,19142,14706;0
======2773,11487;3155,13300;700,11694,14108,17936;1
++++0,0;11297,20000
+++++2012,0;4945,20000
++++++2012,0;3561,18140
======2012,14640;2179,18140;728,18000,5492,17032;0
======3431,7959;3561,12372;4918,9838,14492,13130;0
======2747,0;2877,11195;3550,7484,16338,12148;1
++++++3856,0;4945,20000
======4453,0;4620,12663;5610,8816,13088,15246;0
======4508,14122;4945,20000;1944,16726,12948,6768;0
======3856,0;4802,20000;4758,15322,14478,12336;1
++++++2877,0;3515,9442
======3140,0;3515,9442;4076,2160,14812,12240;0
======2877,0;3068,5852;2060,4220,19336,12878;0
======3010,0;3140,8533;4076,2160,14812,12240;1
+++++0,0;11297,20000
++++++0,10549;11230,14666
======0,12780;9418,14666;10890,14064,6090,13398;0
======0,10549;11230,13822;14514,10908,5040,7440;0
======5036,11621;5244,13300;700,11694,14108,17936;0
======0,12211;9952,14097;11958,12926,3878,16680;1
++++++0,0;11297,20000
======4435,17508;7608,20000;924,18280,4084,13556;0
======0,0;11297,10225;14648,9436,4266,13990;1
++++0,0;16162,20000
+++++0,0;16162,12258
++++++0,0;16162,11179
======15297,0;15669,10387;14804,7882,11488,3448;0
======0,0;16162,11179;16534,9466,4948,3252;0
======0,0;11790,9893;13200,7052,11430,3758;0
======0,7946;12800,8738;17654,8010,13916,7592;1
++++++0,0;14346,12258
======13681,0;14346,12258;14400,7588,9230,9164;0
======0,0;12592,10308;14804,7882,11488,3448;0
======0,0;13170,10288;18394,7814,3138,9336;1
++++++0,0;12891,11972
======0,0;12514,5373;17082,1280,7354,8802;0
======0,0;12891,7927;15402,3120,17658,1686;0
======0,0;11408,11972;13444,8676,684,14058;0
======0,1510;12603,3523;17260,1740,9344,9866;1
+++++0,0;15454,20000
++++++0,0;6377,20000
======5973,0;6377,7763;3446,3978,11692,16666;0
======5594,0;5979,5716;7112,5352,15798,12878;0
======0,0;6292,20000;2204,14906,13910,2790;1
++++++0,0;15454,20000
======8426,15295;8464,15725;4758,15322,14478,12336;0
======0,0;15454,20000;15118,13362,6484,3218;0
======0,0;11703,13141;14034,11014,2238,11630;1
++++++4255,0;5486,10155
======4255,2553;4551,4149;1398,2946,19142,14706;0
======5485,0;5486,10155;3446,3978,11692,16666;1
+++++0,0;8705,20000
++++++1322,0;4204,17102
======1322,0;1452,14210;700,11694,14108,17936;0
======3551,0;3718,17102;3806,16918,7532,15484;0
======4037,0;4204,10653;4778,4388,12312,15694;0
======3538,0;3626,10632;3446,3978,11692,16666;1
++++++0,0;7367,20000
======0,0;7367,6598;7704,1752,19066,3806;0
======0,0;7251,20000;6556,18140,7734,7344;1
++++++1801,0;8705,20000
======4617,0;8705,20000;7030,11444,17102,2940;0
======1801,0;2020,8926;1398,2946,19142,14706;0
======5077,6782;5311,9528;3550,7484,16338,12148;0
======6352,13420;6629,15896;4758,15322,14478,12336;1
++++0,0;10400,20000
+++++0,0;10400,15165
++++++0,0;8675,8435
======5979,0;6858,8435;7112,5352,15798,12878;0
======0,0;8675,8357;10278,5196,12304,5838;0
======0,0;8563,1355;13050,550,15898,14530;1
++++++0,0;10400,15165
======0,11892;10400,15165;12854,13594,7336,8940;0
======0,0;10058,14846;12170,12956,8034,7428;0
======5995,0;6222,10678;4918,9838,14492,13130;0
======5959,0;6186,8799;4846,6080,13318,10014;1
+++++0,0;10178,20000
++++++0,0;9217,11233
======0,0;8976,4033;10426,2870,13590,10144;0
======0,0;9217,11233;10488,9732,11926,6678;0
======3122,2553;4001,4513;1398,2946,19142,14706;1
++++++0,0;10178,20000
======0,0;8516,6513;9960,6410,18878,5264;0
======0,0;8448,20000;7524,16332,2504,14198;0
======0,0;10178,13463;12410,10190,4826,6906;0
======6083,16827;7498,17424;3806,16918,7532,15484;1
++++++0,0;10012,11267
======6243,3545;7069,4708;2060,4220,19336,12878;0
======0,0;10012,11267;12078,9800,12100,4742;1
+++++2474,0;6011,20000
++++++2474,0;4838,12580
======3777,0;4453,10048;5610,8816,13088,15246;0
======3936,7959;4838,12580;4918,9838,14492,13130;0
======2474,0;2514,5215;1398,2946,19142,14706;0
======4566,3190;4586,5150;2060,4220,19336,12878;1
++++++4135,0;5665,20000
======4135,0;5485,10244;3446,3978,11692,16666;0
======4198,6782;5077,9528;3550,7484,16338,12148;0
======4315,16714;5665,20000;3806,16918,7532,15484;1
++++++5410,0;6011,13806
======5801,0;6011,4120;4076,2160,14812,12240;0
======5838,2553;5912,4071;1398,2946,19142,14706;0
======5410,0;5621,13806;3296,11280,4378,14754;1
+++8997,0;20000,20000
++++12306,0;20000,20000
+++++12846,0;20000,11835
++++++15244,9533;20000,11835
======15244,10393;20000,10752;12094,10596,10994,11546;0
======16317,10187;20000,11835;14514,10908,5040,7440;0
======16330,9533;16419,11246;15578,9600,9484,13142;1
++++++12846,1510;20000,7461
======12846,7080;20000,7461;10888,7108,17764,7586;0
======16320,1510;16525,3667;17260,1740,9344,9866;1
++++++14961,0;20000,10622
======15308,7946;16084,8738;17654,8010,13916,7592;0
======15669,0;20000,8674;14804,7882,11488,3448;0
======14961,0;15297,10622;14804,7882,11488,3448;0
======16084,7946;16229,8738;17654,8010,13916,7592;1
+++++15470,0;20000,20000
++++++15887,0;16353,20000
======15887,1510;16320,3523;17260,1740,9344,9866;0
======15971,0;16353,20000;16152,1062,4048,19552;1
++++++16808,0;18058,20000
======17094,6802;17392,20000;17654,8010,13916,7592;0
======16808,0;17601,20000;17082,1280,7354,8802;0
======17275,0;18058,20000;17996,8150,3046,13112;1
++++++15596,0;20000,11181
======16907,1510;17171,3667;17260,1740,9344,9866;0
======15596,0;20000,8006;15402,3120,17658,1686;0
======16849,9533;17558,11181;15578,9600,9484,13142;1
++++++15470,0;16808,20000
======15479,0;15684,20000;15578,9600,9484,13142;0
======15627,12997;15963,20000;16136,13102,12652,3618;0
======16436,0;16808,5373;17082,1280,7354,8802;0
======15470,12997;15627,13232;16136,13102,12652,3618;1
+++++12306,0;15398,10254
++++++12668,7080;14912,10254
======14866,7946;14912,8738;17654,8010,13916,7592;0
======12668,7080;12787,7461;10888,7108,17764,7586;0
======14216,8594;14270,10254;15578,9600,9484,13142;1
++++++14798,0;15398,6038
======15026,0;15398,5854;14262,800,8864,9260;0
======14798,0;15093,6038;16152,1062,4048,19552;1
++++++12306,0;15046,7530
======12344,1835;12556,2886;10426,2870,13590,10144;0
======12306,0;12837,2806;11412,2710,13014,11056;0
======12538,0;15046,7530;17130,5594,7654,7064;1
+++++15046,0;20000,7530
++++++15798,0;17827,7251
======17690,0;17827,7251;17260,1740,9344,9866;0
======15798,0;16436,5373;17082,1280,7354,8802;1
++++++15046,0;20000,7530
======15046,0;16460,7530;17130,5594,7654,7064;0
======17273,0;20000,4438;16152,1062,4048,19552;0
======16750,0;16887,7386;15380,5306,6046,9758;1
++++++15761,0;20000,7021
======17827,0;20000,4777;17260,1740,9344,9866;0
======15761,1510;15887,3523;17260,1740,9344,9866;0
======17601,0;20000,7021;17082,1280,7354,8802;1
++++8997,0;20000,20000
+++++10958,1755;15348,15496
++++++12252,10393;12785,15496
======12702,12539;12785,15496;10890,14064,6090,13398;0
======12252,10393;12437,11776;12094,10596,10994,11546;1
++++++13396,1755;15348,11481
======15129,7453;15348,11481;15578,9600,9484,13142;0
======13396,1755;14247,2806;11412,2710,13014,11056;0
======14071,7946;14866,8738;17654,8010,13916,7592;1
++++++10958,2953;14989,10254
======12041,2953;14408,4100;9278,3004,16772,16360;0
======10958,5274;11246,5433;7112,5352,15798,12878;0
======14920,8594;14989,10254;15578,9600,9484,13142;0
======12787,7080;12846,7461;10888,7108,17764,7586;1
+++++8997,0;20000,20000
++++++12966,5973;20000,16791
======12966,15359;20000,16791;9378,16654,6306,16494;0
======13675,5973;20000,6702;10220,6352,14230,9328;0
======13447,11228;20000,11917;8500,11548,7504,9732;1
++++++11803,0;20000,12126
======11803,10492;20000,12126;7072,11518,12076,5042;0
======12406,0;12475,6546;12780,2902,10870,8914;1
++++++8997,0;20000,20000
======8997,13899;20000,20000;2204,14906,13910,2790;0
======9918,0;10170,20000;9960,6410,18878,5264;0
======9112,0;10329,20000;10278,5196,12304,5838;1
++++++9083,0;10633,14097
======9083,0;9290,12141;10220,6352,14230,9328;0
======9186,0;10352,4033;10426,2870,13590,10144;0
======10114,12211;10633,14097;11958,12926,3878,16680;1
++++10452,0;15161,20000
+++++11982,0;15161,9972
++++++13336,0;14336,9972
======13899,8803;14281,9972;12008,8930,3608,16408;0
======13336,0;13558,6543;14262,800,8864,9260;0
======14247,1995;14336,2806;11412,2710,13014,11056;1
++++++11982,1835;13293,8657
======12706,8113;13293,8657;10032,8638,10244,16338;0
======11982,2953;12041,4100;9278,3004,16772,16360;0
======12556,1835;12615,2886;10426,2870,13590,10144;1
++++++13130,0;15161,8657
======13130,0;15161,4214;18314,278,5694,18054;0
======14014,8394;14785,8657;10032,8638,10244,16338;1
+++++10452,0;12952,10225
++++++10452,0;11969,8420
======10452,0;10507,2260;7704,1752,19066,3806;0
======11538,0;11969,6834;9876,6616,17920,4256;0
======11149,5774;11710,7909;10220,6352,14230,9328;0
======10634,0;10688,8420;10888,7108,17764,7586;1
++++++11029,0;12308,10225
======11978,0;12010,10225;14648,9436,4266,13990;0
======11029,2953;11770,4100;9278,3004,16772,16360;0
======11747,0;12308,9633;11416,9466,13352,7996;0
======12025,4707;12094,9402;9788,8614,10550,10950;1
++++++12096,0;12952,6418
======12096,0;12306,2806;11412,2710,13014,11056;0
======12915,0;12952,6418;13050,550,15898,14530;1
+++++10633,0;15152,20000
++++++10633,0;11983,20000
======10633,0;10665,14097;11958,12926,3878,16680;0
======10860,10602;11672,13141;9310,11014,4890,12118;0
======10693,15359;11835,17234;9378,16654,6306,16494;0
======10665,0;11983,20000;11958,12926,3878,16680;1
++++++12290,0;15152,20000
======12290,11573;12566,20000;12170,12956,8034,7428;0
======13462,0;15152,20000;14514,10908,5040,7440;1
++++++11281,0;13644,20000
======11281,15989;12412,16819;8270,16710,2912,13234;0
======11722,0;11745,7758;11412,2710,13014,11056;0
======12566,12621;13644,20000;12170,12956,8034,7428;1
++++++13319,0;14277,20000
======13714,0;13851,12129;9308,11496,3648,11222;0
======13612,0;14277,20000;14262,800,8864,9260;0
======13319,12342;13874,14927;11958,12926,3878,16680;1
++0,0;20000,20000
+++9293,0;20000,20000
++++10808,0;20000,20000
+++++10808,0;16056,12194
++++++10808,0;15798,6301
======10808,0;10921,6301;10426,2870,13590,10144;0
======15022,0;15798,5373;17082,1280,7354,8802;0
======13742,0;14423,6149;19538,4484,5424,12650;1
++++++14495,0;16056,11246
======14495,0;14867,9972;13200,7052,11430,3758;0
======15684,0;16056,11246;15578,9600,9484,13142;0
======15398,0;15672,5133;14262,800,8864,9260;1
++++++12049,0;14080,12194
======12931,0;13714,12194;9308,11496,3648,11222;0
======12049,0;14080,4869;16152,1062,4048,19552;0
======13150,8803;13899,9972;12008,8930,3608,16408;0
======13656,0;13927,675;13050,550,15898,14530;1
+++++10837,0;20000,20000
++++++13006,0;16322,20000
======13006,0;13125,20000;13050,550,15898,14530;0
======15601,0;16322,10597;14648,9436,4266,13990;1
++++++12541,0;20000,20000
======12541,0;20000,6124;10278,5196,12304,5838;0
======15963,0;16335,20000;16136,13102,12652,3618;1
++++++14376,0;17074,12589
======16525,1510;16897,3667;17260,1740,9344,9866;0
======16353,0;17074,7271;16152,1062,4048,19552;0
======14376,0;14748,12589;12962,12286,7274,5946;1
++++++10837,0;20000,20000
======12595,0;12871,20000;12780,2902,10870,8914;0
======17052,0;17434,4214;18314,278,5694,18054;0
======12209,0;20000,20000;12386,2768,19032,430;0
======10837,0;11039,20000;10888,7108,17764,7586;1
++++9293,0;20000,20000
+++++9825,0;11553,14681
++++++10020,0;11553,12126
======10020,9605;10701,11046;12094,10596,10994,11546;0
======11254,0;11553,2260;7704,1752,19066,3806;0
======10938,9700;11431,12126;7072,11518,12076,5042;1
++++++10207,0;10845,9126
======10600,0;10845,3953;11412,2710,13014,11056;0
======10207,8746;10594,9126;5610,8816,13088,15246;1
++++++9825,0;10988,14681
======9936,8746;10129,9274;5610,8816,13088,15246;0
======9845,0;10455,14681;8500,11548,7504,9732;0
======9825,5797;10988,6566;4846,6080,13318,10014;1
+++++9309,0;10250,20000
++++++9309,0;9344,20000
======9309,0;9341,20000;9310,11014,4890,12118;0
======9343,15961;9344,20000;9378,16654,6306,16494;1
++++++9344,1480;9440,20000
======9344,15961;9375,20000;9378,16654,6306,16494;0
======9381,1480;9440,2435;4076,2160,14812,12240;1
++++++9580,0;10084,20000
======9749,0;9778,4678;9278,3004,16772,16360;0
======9580,0;10084,20000;9788,8614,10550,10950;0
======9810,9605;10020,11046;12094,10596,10994,11546;1
++++++9341,0;10250,14666
======9580,12780;10099,14666;10890,14064,6090,13398;0
======9554,5638;9766,6566;4846,6080,13318,10014;0
======9341,0;10250,13141;9310,11014,4890,12118;1
+++++10403,0;13681,20000
++++++10403,0;11722,20000
======10403,0;10457,20000;10426,2870,13590,10144;0
======11301,0;11722,20000;11412,2710,13014,11056;0
======11040,0;11650,15939;10890,14064,6090,13398;1
++++++11738,0;13681,9937
======13627,0;13681,9937;14400,7588,9230,9164;0
======11738,0;12147,8657;10032,8638,10244,16338;0
======13049,1755;13108,2806;11412,2710,13014,11056;0
======12603,1510;12880,3523;17260,1740,9344,9866;1
+++++9293,0;20000,20000
++++++9293,0;9749,7250
======9533,0;9749,5809;9278,3004,16772,16360;0
======9520,3645;9732,4792;4778,4388,12312,15694;0
======9293,0;9294,7250;9278,3004,16772,16360;0
======9294,0;9533,7009;9278,3004,16772,16360;1
++++++9375,0;20000,20000
======11408,0;20000,20000;13444,8676,684,14058;0
======9375,0;10134,20000;9378,16654,6306,16494;0
======9925,11147;20000,11388;3296,11280,4378,14754;0
======9440,1480;10579,2435;4076,2160,14812,12240;1
++++10129,0;13216,16791
+++++10129,0;12966,16791
++++++10148,8746;10677,14681
======10455,10869;10677,14681;8500,11548,7504,9732;0
======10148,8746;10207,9126;5610,8816,13088,15246;1
++++++11297,0;12966,16791
======11297,0;11978,10225;14648,9436,4266,13990;0
======11835,15359;12966,16791;9378,16654,6306,16494;1
++++++10129,0;10690,12099
======10206,0;10461,10686;10032,8638,10244,16338;0
======10139,0;10690,12099;12008,8930,3608,16408;0
======10129,8746;10148,9126;5610,8816,13088,15246;1
+++++10250,0;13216,13141
++++++10250,0;10860,13141
======10354,5774;10818,8042;10220,6352,14230,9328;0
======10250,0;10860,13141;9310,11014,4890,12118;0
======10688,0;10837,11618;10888,7108,17764,7586;1
++++++11104,0;13216,11776
======11104,0;13216,5495;14262,800,8864,9260;0
======12437,10393;12474,11776;12094,10596,10994,11546;1
+++0,0;20000,20000
++++3900,0;12290,20000
+++++8453,0;12290,20000
++++++11419,0;12290,20000
======11680,0;12290,20000;12170,12956,8034,7428;0
======12132,0;12252,11776;12094,10596,10994,11546;0
======11419,0;11738,1630;13050,550,15898,14530;1
++++++8453,0;10128,20000
======8854,3440;9066,5515;3446,3978,11692,16666;0
======8453,0;10128,20000;9876,6616,17920,4256;1
+++++3900,0;8370,20000
++++++5450,0;8370,16730
======5820,11545;6986,11637;3694,11572,15924,6692;0
======5696,0;5973,10155;3446,3978,11692,16666;0
======6302,0;8370,11388;3296,11280,4378,14754;0
======5450,16597;7904,16730;2954,16724,11544,9468;1
++++++3900,0;5959,20000
======4544,17965;5959,18140;728,18000,5492,17032;0
======3900,0;5701,20000;4846,6080,13318,10014;1
++++0,0;20000,20000
+++++0,0;7118,20000
++++++5593,0;6385,20000
======6174,16421;6385,20000;4824,16510,4704,14264;0
======5783,0;6302,13806;3296,11280,4378,14754;0
======5593,2553;5838,4149;1398,2946,19142,14706;0
======5915,13420;6142,16731;4758,15322,14478,12336;1
++++++0,0;7118,20000
======6292,13820;7118,20000;2204,14906,13910,2790;0
======0,0;3777,10048;5610,8816,13088,15246;1
++++++0,0;7101,20000
======0,0;3010,8533;4076,2160,14812,12240;0
======0,16582;7101,16682;9378,16654,6306,16494;0
======0,0;1981,20000;332,19858,2418,19292;1
+++++0,0;20000,20000
++++++1998,0;4235,13300
======4001,2553;4235,4513;1398,2946,19142,14706;0
======2877,0;3252,12104;3550,7484,16338,12148;0
======1998,11487;2073,13300;700,11694,14108,17936;1
++++++0,0;20000,20000
======0,0;8821,20000;8270,16710,2912,13234;0
======0,0;20000,20000;9372,15268,562,9788;0
======0,0;8453,9030;9876,6616,17920,4256;0
======0,14431;10583,20000;10786,16128,14020,1860;1
+++++0,0;7509,20000
++++++4235,0;5574,4513
======4235,2553;4255,4513;1398,2946,19142,14706;0
======4461,0;5574,4120;4076,2160,14812,12240;1
++++++0,0;7509,20000
======0,0;4037,7834;4778,4388,12312,15694;0
======0,0;4435,20000;924,18280,4084,13556;0
======0,0;7509,20000;7072,11518,12076,5042;1
++++++0,0;7041,17305
======0,0;3395,11402;4846,6080,13318,10014;0
======0,0;4404,13304;6604,11702,15480,6310;0
======0,0;7041,17305;7526,16470,10460,7534;1
+++++0,0;15470,15204
++++++0,0;12414,10274
======0,0;11316,6283;14686,5514,11646,5924;0
======0,0;11173,8889;14400,7588,9230,9164;0
======0,0;12414,10274;14448,7814,14856,3022;0
======0,0;9679,3953;11412,2710,13014,11056;1
++++++0,0;15470,13232
======0,12997;15470,13232;16136,13102,12652,3618;0
======0,0;8628,11255;9310,11014,4890,12118;0
======0,0;11845,10576;13310,8418,18090,1046;1
++++++0,0;15423,15204
======0,0;13130,4214;18314,278,5694,18054;0
======0,0;15423,15204;16554,13480,2574,9560;1
++++2002,0;7043,20000
+++++5311,0;7043,12214
++++++5924,0;7043,7953
======6362,0;7043,7953;4778,4388,12312,15694;0
======5924,3190;6169,4786;2060,4220,19336,12878;0
======6011,0;6932,4120;4076,2160,14812,12240;1
++++++5311,0;5801,12214
======5574,0;5801,4120;4076,2160,14812,12240;0
======5540,11621;5795,12214;700,11694,14108,17936;0
======5311,6782;5748,9501;3550,7484,16338,12148;1
+++++2002,0;5149,20000
++++++3453,0;4332,16023
======3481,0;3856,16023;4758,15322,14478,12336;0
======3453,3190;4332,5150;2060,4220,19336,12878;1
++++++2949,0;5149,20000
======3718,0;4315,20000;3806,16918,7532,15484;0
======2949,0;5149,20000;3694,11572,15924,6692;0
======3515,0;4461,20000;4076,2160,14812,12240;1
++++++2002,0;3371,20000
======2185,0;3371,7629;3446,3978,11692,16666;0
======2002,0;2132,20000;2060,4220,19336,12878;0
======2805,0;2877,5852;2060,4220,19336,12878;1
++++++2179,2553;4337,18140
======2179,17643;4337,18140;728,18000,5492,17032;0
======2737,2553;3122,5215;1398,2946,19142,14706;0
======4113,11606;4323,13300;700,11694,14108,17936;1
+0,0;20000,20000
++6378,0;20000,20000
+++10284,0;20000,20000
++++10546,0;13161,12089
+++++11321,0;12616,9929
++++++11321,0;11497,9414
======11321,0;11375,9402;9788,8614,10550,10950;0
======11443,0;11497,9414;10032,8638,10244,16338;1
++++++11762,0;12616,9929
======12475,0;12595,6546;12780,2902,10870,8914;0
======11790,0;12616,9929;13200,7052,11430,3758;0
======11762,8594;12443,9895;15578,9600,9484,13142;1
++++++11739,0;12541,6124
======11813,0;12344,2886;10426,2870,13590,10144;0
======11739,0;12541,6124;10278,5196,12304,5838;1
++++++11710,4741;12512,6834
======12453,5933;12512,6702;10220,6352,14230,9328;0
======11710,5774;12241,6702;10220,6352,14230,9328;0
======11969,4741;12340,6834;9876,6616,17920,4256;1
+++++10546,0;11844,12089
++++++11237,0;11747,11701
======11724,0;11747,11136;11416,9466,13352,7996;0
======11237,0;11642,11701;12094,10596,10994,11546;0
======11260,0;11725,11269;10488,9732,11926,6678;1
++++++10731,0;11844,11917
======11725,0;11844,11009;10488,9732,11926,6678;0
======10731,10869;11507,11917;8500,11548,7504,9732;0
======11221,0;11443,9414;10032,8638,10244,16338;1
++++++10546,0;11410,12089
======10701,9605;10941,11665;12094,10596,10994,11546;0
======10546,7155;11410,12089;7030,11444,17102,2940;0
======10921,0;11252,6168;10426,2870,13590,10144;1
+++++11019,0;13161,9957
++++++12151,4638;13161,9402
======12584,8101;13161,9402;9788,8614,10550,10950;0
======12151,8101;12584,9402;9788,8614,10550,10950;0
======12382,4638;12681,6731;9960,6410,18878,5264;1
++++++11375,0;12025,9957
======11580,0;11635,6731;9960,6410,18878,5264;0
======11375,0;12025,9402;9788,8614,10550,10950;0
======11460,0;11483,9957;10888,7108,17764,7586;0
======11635,0;12011,6731;9960,6410,18878,5264;1
++++++11019,0;12233,8105
======12231,0;12233,1726;13050,550,15898,14530;0
======11019,0;11580,8105;9960,6410,18878,5264;0
======11738,0;12231,1630;13050,550,15898,14530;1
++++++12044,0;13049,8454
======12564,0;12572,1726;13050,550,15898,14530;0
======12044,7080;12668,8454;10888,7108,17764,7586;0
======12221,0;13047,7836;14062,2866,16030,2480;0
======12837,1755;13049,2806;11412,2710,13014,11056;1
+++++10687,0;12527,11917
++++++10687,3645;12158,7909
======10687,5274;10899,5852;7112,5352,15798,12878;0
======10818,5774;11149,7909;10220,6352,14230,9328;0
======10930,3645;12158,4792;4778,4388,12312,15694;1
++++++10899,5274;12527,11917
======11507,11228;12527,11917;8500,11548,7504,9732;0
======10899,5274;10958,5433;7112,5352,15798,12878;1
++++++10883,0;12044,8454
======11483,0;12044,8454;10888,7108,17764,7586;0
======10883,0;11254,2260;7704,1752,19066,3806;1
++++10284,0;20000,20000
+++++12726,0;17690,20000
++++++12726,8803;13125,20000
======12726,8803;13021,20000;12008,8930,3608,16408;0
======12996,11970;13125,20000;11958,12926,3878,16680;1
++++++13047,0;17690,20000
======17195,0;17690,20000;17260,1740,9344,9866;0
======13047,0;14926,20000;14062,2866,16030,2480;0
======16015,0;16338,9954;17996,8150,3046,13112;1
+++++10284,0;20000,20000
++++++10284,10928;12996,20000
======10307,16421;10689,16610;4824,16510,4704,14264;0
======10284,15359;10693,17234;9378,16654,6306,16494;0
======11983,10928;12996,20000;11958,12926,3878,16680;0
======10400,11892;12022,15704;12854,13594,7336,8940;1
++++++11322,0;20000,16603
======11322,14916;20000,16603;7526,16470,10460,7534;0
======14745,0;20000,6698;14686,5514,11646,5924;0
======13843,2305;20000,2886;10426,2870,13590,10144;1
++++++12591,0;14664,20000
======14470,0;14664,20000;14648,9436,4266,13990;0
======12591,12539;12702,15496;10890,14064,6090,13398;1
+++++11553,0;20000,20000
++++++12158,3645;20000,20000
======12158,3645;20000,4436;4778,4388,12312,15694;0
======15454,13127;20000,20000;15118,13362,6484,3218;0
======17558,9533;20000,11181;15578,9600,9484,13142;1
++++++13170,0;20000,20000
======16335,11284;20000,20000;16136,13102,12652,3618;0
======13170,0;18257,10288;18394,7814,3138,9336;1
++++++11553,0;20000,6149
======16191,0;20000,1040;14262,800,8864,9260;0
======11553,0;20000,2260;7704,1752,19066,3806;0
======18046,0;18966,6149;19538,4484,5424,12650;1
+++10058,0;20000,20000
++++10668,0;20000,20000
+++++12646,0;17273,13182
++++++15524,0;16400,12619
======15617,0;16400,12619;14680,11758,2884,12050;0
======15524,10187;16317,11900;14514,10908,5040,7440;1
++++++14341,0;15219,13182
======14341,0;14470,13182;14648,9436,4266,13990;0
======14664,0;15219,10597;14648,9436,4266,13990;0
======14989,7453;15046,10254;15578,9600,9484,13142;1
++++++12646,0;17273,11009
======17074,0;17273,4606;16152,1062,4048,19552;0
======12646,8807;13511,11009;10488,9732,11926,6678;0
======14277,0;14388,8864;14262,800,8864,9260;0
======13293,8113;13581,8657;10032,8638,10244,16338;1
++++++14912,0;16066,11900
======14912,7946;15308,8738;17654,8010,13916,7592;0
======16056,9533;16066,11246;15578,9600,9484,13142;0
======15152,0;15524,11900;14514,10908,5040,7440;1
+++++11409,0;20000,20000
++++++14947,0;20000,20000
======17337,13121;20000,20000;16554,13480,2574,9560;0
======16206,14845;20000,20000;14292,16928,2548,7762;0
======14947,0;15585,20000;15380,5306,6046,9758;1
++++++11409,10876;20000,20000
======11409,14467;13288,20000;10786,16128,14020,1860;0
======14748,10876;20000,12589;12962,12286,7274,5946;1
+++++10668,0;20000,12260
++++++10668,0;20000,6566
======10668,1950;20000,2435;4076,2160,14812,12240;0
======14336,2225;20000,2806;11412,2710,13014,11056;0
======15672,0;16191,1040;14262,800,8864,9260;0
======10988,5837;20000,6566;4846,6080,13318,10014;1
++++++14408,0;20000,10353
======14408,2953;20000,3744;9278,3004,16772,16360;0
======15119,0;20000,10353;14448,7814,14856,3022;1
++++++12639,0;20000,12260
======18058,0;20000,10456;17996,8150,3046,13112;0
======16400,0;20000,12260;14680,11758,2884,12050;0
======12639,4868;20000,6834;9876,6616,17920,4256;0
======14550,0;20000,10655;13310,8418,18090,1046;1
++++++11431,0;20000,12126
======11431,9700;11803,12126;7072,11518,12076,5042;0
======14100,0;20000,11541;12410,10190,4826,6906;1
++++10058,0;20000,20000
+++++12632,0;15601,20000
++++++13986,0;15601,15261
======13986,13478;14322,15261;12854,13594,7336,8940;0
======15219,0;15601,10597;14648,9436,4266,13990;0
======14281,8803;15064,9972;12008,8930,3608,16408;1
++++++12632,0;14961,20000
======12632,0;12908,20000;12854,13594,7336,8940;0
======13418,0;14961,20000;14804,7882,11488,3448;0
======13558,0;13612,6543;14262,800,8864,9260;1
+++++10058,0;20000,20000
++++++10058,0;11680,15385
======10136,9285;10938,12126;7072,11518,12076,5042;0
======10058,0;11680,15385;12170,12956,8034,7428;1
++++++11492,0;20000,20000
======11492,3440;20000,4231;3446,3978,11692,16666;0
======11703,0;16077,20000;14034,11014,2238,11630;1
++++++10875,0;20000,20000
======17392,0;17887,20000;17654,8010,13916,7592;0
======16162,0;20000,20000;16534,9466,4948,3252;0
======10875,16277;20000,20000;3630,17286,1670,14264;1
++++++10099,0;11040,20000
======10100,0;10131,14666;10890,14064,6090,13398;0
======10131,0;11040,20000;10890,14064,6090,13398;0
======10099,12539;10100,14666;10890,14064,6090,13398;1
+++++10249,0;14550,20000
++++++10249,0;13573,20000
======10249,5774;10300,20000;10220,6352,14230,9328;0
======12908,12940;13573,20000;12854,13594,7336,8940;0
======10583,0;11409,20000;10786,16128,14020,1860;0
======10363,0;11580,6546;12780,2902,10870,8914;1
++++++12026,0;14550,20000
======12026,11386;14357,14343;14680,11758,2884,12050;0
======12671,0;14550,20000;13310,8418,18090,1046;1
++++++13340,0;14457,20000
======14346,0;14457,20000;14400,7588,9230,9164;0
======13340,13478;13722,15496;10890,14064,6090,13398;1
++++10579,0;13405,11441
+++++10579,0;13405,9402
++++++10583,0;11029,8420
======10583,0;10634,8420;10888,7108,17764,7586;0
======10678,2937;11029,4100;9278,3004,16772,16360;1
++++++10579,1720;12151,9402
======10579,1720;10668,2435;4076,2160,14812,12240;0
======12094,8101;12151,9402;9788,8614,10550,10950;1
++++++11173,0;13405,8889
======13285,0;13405,8889;14400,7588,9230,9164;0
======12615,1835;12903,2886;10426,2870,13590,10144;0
======11173,0;13285,8889;14400,7588,9230,9164;1
+++++10845,0;13304,11441
++++++11844,8101;13304,11441
======12528,10393;13178,11441;12094,10596,10994,11546;0
======13161,8101;13171,9040;9788,8614,10550,10950;0
======11844,8392;12587,11009;10488,9732,11926,6678;0
======13247,10393;13304,11441;12094,10596,10994,11546;1
++++++10950,0;11813,10262
======11603,0;11813,2886;10426,2870,13590,10144;0
======10950,0;11301,10262;11412,2710,13014,11056;1
++++++10845,0;11221,10686
======10847,0;10898,9599;11416,9466,13352,7996;0
======10845,0;10896,6221;11412,2710,13014,11056;0
======11101,0;11221,10686;10032,8638,10244,16338;1
++++++12241,5774;12646,11009
======12241,5774;12453,6702;10220,6352,14230,9328;0
======12587,8392;12646,11009;10488,9732,11926,6678;1
+++6378,0;20000,20000
++++6501,0;20000,20000
+++++7367,0;20000,20000
++++++8448,0;10484,20000
======9702,0;10206,20000;10032,8638,10244,16338;0
======8448,15800;10484,20000;7524,16332,2504,14198;0
======8627,0;9340,20000;9308,11496,3648,11222;1
++++++7367,0;10875,20000
======7367,0;9042,20000;7704,1752,19066,3806;0
======8537,16277;10875,20000;3630,17286,1670,14264;0
======8430,0;9845,20000;8500,11548,7504,9732;1
++++++8627,0;20000,13382
======11178,0;11739,7498;10278,5196,12304,5838;0
======9340,0;11800,13382;9308,11496,3648,11222;0
======8627,11621;20000,11726;700,11694,14108,17936;1
++++++7608,15295;20000,20000
======7608,17604;20000,20000;924,18280,4084,13556;0
======8806,15295;20000,15725;4758,15322,14478,12336;1
+++++6501,0;20000,20000
++++++12639,0;13441,20000
======12952,0;13006,6418;13050,550,15898,14530;0
======12639,8426;13441,20000;12078,9800,12100,4742;1
++++++8867,8394;20000,16731
======14785,8394;20000,8657;10032,8638,10244,16338;0
======8867,15044;20000,16731;1944,16726,12948,6768;0
======8879,16597;20000,16730;2954,16724,11544,9468;1
++++++6501,13435;10307,20000
======6629,13435;7065,15896;4758,15322,14478,12336;0
======7118,13856;8997,20000;2204,14906,13910,2790;0
======7098,16421;10307,16610;4824,16510,4704,14264;0
======6501,16277;8537,20000;3630,17286,1670,14264;1
+++++7453,0;11178,16731
++++++7453,0;8953,16731
======7453,14766;8531,16731;1944,16726,12948,6768;0
======7736,0;8953,16603;7526,16470,10460,7534;1
++++++9679,0;11178,8965
======10329,0;11178,8965;10278,5196,12304,5838;0
======9679,0;10600,3953;11412,2710,13014,11056;1
+++++7066,0;20000,20000
++++++7066,16421;20000,20000
======7251,17438;20000,20000;6556,18140,7734,7344;0
======7066,16421;7098,16610;4824,16510,4704,14264;1
++++++9848,0;11738,16603
======11497,0;11738,9414;10032,8638,10244,16338;0
======9848,14713;11322,16603;7526,16470,10460,7534;1
++++6378,0;9670,12214
+++++8628,0;9670,11941
++++++8628,0;9580,11941
======9144,0;9580,11941;9788,8614,10550,10950;0
======8628,0;9309,11255;9310,11014,4890,12118;0
======8873,0;9083,11544;10220,6352,14230,9328;1
++++++8975,6152;9417,8420
======8975,7268;8999,7536;3550,7484,16338,12148;0
======9207,6152;9417,8420;10888,7108,17764,7586;1
++++++8646,0;9670,11411
======8646,0;8873,11411;10220,6352,14230,9328;0
======8989,0;9670,9826;10032,8638,10244,16338;0
======8980,6152;9207,8420;10888,7108,17764,7586;1
+++++6378,0;8746,12214
++++++6765,3561;8746,11388
======8373,3561;8432,4708;2060,4220,19336,12878;0
======6765,6152;8746,8420;10888,7108,17764,7586;0
======8370,9978;8665,11388;3296,11280,4378,14754;1
++++++6378,0;7360,12214
======6460,7612;7360,10773;2642,10028,16384,6626;0
======6378,0;6617,7496;3446,3978,11692,16666;0
======6677,0;7028,3696;9278,3004,16772,16360;0
======6397,11621;6435,12214;700,11694,14108,17936;1
++++++6932,0;8150,6296
======6932,0;7177,4120;4076,2160,14812,12240;0
======8113,3440;8150,6296;3446,3978,11692,16666;1
++++++7667,5638;8627,11726
======7690,11621;8627,11726;700,11694,14108,17936;0
======7667,5638;8462,7906;4846,6080,13318,10014;1
++++6664,0;9852,10426
+++++8664,0;9852,10014
++++++9670,0;9852,9826
======9670,0;9671,9826;10032,8638,10244,16338;0
======9778,0;9852,4100;9278,3004,16772,16360;0
======9732,3645;9791,4792;4778,4388,12312,15694;1
++++++8664,3440;9681,10014
======8664,9819;8886,10014;4918,9838,14492,13130;0
======9066,3440;9125,4746;3446,3978,11692,16666;0
======9471,7331;9681,9599;11416,9466,13352,7996;1
++++++8779,3645;9520,7536
======8779,3645;9520,4792;4778,4388,12312,15694;0
======8999,7268;9118,7536;3550,7484,16338,12148;1
++++++8746,5638;9554,8420
======9023,5638;9554,6566;4846,6080,13318,10014;0
======8746,6152;8959,8420;10888,7108,17764,7586;0
======9118,7268;9177,7536;3550,7484,16338,12148;1
+++++6664,0;9144,10426
++++++7703,7268;8906,10426
======7703,9785;8167,10426;4918,9838,14492,13130;0
======8049,8715;8250,9274;5610,8816,13088,15246;0
======8375,7268;8906,8049;3550,7484,16338,12148;1
++++++6664,0;9144,10081
======8867,0;9144,10081;9788,8614,10550,10950;0
======6664,0;8989,9826;10032,8638,10244,16338;0
======6885,6918;6914,8049;3550,7484,16338,12148;1
+++++7044,0;9169,7701
++++++7044,0;8175,7701
======7044,0;7283,7701;4778,4388,12312,15694;0
======7941,0;8175,4178;9278,3004,16772,16360;0
======7420,3561;7685,4708;2060,4220,19336,12878;1
++++++7251,0;8779,4792
======8428,0;8779,4792;4778,4388,12312,15694;0
======7251,0;7744,2515;4076,2160,14812,12240;1
++++++8077,0;9169,6513
======8077,0;9169,2435;4076,2160,14812,12240;0
======8323,3440;8854,5515;3446,3978,11692,16666;0
======8516,0;8953,6513;9960,6410,18878,5264;1
++++7360,0;20000,20000
+++++8563,0;10930,12089
++++++8731,3440;10799,5852
======8731,3670;10799,4708;2060,4220,19336,12878;0
======9125,3440;9413,4746;3446,3978,11692,16666;0
======9595,5274;10156,5852;7112,5352,15798,12878;1
++++++9413,3440;10847,9599
======9681,7331;10847,9599;11416,9466,13352,7996;0
======9413,3440;10264,4642;3446,3978,11692,16666;0
======9417,6152;10583,8420;10888,7108,17764,7586;1
++++++8563,0;10678,12089
======8563,0;10498,1630;13050,550,15898,14530;0
======9852,2937;10678,4100;9278,3004,16772,16360;0
======8705,0;10546,12089;7030,11444,17102,2940;1
++++++9543,3645;10930,11388
======9543,11147;9925,11388;3296,11280,4378,14754;0
======9791,3645;10930,4792;4778,4388,12312,15694;1
+++++7360,0;20000,20000
++++++7360,9914;20000,16923
======9049,16827;20000,16923;3806,16918,7532,15484;0
======9783,11610;20000,11994;6604,11702,15480,6310;0
======7360,9914;20000,10773;2642,10028,16384,6626;1
++++++8153,0;11800,20000
======8821,15989;11281,20000;8270,16710,2912,13234;0
======8153,0;11326,20000;8360,17930,4218,8690;0
======9568,0;11800,20000;11190,17814,4866,7404;0
======8726,0;10136,12126;7072,11518,12076,5042;1
++++++7886,2924;20000,11637
======8400,2924;20000,3033;1398,2946,19142,14706;0
======7886,11545;20000,11637;3694,11572,15924,6692;1
+++++7498,7268;10972,20000
++++++8418,14602;9848,20000
======8869,15961;9343,20000;9378,16654,6306,16494;0
======8418,15295;8426,15725;4758,15322,14478,12336;0
======8953,14602;9848,16603;7526,16470,10460,7534;1
++++++8441,7268;10972,14666
======9177,7268;10972,7536;3550,7484,16338,12148;0
======8441,11610;8492,14219;6604,11702,15480,6310;0
======9418,12780;9580,14666;10890,14064,6090,13398;1
++++++7498,15295;9049,17366
======7772,15295;8395,15725;4758,15322,14478,12336;0
======7498,16827;9049,17366;3806,16918,7532,15484;1
+++10128,0;20000,20000
++++12852,0;20000,20000
+++++15046,0;16384,10679
++++++15467,0;16384,10597
======15957,0;15967,7386;15380,5306,6046,9758;0
======15467,0;15741,8527;14400,7588,9230,9164;0
======16322,8793;16384,10597;14648,9436,4266,13990;1
++++++15046,6591;16260,10679
======15046,7453;15129,10679;15578,9600,9484,13142;0
======15765,6591;16260,8527;14400,7588,9230,9164;1
+++++12852,0;20000,20000
++++++14322,0;20000,15261
======16887,0;20000,6560;15380,5306,6046,9758;0
======18354,0;18926,4046;18314,278,5694,18054;0
======14322,13478;20000,15261;12854,13594,7336,8940;0
======16897,1510;16907,3667;17260,1740,9344,9866;1
++++++12852,0;20000,20000
======12852,10549;13462,20000;14514,10908,5040,7440;0
======18257,0;20000,20000;18394,7814,3138,9336;1
++++++12880,1510;14715,11441
======13178,10393;13247,11441;12094,10596,10994,11546;0
======12880,1510;14715,3523;17260,1740,9344,9866;1
++++10128,0;20000,20000
+++++10128,0;15026,10254
++++++10128,0;13895,9675
======10128,0;11538,9675;9876,6616,17920,4256;0
======13285,0;13895,7748;15380,5306,6046,9758;0
======10170,0;11019,9572;9960,6410,18878,5264;0
======10498,0;11419,1630;13050,550,15898,14530;1
++++++14159,0;15026,10254
======14657,0;14931,6184;12780,2902,10870,8914;0
======14159,0;14495,10207;13200,7052,11430,3758;0
======14388,0;15026,5854;14262,800,8864,9260;0
======14270,8594;14920,10254;15578,9600,9484,13142;1
++++++10156,3440;11492,9543
======10300,5774;10354,9543;10220,6352,14230,9328;0
======10156,5274;10687,5852;7112,5352,15798,12878;0
======10264,3440;11492,4642;3446,3978,11692,16666;1
++++++10507,0;13843,5495
======13754,2075;13843,2886;10426,2870,13590,10144;0
======10507,0;10883,2260;7704,1752,19066,3806;0
======13216,0;13336,5495;14262,800,8864,9260;0
======13125,0;13656,3801;13050,550,15898,14530;1
+++++10434,0;20000,20000
++++++12822,8793;20000,20000
======12822,15800;20000,20000;7524,16332,2504,14198;0
======16384,8793;20000,10597;14648,9436,4266,13990;1
++++++10434,0;15467,20000
======10434,0;11260,20000;10488,9732,11926,6678;0
======15095,0;15467,9248;14400,7588,9230,9164;0
======11650,12127;12462,15939;10890,14064,6090,13398;1
++++10457,0;20000,20000
+++++10690,0;15119,20000
++++++10690,0;12726,20000
======12063,0;12132,20000;12094,10596,10994,11546;0
======10690,0;12726,20000;12008,8930,3608,16408;1
++++++12514,0;15119,20000
======12514,0;15022,5373;17082,1280,7354,8802;0
======13240,0;15119,20000;14448,7814,14856,3022;0
======13110,8674;13975,9633;11416,9466,13352,7996;0
======12800,7946;14071,8738;17654,8010,13916,7592;1
+++++10457,0;20000,20000
++++++10457,0;20000,6301
======10457,0;10808,6301;10426,2870,13590,10144;0
======10799,3670;20000,4352;2060,4220,19336,12878;1
++++++12414,0;20000,10310
======12681,4765;20000,6731;9960,6410,18878,5264;0
======12414,0;13240,10310;14448,7814,14856,3022;1
++++++12010,0;20000,20000
======13288,14510;20000,20000;10786,16128,14020,1860;0
======12010,0;14341,10225;14648,9436,4266,13990;0
======12022,11892;12632,20000;12854,13594,7336,8940;1
+++++13441,0;16849,20000
++++++13441,8841;14306,20000
======13934,8841;14306,11346;12078,9800,12100,4742;0
======13598,8841;13934,11581;12078,9800,12100,4742;0
======13441,8841;13598,20000;12078,9800,12100,4742;1
++++++14080,0;15057,14343
======14357,0;14486,14343;14680,11758,2884,12050;0
======14715,1510;15057,3523;17260,1740,9344,9866;0
======14080,0;14798,4869;16152,1062,4048,19552;1
++++++13644,9533;16849,13159
======16787,9533;16849,11246;15578,9600,9484,13142;0
======13644,12621;13980,13159;12170,12956,8034,7428;1
++0,0;20000,20000
+++0,0;20000,20000
++++5959,0;20000,18140
+++++6778,0;8975,16731
++++++6778,0;7529,16731
======7177,0;7251,3678;4076,2160,14812,12240;0
======6778,0;7459,10167;5610,8816,13088,15246;0
======7319,0;7529,10911;7112,5352,15798,12878;0
======7011,14766;7453,16731;1944,16726,12948,6768;1
++++++6988,2924;8975,8049
======8906,7268;8975,8049;3550,7484,16338,12148;0
======7354,2924;7830,4071;1398,2946,19142,14706;0
======7814,6918;8375,8049;3550,7484,16338,12148;0
======6988,6918;7814,8049;3550,7484,16338,12148;1
++++++7283,0;7667,8799
======7562,5638;7667,8799;4846,6080,13318,10014;0
======7283,0;7528,6501;4778,4388,12312,15694;1
+++++5959,0;20000,18140
++++++10689,9533;20000,16610
======10689,16421;20000,16610;4824,16510,4704,14264;0
======16066,9533;16330,11246;15578,9600,9484,13142;1
++++++13581,0;15971,10752
======14324,10393;15244,10752;12094,10596,10994,11546;0
======15416,0;15971,6977;16152,1062,4048,19552;0
======13581,8113;14014,8657;10032,8638,10244,16338;1
++++++5959,15044;20000,18140
======8608,16597;8879,16730;2954,16724,11544,9468;0
======8531,15044;8867,16731;1944,16726,12948,6768;0
======5959,17965;20000,18140;728,18000,5492,17032;1
++++++6341,0;14955,10167
======6341,0;6568,10167;5610,8816,13088,15246;0
======14931,2091;14955,6184;12780,2902,10870,8914;1
+++++11252,0;18217,8738
++++++11252,0;13285,7748
======11252,0;11603,6168;10426,2870,13590,10144;0
======11663,0;13285,7748;15380,5306,6046,9758;0
======11770,2953;11982,4100;9278,3004,16772,16360;1
++++++15741,0;18217,8738
======18155,0;18217,6520;18314,278,5694,18054;0
======17664,0;18046,6149;19538,4484,5424,12650;0
======16722,6802;17094,8738;17654,8010,13916,7592;0
======15741,4434;15765,8527;14400,7588,9230,9164;1
++++0,0;20000,20000
+++++0,0;5783,20000
++++++0,0;3551,17102
======0,14099;3551,17102;3806,16918,7532,15484;0
======2132,0;2351,9563;2060,4220,19336,12878;1
++++++0,0;4623,20000
======0,0;714,20000;700,11694,14108,17936;0
======2423,0;4623,20000;2642,10028,16384,6626;0
======2110,0;3463,20000;3296,11280,4378,14754;1
++++++4332,0;5783,13806
======4332,3190;4566,5150;2060,4220,19336,12878;0
======5621,0;5783,13806;3296,11280,4378,14754;1
+++++0,0;20000,20000
++++++0,0;20000,20000
======6142,13420;6352,15896;4758,15322,14478,12336;0
======0,0;20000,20000;12032,12806,10868,344;1
++++++0,0;20000,20000
======0,0;13742,6149;19538,4484,5424,12650;0
======0,0;20000,20000;18120,12762,936,7232;1
++++++0,0;11762,14142
======0,8594;11762,9895;15578,9600,9484,13142;0
======0,0;9977,12099;12008,8930,3608,16408;0
======0,0;8223,14142;8500,11548,7504,9732;1
+++0,0;20000,20000
++++1161,0;6396,20000
+++++1161,0;3936,20000
++++++1161,0;2165,20000
======1161,0;1671,20000;1398,2946,19142,14706;0
======1452,0;1998,13300;700,11694,14108,17936;0
======2073,11487;2165,13300;700,11694,14108,17936;0
======1671,0;1801,9836;1398,2946,19142,14706;1
++++++2020,0;3936,13300
======2020,0;2474,6487;1398,2946,19142,14706;0
======3561,7959;3936,12580;4918,9838,14492,13130;0
======3068,3190;3453,5852;2060,4220,19336,12878;0
======2165,11487;2773,13300;700,11694,14108,17936;1
+++++4586,0;6396,17432
++++++5737,0;6396,13989
======5737,0;5995,13989;4918,9838,14492,13130;0
======6186,0;6396,8799;4846,6080,13318,10014;0
======6083,0;6341,13478;5610,8816,13088,15246;1
++++++4801,0;6111,16731
======4945,14122;6111,16731;1944,16726,12948,6768;0
======4801,0;5925,10449;4778,4388,12312,15694;1
++++++4586,0;5294,17432
======4755,0;5240,17432;2954,16724,11544,9468;0
======4586,3190;4882,4786;2060,4220,19336,12878;0
======4857,0;5294,10773;2642,10028,16384,6626;0
======4600,11621;5036,13300;700,11694,14108,17936;1
+++++3463,0;6174,20000
++++++4551,2553;5924,4786
======4551,2553;4672,4149;1398,2946,19142,14706;0
======5003,3190;5924,4786;2060,4220,19336,12878;1
++++++3463,0;6174,20000
======4672,2553;5593,4149;1398,2946,19142,14706;0
======3463,0;5410,14283;3296,11280,4378,14754;0
======4227,0;6174,20000;4824,16510,4704,14264;1
++++0,0;20000,20000
+++++0,0;12026,13513
++++++0,6152;12026,13513
======0,11386;12026,13513;14680,11758,2884,12050;0
======0,6152;6765,8420;10888,7108,17764,7586;1
++++++0,0;9244,10081
======0,7331;9244,9599;11416,9466,13352,7996;0
======0,0;8657,10081;9788,8614,10550,10950;1
+++++0,0;12538,15725
++++++4882,3190;8418,15725
======8395,15295;8418,15725;4758,15322,14478,12336;0
======4882,3190;5003,4786;2060,4220,19336,12878;0
======6354,11621;6389,12214;700,11694,14108,17936;1
++++++0,0;10454,14511
======0,9605;9810,11046;12094,10596,10994,11546;0
======0,0;10454,14511;12962,12286,7274,5946;1
++++++0,0;12538,14847
======812,0;1322,14847;700,11694,14108,17936;0
======0,0;12538,7530;17130,5594,7654,7064;0
======0,0;8627,14116;9308,11496,3648,11222;0
======0,0;2110,14780;3296,11280,4378,14754;1
+++++0,0;20000,20000
++++++0,0;6988,20000
======0,0;826,20000;728,18000,5492,17032;0
======6162,14730;6988,16731;1944,16726,12948,6768;1
++++++0,0;20000,20000
======1981,18572;20000,20000;332,19858,2418,19292;0
======0,0;20000,20000;10380,12734,10202,546;0
======0,15114;3351,16023;4758,15322,14478,12336;0
======0,0;16015,9582;17996,8150,3046,13112;1
++++++0,0;9568,20000
======0,17275;9568,20000;11190,17814,4866,7404;0
======0,17333;8153,20000;8360,17930,4218,8690;0
======0,0;6501,20000;3630,17286,1670,14264;1
++++2351,0;6738,20000
+++++5149,0;6460,13300
++++++5149,0;5540,13300
======5244,11621;5540,13300;700,11694,14108,17936;0
======5149,0;5383,11637;3694,11572,15924,6692;1
++++++5294,0;6460,12214
======5795,11621;6354,12214;700,11694,14108,17936;0
======5294,0;6460,10773;2642,10028,16384,6626;0
======6152,0;6362,7953;4778,4388,12312,15694;1
+++++2351,0;3900,16023
++++++2514,0;3481,16023
======2514,0;2546,5215;1398,2946,19142,14706;0
======3351,15114;3481,16023;4758,15322,14478,12336;1
++++++2351,0;3900,13300
======2351,0;2805,7124;2060,4220,19336,12878;0
======3155,11487;3886,13300;700,11694,14108,17936;0
======3395,0;3900,11402;4846,6080,13318,10014;1
+++++4623,0;6738,20000
++++++5912,0;6738,10678
======5912,2908;6738,4071;1398,2946,19142,14706;0
======6222,0;6432,10678;4918,9838,14492,13130;1
++++++5748,0;6429,9501
======5925,0;6152,7953;4778,4388,12312,15694;0
======6169,3190;6243,4708;2060,4220,19336,12878;0
======5748,6782;6429,9501;3550,7484,16338,12148;1
++++++5383,10701;5915,20000
======5383,11545;5820,11637;3694,11572,15924,6692;0
======5665,16714;5876,20000;3806,16918,7532,15484;0
======5657,10701;5915,16731;4758,15322,14478,12336;1
++++++4623,0;6162,20000
======6111,14122;6162,16731;1944,16726,12948,6768;0
======5217,0;6083,20000;5610,8816,13088,15246;0
======4882,0;5737,20000;4918,9838,14492,13130;0
======4623,0;4857,10865;2642,10028,16384,6626;1
+++++2546,0;4544,20000
++++++3371,0;4198,20000
======3371,0;3538,20000;3446,3978,11692,16666;0
======3622,0;4198,9528;3550,7484,16338,12148;1
++++++3252,0;4544,20000
======4204,0;4292,10653;4778,4388,12312,15694;0
======3252,0;3622,20000;3550,7484,16338,12148;0
======3626,0;4135,10448;3446,3978,11692,16666;0
======4337,17643;4544,18140;728,18000,5492,17032;1
++++++2546,0;4113,13300
======4112,11606;4113,13300;700,11694,14108,17936;0
======2546,0;2737,5215;1398,2946,19142,14706;0
======3886,11606;4112,13300;700,11694,14108,17936;1
++++0,0;20000,20000
+++++0,0;12221,11195
++++++0,0;12209,7787
======0,0;11104,5495;14262,800,8864,9260;0
======0,0;11663,7748;15380,5306,6046,9758;0
======0,0;12209,7787;12386,2768,19032,430;0
======0,2582;6677,3696;9278,3004,16772,16360;1
++++++0,0;12221,7800
======0,0;12049,4869;16152,1062,4048,19552;0
======0,0;12221,7800;14062,2866,16030,2480;1
++++++0,0;10153,11195
======0,0;10153,6546;12780,2902,10870,8914;0
======0,0;8646,8935;10220,6352,14230,9328;0
======0,0;2747,11195;3550,7484,16338,12148;1
++++++0,0;6664,10473
======0,0;2002,10473;2060,4220,19336,12878;0
======0,0;6664,9826;10032,8638,10244,16338;0
======0,0;2185,7629;3446,3978,11692,16666;1
+++++0,0;20000,20000
++++++0,0;20000,20000
======0,0;16206,20000;14292,16928,2548,7762;0
======0,0;20000,20000;15790,12892,3430,916;1
++++++0,0;20000,20000
======0,0;20000,20000;16352,2368,384,19940;0
======0,0;20000,20000;7946,16736,3090,4370;0
======4404,0;6838,20000;6604,11702,15480,6310;0
======0,0;4227,16898;4824,16510,4704,14264;1
+++6738,0;20000,20000
++++10045,0;20000,20000
+++++13717,0;20000,20000
++++++13717,0;15596,20000
======13717,0;15596,20000;15402,3120,17658,1686;0
======13895,0;14947,8107;15380,5306,6046,9758;0
======13737,10393;14314,10752;12094,10596,10994,11546;0
======13874,8594;13994,9895;15578,9600,9484,13142;1
++++++15423,0;20000,20000
======15423,0;17337,20000;16554,13480,2574,9560;0
======16832,0;20000,20000;17130,5594,7654,7064;0
======18217,0;18354,20000;18314,278,5694,18054;1
+++++10045,0;13396,20000
++++++10045,0;10952,20000
======10045,0;10452,2260;7704,1752,19066,3806;0
======10898,0;10952,9599;11416,9466,13352,7996;0
======10134,15359;10284,20000;9378,16654,6306,16494;1
++++++11845,0;13396,10612
======13108,1755;13396,2806;11412,2710,13014,11056;0
======11845,0;12671,10612;13310,8418,18090,1046;1
++++++12055,0;13340,20000
======12055,0;12639,20000;12078,9800,12100,4742;0
======12462,12539;12591,15939;10890,14064,6090,13398;0
======12785,12911;13340,15496;10890,14064,6090,13398;1
++++8886,0;20000,20000
+++++10012,0;13418,12461
++++++10012,0;11460,12461
======11039,0;11460,12461;10888,7108,17764,7586;0
======10979,0;11099,10674;9788,8614,10550,10950;0
======10012,0;11229,11267;12078,9800,12100,4742;0
======11099,0;11321,9402;9788,8614,10550,10950;1
++++++11745,0;13418,11776
======11745,0;12096,6255;11412,2710,13014,11056;0
======12592,0;13418,10344;14804,7882,11488,3448;0
======12474,10393;12528,11776;12094,10596,10994,11546;1
+++++8886,0;20000,20000
++++++14926,0;20000,9099
======15585,0;15957,9099;15380,5306,6046,9758;0
======15093,0;15416,6410;16152,1062,4048,19552;0
======14926,0;20000,7879;14062,2866,16030,2480;1
++++++12616,0;20000,20000
======13511,9599;20000,11009;10488,9732,11926,6678;0
======13573,12940;13986,15261;12854,13594,7336,8940;0
======14423,0;17664,6149;19538,4484,5424,12650;0
======12616,0;14159,20000;13200,7052,11430,3758;1
++++++16077,0;20000,20000
======18966,0;20000,20000;19538,4484,5424,12650;0
======16077,0;20000,11888;14034,11014,2238,11630;1
++++++8886,1510;20000,10014
======11246,5329;20000,5433;7112,5352,15798,12878;0
======15111,1510;15761,3523;17260,1740,9344,9866;0
======8886,9819;20000,10014;4918,9838,14492,13130;1
+++++11229,0;13737,11917
++++++12527,0;13737,11917
======13304,10393;13737,10752;12094,10596,10994,11546;0
======12527,11228;13447,11917;8500,11548,7504,9732;0
======12871,0;13647,7594;12780,2902,10870,8914;1
++++++11580,0;13675,6702
======11580,0;12406,6546;12780,2902,10870,8914;0
======12512,5933;13675,6702;10220,6352,14230,9328;1
++++++11229,0;13627,11303
======11229,0;12055,11303;12078,9800,12100,4742;0
======13405,0;13627,9937;14400,7588,9230,9164;1
++++6738,0;11237,20000
+++++6838,0;9293,20000
++++++6838,0;7736,20000
======7092,0;7319,20000;7112,5352,15798,12878;0
======6838,11610;7275,20000;6604,11702,15480,6310;0
======7273,15295;7569,15896;4758,15322,14478,12336;0
======7041,0;7736,20000;7526,16470,10460,7534;1
++++++7275,0;8441,14739
======8101,2924;8400,4071;1398,2946,19142,14706;0
======8223,0;8430,14739;8500,11548,7504,9732;0
======7275,11610;8441,14219;6604,11702,15480,6310;1
++++++7509,0;9293,20000
======7904,16597;8608,16730;2954,16724,11544,9468;0
======7509,0;8726,14127;7072,11518,12076,5042;0
======8824,15961;8869,17292;9378,16654,6306,16494;0
======8889,0;9293,20000;9278,3004,16772,16360;1
+++++6738,0;8980,10426
++++++8498,0;8980,10426
======8959,6152;8980,8420;10888,7108,17764,7586;0
======8498,9819;8506,10426;4918,9838,14492,13130;0
======8657,0;8867,10081;9788,8614,10550,10950;1
++++++6738,0;8323,6296
======6738,2908;7089,4071;1398,2946,19142,14706;0
======8175,0;8195,4178;9278,3004,16772,16360;0
======8150,3440;8323,6296;3446,3978,11692,16666;1
++++++7353,9226;8664,10426
======7353,9226;7703,10426;4918,9838,14492,13130;0
======8167,9785;8498,10426;4918,9838,14492,13130;0
======8506,9819;8664,10217;4918,9838,14492,13130;1
++++++8195,0;8612,7276
======8402,0;8612,7276;9278,3004,16772,16360;0
======8195,0;8402,7276;9278,3004,16772,16360;1
+++++7114,0;9936,11388
++++++7114,0;8889,10426
======7114,0;7353,10426;4918,9838,14492,13130;0
======8250,8715;8844,9274;5610,8816,13088,15246;0
======8774,0;8889,7276;9278,3004,16772,16360;1
++++++7529,0;9112,11388
======8665,11147;8972,11388;3296,11280,4378,14754;0
======7529,0;7806,10911;7112,5352,15798,12878;0
======8675,0;9112,10966;10278,5196,12304,5838;1
++++++8972,1480;9936,11388
======8972,11147;9543,11388;3296,11280,4378,14754;0
======9527,8746;9936,9274;5610,8816,13088,15246;0
======9169,1480;9381,2435;4076,2160,14812,12240;1
+++++8953,0;11237,20000
++++++8976,0;10403,20000
======10352,0;10403,7802;10426,2870,13590,10144;0
======8976,0;9186,4033;10426,2870,13590,10144;0
======9290,0;10249,20000;10220,6352,14230,9328;1
++++++8953,0;11237,11665
======10941,0;11237,11665;12094,10596,10994,11546;0
======8953,0;9918,6513;9960,6410,18878,5264;0
======9244,7331;9471,9599;11416,9466,13352,7996;0
======9217,0;10434,11233;10488,9732,11926,6678;1
++6377,0;20000,20000
+++6377,0;10114,16731
++++6377,0;9825,10678
+++++6432,0;8450,10678
++++++6432,0;7114,10678
======7113,0;7114,10667;4918,9838,14492,13130;0
======6432,0;7113,10678;4918,9838,14492,13130;0
======7043,0;7044,7942;4778,4388,12312,15694;1
++++++8042,0;8450,8424
======8211,0;8450,8183;7112,5352,15798,12878;0
======8042,2924;8101,4071;1398,2946,19142,14706;0
======8210,0;8211,8424;7112,5352,15798,12878;1
++++++7685,0;8373,4708
======7685,3561;8161,4708;2060,4220,19336,12878;0
======7744,0;8077,2435;4076,2160,14812,12240;0
======8161,3561;8373,4708;2060,4220,19336,12878;0
======7830,2924;8042,4071;1398,2946,19142,14706;1
++++++6568,0;7098,10167
======6568,0;6778,10167;5610,8816,13088,15246;0
======7062,0;7098,4178;9278,3004,16772,16360;1
+++++6377,0;8695,9915
++++++7528,0;8695,5852
======8666,0;8695,5852;7112,5352,15798,12878;0
======7528,0;8428,4792;4778,4388,12312,15694;1
++++++6377,0;7092,8435
======7028,0;7062,4178;9278,3004,16772,16360;0
======6858,0;7092,8435;7112,5352,15798,12878;0
======6377,0;6378,7737;3446,3978,11692,16666;1
++++++7098,0;8210,9915
======7098,0;7941,4178;9278,3004,16772,16360;0
======7806,0;8210,8450;7112,5352,15798,12878;0
======7699,8715;8049,9915;5610,8816,13088,15246;1
++++++6429,6782;6669,9490
======6429,6782;6430,9490;3550,7484,16338,12148;0
======6430,6782;6669,9249;3550,7484,16338,12148;1
+++++6617,0;9825,7906
++++++8695,5274;9825,6566
======8695,5274;8769,5852;7112,5352,15798,12878;0
======8769,5274;9595,5852;7112,5352,15798,12878;0
======9766,5797;9825,6566;4846,6080,13318,10014;1
++++++6617,0;9023,7906
======6617,0;8113,6296;3446,3978,11692,16666;0
======8462,5638;9023,7906;4846,6080,13318,10014;0
======8432,3561;8731,4708;2060,4220,19336,12878;1
++++6385,0;10114,16731
+++++6389,8715;10114,16682
++++++8492,8715;10114,14097
======9952,12211;10114,14097;11958,12926,3878,16680;0
======9341,11610;9783,12218;6604,11702,15480,6310;0
======8844,8715;9527,9274;5610,8816,13088,15246;0
======8492,11610;9341,12218;6604,11702,15480,6310;1
++++++6389,11545;7886,12214
======6389,11621;6397,12214;700,11694,14108,17936;0
======6435,11621;6777,12214;700,11694,14108,17936;0
======6831,11621;7690,11990;700,11694,14108,17936;0
======6986,11545;7886,11637;3694,11572,15924,6692;1
++++++7101,15295;8824,16682
======8451,15961;8662,16682;9378,16654,6306,16494;0
======8464,15295;8806,15725;4758,15322,14478,12336;0
======8662,15961;8824,16682;9378,16654,6306,16494;0
======7101,16493;8451,16682;9378,16654,6306,16494;1
+++++6396,0;10045,11953
++++++8450,0;10045,11953
======8612,0;8774,7276;9278,3004,16772,16360;0
======8450,0;8666,6983;7112,5352,15798,12878;0
======9042,0;10045,7243;7704,1752,19066,3806;0
======9671,0;9702,11953;10032,8638,10244,16338;1
++++++6396,0;7562,10156
======7459,0;7460,10156;5610,8816,13088,15246;0
======6396,0;7562,8799;4846,6080,13318,10014;0
======7089,2924;7354,4071;1398,2946,19142,14706;1
++++++6914,3545;7420,8049
======6914,6918;6988,8049;3550,7484,16338,12148;0
======7069,3545;7420,4708;2060,4220,19336,12878;1
++++++6669,0;7699,9915
======6669,6782;6885,8049;3550,7484,16338,12148;0
======7460,0;7699,9915;5610,8816,13088,15246;1
+++++6385,11621;7772,16731
++++++6385,11621;7011,16731
======6777,11621;6831,12214;700,11694,14108,17936;0
======6385,16421;6547,16623;4824,16510,4704,14264;0
======6988,14766;7011,16731;1944,16726,12948,6768;1
++++++6547,15295;7772,16610
======7569,15295;7772,15896;4758,15322,14478,12336;0
======6547,16421;7066,16610;4824,16510,4704,14264;0
======7065,15295;7273,15896;4758,15322,14478,12336;1
+++9977,0;20000,20000
++++10677,0;13319,14927
+++++12011,0;13150,9972
++++++12340,4741;13150,9972
======13021,8803;13150,9972;12008,8930,3608,16408;0
======12340,4741;12639,6834;9876,6616,17920,4256;1
++++++12011,4638;13051,9633
======12011,4638;12382,6731;9960,6410,18878,5264;0
======12147,4719;12216,8657;10032,8638,10244,16338;0
======12308,8259;13051,9633;11416,9466,13352,7996;1
++++++12572,0;13110,9633
======13051,8259;13110,9633;11416,9466,13352,7996;0
======12572,0;12610,1726;13050,550,15898,14530;1
+++++10677,0;13319,14927
++++++12216,0;12915,8657
======12216,8113;12706,8657;10032,8638,10244,16338;0
======12233,0;12564,1726;13050,550,15898,14530;0
======12610,0;12915,1726;13050,550,15898,14530;1
++++++10677,0;10950,12571
======10896,0;10950,6221;11412,2710,13014,11056;0
======10677,10869;10731,12571;8500,11548,7504,9732;1
++++++10952,0;13319,14927
======13125,11970;13319,14927;11958,12926,3878,16680;0
======12549,0;12931,12194;9308,11496,3648,11222;0
======11230,10549;12852,14361;14514,10908,5040,7440;0
======10952,0;11303,13640;11416,9466,13352,7996;1
++++++11642,0;12549,13382
======11642,0;12063,11701;12094,10596,10994,11546;0
======11800,0;12549,13382;9308,11496,3648,11222;1
++++9977,0;20000,20000
+++++12075,7453;20000,20000
++++++13171,7453;15479,20000
======15348,7453;15479,20000;15578,9600,9484,13142;0
======14314,10393;14324,10752;12094,10596,10994,11546;0
======13874,12909;14256,14927;11958,12926,3878,16680;0
======13171,8101;13459,9040;9788,8614,10550,10950;1
++++++12075,9533;20000,20000
======13722,13772;20000,15496;10890,14064,6090,13398;0
======12075,17429;20000,20000;8360,17930,4218,8690;0
======16419,9533;16787,11246;15578,9600,9484,13142;0
======13490,15353;20000,20000;11190,17814,4866,7404;1
+++++9977,0;20000,20000
++++++9977,0;10979,12099
======10153,0;10363,6546;12780,2902,10870,8914;0
======9977,0;10139,12099;12008,8930,3608,16408;0
======10084,0;10979,10674;9788,8614,10550,10950;1
++++++10454,0;14040,20000
======11303,0;11724,20000;11416,9466,13352,7996;0
======10454,0;14040,20000;12962,12286,7274,5946;1
++++++10594,0;20000,20000
======10594,8746;20000,9126;5610,8816,13088,15246;0
======16338,0;17275,10815;17996,8150,3046,13112;0
======11326,17429;12075,20000;8360,17930,4218,8690;1
++++10178,0;20000,20000
+++++12412,0;20000,16819
++++++12412,9655;20000,16819
======12412,15989;20000,16819;8270,16710,2912,13234;0
======13851,9655;20000,12129;9308,11496,3648,11222;0
======14256,12909;20000,13203;11958,12926,3878,16680;1
++++++12443,0;20000,9895
======12443,8594;13874,9895;15578,9600,9484,13142;0
======14867,0;20000,8259;13200,7052,11430,3758;1
++++++14091,6802;20000,11346
======16229,6802;16722,8738;17654,8010,13916,7592;0
======14091,8214;20000,9040;9788,8614,10550,10950;0
======14306,9633;20000,11346;12078,9800,12100,4742;1
+++++10178,0;16750,20000
++++++15057,0;16750,7386
======15967,0;16750,7386;15380,5306,6046,9758;0
======15057,1510;15111,3523;17260,1740,9344,9866;1
++++++10178,0;14100,20000
======12891,0;13717,7963;15402,3120,17658,1686;0
======13459,8101;14091,9040;9788,8614,10550,10950;0
======10178,0;14100,20000;12410,10190,4826,6906;1
++++++11316,0;13943,20000
======11800,14002;13490,20000;11190,17814,4866,7404;0
======11316,0;13943,6283;14686,5514,11646,5924;1
+++++10461,0;15879,20000
++++++10461,0;13754,20000
======10484,15800;12822,20000;7524,16332,2504,14198;0
======10461,0;11101,10686;10032,8638,10244,16338;0
======12903,1835;13754,2886;10426,2870,13590,10144;1
++++++13943,0;14745,20000
======13943,0;14745,20000;14686,5514,11646,5924;0
======13994,8594;14216,10254;15578,9600,9484,13142;0
======14040,0;14376,12824;12962,12286,7274,5946;1
++++++13647,0;15879,20000
======15161,0;15879,4214;18314,278,5694,18054;0
======14486,0;15617,20000;14680,11758,2884,12050;0
======13647,0;14657,6905;12780,2902,10870,8914;0
======14457,0;15095,9248;14400,7588,9230,9164;1
+++++10972,0;20000,13159
++++++13927,0;20000,4214
======13927,0;20000,675;13050,550,15898,14530;0
======15879,0;17052,4214;18314,278,5694,18054;0
======18926,0;20000,2381;18314,278,5694,18054;0
======17171,0;17195,3667;17260,1740,9344,9866;1
++++++10972,7155;20000,13159
======13980,12924;20000,13159;12170,12956,8034,7428;0
======11410,7155;20000,12089;7030,11444,17102,2940;0
======15064,8803;20000,9972;12008,8930,3608,16408;0
======10972,7268;20000,7536;3550,7484,16338,12148;1
++++++14955,0;20000,8527
======14955,2091;20000,4248;12780,2902,10870,8914;0
======16260,6591;20000,8527;14400,7588,9230,9164;0
======17434,0;18155,4214;18314,278,5694,18054;1
++++++16460,0;20000,10386
======16460,0;16832,7530;17130,5594,7654,7064;0
======17887,0;20000,10386;17654,8010,13916,7592;1
