4;4;6
+1359205438,157574108;1548743883,898877736
++499745757,1658715912;383249609,2120512149
+++272204225,1113015729;1698320879,1241333317
++++1932272781,303475892;269736596,2050250972
====1593435968,485964586;1202896630,389317887;1130124922,626359688,1551692575,1475272855;0
====459523787,1796765430;830965426,951851067;167679230,996203097,337767632,588994661;0
====1265147275,897590271;719772679,1617552261;548778197,146958066,635218479,388530558;0
====480379102,804827160;1555632446,371577894;888013604,1968755641,1016953869,301636942;0
====1703459344,1747037224;1678389083,238782256;190557750,370643932,848159247,16060623;0
====2020995794,1684422071;1877461567,1129680827;583413707,252430290,1548925233,1931019330;1
++++825577313,1966701779;2130147518,1163623527
====437172583,1178016523;224023041,1300979714;1911610337,1911733788,618720772,555287828;0
====1067512667,314634137;3999450,1980996984;34587178,639109542,583349413,2145595863;0
====2137948027,517138083;813252360,1180233285;1936211314,194098205,433292788,1298065773;0
====1001195745,568997982;1670574325,979364811;801474607,225514396,1502808422,250561448;0
====125258970,957280330;1883712233,1777326631;1358856198,476864361,586237242,900217975;0
====2079848349,246744605;529988358,59983214;1106842665,386891348,22382249,345213020;1
++++1695332954,1916578375;659442674,1191986554
====1008642907,863931299;195755279,1415742603;1935642925,1912051892,71534322,695593195;0
====1115452281,587883196;304820649,732933360;2137268637,1024770511,390966824,1100646222;0
====1592571222,318953621;900423417,424052128;66098387,282967562,367827486,36726840;0
====1077982983,2060346742;498616872,759271977;1290857760,1594055344,1789987474,1149654399;0
====1806174557,136979488;624481966,2020320590;1408644397,1827766553,737708161,468020358;0
====1234800736,1008373489;853692605,1545523622;424972107,1446637237,1961183242,2140251818;1
++++969057303,1141346861;1582925894,276704554
====684032178,1038962834;1815663351,225096659;877802457,137200293,1660030986,1242674063;0
====1821369319,1178586275;422743662,1994725342;510963937,2064332414,614803209,914222840;0
====1471340186,1071207205;1808989273,1904676875;860946685,1350328049,1355564200,253055124;1
++++1321268566,1062227191;807061351,795878173
====717818513,1762684570;904312165,867707350;1046689637,12656192,584317904,1776631082;0
====663617858,838624294;267217604,2023910998;35086703,1779755749,1562178825,1348041469;0
====451328200,1322643156;328441156,1639052127;1512986566,1502276477,839260955,441369721;0
====2049189708,2096623444;1870978473,1509369320;1948601299,1198068266,1365739679,1824514399;0
====392666233,272236229;1459197872,1217710378;1221111432,447149153,745645467,1883732127;1
++++112147205,1202562744;135367499,1094519322
====640313770,302068994;1023310374,553462103;688375090,933509016,959323070,264044071;0
====1820642080,643196199;1720441716,259784886;1743458430,71433672,798540077,779829751;0
====1250336424,2070140920;1382828035,951205028;241538669,770014584,745306245,690505423;0
====1042024799,1796884472;1183836109,758092753;95450763,2025467461,2093471278,46998253;1
+++914781516,845033432;120285993,667682810
++++1617909679,249856158;888289045,1558448765
====1646521935,1140475812;1842502828,1707731787;986180036,1956632271,1242026059,994194411;0
====1514832867,636126879;2116886484,1541930388;763284445,563484555,1182860440,2055865335;0
====620310971,200332130;798076042,1831588520;1099628632,1068269604,1585381840,2123803023;1
++++1727478506,1640094563;2022853025,1448747898
====1741491428,2082656535;752721021,2132683236;431086394,424444873,155853664,547187390;0
====1328047819,2120103412;2029978525,1032757172;1561349357,1575461931,2138711863,319644839;0
====2129411445,1389060532;1731526497,546499987;276046520,1683513243,197326310,609838007;0
====1936302849,1776440060;273692033,1360846962;1111336306,898189051,590231203,810011372;1
++++827720845,1513670561;858992191,600504214
====1069489238,836355729;1106516966,2037238335;272149596,706447768,152861089,990169349;0
====1307877333,387313833;442321694,1579446077;245069203,1863227339,672098248,1715457025;0
====701279998,1943577206;981340187,731082356;1959672243,586691497,1707918614,2071885883;0
====6345996,1292367310;1079474111,69269249;1803723888,1746576340,1541575751,1584681988;0
====1883533540,218203233;359047870,890572513;1689715450,1707477846,142423288,1945049287;1
++++965622202,1375052038;1692120428,1761580847
====1599636105,1073541052;1383147034,121636670;558675775,1303308484,411324307,727359241;0
====938652525,1823417125;1719083319,799695992;1783368361,1319129026,2026122822,1621424320;0
====2066216055,361299024;468216851,1431490045;276202396,1839746440,684501560,2134400346;0
====307474587,2047343038;2133166201,257580360;1760108101,2096405166,1733495151,133534199;1
+++1045494980,389800423;1758144119,1170751433
++++1227262534,1623907366;510081349,1987344711
====281437506,1359798245;990852014,221630687;670042368,1353385714,287284506,1841217729;0
====2098597875,445743359;676831417,598741297;1466564370,1637975996,782010137,2006938541;0
====342139284,51251154;259492047,2096453343;922223060,294973699,1345824693,1309394066;0
====1862132932,1655831402;1090128596,1912450538;1026346431,429704170,1580459062,1629608228;0
====740098006,248926358;499215585,793977682;1780190708,1315551317,2017808462,1793628820;0
====417331068,57119787;193083631,314378730;1437461731,1926552586,945001309,999116295;1
++++2096874130,1111918711;619674572,1637845237
====1382221155,1927923374;1287905620,1155890106;246575605,908034464,1280684668,1925169477;0
====704955871,1802928203;1925253133,1158492081;415357947,1758758856,2147007256,853187179;0
====1482788407,1165469219;176938626,1167057460;972079817,155563201,1138694705,1689034157;0
====906076469,359692797;1581108932,1557146669;309487313,1424685324,1100098169,1573580854;1
++++724761107,1585600912;1331389230,82586795
====1594562601,420925106;84388359,455743060;1551126666,510606524,931115700,162103707;0
====1832033999,1691257403;106256631,438031321;1705491564,1783674917,1347541680,198534277;0
====709936689,402023470;100584492,1135445474;738343522,166177682,676902894,1672656018;1
++++98528417,1646625663;853467171,489886492
====1250286684,742382799;95493674,1502336578;82509702,1732350811,2074399980,1413560778;0
====1492184905,1103998752;524445997,1260689271;1123050738,1426579793,1966046298,1582253057;0
====1838751648,1779324776;2088557447,2058275772;1597809543,810170371,859165674,1545936051;0
====1868117456,1785320828;914337874,2032336887;599336443,116233440,1200821871,972765664;0
====1395820619,295089615;1528011407,1303096919;186670984,1315484051,201502765,1758896414;0
====659256561,408082453;271490450,1339478524;1924402032,1953305184,381828955,1639844325;1
++++2080928791,996465381;1966796985,1510196722
====1271664450,752045093;2014260349,1757239242;2022752600,1435054078,1870165583,1696610102;0
====244819253,1187542545;2146649230,1752020095;1005625911,1725587647,91348037,416638372;0
====2095801565,240561915;1928107639,1179024177;749106914,1376715675,404487983,83071148;0
====1541436413,1099992651;1905638659,989132327;1426875110,1923642938,1752273281,2078754678;1
++++272033916,940017637;1155123202,2082291797
====950376188,1101118563;792856011,2119148314;24897121,1774515136,651611758,474712833;0
====2050909143,767085475;1023479511,1185172398;1949735267,1161575557,188033231,214790823;0
====337114741,216229670;1340111910,786335260;397254713,2113604950,6875533,1399757550;0
====556230595,99809577;97915324,1788780543;489869585,39155141,1793587476,76800416;1
+++138687776,206927241;1335517909,1515129050
++++1236056364,1977932985;652533388,417253607
====309140621,1315474651;457405961,757893195;2083658086,1261410599,496065603,1642834757;0
====1024171750,1900110517;1150133622,576292260;780031894,1168007352,228923411,1607646107;0
====1348688510,735851507;1211234108,1996044691;1316544990,410419349,458106941,544063206;1
++++1421286927,1327924261;1994783944,1968243688
====160427553,551394108;439118842,1684851052;1279615558,1552008576,370801702,105808187;0
====1831327985,677043027;335017019,1889335842;2091531282,1883376293,1071069423,251237210;0
====830583043,681345734;1929161724,297873998;2011683340,2053561285,712315934,1514915747;1
++++536273123,666055063;1769244871,422450053
====587476663,241356198;130256249,1281381460;1916660672,1278272908,2036106720,116213183;0
====431331252,1771575281;820273508,459742300;548521512,478806954,1775465454,1696641966;0
====1571889033,929490096;377824472,1975078780;1001018724,104568276,531114161,1217608301;0
====1291588437,1493338655;547823163,1629097818;2091789129,1304286746,913676310,958993246;0
====1494745407,1791391311;1476529610,771036864;688398527,1394018339,1862534014,1104657350;1
+++2114389836,1589993470;1325800832,1193359773
++++82139597,1323561644;404522581,2112653282
====1138097471,486684239;63369085,1520261722;2102723643,1150701315,580993470,754668307;0
====2083574246,1148146395;1305820024,2113432327;1389849626,277995438,1632035392,1035535388;0
====1545159303,284253965;722707440,434157223;294795300,22195086,1034958243,2104535345;0
====377972120,1238406570;1958795694,178199889;82502092,471045675,1554130546,1468894688;0
====580605110,1273411989;854858842,1210205959;393067543,576273733,99580396,389611789;1
++++279070081,758080435;479822647,1985386342
====548678432,756469873;1973732861,1583210522;1861725214,303309998,663480026,1492280337;0
====1432249639,294253716;1694109494,1336543477;73742690,870229946,1221971785,162534536;0
====1174274010,1196217532;356952415,1618600081;1802480719,1224478758,861622785,1453251378;0
====553128497,1832686862;1104858413,1135624444;444348819,608253427,1549159199,1762437205;0
====1721474694,1275940872;1756966547,263399916;731179854,1265273014,258934937,1445346164;0
====1050907829,1298963773;1788739019,212233861;133066479,793221311,1680725495,147346411;1
++++2003821200,1934069270;1880755126,1991893031
====1298462925,1056245925;1961191508,2096554181;289726206,830922897,1451979121,94031677;0
====206354563,924861485;2060401516,675304120;1441944084,1293432650,649951218,714144154;0
====2084856171,815383355;1249604204,717326128;1694005793,1855022633,1315580561,1645968207;0
====146430227,580189161;969784219,728729339;1838261807,1345942475,1242564735,1230700042;1
++++1330984223,1756129729;2091604112,1665083737
====257226385,1824028571;1043417170,1788762749;1477676105,834040135,1097214489,1301613176;0
====1953033575,1403383126;256679437,27801812;1262420222,1717342467,1419416783,1253380323;0
====1781535969,2062488797;1355040442,83490953;819040043,1152890367,1868295070,1744574658;0
====1721607655,1104813505;412014647,1027670957;1558172724,663186908,861556053,520137950;0
====652263305,1798042663;366656158,2021429347;2114866008,797612467,1711692934,922129009;0
====1516870151,1712551424;885030810,1097845238;118167303,187364088,1385501846,1436455500;1
++1486636186,58730825;437804444,495609412
+++137116545,611165831;1694019853,469580270
++++1068853963,2077262064;425875950,1145948260
====1693589350,1577866658;855162318,986319397;311646913,328097759,1556360677,1905709124;0
====779427712,60041750;485754560,1612459295;683957585,1385182277,1314380914,2010922294;0
====1045537661,1930577006;378007213,38886178;363372547,1465694260,1399511375,1123725610;0
====1258181879,667422172;620861030,1518452584;1541183893,938727624,578224022,528669400;1
++++1909545583,517090630;1191539709,1851191341
====307590714,1620761113;907577609,1926510991;46066085,541819683,1460954954,838069914;0
====1761784619,77954982;403768683,2051251842;647595879,1914750071,1336781366,1078237068;0
====1936072249,1907560910;1720710780,789578099;177024061,1826279144,1222325999,1887856802;0
====1118459141,956084253;1281763979,1346622884;1390287788,304483209,905128980,1367206632;1
++++505453288,1094537535;765319630,416353961
====1499745449,262866154;83981,451603771;1577917389,1062859058,1932148039,310384887;0
====243453204,1322172109;911647439,1170462873;112786215,664930362,392841347,588313465;0
====1694127623,1658658224;383459724,2129836818;44826915,1114723743,844379724,1421267433;1
++++2105309850,501315728;1538588176,142614489
====1674349231,584509243;367079334,582356089;380542170,655031456,1340279537,310742173;0
====1215063627,1427162503;2146241736,946548973;159772612,325901939,1676153406,1601396377;0
====572031548,182263924;1923302790,222347415;526825029,1224414793,144576193,621084513;0
====1426051087,1993524336;1761859024,576601161;1950205896,974162151,1914087173,1939610161;0
====348941252,763580425;244517219,1696218693;15072860,660858807,720959440,533350843;0
====843069260,1389219226;1486522971,1103173143;1978971643,12650054,1766411704,1281494707;1
++++1922096859,1207860819;736357808,731487377
====401493150,419607326;514572127,2082647803;1294064331,1855262860,1157926610,1150525236;0
====1933175605,1940788074;1748674247,553548040;2058409653,1018998725,1918299722,1070736446;0
====1902522943,445169402;131064765,1130994985;81659921,106066138,1961229102,814577608;0
====1540870632,796330692;640056512,1688052978;973525563,1662242075,2136893269,1218591859;1
++++293567898,1524531627;928580192,1870734052
====988158034,1948961904;1386383225,525847335;950827615,874484387,1723633710,1580261615;0
====1475589200,1749871102;314855305,353036265;1918706885,41034165,802968367,1372471169;0
====1544399331,476535587;1992904284,635694711;1419740355,1511181917,254206000,482846913;1
+++343463670,876529143;1174552029,1442244377
++++1405397244,278364588;718648335,1232390923
====266899818,764726991;1141459372,2076380460;493381414,1613332940,652673799,312124213;0
====255308464,791402082;2113670906,696198071;2073947957,1426052346,2137546749,1534472758;0
====751050048,606766179;320127814,85057897;2051895127,2138624225,490581366,682673002;0
====1423513208,1556420826;1018070404,1549132664;1702824021,895200559,1781532222,51726709;1
++++663709007,1888119207;1627486159,1316120740
====492955521,390979304;1063439835,11325727;1743135913,685441661,1894264234,2086888142;0
====1943471493,181741447;1496580566,772580421;2027472944,808230423,793824064,504457823;0
====2072469848,213388335;12015779,1696120933;194159057,1667441228,765572280,2070307109;1
++++987717807,920223440;1490810016,1736175885
====1628026057,1095574333;1919833129,413671296;800798913,102594556,1392888659,2051688842;0
====973675443,1863983150;820653109,1495396496;1516722810,1772944604,1022578600,562986224;0
====2061134407,2090715562;411387726,1934449443;1725717089,1969009114,671473503,744120002;0
====1436687436,179333230;185365905,1924090351;1652290897,762431199,2010220779,2009400927;0
====860566960,950155808;1700854832,1312563814;1370590620,797789281,673108592,473161616;0
====1426164095,802824266;670380978,186022468;664293423,795527951,998055449,393540174;1
++++339933733,1457854151;768035248,404413113
====1276289458,493838447;627075817,1347417069;2105574256,364300718,1436812045,865026590;0
====2002643096,1708349763;1946115317,268551949;404784923,1947738751,1648468407,253411335;0
====422947677,1183080779;1066257935,745365035;1001830465,402613597,429764167,1263706405;0
====1968965358,751108111;814510121,1603215697;1498241535,1884620367,1477493251,1475877723;1
+++925365364,450653029;2130530313,112920735
++++1561995804,350828027;759778295,1374708513
====1458285962,55994096;1359271362,146714219;1165282941,1285776242,1984130046,651281602;0
====1586297292,2089176486;1280358545,676466282;1651562145,334874677,1620788663,883097008;0
====429984002,1315245022;610926953,2090803167;1227453474,442646766,1124128088,708494614;0
====282794183,1025674148;604754006,1376155378;1634566410,1931925555,1534839723,836434963;0
====545516857,99599901;1641144160,1185193435;873073354,1675088944,87635652,1618375337;0
====1063819386,1737869264;825035325,1981048843;770056361,1726903320,424535681,1972021230;1
++++2108719716,1585715062;92495634,453168451
====2090202538,1372204895;65339850,1343536912;25414383,1500047910,1181003571,1106256476;0
====1375093044,1767211100;160219000,1255640244;1567058250,1611803811,362946981,1371778176;0
====483779959,1783478076;623388048,633652600;1050288302,506907505,2023297331,1487922360;1
++++2095113024,632705879;26889485,630085574
====993197522,1669500037;621285641,22414558;391949251,579120775,974273349,18885259;0
====936492449,627497904;1456313137,819020490;2021845029,1481730946,751493341,1067102819;0
====419735584,1229157376;45994024,843847083;236378564,1171397985,224739989,562484956;0
====1807706959,627828016;1955947812,1963708424;877041705,1484106731,1041550093,186751298;1
++++640047113,168914950;1116081195,240358561
====983561348,1269396039;892224697,558002590;702405351,499606013,623669076,707637441;0
====1769219850,1302665529;430276203,844408869;547159177,403521877,1227486523,1533927628;0
====604091911,1303633858;185270471,444622642;1192086758,753371345,963875200,1683818675;0
====728710446,924107116;2010174123,449202537;1928547789,1264511576,1040906397,1912293056;0
====635297506,353883550;436624371,1118379793;409914090,1418024009,1847832003,252534222;1
++++1953747911,1362356467;605210148,805822961
====180378209,1765820529;193715508,86659735;697494653,196292927,568488134,1025374275;0
====2059059179,1560100040;202605626,981122191;159453285,921352628,312860073,1335009024;0
====1225949406,442363367;777338705,2093602869;216417391,179499603,2136468626,2024849392;0
====1890442929,584127133;1670313035,233688983;772804177,60705501,720409477,1379671640;0
====1575096596,1962917951;107530134,200075103;1467157768,42020857,1707531615,1785278970;1
++++687385707,1864839493;1596901882,45266737
====2133199516,1287794267;1783464952,66859007;1432105114,404647171,1844162198,1611846815;0
====824801316,1088853364;644699688,1721746400;27034639,2060754077,1334583271,1246896272;0
====836248743,1553357149;1504095843,1016140774;295473663,1855791749,1102901814,688039636;0
====1836759706,652778516;913499282,136585091;1378770113,2134960787,2134213721,1987127486;0
====1550028303,152011047;868205091,11008734;558059186,1264249962,1681994404,696702785;1
+++233049413,1198598415;1634167204,576903479
++++1855723549,1055395545;485949085,1974203597
====2082803592,383685318;1170923614,714961935;1556435012,2036790986,40038167,1083643407;0
====991665019,333247904;799236960,1378685357;1368097605,648356907,1044707551,177852592;0
====777952908,996400904;1439879,1905565757;13942833,597782947,799184856,1195039920;0
====414181107,1092413614;1318051815,1092225302;2089093532,1038416187,1262209381,1008990805;1
++++565422678,1824985257;2067806546,253429979
====2118712014,681465017;231892552,1884147037;2008531968,553569539,726263777,604311662;0
====1926289315,1579008036;152361337,1346285948;477183617,401043250,214359614,843348240;0
====562785605,1840197880;832219271,448961174;1861332297,252522426,387978435,821500946;0
====676511016,1105843320;783026888,207808499;2051481455,1432602653,1668586558,1164101288;1
++++1291775586,208742464;304621219,1947430206
====1160378125,1829358811;758686836,1728645882;1939252508,1714451017,249220839,1724931677;0
====370833574,1017695990;2113527888,30267921;910322771,1222649153,1846787553,2062324598;0
====1274851522,707355752;1834673013,1061359421;1070800972,1060106182,656093607,849258233;0
====918444552,2109794551;72120937,1256082909;2100594883,253969626,864243015,1675987184;1
++++54043351,613526255;1785071843,586535851
====1546050634,371222121;350551604,1842410860;512426744,66364240,1930200227,1045717298;0
====1638549815,796678559;720687664,1957540160;410207967,391088504,1572633215,618545822;0
====1215352847,1118545806;1592981031,1234383146;1593922413,943986841,256921142,1569388052;0
====914097428,63560552;1078062558,951428024;2049061718,1938243343,1367137055,2004276787;0
====1671410514,1512038792;1767984006,27909334;1833261154,2137252795,2073400376,397525257;1
++++745870287,971875916;1088625527,477005119
====1012428919,12891258;293014700,1536745577;1919229392,1279225794,1384254420,70029239;0
====1870360208,669413422;1874459643,2048244306;1236636811,256012461,631497027,1335968495;0
====511270716,576529137;1058654733,1131709061;695653256,1455151649,1129361667,1830053410;0
====1848201930,230040850;788165663,1453891103;928392471,66018111,181774037,1155857626;0
====1039847891,1020163721;1920241417,1683146358;255330665,553066696,723284870,868698628;1
++++1797048420,386163571;1004306240,576591642
====71899271,46268793;1638092212,369162217;199131835,603293107,244920127,743868418;0
====1166181785,488742595;628431087,2004164225;409735470,1888460484,269396537,435690004;0
====425886637,7887199;1937818609,1165846496;569989685,978668452,1745163293,71197417;1
+++1337361861,2024884554;1639104074,521187827
++++186363729,869958827;1574583076,515064910
====950950814,1141400615;532958694,1336164931;846284973,1958027786,1073208175,1647952773;0
====1417192621,1545678677;403989969,2061373311;722116564,1560938261,1511816584,1975881866;0
====518854065,145073192;1237756254,1381463797;1602865344,1949921071,2128675205,1201949102;0
====1780499777,959002837;873879423,823495319;1859278080,54006971,1532770338,417183888;0
====1020570249,1164596902;1593730636,716232603;1922514736,2030159672,1702720972,1089685935;1
++++629769615,2143458741;1986579201,1489249008
====889617506,11484411;1219572340,841335618;1640852979,648477020,980206032,536723966;0
====1089809834,1210726534;248938364,798942067;1839951522,1803949224,118747605,97962002;0
====620371088,241872355;1211692461,2142561971;582728093,357162468,330480781,763309255;0
====683223351,1642425005;1978663841,654260148;255834766,705066375,1454445292,575071288;1
++++1451885158,1684902526;806536261,1236106204
====1888483741,261251631;1103277209,609299612;586298696,1793325101,1280582682,434670;0
====874009215,1580232504;1171075142,1479468231;735597361,682408281,20292731,1344824718;0
====1925281376,171299256;1828503957,120829653;1730248088,97395502,1401698347,183018562;0
====1155930580,593302105;1883492530,875181288;1272295402,2015188060,1028990379,91306837;1
++++1312534669,1861464956;1992432372,106637788
====1794160140,1798762983;1112100211,646842082;863678739,1872799976,1036697588,787698163;0
====1683370678,1925014812;860057703,399370686;1680635462,473465728,210257561,1747546518;0
====486005181,582679464;790797613,311993977;1722750466,1205367340,1349508588,785794647;0
====1813665151,843600521;862092738,1457100788;76595142,1127681811,459088423,1746561209;0
====1302468210,923773784;1568412704,442609035;822634629,1001756387,693932995,2058237690;0
====652344946,1505102493;1109063784,78197339;99370824,1359107509,61346069,1888350788;1
++++1919510906,1815713960;1733878599,993771684
====143099043,1677907087;645337613,1692407094;1091587170,787250712,855592902,1030590366;0
====451697227,315215916;1547362892,2047758263;1189583616,212534425,54505688,403603043;0
====1840482183,463956698;1794069115,977729544;725200710,1551811081,739340452,1613787982;0
====473316918,941048652;259518114,1480937362;497524376,247243947,996184718,1432117443;0
====242036981,301150324;945560565,2015390724;1963289279,569179059,1466652052,1517954016;0
====1933668345,1777750154;1991983556,865900616;830451967,1051926612,549663945,1379461986;1
++++158878489,1292467790;1165119828,1899397469
====1217000142,238789479;2019886734,400986131;569947107,361711682,1355730318,2053600181;0
====200472648,1368546817;1653512263,983376127;178911519,397359846,753647857,1435997296;0
====1426195347,26562716;827968086,1970587834;212776760,1142871670,1678560661,339602668;0
====468368314,1069068341;1947083662,360918617;1358720429,773859904,375259795,1412034648;1
++398960038,38423993;734467804,1456870084
+++1135002354,1120749975;1238388760,2049514709
++++1339221378,877830937;1574556677,1804782584
====2046111767,2015266521;1331935632,1314628360;2077763715,258922263,1161603658,829447706;0
====154485749,50190135;841523716,1845486400;1428518913,1440059106,103371624,1067941811;0
====1040155058,1350933888;1468688322,1845636897;344341939,958445243,153536862,394264025;1
++++677547125,1198637880;1659801342,127799296
====1506142090,1526999804;1787054217,1129473773;300952593,808883723,442203955,1931063120;0
====183420509,1642428983;96976000,257320059;345922134,294789775,857113188,224801033;0
====992377478,1773460630;1948654521,495169514;721561481,79077288,1232732769,1886394687;0
====589301138,151427024;896003904,626950087;1795247806,1060641069,820801939,39939948;0
====1034792065,914234677;1891776835,467077830;1530746155,1651235700,1534038438,2104743336;1
++++1326344984,330201311;538675965,824237389
====1582840276,192729803;1238527023,374599094;1548052710,2015417337,869189801,2085391318;0
====1213486121,1889064171;441191925,42976225;1853395273,1718499907,1324300018,1535054728;0
====1557876902,466339900;1213219403,252321685;554948275,1607351096,1472684221,1068316363;1
++++418710890,13978519;1480056328,1964926984
====702764741,1742708142;2018052580,1215232937;636924970,1784204758,1912314341,1203425944;0
====1054905541,843852844;1790176036,1061891994;1317627154,169548724,263305629,1348318954;0
====660103071,1444228208;1908532833,1814002389;1262285381,692974606,1028899169,1510357852;0
====901962895,2012787737;920838844,1357138809;71014348,1884752432,1216574682,535936752;0
====881462250,1683894881;1858740123,823884440;7882404,1429910129,1468472308,1197181556;1
++++177062129,781528528;1881210662,1383946544
====415327183,1495117208;1374177219,33520141;1975099857,423210613,1490460158,2004868996;0
====370171750,1713013751;496997614,1736005917;766104309,2055126298,1979660839,723384273;0
====980438991,1373877266;1122050794,1824382707;1226063791,1366767614,1578436749,1687039189;0
====1454258356,1250055536;1805546110,1293174548;1884019662,132266952,396309213,1226728835;1
+++1129413591,1337536239;287428672,799919727
++++2051602675,106155585;1997153329,1498682061
====618820045,598192789;1578393668,1830157146;1152708152,1795486767,1467002589,421854115;0
====1530061343,1107826545;51787014,699928776;241449344,1445635464,866391337,826911909;0
====1819963956,816411386;305755380,917845792;283270827,1597555100,1862746747,354440426;0
====1954678905,1165181234;1421954131,1638216196;2126668907,428664689,725768223,740003490;0
====529892290,33098540;713301063,689362628;2112520293,2136191108,800273822,1348218441;0
====99609531,1247037582;1753763690,841455121;878906837,1985954853,1705657481,1373388382;1
++++239761288,2079172347;801120999,678229224
====1695639073,576560016;1228904704,582428129;1637639439,1595335555,2143212701,1353396423;0
====35252538,630473614;758558440,64721907;575613857,1792348395,1036389219,1935999253;0
====1553693028,400230943;1267914485,380980956;1654374272,733703889,1132834907,1286274060;0
====148289018,1300338315;176365690,1898390285;1941031731,1889845880,481069919,1829451438;0
====1316397499,217677982;1686646775,767403064;864170046,1608200041,138707557,1451751758;1
++++1450627964,1593010;526556306,202209730
====1594265468,196214943;706381284,1972158400;541873893,643662666,1111266001,1285153302;0
====965239480,1057548450;1927500202,1109708075;1590613390,912694597,179049724,1579842011;0
====2033402215,428417495;720797770,488683340;1011513580,1218703173,1637531413,1944608428;0
====1601573312,103154641;469518750,1243333928;1440037415,518615520,1454575424,28010656;0
====1686737493,898883287;492945899,184805036;1487670898,286462287,1840466521,1696504467;1
++++1614419961,1464763826;257988201,672159765
====1959022606,1839408182;981491746,127484144;1650465387,793806560,1647031628,503135031;0
====1223093555,1938597733;1936248415,1289758940;1616033180,2027303062,816789639,2015202720;0
====977614410,967925978;1933540244,420888638;1208956028,1378988862,1591369590,981003439;0
====1233565110,160330046;184207670,1356123124;292692478,765799360,506604349,608944987;0
====165239556,74256639;728758310,430474912;1746177688,1605151124,1900446664,1779060115;1
+++1817812533,189755027;698551380,656706127
++++830431005,1097728073;958166283,1389613131
====1450587362,765647613;1539001227,781150155;1073926441,1558201355,570328442,1796217100;0
====73327207,158771737;600908881,1302649420;512689052,491117447,1726120197,483151658;0
====1220841886,1453286236;115225550,1706509039;466774682,1482206366,1386881601,467105567;0
====1846672783,1556111276;237204598,134497763;950311916,1954958004,1356414405,1806586632;1
++++777597184,2086499542;1504793015,1803472869
====726770496,637514809;6879776,708123485;2123026410,1593578825,660857305,335182139;0
====1381903742,1424787385;1119494590,1697497837;1729957047,75404547,825821449,1762769685;0
====60775411,578163308;2054613113,1952288851;123986969,2080773592,1623917749,161696560;0
====1987446100,272632014;1483176353,604735461;1125185636,1333007354,1488313582,16455148;1
++++346778644,1670839887;1694386774,5710357
====512399658,84308191;419390200,1786916837;219492279,926337670,626179306,1021748462;0
====1920491120,1354296797;610283981,1494218361;1315218717,1085693138,812099162,74277547;0
====1644275973,776158920;378177287,1040732471;1394462980,1067013252,1586792367,735072788;0
====85186702,515203583;1884357661,198869162;123608231,387806993,1811049151,1605575952;0
====1560973813,708988504;853781050,17273353;1460345403,1188069373,1856339479,1226219375;1
+105002616,880606806;150077816,1595241590
++2037284579,1391897490;219078559,2023157667
+++2008886793,1708656134;409377761,416037995
++++1978362356,937401220;1803431539,1880310750
====838451902,115108815;533946647,156779598;1004140355,240321888,1144756800,229674717;0
====1922462914,365344445;203031875,1280719648;1319913063,1972658330,250608619,547706517;0
====383642435,610426347;1330725514,1429436415;304063523,1285474098,446717421,1634557742;0
====1548433306,696260671;1315039944,1232288138;2095110988,542632041,2075526344,1797176487;1
++++401035478,1563268362;604597333,1458271068
====1556591082,976552815;1566712857,1478063256;1907824477,456656984,1236794854,1607467106;0
====616075924,1136177526;31304082,1416187379;972701127,1010610517,2050805288,756438934;0
====1445943834,921718489;1188889435,1573584362;224142247,1964897213,611096167,61755040;1
++++580820338,2033642853;1939832814,1644090728
====789602253,1174694376;97022693,776695441;813089854,601318312,1747571340,649209450;0
====1264461765,1914038090;478444684,2089630572;261707570,1918136684,423399311,572303656;0
====1229929191,1128221392;1942019566,449240566;1859328755,1975784807,640137884,122058643;0
====761270972,2130394785;663844500,91549451;991947076,750279881,569423744,413380481;1
+++1526964012,3874515;557181177,952556779
++++1085813425,568414179;94340132,1698684564
====497284393,908203500;2018677740,1925537128;70109275,1226252670,1577529617,1240907001;0
====93354363,214108624;1219089110,2121011737;1251891028,1684662686,702523720,1881259682;0
====1106110327,1214804713;1590959881,1160952276;1896606651,383497331,1704332986,362496448;0
====775345738,1163873530;1015199935,160875211;1838951228,833182816,268420605,661002111;1
++++161333278,126870265;526451956,893537730
====1868460761,1886103465;850012134,716743846;1373669822,1773882872,1539637129,1561306695;0
====1196477888,1517787899;1890914108,1434294240;1349123966,796718904,681082970,1312258678;0
====2112561224,1023409241;322560631,1085072776;780287427,1768034351,1058596271,1925162213;0
====1038458355,27759158;141790806,400852846;668700555,1333154497,1082418169,1017304730;1
++++1288601014,1152105086;35546173,1074514584
====75311824,1799278182;1778471317,482167555;1396517083,2082844461,518330414,549191714;0
====315358297,708080882;1392723065,1766568481;1129143728,433014308,1156796368,1582492135;0
====1970000218,2089362654;1589631831,1060483599;555860216,144846599,1621558400,1949921749;0
====1946503951,781825422;481060025,911862165;388022417,853456781,1605715552,1484645894;1
++++1515404745,1719367015;1140788151,562369917
====797371498,1323399065;1287075359,802280011;1058047672,571514046,769381672,576474001;0
====1212394111,1815208040;1311222176,1084017681;1369843086,400972194,586796232,1894268282;0
====630797245,1479623055;189121873,186000488;824153040,1723739758,1431215611,715731554;0
====1326445410,1628375223;1649025192,2051804166;967165393,635428916,1671797256,1004939244;1
+++976104728,382284824;1246861772,1920773940
++++1558195104,670037806;1692836373,331219110
====35161270,720594345;519400005,1435607909;1622970746,382786387,1884978389,1049961772;0
====153883903,479512444;994578953,1818981925;216159931,1309489819,703104680,1870431869;0
====1833424784,1456837478;2126390170,1721623856;805819853,1578691554,1891813421,1524217441;1
++++1837974210,1005066015;592637044,666105491
====2069162944,1758911599;601995329,1333012025;221606621,45562994,1077292036,2131125073;0
====1274015939,1658715902;1898229131,1569265549;412904510,936694961,691975720,1173689729;0
====1900252341,443081647;1225185437,916089772;155236017,1847692280,1147667607,799333984;1
++++1758284831,575554028;1056609698,1480765382
====1828697234,1833816307;577511466,699445757;1810378035,371376605,522389462,191814458;0
====1578637188,1244176974;152214354,884226775;1921553276,982719716,719474383,1347436894;0
====342087325,105783481;731573962,1402997578;39822091,68150881,1975269501,35617642;0
====1649288427,1596989526;181869456,2003849980;809695480,1310472496,1712867451,1089992801;1
++++761225921,904719197;1240108666,1348082082
====1169252118,1682999273;453635035,1902385917;2083043064,841587112,1310427089,1427243365;0
====1246674632,643217304;1794006199,1619198523;1021567973,1875253739,831656533,31310412;0
====1993279778,1292587901;538947770,1139802371;586934100,1703975888,1263332288,327197144;1
++++499931904,2106648533;1219098113,1955518217
====1009209464,180522327;407191315,1738133144;1827495396,1681385080,440110181,44894561;0
====941347849,2146400866;1914944454,56434458;1765741662,568570337,835963633,17122809;0
====872216032,1431178034;1909253066,1892972640;1474776459,1405059454,1833463492,759537685;0
====382034917,179433741;544947542,1861025396;1275352040,1851871320,1397020879,976773641;0
====986222614,1632096242;1935997106,1525916728;758483681,993249630,1921039408,2060265531;0
====1776875670,463779827;893009894,640556694;1734282732,1021305684,458813447,1470094559;1
++++142576036,584900612;1008427671,987402561
====191743150,226613610;193005197,803495803;689062451,1879137498,1985741023,879283151;0
====2111985287,192892250;163425526,1717597995;306019511,274852865,2043258858,1113243506;0
====1769450617,255970861;49351992,454871965;293666403,1537763919,1775866041,799051306;0
====227077267,944998369;1101611832,1677215200;1849950983,136943416,1335315475,490013637;1
+++1119118630,201744390;994330122,971634183
++++133766215,1054376682;861642635,1125680115
====1645906107,944933178;27280006,1651990802;357413642,1056831193,2125080168,1199600355;0
====2115395302,816097025;1170574606,1937626403;1248446742,2005759203,461151207,510103267;0
====1081598946,312372367;1393715466,1247749068;1889810010,1855322878,840811505,1936752973;0
====1622447421,787207980;477681133,1314811431;1404853701,1523797287,1558492151,664319608;1
++++1655311983,1651747146;353977208,1249094489
====1388941706,1852672263;164513850,905237919;2031399075,26653896,1677915991,1864260062;0
====1402892803,521160253;685789103,1013509304;1260460448,2093391186,1321746105,734636393;0
====1040460413,1960640810;1672750405,258870220;2012721600,548613652,827334843,964198728;0
====854570569,643567388;889959700,1225263353;712157093,55648484,850920637,1724824968;1
++++379833548,2122723467;1732199051,490988989
====1486105235,2065650884;5796796,1457484349;830630393,2091632347,203759395,551265450;0
====982779873,1574884144;804705493,1080995285;667632552,226653169,2133195853,1382176801;0
====1552780604,898741623;1798662687,1774668347;628022591,843445425,978986516,1141417912;0
====1990018534,1797520884;318761982,1998988649;1129579711,1658373003,885192156,37734214;1
++++563427736,1609884294;1677602115,671750586
====531232166,718690602;1780049485,1541391659;659462629,1021348003,583536481,1927430443;0
====526152743,660528735;2028960131,1306168255;1278120466,9940893,189856725,1598950084;0
====480736070,748255241;460702897,980788212;405261976,904643298,37495049,2086984469;0
====2067546853,944169450;951849137,1130809384;535297864,24978350,2021067944,1597231404;1
+++1579541989,1824604958;1972991722,1174628282
++++1189184517,919930626;1825794706,1321540112
====684526433,428798736;2090891869,1643377184;700795063,1826866045,1142344444,2090335439;0
====1688103971,2057315195;524187811,1122029842;1150938818,499535492,283458978,778172278;0
====873128562,2019465082;1122565718,1949495454;52406511,1651535552,362429046,656468637;0
====612472318,594704798;55145961,559460323;1857362126,1337178561,1850274622,1237006726;0
====1695369353,1698298337;1099782181,1816085065;28656012,123816450,2018134444,2047386400;1
++++1901461907,696862557;292614719,550238558
====1992299417,1136831285;230948658,472908128;392415193,1961673692,75159485,2000216269;0
====1396891723,197709427;496547262,2004668439;369605789,517835079,1008033707,1920662143;0
====1672052789,1631091133;706544002,1455342082;201824466,640750432,1177806787,703793692;0
====1555692245,1663358653;554028652,1220723100;1937074829,1876122617,567519391,1636718026;1
++++826972783,877332679;1790451283,2105532686
====120016858,1903976852;1351227695,1232340307;1934690748,1019715983,1141433270,1047958269;0
====70608721,514946649;334826023,1083433862;1185116536,449706848,971738930,274889533;0
====1865538058,502100229;464550554,399268718;119613083,844073680,1094576750,724124992;0
====1539288530,110842319;1890252171,1805633225;2128943227,834776366,1032633462,40641795;1
++++1347445391,71405172;193379091,1946363036
====997585142,1109417972;244554263,1364612920;565769602,1458194818,316007551,2051132100;0
====2040154981,1686111012;1348134884,1166013402;2099037941,416967980,1752565087,1971389116;0
====1287557575,2117227601;1310734461,1820432445;687262676,647886841,294675768,738418155;0
====110965599,1771103088;1083178159,1464021109;1514032119,138354464,123808252,368732734;1
++1339680239,890551255;1873481595,900709818
+++1041013122,476610286;721263627,1349903988
++++1968066830,1732240339;744411721,899019156
====1506988810,25128498;245070746,531161970;505333041,459020425,1760672093,262775775;0
====1859607361,1134630686;1163330631,1351500570;200523867,1780313984,618264500,1195146394;0
====1241295922,1588786481;1609262037,424332070;2005418050,1776591360,1051090922,302732048;0
====872738771,625412163;1138123372,2100986843;2101795719,177074724,178176475,2045129978;1
++++1210765844,1093842414;784228164,2059825602
====1943349673,502538114;1872340770,2027922855;462027385,1084797806,1689654321,1870143886;0
====1488830462,1328010566;268293335,1559716326;1352602888,1587709274,1809697582,1440719027;0
====461217838,1993327454;893711291,1043162590;858934830,1249343142,564710363,81847453;0
====986173411,2137759310;1589632429,1797060505;527541316,187103384,1164825320,2025550013;1
++++1436453426,1521532307;173537948,477366676
====938618234,1136477490;2005682488,375190384;60297437,1458621603,1605953813,1946851292;0
====1553177113,765017162;1234972997,920233314;1479940338,927610135,1179119920,33533012;0
====1443157540,1636160633;709369697,533970193;574110585,2048789597,1204739735,1695663285;0
====1455079585,1094991698;1285212319,1908731648;1435235883,868709270,2090919385,1602223683;1
+++720667935,2134895511;1250299003,903359630
++++887885037,912593134;1410321779,1485545499
====716409430,632057887;1207534687,1172928266;1577188923,184407053,811000958,1170400893;0
====1546165878,923782322;1142716240,1914091563;770931811,1966491652,647872590,1804926405;0
====530587165,1001980783;731483976,120369819;2132219261,565071791,2003366745,707160023;0
====1253368788,744195069;410472844,179177229;446292238,1056093539,1103736277,1205985727;1
++++1096704989,346235861;315532701,750790373
====255692146,490506838;1968334726,123550492;382444517,173991843,676091977,1067592558;0
====739014733,1468248347;1303478323,2124909029;779919656,1339581068,1896421497,1466957310;0
====2137448827,721015576;966897991,615168143;1145162092,86476975,400626727,1184186976;0
====1903468940,68108735;810010922,256176184;1016757369,970012825,1811035111,1919476450;1
++++1922378158,139908732;980000958,1865663712
====1746192252,356423970;1276964748,1224183603;482360037,1002921603,174941974,158551361;0
====1687354404,680857174;2117470301,2114602769;1001652661,1294332742,1555797733,384072129;0
====1460378365,930113425;891920953,1244295710;650739824,419019021,1040135202,685051207;1
+++710493919,1329784362;1935935182,202130493
++++2025809190,1312630662;1789287062,2014049505
====1430773546,256539700;1410106619,958161844;586353135,1270336431,646430258,1030317226;0
====1263396723,1060173977;348252897,357973878;456638702,1600086738,242791764,1734586703;0
====543984507,1719646398;2080877159,2116819036;137345425,186154749,1968008591,2096873079;0
====1364400904,2098587440;1890617283,1166830224;647281248,1938570240,333401481,1660742235;1
++++1027948713,1612984576;43818719,82861538
====816653276,764229349;833109320,167270478;1338616904,1843030798,1456682929,1239154914;0
====491078640,701088586;2055955930,1938955864;1543450679,1061201160,1474563741,1271719970;0
====819962483,1151617002;769855608,1392879448;1056907986,1875088824,327536732,1477183878;0
====2069054764,882329513;1025637471,119276430;1999455745,872088891,1607352345,1478586105;1
++++356107400,1431499944;670332280,2135077782
====485586785,254546999;910575210,1021346542;2012186327,1170220155,1304283238,248390165;0
====334076859,1677930732;1996147884,469094480;1637121764,641192008,1494722330,970562053;0
====1980993250,1472053016;427062230,620313005;1924978415,172295773,1646510238,1522012476;0
====1640839564,1022071067;347681329,160022270;2107962012,191659073,342217877,714881042;0
====1404516486,1699156119;755247193,1960449937;1683024088,1408979452,244029810,106356346;1
++++1390065850,490206843;1501011188,897240211
====925023426,89989185;1373847102,1581377913;2088766624,529827184,2096992397,2146160340;0
====1952444652,1623058722;2114796331,1550054930;1862671887,364592226,1665477990,1694669038;0
====914837617,1836338450;1429457099,734504221;1520578755,1958129324,2146185383,736011879;0
====953603536,1333800931;995978324,1711947931;1460537063,2057778265,41249982,647674815;0
====608031604,1045578389;680113780,562900679;1754999010,383942309,726207175,1483483341;1
++544228006,1519487089;329842887,1762455623
+++1864742929,633510202;144615739,561885583
++++577989201,901762541;982232485,527332864
====1450101675,2114120912;1982057691,1274586939;769070176,621822251,1073673656,1399935309;0
====2132788430,312156192;685753554,1165006856;1295244434,1277189884,1094621296,588667477;0
====1657839401,1269998695;968818604,716078641;560560339,1811270920,788862813,1828872509;0
====2089734486,769800581;1749282746,145255704;67403360,6537371,770654514,1608093281;0
====591005474,270506564;1518062525,868750357;1519273380,1959552855,1794403267,1762687796;0
====655833948,1111768619;443592607,1586012620;1760705334,1199902431,1974067586,211002938;1
++++74288197,1422853766;1418797159,442365611
====349294739,1442502471;1803916968,87743358;156206209,1429581879,927348541,1754542097;0
====1259308474,2114929363;1514728355,1626332431;706881649,309660391,920885946,72099702;0
====625843495,422165525;1093594831,109467857;862139579,1803621453,1804858627,1129306228;0
====1347520710,1271957904;1062308914,2001311441;1864792035,1533696244,280636587,267263130;0
====1804517234,208331789;1517994062,2062497968;308132575,211178923,687560987,933472628;0
====1901314584,738099196;76587322,321423171;665274214,1694748804,740655004,1814136839;1
++++441232926,721847992;1027949587,1013108962
====1444107980,1859328776;2094260713,1561355348;48919434,521234785,597249588,2034914011;0
====505870584,1889957189;742006040,387821757;216363671,1843907214,1473321437,1377706987;0
====31755327,1000362018;1145123845,2068894153;801774079,1235076030,571019725,15788778;0
====763719910,1220561813;1906917150,2088938342;465540769,1429560136,2060833459,203792787;1
++++31918681,73653099;656665918,549261744
====281618369,1687704739;2047446629,382802923;1386730616,1062159047,825678356,483181150;0
====502488177,886151888;1247069534,1187114886;172810765,1441382071,474981573,2036641836;0
====886962099,985516794;1179574971,2120270659;1492267832,641872113,22201422,429055043;1
+++1697448419,771422499;331031531,230157212
++++219829162,2036457219;1530411070,1610870030
====1268103768,213078555;693493481,1232033163;1823096806,477363597,586855596,243484670;0
====2036611081,1312309698;1568203674,682140555;281470200,1163859312,1859754195,497489124;0
====1918732816,711110017;176085418,2008731584;1525716319,1399345071,910169654,1859453242;1
++++867611,1533265092;380651863,41252356
====2130943779,975404492;918230825,1523798537;1765830470,2011964804,184057099,1024626174;0
====1746770822,73521862;1724768797,461841286;774243491,547428136,1155152346,1352958974;0
====2000465127,724178766;1674599188,1511737559;1316321663,904696275,2093624177,73661181;1
++++1436488843,712031568;485943440,447384415
====1096952804,926386638;1230451799,1202346698;1968648178,704826255,80084818,2046572601;0
====1077507698,2121331385;1734026058,1041346940;1388731096,1252312840,585362815,1437034157;0
====1541958802,1088251563;480218758,492044213;739818035,1505350103,180412782,1175725134;1
++++1061287648,1630346255;2083086874,1689034732
====339990902,796734261;1930903035,844200630;770050839,1119742834,825221179,1619536606;0
====1272164758,2063097893;928597713,768433789;1653164112,521047514,1126076844,2021082176;0
====1826469042,801933111;689977897,620052777;837723425,1697534340,726546699,373574402;0
====1057657201,1857693904;2131246977,1092703111;497688704,642329353,1267345679,858131728;1
+++325602724,1873424057;1392090178,12315525
++++1887248605,1230386506;827829575,984839539
====1603632338,2044565324;1937708908,401025238;199895706,1755928343,1539920776,319178052;0
====1832394228,1461271661;785782976,1708419089;84845371,1389621993,1282536925,873203105;0
====116648930,1151489065;2039491316,1795207109;630266647,293721360,856030612,295205657;0
====1051335992,318170636;1495998280,166109914;2072910759,1854776034,1295036699,503335543;1
++++639626806,420642682;1658889878,1513596283
====477554166,1717478494;651001920,41153867;830911713,1773777517,560339968,1802156389;0
====1380234645,869281130;219488118,974244564;1707799986,2118763472,537697487,250163227;0
====2021244695,1420632027;2030042804,370429538;964703670,1324839313,1197863768,743670015;1
++++2125468312,1441701081;2052160970,2136479199
====352458351,682220280;174288256,2059648890;350708231,124251108,424690395,408695639;0
====213044086,624552100;264132980,126387707;2032633807,2089220933,1549547928,1665045022;0
====405981360,1207259830;1246025657,665227398;1727628554,1848540357,1097338368,1445640628;1
++++1916707879,2113653186;1159268827,2038578330
====1489386590,380892741;1720318584,1797136589;714199226,394616926,1351836118,477326928;0
====1959815314,1237890251;383984524,550290975;1813434137,973816367,1993199081,518723969;0
====1823747897,1255641541;12049671,1169145217;1868705353,915147589,696348770,1617807882;0
====1575167582,298748775;432014763,1868200169;1243351425,617081592,1021392020,1681832232;0
====304254281,2062284471;1535735069,1558272409;2113669574,1474103708,1999387619,593969069;0
====1059271328,79024699;1984890177,279718072;208948770,2065233658,1021170455,31515020;1
+++302049926,1829073011;1329880098,1650455396
++++681172475,334360832;1729982186,1697659445
====1145623503,1893478469;1662681818,1986036006;1452047655,756278403,692845547,1016251719;0
====846199023,35358495;166249640,971220955;629092897,568865510,175947772,505615800;0
====1185221298,976382783;1752595611,2013485045;600274452,1460216093,1985176316,1020309547;1
++++1671914508,860043505;1935577531,738451743
====682002673,21549161;1676491510,981305265;832862232,119705898,748080921,1112982215;0
====148941308,1148903355;1211022071,1701621254;1219722655,1662098533,2052155185,133281930;0
====442976501,1817832089;280119914,1566471817;4731295,961072089,567877034,1655353813;0
====379682520,1450848935;477973401,1127304965;911974078,1081438420,445263623,1786377906;0
====1708264624,212230055;1495245295,919644677;1527091571,609317826,1388953358,1983379890;0
====1459663068,1438020046;21776976,941694971;311155791,621721551,813161996,1604749337;1
++++1007056342,1077931888;775733346,556311147
====772271174,223439582;321046904,1913354688;1956229171,1634062086,1728756413,654582442;0
====800263770,308543377;664985713,362049168;1979351847,1792737099,1297387299,1825484637;0
====1192799803,979564102;917463322,1169547883;451105655,1983543487,740829016,1784447818;1
++++669206255,411960831;1036879757,336746101
====395637352,272633826;407145354,462417781;2105670276,1480760841,218590665,1726688213;0
====567912165,1276950493;2123803789,1555969792;1733450467,1678618836,2057241461,1366045777;0
====328619892,491619171;301665025,1563863787;1140444407,2086943135,1383685643,1520686008;0
====631016519,455813048;1766172443,1394858761;1088667841,1639880771,460218133,758997930;1
+++1030001540,1197420113;1252715349,1489388233
++++1157768455,1148004290;2097232582,422269353
====2008586264,434106089;1926724614,1137485346;1314986215,1579376668,1410157602,1905429382;0
====1406499794,724900113;1816014382,175837661;1842526331,726433742,1522481771,642149768;0
====1080276095,1130727108;1936203282,1795421077;241730384,545956209,637840333,505880549;1
++++248151075,774702088;1527784509,1230285999
====1673858105,1889023731;1722797403,144839310;1670151287,1775765388,488094272,1076247577;0
====1762604558,238130318;986278143,769620707;37784378,941295569,1063775338,260161998;0
====2025664242,960826131;1010044632,78868128;750348387,884894357,1323099321,790758137;0
====1726964173,1303223169;1705042823,1952578638;448913347,239233870,1469233398,875634709;1
++++1654020515,1413922108;44000626,1078016598
====1620794023,1047673269;2046152974,1435079283;798258371,1014960278,1893113377,1644270897;0
====873420962,1919743391;1736341938,1099146708;1204030974,540785121,85940593,563954040;0
====821376875,547778237;757519249,972728822;1363669376,907639495,689249305,491175062;1
++++530851680,125621654;2070383442,122796427
====1997085267,1408720221;1443624586,428835873;747675217,1661176642,1058104065,1836499498;0
====2113354812,1426715199;913682959,297746180;802959769,1920072424,1312905978,207310299;0
====1123476179,390562273;863654884,700275717;1655170920,2145758302,2114147457,2137002938;1
++++978286512,834277108;1563495651,1078404296
====616484340,398384795;151377206,2132080764;292143731,267715581,1567726610,2043824331;0
====867357876,295294833;881601161,1905282712;195693983,1709077764,690098033,649248331;0
====427988313,363278214;981808479,516879951;1067090871,1818705711,667973359,335565607;0
====898794231,759627133;922272812,2018490470;1729820222,56296019,997612378,1656941238;1
++1755105310,478075069;1367750809,1985928331
+++934878319,3901745;1623941397,1118580632
++++109400990,376257136;1777129751,1273326968
====1542830043,1991850325;741643838,1037414680;2037084291,468622615,214256334,298203965;0
====1690159242,1721202561;1547691784,192509785;1401594216,1491916576,288264013,1900272423;0
====843631095,2023561722;1316510044,923441826;1432769009,1633610574,1339251906,292165463;0
====1165213551,2043091127;990923613,120518789;154719527,250864082,621296715,1322327431;1
++++501093839,1150285572;776296101,1424946021
====1971358405,1975981307;379327662,1584545744;632403088,1176903922,506766106,1988926776;0
====1192654319,1860296011;1674421556,242051587;567061419,1734165304,2003481120,1624244825;0
====1432642454,1806884342;1590140518,1982104308;710539202,1087036886,985647836,508027421;0
====1673129978,187846204;1819624242,997547157;1835047260,1046221526,171380290,2111329383;1
++++699046783,272747107;1567827258,617037875
====470803968,1642419065;2094618606,1235098883;1868332351,834148339,2132735979,602632444;0
====2553794,1439892847;1020674993,1949443741;1136569449,1306146721,1762298708,463478430;0
====490386135,1337227742;1328140694,643800136;964869789,1928119231,1547831078,1821330851;0
====623748816,283259713;1981807217,258759582;1040708320,1475898214,1868179223,379724910;0
====137182486,448680826;1643355085,1361496897;1643676902,296471548,177507725,361989459;0
====1554731217,452768324;794236788,150618138;688575076,1662874331,1151694300,770607456;1
+++830154469,1300694675;23775685,1767286886
++++440128861,1618524382;287620743,962475774
====1883204788,1258541757;1667853531,1451028024;2099405543,1035958965,1645488301,600357069;0
====984208362,11549229;1824927126,1531072392;215495993,1137798756,298107299,305755829;0
====100887370,570333952;1350231047,567596523;2046979833,815864533,2045701987,815394187;0
====2026556656,1603399859;839764252,154369413;1399832360,1289744452,435386384,1651631148;1
++++536713426,41231303;983623881,1973170335
====1297814778,850063517;1525441673,1775245079;383582007,2026087592,1605215471,1031718019;0
====952256969,671435132;1578540889,1722727532;520987815,291519798,387109318,1208767484;0
====1932177485,116087843;1052930436,1642269474;63977879,1972813932,552761301,583317797;0
====2060115000,1668337997;1800957189,1277586614;528065875,1854370907,1323736544,762142960;0
====1531892754,1776250832;1591917442,1778526354;867409502,674173876,166937702,2011735218;0
====275322401,192124503;322056906,2020311957;1956679901,1080302428,796223220,1174838637;1
++++478528654,1621592270;1375944317,1475555782
====2132337858,215121383;964510581,192078852;328995518,456795009,71108983,1609113606;0
====1829748237,128778970;753349521,223390435;622292326,115868011,854073818,541695686;0
====485156868,1651836498;1692914249,1779393574;1888577131,2001897328,84315882,1928212159;0
====597392758,1712166487;450684761,601625078;1387235344,2031421260,1739850689,591999086;0
====1796677246,786532653;2129269742,1691315743;1550967517,1888138416,1311474839,658268124;1
+++454819851,663178250;1265317041,1699769729
++++954832475,676779677;1344478930,993841796
====1685834721,491995905;843584388,454305949;1842214175,1453559634,1941808550,1914448983;0
====991856085,1618545651;578653699,1880579102;1660740526,469892126,197350699,1614292287;0
====1189299068,675022441;609129526,1383020694;2067517113,3694288,287929813,1353782837;1
++++2007588009,587050160;713729791,79387225
====1432882137,1492535842;1318284873,1847127037;103074238,1239095194,1786776235,865650811;0
====1817406081,1859435917;1918996633,812112054;1943676610,435074940,378514567,1199574091;0
====785304200,1649624370;1990788389,366519611;551670589,1219799288,2138283483,722959830;0
====313684396,85745368;1232236894,509445073;886378431,122409954,759214455,1574415953;1
++++1641905947,1393247663;597994763,2106563002
====1708866606,2086389622;2047166831,22761733;101004127,1723334013,1845700512,1188598175;0
====665183079,288888039;1181533935,1144450491;114564072,345545653,2147174569,2130236980;0
====1007072225,119991219;2048233097,854318569;42445352,587771429,139142113,582042559;1
++++771302496,1069712602;2037750335,1799533695
====1046731978,716329179;722346342,1190696072;82976538,881707329,1637179951,152988823;0
====1818095576,1896551556;238576710,1043617805;2145907256,1125664890,33125782,1881213055;0
====151385459,1060553362;494418894,202828469;2056173264,809777714,1117069413,25375883;0
====1760106717,93477979;1924613273,1576521485;480284768,1443778008,1129088435,1273249157;1
+++241896212,1830867845;1280120228,1503806301
++++1589727287,1878169039;119326190,1014507922
====329185661,1484407387;1224316729,1434176102;1706495797,1203747339,1520365065,437319951;0
====168951024,1215612843;462031131,2141454377;636844924,866263622,1858767980,1169850112;0
====258806790,1852097535;1427663359,618838136;431752481,816626677,420315824,481914750;0
====760426168,1293630341;1061589959,1933987836;1160217040,1704793763,1957983309,1539878366;0
====1140593138,161518710;1982048490,488551510;383870835,1017151655,525540388,1744843690;0
====500112910,1210818811;1100537719,654876214;1575969745,1124489741,1476860070,51671355;1
++++638804196,115181914;1504518027,2066817556
====643260702,646555407;1526989939,16561242;1439935637,1357528919,236962358,488174339;0
====1486080232,777852373;788464612,388696052;938180819,609145952,410061801,738629514;0
====147665743,461342812;1749010768,2117728559;535554362,883318519,362924642,641188296;0
====1012956482,2007671249;2004961943,115005184;410141550,84419250,152862289,383942740;0
====454664519,1867165089;1524378510,1767932197;1607684914,1524798094,726647450,465121350;1
++++782505726,16876766;954823840,2129414583
====1154385858,632026845;818588713,1004419087;1344237774,686761586,1274558113,1777059621;0
====770171937,529974815;1689454197,397008503;1994199041,1250521401,765097607,132792691;0
====1309984990,563206102;416063609,602964474;646117193,609167302,525237277,1923730705;0
====1198754212,301996390;898926745,218425377;1795132937,996449211,1518838789,82586328;1
++++195264276,282934803;1510371501,1900530459
====492827068,463365754;1486425648,473475670;888064035,223649255,1733470061,2004160205;0
====1385431977,1050938715;1639382963,1672778767;139768862,618133141,1860089892,1835255202;0
====612869909,1957668042;416589290,1909192324;37462069,1528767455,1687892929,1458751745;1
+++1039664523,968797481;748653403,13206564
++++152421452,540940922;1255502201,712246897
====1659015831,1789288289;715146040,1760101415;1903621409,1341498362,692553982,324427121;0
====139101831,1025969292;786729229,876105191;1325992652,387443038,100447145,1830006122;0
====288360572,1624932333;1439684821,933151762;1567782929,1238648015,1137114017,821257795;0
====550985594,1227749133;445031510,1703567439;617495428,1697554020,662846150,212506815;1
++++27668378,1403788696;1050806715,327310265
====2127505854,206825613;230064431,516797858;111225015,1226299867,1585724723,817642464;0
====916231408,362578560;289991980,1531904706;183807095,1033947997,1596142622,545326718;0
====475713841,1931831594;251244594,783572114;1212546226,1576629904,1898342548,155466040;0
====188621120,878196690;1558974532,1536061316;943135885,2118244707,1645705841,1937794472;1
++++1598053698,373306237;1933310849,551867411
====627366093,1552581073;982144103,1010052092;966275525,451519763,563114293,2065586455;0
====6369773,1189527351;1938086104,538681968;249956701,697344299,349281016,159193846;0
====1265125184,823491959;1267316112,464022104;829156555,1712117975,697779532,198598112;0
====149084265,1570481305;1858482213,1616671984;1497529738,622557807,1682010929,1756278209;0
====1449803211,765518625;437775276,259051967;1691585503,37884916,662344911,2097328523;0
====530832198,1873432283;70597523,669407886;1899806267,515284883,826092063,1777450782;1
++++1334442763,653825458;462513707,1770578640
====1758690582,1060223156;2125029594,401781112;1543149531,2132748011,843994529,675215420;0
====601537150,1708376957;1556270639,86799006;1757793686,658902225,1463465423,1985268802;0
====1466405952,1989980198;577779489,1817953054;138715778,63340929,70586428,249320435;1
++718162168,301942860;1128100521,2002310085
+++2126605499,1634060975;1362836043,1933296289
++++1041216232,702148465;69472734,1183743932
====465318964,1658690654;627524147,1773269192;451638439,10866014,845893900,1941913569;0
====2065129493,1027770536;435017665,1314160917;1958277076,947210893,1165046584,799057019;0
====403986555,2016064039;974156268,1895990686;1284200433,375082975,141713496,381954969;0
====952590687,1196417067;1298624558,1275145681;1643526447,742778327,1618501265,1523992327;1
++++107913063,1358334389;838047817,1286989599
====587073967,63101101;530185455,1171929813;1015249848,1725554055,552678494,619788081;0
====148410524,937602241;559867631,2043219291;494795152,581666883,345886988,1779803381;0
====2004822176,747635881;1956160506,419396551;1361470380,29477553,1269932133,320791200;0
====469140117,907599301;446890938,567811984;1189545766,1153559491,1642088207,1005366588;1
++++1114209550,1509127489;1793201110,196333547
====1011932661,1874836351;161867460,1273428653;1311345248,189761961,2119893261,1440802572;0
====1815552586,1674270433;1101044761,1259904870;1829935915,1723915545,323202218,897875806;0
====1767541280,1699696567;259343195,193135674;1420324217,768117572,1529614006,2102566026;1
++++396461282,1752795610;969547667,1732624827
====2133010192,767849994;66110600,2044532527;507110575,2037730622,1124937088,128228134;0
====101310636,19839081;711293287,1397233311;754900408,913158785,757486241,487295330;0
====391651407,2119108479;312466708,1664142515;1392718368,1558586685,1243332821,511111523;0
====864078371,1158154769;1038714326,840397597;950408871,793294749,1189777059,1136595634;0
====1563455801,295306396;294541218,19165077;189496335,291046464,447000063,2104098508;0
====945202468,2011855885;1735179753,519325356;1330619720,1502063710,629065524,1811245768;1
++++1080371005,21210306;1256980307,1543230751
====136639338,459079518;1296547277,1984659203;1576209916,868782118,1425199067,165937458;0
====790647961,1242460534;920830806,1476784438;1120749438,1681774115,977550871,1905321805;0
====602057737,533294146;176471358,403176646;114955454,102061931,1070044444,2132648257;0
====18900165,506154751;980546061,1312742263;1140204772,783589863,92054583,866318657;1
+++384032800,256892738;271245913,1961371352
++++91457263,493133106;595322046,1760816207
====486819361,1461934000;2093987796,2132038198;917214402,1218876518,756947904,1396354859;0
====1822063688,1452915856;2009806594,942105105;1833099578,1883110387,1964531635,51731780;0
====871857766,1057918003;1190546596,75934216;129882502,208906843,1936366444,61515328;0
====1013273866,1369535674;464261732,1616611668;1643218363,50876541,734980197,322977883;0
====944399180,208785389;1786533440,345851325;792027274,1211285777,3243435,703509705;0
====675208365,1627205824;1218238371,182916176;1632563605,586542048,760722052,641964020;1
++++1377907975,1286650757;420479336,260991306
====1926835752,1638585199;1482371823,1578137326;2085739402,1988414993,1732429116,996354029;0
====2146767822,1324801537;1174787504,1694706576;1220128873,1553422221,1277018458,1958491744;0
====1177839349,64613401;1479763000,786642366;1277960992,2146203859,2081345634,1948513005;0
====945814160,801641712;353013811,1277254685;1613873317,1317280129,858574498,1615914991;1
++++1661559475,1420232698;528098128,821430283
====2123403842,137663476;2073472461,1783865053;370785672,453850082,1418925445,895092079;0
====109994190,1088960827;971874558,431647683;335701061,44805225,1550180940,763862510;0
====1602068523,1269094953;949812506,405203259;832314210,830847941,1454464512,816651355;1
+++224846575,299373219;216800974,1414060867
++++1563520952,2040527302;1988207100,1675487869
====1563327713,141867252;1560328523,966917311;243103125,34759095,704393668,1463918344;0
====114936736,1056204269;1353896354,1746660308;335170910,1495483529,1955368304,833140310;0
====218687757,1648220350;1200145941,843965274;1628460236,1454073897,64523473,1736356343;0
====1667289260,1704628483;250006919,1750135024;784678327,1092919539,4902030,676240865;0
====516751922,55521800;1850825771,1297645241;1646926171,159620757,465103989,931024293;0
====1336905695,250656537;1614585515,1781623415;1671910852,287355630,143987645,559242122;1
++++1059812094,645277183;1422213332,1939365746
====1211592801,58365102;1548395977,2135411593;1659428903,1252266090,1680675819,1918528407;0
====1413032166,1055493851;1535707687,1775311512;1906787325,1698467973,902525914,824704945;0
====677851291,1947531998;2033809043,957511941;1763619192,1776498494,1636311490,1822294318;0
====754038734,2075243347;1474953265,1666466236;341739219,1736995981,1217451044,170609995;0
====475827431,420537297;1246027072,1796093690;1143818804,1638472121,785046542,106878116;1
++++1534429148,1543576505;383392565,1162247235
====1149357691,1184712411;1444907399,631246839;832595696,517813029,1395850180,295804702;0
====1110485622,2013499224;1712239233,1050952892;1946734291,491530776,574376355,469004940;0
====80837500,1033925237;1679785102,2138930824;567426391,445448377,1296650905,458813514;0
====1124791729,1180549773;219683600,1809697100;1656845826,1903602212,633379453,594450828;1
++++265732827,1618967844;1285675931,834833865
====470148898,1944465150;517259206,810961322;120629454,2126503010,1325785437,2037214760;0
====1919908864,554856390;62505064,816709052;1739770005,1259400971,536248833,2075269111;0
====1936485106,891874047;367603609,309024619;357896011,1461889832,2101521338,2014911129;0
====948193451,224356344;283257243,765497486;929012122,1295630311,268438658,1896098722;1
+++1983224359,820158571;146383978,1549176071
++++362640969,1348668112;928762488,364924742
====783986977,1589808132;1219860395,1760775976;1756710525,555513521,1415673048,2085707051;0
====776884734,844286238;1876631387,545005708;98487815,1192251691,1660956425,904332055;0
====703170786,1798872949;1924716277,1360190534;1525462404,657582057,1572605049,2050212903;0
====689599899,226880637;1367707645,1906033963;1858997879,876416559,1313315377,160789864;1
++++558720155,630356303;951584818,1767032175
====830310093,194829421;218354947,983197446;1024547774,1834358092,837135918,383922187;0
====1214396616,511517897;600970220,1935038814;1641796382,1603762570,1599909189,481420633;0
====1303241324,679869586;139383138,1133997739;763065735,223812095,1334585295,1859681731;0
====270557064,1437482497;1139551378,834447322;584308159,487662683,842325611,1055779131;0
====1011144112,262851143;1012382218,1862990587;753236275,1034353606,337167649,192292622;0
====102706849,109740682;2021863771,799193391;304774702,1453145289,157019670,928573458;1
++++1664790031,1154961632;1311302937,776420301
====1330830696,479322010;1625863006,1085813722;2064345636,1019347196,591534222,1231207035;0
====1537513028,124486320;1633641846,16041575;1958988176,801528762,1866719782,631726809;0
====1410536422,883628544;618738206,62989642;837766815,1644386643,1952340528,987950647;1
++++407182224,1310792558;743039783,1652993194
====897110726,1137547016;1686140132,56117232;1785197378,544809202,1479008187,720624985;0
====891726986,1706964564;572921763,840059020;580765839,1822607026,1144276191,797071933;0
====284065948,1026797485;1872901133,1463401332;26830692,1227621585,1841088447,1677507863;1
++++57333943,178115264;1351282617,138021391
====1166624689,1310358667;408678720,1629125190;86752791,405986893,2089124869,723460346;0
====1333055595,599475520;267959953,794798838;686482256,597395581,1807674649,278798554;0
====708383180,602848966;1508942203,823724173;791549307,1703077887,1288499656,152291299;0
====347219794,1206303244;7704418,2095937784;97172405,1789211348,206240995,264898271;0
====2120676160,1026282943;89530803,2091005325;904058965,743447978,920583259,17174634;1
+++1584700342,487893226;1409249506,594859202
++++1518925431,628118390;265013275,2146842513
====2050812576,1607553541;1340812431,862450360;664211744,590424714,397910079,213621266;0
====709300140,628102592;1337528846,1798481575;1818297538,1901798430,504896506,1483524481;0
====499132383,207211795;1956678471,1360939567;1516575798,1565768453,175569859,611166561;0
====1355725120,1079259624;1241692612,713038052;854564571,1862512052,1546979395,1366210444;1
++++1085875020,577105625;187225467,199407992
====1512705185,92312636;959646570,453636479;956751625,922503433,495599305,320684118;0
====902651848,1249311644;1918815620,1404270341;940412028,927962531,2022906557,1363524075;0
====1780621587,1427326033;1493563785,120673359;1844061950,1638915846,2088990512,185040686;0
====2145011732,1614271041;2036968802,129696216;1625031031,1133200797,541131850,1208911371;1
++++1025056277,881104743;1207260537,1048707025
====1450089811,1962920642;1223163014,1760983842;1735187023,292305659,1453378396,1534078797;0
====1973358122,332034695;1076806767,2018598039;437727444,668039799,1777934004,1412165953;0
====30933186,1886438185;700055412,1420281655;1183307850,1082542538,1186862839,1457248253;0
====1605769090,615540282;1869116312,1155003379;961327694,823467731,1492311272,1645513244;0
====1743482016,368402784;1303706066,635239127;472250905,860256865,1236738482,515499076;0
====1831293968,1782583254;1659358547,946420819;62034861,1595924861,1519395233,1252970671;1
++++1837222557,696054030;1551838396,1405469075
====337084474,1448114122;212001850,1533804859;1369934674,1261812840,1058029513,959593594;0
====906755087,522026223;1240848351,500661622;938083530,722490307,667874049,1810908912;0
====1484564789,1113734530;1411753125,1479892208;1689454822,772361566,1331827065,2092323006;0
====684057586,646107512;451040276,404234294;755014339,1337084545,649767194,713334583;0
====1973553684,582649975;654552176,249694971;193448961,1118657633,839069411,53398492;1
+1477580259,1691891528;1686325862,1181954441
++1008158469,164514505;1090975945,257795274
+++247935179,231726856;182668094,1720974997
++++1980331279,1055753248;754409697,1082898347
====515465938,456470595;528460588,685480732;144277123,543389490,1160538327,915500727;0
====1182492512,1685815682;1606769365,523871828;1202230384,2092305691,531848108,171056619;0
====669409811,1987350526;1870970539,961095776;2096707181,1930242903,2023020970,1985601718;0
====1720769840,599105495;691799338,1374767915;788646179,2047948588,1769116331,1817864846;0
====1962858453,2050621888;1089127939,1443025802;2110224453,1088834870,1396468200,1918701050;1
++++172562721,1183536462;1576128432,65680240
====1721411384,1812611880;848164219,1292989783;313322670,155413888,1682039387,1693012595;0
====1960019402,1177367207;1095148845,1001254748;1619184355,366811400,1926943327,477776262;0
====1045171819,737799333;1432035860,292532736;822552991,2026999508,1594115627,1278598487;0
====883863088,14582826;1679965789,1279405141;627043715,1301711190,1977541089,542890984;1
++++1505003276,532364814;2081046255,632578092
====1469110085,744588785;618039631,1966161514;839957910,1850783478,828858721,1072146714;0
====648817530,999658576;967543251,2054212918;216622072,1841150210,1745688110,1455379450;0
====376697351,805911007;1019826884,1344393280;2119814655,981346042,1567113284,1540150976;1
++++1658760558,980667861;1985171147,1449566142
====982300305,1259008519;1991090520,1332941320;1884484840,1324552889,1184071966,2022028680;0
====846922203,1222611921;1898433785,1049174323;1336128258,986986680,1205993193,1030438402;0
====1363483366,1032700157;1713747258,1571091869;1341437974,1458178298,60128971,1382265019;0
====1543996239,910843027;82198968,1813660791;1187294518,480684031,516591036,262320905;1
++++1066765891,1753621891;891740208,162451498
====2029234224,89463550;1347870652,1882256381;840258703,259616092,767983147,1759598654;0
====462274344,773450621;66360094,1996625819;1653565443,1127112179,1138495041,1997364468;0
====1167006492,404102591;204747473,1902145245;1063823745,39163992,794202896,1574575310;0
====362067365,619846702;703269883,905662942;348919701,1959112340,673255693,1682644153;0
====684761730,819010634;1844792696,1910135059;1326689538,802246754,2011797418,2015018702;1
+++2062434321,1201490235;1569574789,33457496
++++126461029,525682573;1763858695,980378418
====1466783477,933819528;1116524648,993723963;1185593482,899908895,1742816649,1276351265;0
====472344072,640206321;216176269,2049145024;2060221658,940093005,1399094528,593409276;0
====1554025318,211075773;1384193064,1288606747;2045837595,187193894,604344619,1177783645;0
====1884046913,1795664471;1891794004,525715862;549279428,532456123,1273610930,443628260;0
====1189247850,1648372314;1026076178,1748653996;913317479,1951236327,75025120,1948441027;0
====196416696,227559001;1293780515,213539756;269166809,52512673,1228674032,1341345740;1
++++961323564,1914272316;1990532415,1647924939
====1351230673,711641171;537343136,1564259192;1440570451,700088415,744353596,182129004;0
====1720795753,213120348;1790328049,184605769;2099458248,1742362024,979122266,2047195128;0
====625255475,849046598;266627,836975056;639239541,1797753603,184007621,1747155735;0
====2136164017,251827232;1754150055,1229464914;1027174879,1043686488,1240200372,512460151;0
====1817145830,613078675;1486293350,299082081;1181647705,1381457908,1237858018,642255113;0
====1816429003,439406231;1318590327,219654173;1554300353,604389337,1064281,1834335682;1
++++114303654,943216893;1878619984,1462156924
====1112831388,1331622644;1113696682,832707430;1720890339,477161629,923140249,542164292;0
====1886988709,1029738079;1670526480,1696106473;581948267,371688713,835892278,1839635014;0
====637458577,1442489781;835115586,1239986327;1058532234,811036693,16743078,1032064536;0
====513752039,1826398885;926065537,1662308486;1459674534,1407188494,871831212,1158463536;0
====165593069,1657500256;1693300037,905449186;897799140,1042058166,1808811348,1452646723;1
++++1680741845,242308799;485284578,1296643130
====1894107232,287769033;179175482,741922946;1100643110,1246072595,1936616818,1085421038;0
====948051478,1227253545;1091595396,1445367566;1352580100,1050096878,1651546204,897838021;0
====789998078,1704199176;1799290270,442849546;1667027838,1019389161,1511028316,370182503;0
====803571628,637659557;60116468,380377254;1047870043,1014186239,136528692,253059771;0
====863018199,281344778;855428757,347878954;1042825286,1960302422,1380090940,482922692;1
+++1353809399,1381520271;1837586344,342790642
++++2055919348,1222726604;273299082,6385782
====570938777,129923250;1243977517,1826558859;1538178048,83148752,575194078,932932289;0
====1868842129,1759267023;1514523285,679474489;904586600,434543550,843247659,1604260131;0
====1126460111,1586501419;66595292,1604500229;878534552,1201288294,961355012,1123034750;0
====1586650916,282917420;1801446979,925252010;1926056396,815751614,2017054933,1187202856;1
++++441246717,276951897;489509945,377463459
====1510826585,259286686;2052580390,1195634187;1413460498,421511963,62680584,2019354623;0
====1208963488,706648269;1324305552,752235905;862836198,625033896,1853915479,130669087;0
====393627074,836126323;553582829,915420398;1097996498,1789026360,648616007,1783840386;0
====212375353,87327074;510879712,1378166247;90266151,987541152,1989140983,1537694128;0
====1936614173,1660741003;601963413,514098670;1401075652,628841582,670705608,1440044053;1
++++949564634,1853362252;1086738334,697989280
====1982864715,496837671;1135134594,623606416;1782791383,2025020530,1724418340,2122704708;0
====1147219887,1479651257;919880284,2049930485;985837102,1371193464,282336970,761496207;0
====238274317,1633656452;97110235,1268618246;1601331463,904433339,1397460126,1913165558;1
++++1254520218,1478050153;1165817026,1406531300
====779255249,1174342534;1523184138,1816036318;1107128764,113691155,827708268,645873123;0
====2119037538,1754454193;1009995397,301372671;1349045202,110410934,1688835683,1945071171;0
====1802176475,1814752347;889781256,1323468084;672218713,112946883,1213573856,1300901495;1
++++509647360,1369539821;1948941226,1718484990
====1648785333,767238830;516086338,2047964986;465168535,1391513587,78531108,742427107;0
====528316788,468197830;1666019392,434928849;529625938,1977193157,952094182,315367291;0
====1072694873,1868826276;1406126733,446120433;1315680738,1963917136,1859923041,1383145122;0
====67560044,377500383;989355930,948700548;2139165440,1102303720,2108665707,1831669193;1
++++1009127366,839197802;599018947,1878167578
====2001523090,36638659;489540919,1748305832;1370564472,2135466546,1260513809,618130321;0
====976064915,355810807;550476715,1818291661;1206062548,1379512356,2052780851,2115481584;0
====1181188242,1597895039;428587117,1931422802;32136903,663357270,155462950,1960139635;1
+++57689141,894525915;1955526130,933417068
++++1135870477,320925853;490666626,1434476126
====1661500784,904058923;13554898,245703443;1459138553,641809153,313295811,1408631405;0
====1169611146,140114637;527454640,321180800;1889844860,1640011302,973291835,1468466678;0
====1923441119,1669908984;601423578,2102093081;1631714180,1893830906,21953679,492672370;0
====645051525,1742317451;607945592,2043713413;47441718,1937822026,1411979977,1967552506;1
++++171501327,1813817365;2003634869,23673874
====9385637,197551811;1957522223,1974499386;319310455,782390879,607012031,1565983063;0
====1892788705,166075040;552389890,1400159951;875137679,1715275582,784324919,1029043085;0
====1100255333,906960150;1458207450,601388877;925282290,683369950,776226823,1727737019;0
====1506762283,664553239;780301243,2021067920;834394364,1792474401,2049117980,435813554;0
====1898767967,976109162;1855721440,529953691;1365223521,789661381,882164137,135203326;1
++++1935148858,1064831471;353276640,690613545
====573990233,20540472;300198428,1086001529;791925350,107333297,1159287947,451258888;0
====381568879,1276956023;226236505,1700703370;1322460539,2048761757,1645929130,1163148251;0
====878896214,920957943;678751450,1965291729;1398939471,790781860,1124128852,761298155;0
====2059084316,545795899;2135855866,1146538808;977305076,644794996,1304724148,1202284748;1
++++1515642003,1189309395;1160839097,1732870596
====970987578,468624677;906046771,249780108;605502071,466449575,1919551732,2129884430;0
====1279572433,2028650426;1125937873,919263962;1646115814,309663453,881340277,1752885347;0
====1798941200,862377232;2118736649,1637290201;183889199,2066584140,1129475471,1822740407;1
++++1237540958,500129236;573636300,1641149041
====1249680547,1188063451;1636491455,617637948;1657719780,593719062,1812526235,264280745;0
====611181906,482601742;1346743482,1636211652;353437116,1756936643,2036524012,1476462339;0
====1518996838,641507418;492192323,947463330;147967625,1172587476,576860103,1633006584;0
====760280111,1915444255;232253644,1912134804;189141739,1843338818,230954423,1990010995;1
++++639446439,1638722946;1429954962,1676319892
====1797125492,603625849;1568412702,319194652;61508707,599078138,335767083,1047036062;0
====548874378,1657098838;1787877579,1903442299;1763915098,604273006,1774636755,1965161358;0
====49948999,1848397949;1239226709,231430672;139569062,1270876724,1537646756,161246843;0
====1026115379,1849409142;452868119,1478348348;1013477649,727238439,2051111397,1824308908;1
++719123999,1255972483;253519708,503457135
+++228247692,182129474;839991249,1602781267
++++1143289815,874848234;888988094,635989763
====277333204,2115888214;2146006333,600775894;1375415039,808052111,1966616481,910526504;0
====926596929,835662956;2088535087,1072344292;813551246,1450698860,407630514,1874963794;0
====1965612286,655972681;1132048278,1510862216;2036507856,170030773,1256437553,921864078;0
====2046028082,30081792;1620347686,157952946;982073668,345753868,1942660942,857422895;0
====930343396,631608134;1124242145,423011102;1971958270,900110839,2057681405,1534137861;0
====776143006,2099367562;479664868,658331814;3910321,1367823720,673220018,54311370;1
++++537124135,745749560;1314938160,814029949
====202095597,1711477928;1879079714,361939132;1739732770,2030390302,2049358599,325512598;0
====2051790475,1450070269;1227639695,36575444;2045691277,857123708,1957803069,1389235478;0
====1658708313,118534870;483638851,1096202356;1634461629,589358112,1413747484,1819322879;0
====1373485417,1381582685;754224756,589630509;1076194778,386393028,884047490,1513874597;0
====1182111009,1610039281;1530622650,1336360564;1834184276,1909737900,1944078476,454626453;0
====1112082187,1881668491;1368568076,192956001;2021603885,1200827362,15806453,2105882957;1
++++982531,360154741;1436058227,1429096294
====1338936953,872926587;2144011077,1246694786;1677260681,793467968,1056563804,145523113;0
====577942970,392353768;1825916673,649698016;1648489305,1726719465,1878920781,2146524573;0
====837384425,828007150;1747007542,1663707662;1334854862,1135738066,373238054,1161395825;1
++++2037587059,69201355;1012406089,974583717
====615962453,140672604;44839622,1535293306;1859154367,113154658,1284067393,1781129038;0
====47914244,156787918;1683328840,122638444;2139153438,616542636,2137596823,2128229108;0
====477369919,852973731;1646036003,302546450;1097854882,1543503183,516129131,2091724118;0
====1341920320,1409007047;1411507624,1106385664;1284463519,995468581,1764525241,317405495;0
====1332268890,1640461496;916203143,1410453739;1902851973,917112219,1629972983,1243577357;1
++++1325463639,1638932222;1831270844,1737075436
====1660332329,919935444;592405350,1676033956;1675130284,2128668257,1133864683,1718818511;0
====1551797171,1751846857;1720066019,592721860;631075394,2120360316,785852383,414026185;0
====971823214,1026828402;1428627803,521412714;1979441971,1318433547,384085583,819935533;0
====2091013252,1983791213;1063966470,1916226626;683467289,626178726,1544317950,2043387844;1
+++149715606,1412432913;1708191502,1807371191
++++1701479113,604045546;415613325,306966383
====1297676472,95016429;116617019,1553721962;1298680326,2012767447,1772054771,188608549;0
====1802118241,1228961235;104039190,1815923054;1501400316,153885674,1938650732,2121654579;0
====1063426250,953782932;1908348790,175677201;661098302,287503806,413020343,1044485693;0
====149353776,1950131591;1814506565,1045646925;458482222,624065949,888255354,2110774759;0
====805599483,29085624;533895263,35474475;510362753,1629149977,570443184,184417612;1
++++1951136099,763975991;102800449,626696547
====1745299263,229899261;1194361731,1591132511;1146316356,629846485,1969211706,54127673;0
====2049996454,1940911708;572878713,934378496;1366390186,1393085271,785687789,1304616898;0
====2111870373,888411497;1117161844,1877357696;2008899959,1331975251,2134156394,1899959834;0
====1247943474,1966400742;1138222496,1219832907;1536876211,1151339933,2142136491,320737984;0
====1965574116,475076842;1403105852,593130529;2093775996,356863375,930042727,635169555;0
====174361030,348042906;1535080657,1301604197;2010376813,1898407330,1894279534,773555472;1
++++2038328491,857537671;476956101,74303095
====231286270,682304955;1444777661,422787568;334834667,92851432,1497239098,1596489467;0
====2118932320,1182983622;710130829,613639929;1152929838,1599675358,758348435,1230068001;0
====2075277716,1858500287;487013123,423929604;735161937,2065479531,1677916644,2066280117;0
====754644852,881442359;492767145,1284365075;157713432,1102422268,1162754686,1157290647;1
++++2101389567,811829385;1320328093,45730844
====1204049540,2082233005;718677637,1439071408;905018600,1694069134,882847295,1014649027;0
====1063083906,932692334;1505334016,310998944;1813876255,774390525,2050318262,1324433251;0
====623445035,338197413;2043805410,1722042371;74561360,625948341,2091018715,1043642643;1
++++1568671673,1543663261;1084854482,1071883718
====1009667555,1194835057;1016773129,1034469726;598341199,309044172,257409262,1608630788;0
====523502451,516808793;1248896221,1213119097;20815709,1974006178,1759114534,2140449782;0
====977533388,1701192892;644447984,1256452831;1358246903,577230417,1748372133,996910735;0
====400312126,549550358;617524358,1525534805;981799613,1604390191,102167689,1257380384;1
+++2055590570,1254622853;1324501043,981063402
++++1017809525,805825080;1283673195,1587223200
====1826002764,889554468;1267355042,1143375808;63902066,221231827,973093522,747453977;0
====95824581,1378412477;1769448741,528630199;582883583,965552859,1678493132,803894726;0
====245362923,1900287869;305157426,158210382;844956079,1116476755,954447248,107039014;0
====1891910352,1672905988;1437198492,1803334219;1472842434,387834951,1929346937,461488773;1
++++151230438,1795856846;1147871154,1142073268
====220254992,37263874;314495072,1060688910;49953561,1241491060,448785247,585967880;0
====1824527045,2094457531;1039717703,917981591;1094043054,859916603,992273977,1383988847;0
====1931524758,186859438;622824361,160420743;281126642,1798900544,298008018,1090119773;0
====557300068,1884398776;607606047,1563795258;596324310,1453857570,1524790170,1960476469;0
====1508945639,1430937075;1493706028,1688500723;1111683895,1924732844,1166034470,117254406;1
++++1680987748,1051076843;152576362,426131741
====1440170440,734010397;926966939,1084209076;1336476105,173816635,19635194,516668893;0
====1340471776,1224173521;500862561,409172520;1059437852,598391781,2128142929,891038457;0
====713670538,742561420;668576688,1525636305;303281024,1108248721,713719516,339087738;0
====485384267,231870958;1694026985,1979626656;711917499,157161982,1019082095,403088889;0
====1739498824,2004030044;2065826758,1371712884;909524662,238774120,639608248,1113244613;1
++++986993368,2133242585;1038134,451329655
====1986932856,1804896913;1163004993,1960941811;219127437,515637822,1073077927,613939902;0
====860356725,748575364;1963179431,932940511;1734595531,563691014,1303170431,1033244089;0
====777062735,1542038488;2072835427,1797233472;1815431237,1514405801,434505430,1468873149;1
+++991783660,1581223530;1672040347,1943167009
++++1834518986,621355288;2059121464,1592115694
====574376045,744800401;782744418,683808596;506535230,270551383,1355955650,764953680;0
====673551474,535147803;755615833,983347831;1254983958,55083330,1701808856,654623999;0
====1246503873,86380744;1649292884,1231020089;41193914,143574674,1001037483,828935238;1
++++122052648,1383081269;940943063,1285510144
====800150145,1214751982;166556086,1470797629;1962967490,1155011985,423955155,1299054848;0
====950417506,29168539;1943062034,37680544;945456371,1985591372,1404778962,1461432249;0
====1790381801,754746279;176311391,1688869110;1580262197,1455001174,1978617035,610349521;0
====1903249257,1227910179;670740529,1704865169;277722965,1093609943,235144882,843318625;1
++++758790242,564026061;19660221,1960110379
====1993234237,154000591;1876192236,60752383;1444684203,1988780077,585613293,1538438398;0
====134697954,2073684981;44137407,45449994;1953012676,126546390,1014629088,1266904858;0
====2046726522,653718165;711237051,85678549;2068284916,994940824,716130285,109588342;1
++1974568751,1387725099;641192699,344940916
+++1166465869,837051564;764056340,1561919594
++++404406213,1916060052;1902675473,1301894720
====1523757442,1929326044;406871536,1195736695;11912821,1007175189,1250186208,1883408134;0
====1440889418,1301937131;1986999825,1087301471;1731281550,1834263082,1660541566,1461651763;0
====1096685387,1585546856;1042626811,1022982970;2088669565,974706814,1468084506,871654065;0
====1780335221,1512753629;609171427,2108794895;364717642,999442916,1274625439,1949004942;0
====1146878899,1027036829;508012154,592195161;732031366,1984398299,1099691660,145596602;1
++++77585421,1921992153;1952737423,1166775264
====698188996,899000748;864201573,1373046492;93809394,1397769961,563384274,1869436349;0
====356267646,1411034168;1247743716,501584222;349160675,1029216499,517111413,884909760;0
====225741130,1620016462;779164578,1187212246;2100421529,388515990,64069760,190380861;1
++++106274537,1221057193;590583235,1250538608
====859545245,222713696;155997627,1831310123;2044745182,1236234789,1294105005,2095330448;0
====257199604,1972228626;1645504915,1440348243;657294867,1982675783,263992932,146237410;0
====1728837454,1937044666;723507717,803301387;1717849078,266755982,572848054,352088693;1
++++88592678,594758844;1674783834,1479433733
====584602574,811378714;411402434,471876759;981827162,1858680667,1017038849,368098525;0
====1695241303,1851532674;671022361,1974588025;1155335028,979308196,1145992378,243584719;0
====198931644,131715668;1318299522,1939170206;1291840667,1426201750,1010226294,1197563435;0
====1864123919,593948214;945950225,482537612;2062667803,1323164703,2039726037,1999840420;1
+++520009382,561701590;1437295934,708084916
++++1655991819,859540784;180758303,282026562
====1849119010,1471484326;1762078157,522414198;1095232855,1463401976,541967863,110217888;0
====272535617,940068678;974612041,1374900984;470962742,1747096560,550743121,1305106769;0
====1676613114,1442072019;1687581738,57376110;136379185,1916094165,2022737328,335665609;1
++++868711846,1010586799;1472780666,1725136564
====1597610808,1023456303;832801718,514137094;208995889,968421440,1748881950,2058091547;0
====1804025610,2106645217;814243144,257438567;1957092514,2060623538,673888662,1568881747;0
====54872931,125444108;657481959,1469381979;1051559453,258925194,773889871,864844468;0
====84321342,2134522533;366700859,1498971845;1087180875,140607397,1855373794,1770242347;0
====1736569329,186857066;1102262352,721749488;1753487552,113370904,1031954758,791032530;0
====1521912545,90185979;172795002,1622266598;1045727062,1615398645,337643124,258771511;1
++++2017355432,43691525;1721175568,756094272
====2112436908,787173230;635329131,922293822;1685703347,656847963,639616663,666658393;0
====951100843,687574149;446236025,588696031;1824389480,648349565,519201608,2028402248;0
====627067903,1567319468;940455499,1732791749;91611000,1853817794,1182134040,92268505;0
====1450833008,1320050255;267479489,172857846;1330636505,767998508,169568324,1974658951;0
====2001762256,1669566632;378606170,207160854;1549059146,1557375952,1794118510,537895488;1
++++1138203854,148924661;1597529372,1549077245
====959376354,1354051943;217319484,1145234942;2004876012,551228687,691932017,1783312797;0
====679334333,1068123464;1408721887,847165599;1647048803,500335499,2079192246,1850941726;0
====215890002,733032978;410583221,1626640689;2065171244,1124756885,1637698319,1483337282;0
====1076540618,1151450408;1380598502,999175383;1676198663,1649159895,714647875,1208407;1
+++970583679,2039670908;1632848077,1088933201
++++1181358657,1370386064;185673137,1260047913
====8505655,664522250;1458581538,1664011166;360527115,1253743674,1809509438,688438201;0
====1251351861,561245068;1123828353,311221887;2144116560,762238230,1408566423,847040107;0
====1061805549,1816241444;1587280750,2129589171;976935682,1517742925,2069000207,1377858531;0
====1723091883,754497964;319780389,1519684161;112529414,400386601,565243976,1953332389;0
====1892897519,598592505;1185504,701190497;1380191708,346228896,35086051,506444234;1
++++696917095,341786283;1619391448,1005507053
====60973599,2121231734;2038375170,1788262178;609490356,1986142106,494374501,2081143316;0
====161944400,577507942;1279033332,444281285;1773827165,1839288765,1271176305,1087961988;0
====1111054961,315801874;795677111,1647492954;1956953354,1380992086,1499947165,512228163;0
====227192808,1674514858;309695876,45156527;724138409,1394904669,1160543680,566390486;1
++++769217766,583082935;1287046387,890466450
====1448179176,735146281;155207811,1585453377;1313717075,376384525,589672939,216693432;0
====1271874576,1525653235;117792902,1841377881;1720318780,74848991,1191498343,1690874633;0
====2131670587,566197775;1254284687,1443298405;563718701,1821410942,982851166,2061114648;1
+++883284486,1491162408;1710479867,1273096246
++++433425177,185137310;325182161,1696148838
====1940756930,727809717;1191824244,229201771;1192770947,1688499654,553977382,1866548309;0
====1661823696,1062687442;1920297993,7018146;75941041,2122444418,580152419,1738484079;0
====369773622,2067367451;970496864,1898348322;1091227112,1348105730,2057070104,134418273;1
++++1454060970,1077253517;1520096493,1550545959
====2133010079,1019724656;1138719089,1560912950;1557681864,1469639721,1381855159,2005126330;0
====1844146879,1356372139;892933497,1298229630;899378599,1295028323,1102821519,2060471475;0
====744117406,1183180317;546219966,229618040;1121160883,428850454,628267530,1553162293;0
====1551758204,2145086333;100842366,1545752942;280329268,1341518248,558512456,1474092515;1
++++416557719,1180073221;752176160,870868160
====588434382,1427752077;758663915,1448794705;236263875,1146632181,1452969767,1254871009;0
====1986911400,2007919022;953973509,942397324;412857843,459359085,622323514,1200583836;0
====1461835087,1732681567;43919360,1580633931;626487345,1096526491,545591035,712503108;0
====424973802,2081285463;398923279,1085498273;1949840813,548972719,1002707393,760893869;1
++647928848,478187873;1497851880,2014542726
+++1667591313,868112616;89311915,879070097
++++2031453624,1710643866;652526088,235152256
====230264924,1032742411;1146025356,1135853585;849360448,501043013,1512880484,1016604199;0
====2133742679,437823240;1530806122,884751712;2140458124,1785596823,857471443,1195188330;0
====291222336,969881567;697868491,965042782;151157068,445336424,17602260,283944690;0
====1722879589,109665852;1085984651,1448857195;1894378292,1888730414,1110812414,128901421;0
====316177291,1801735329;1790003825,647631085;1218519555,988812680,1404705777,1064023841;1
++++1121805478,1741882916;1424759236,1637755808
====978917364,1943486281;1894657199,105523407;1973145677,716705285,1337193509,257901;0
====2006153526,73438467;1032579980,190907988;720114399,1676935489,2057632860,1221303637;0
====348533839,396446549;891925188,291814424;441302282,463168228,552231976,515373256;0
====1456223384,1142354693;1959620324,1561157546;862652651,36354734,1946757569,1531094455;1
++++1304720689,1880908870;1337171848,1802331622
====1980745174,1117608281;586031901,1687505698;1143032714,756483210,942244679,1369763640;0
====1983775212,610855129;1337779998,1890914099;581832578,753305503,1255802212,2106111248;0
====2078849759,587231361;159068013,2113716269;918487965,703621247,33399185,1518636963;0
====2003272712,567186001;2134677870,1917638336;316557227,172708581,1985177821,437660568;1
+++330068389,565430357;1141121273,378707879
++++389075135,1329959175;1176994934,1418183370
====1648220330,1341405744;327457859,990904534;1745872846,874978470,666306463,1074465585;0
====977383628,1729539053;253889791,168599928;501845018,1464119452,1366945730,384007596;0
====1120585712,1057887011;1865368056,1425511359;1023311276,1688694957,1623395454,1738286079;1
++++216933226,336346180;811268596,2007462590
====1607370741,39340868;246782234,457573528;1463948529,716250240,5872268,2042974730;0
====1811429758,2016459585;378743433,908248902;1253680145,877984660,545160255,880124605;0
====1119372135,73648612;320630834,120822029;1457075442,800240955,200129177,173629382;1
++++1797498477,446208421;51747118,1822514892
====1168347292,552664319;1747834428,115713674;1976524273,201972513,1046937668,833299133;0
====364327311,2067913249;1331479138,494681306;973056305,2068526206,986038029,968424106;0
====1477765125,911055915;446995570,29965820;142543939,1550994997,76380325,1140155323;1
++++1713708671,863154068;1540835034,2065310940
====2110532405,381068819;1175778987,1410865682;372798265,1370380079,701001698,800861934;0
====1238257625,1532771265;2066747870,2059247362;1912436523,1577043771,1209058617,2129515441;0
====1081057900,1676111658;195464366,777684810;1568368659,1526729141,943102956,1832169776;0
====893861692,1177348359;1403968848,195803544;1015245631,273021246,447088279,1781032332;0
====933346105,1613186600;1337551092,406460605;144545827,1406451543,127514183,821742385;0
====1721464851,1627572184;887254308,834443700;1005848549,1973276037,532660255,1507033647;1
++++429830592,968859817;427048656,1511534006
====941690652,490279299;371004359,67396994;592109673,198794043,209133997,236753901;0
====602590879,729357360;225053089,1842081005;899753483,96725034,1509828523,1489242528;0
====51668555,611606273;574010849,745008560;313877722,341774452,1932143448,1971060102;0
====1480552762,1477036923;1920315841,1718153734;250665524,955053774,2031185568,982559325;1
+++429698389,1227240133;552257595,1474952146
++++1366645829,117861945;1478859301,708023440
====379773330,1635393143;1505660482,1849222571;456437129,1650126305,613818810,1926684047;0
====916214065,1598059028;177737820,1602800868;625927321,1319008645,1007002787,1340558687;0
====2049507607,869068092;285685304,1394721395;1885315090,998036009,1038168462,534217653;0
====1818051640,1481382670;1953524899,267342966;200833054,556043264,1263467062,2092149424;1
++++2055284115,837674887;2087799557,474294315
====99930582,228955197;331714286,1512965301;244650021,75893147,1205573195,1945859615;0
====1920944302,452684943;1007550252,238402411;1980209976,1444702843,2007306881,682214611;0
====1507040501,1769063888;2011489831,589514099;696002185,2100982315,61475753,126164089;1
++++1222504485,58291124;569668193,383082093
====979938264,1730972051;896392690,1493640917;577703647,1219291351,866076841,190636293;0
====1093081482,308704026;207033252,1254080020;206955435,1457543381,1751311064,1944488409;0
====2037315483,671366542;1145696620,1298286832;787211384,1975733202,1571667029,1216116921;0
====1591617251,1552648156;1223527132,2113139819;1821088275,962801038,1052485327,717454276;1
++++63059513,444130357;1280837236,588582652
====495652312,541719516;1580017067,932124704;1624265521,1538970819,2086440197,1759485728;0
====435705634,1193188704;1488878660,158281493;602758281,811454488,52884189,2016600930;0
====1788485524,260423033;852298955,790959300;2137801484,1335740623,1129826348,1815602038;0
====1943858430,410882209;2033635538,1298700556;205592000,478986683,2086169443,1608839343;1
++++86772181,771720741;1010389533,2122837815
====1766977709,1843551280;287499375,1617852397;2102486519,200284281,1195434903,703196242;0
====1376879993,1647607144;1842594547,223524353;190548910,1080524066,1011945696,814488667;0
====996931184,173195196;632601352,320406634;687484808,731165628,1065749394,77525271;0
====429119830,406386729;1491943204,1292389416;1387347198,144065531,355029723,1178168525;0
====1955231347,651425564;1871211905,1132554113;378893941,1998416231,1276825195,346837630;1
++++1690099565,983769181;742671949,2060387717
====1123440635,94151306;1319959424,1234973854;1832139608,880231715,1108893294,1722844828;0
====1952537703,1516141711;597937747,1433545974;1802575904,1305516500,1902942000,1051093685;0
====556935674,2090260233;248445805,1338285820;791805111,2099808750,2088758840,147889452;0
====925592946,1389970558;2118907103,1236830226;976677579,1371697284,1120808873,1465864633;0
====1802292412,1481929697;1587801043,755466362;939508205,1650962420,100152445,1776776155;1
