4;3;8
+2057897675,1097459141;544567488,540700766
++898183648,776943625;929800774,257707841
+++1549798761,783449906;165453337,858282406
===1580963223,1599358751;2080059129,1911375747;1909490975,44482206,945976504,520467864;0
===1728069610,350832508;1388563048,67291892;99740260,1859990633,66337484,840694475;0
===461430968,579062193;1893155366,1509161093;1039858006,1962735256,1195613525,1819843890;0
===1122245220,964171784;1518360588,726022617;1343358366,355547034,2107214762,591423851;0
===1038348726,1262619524;1210173692,1836215092;1106914549,241900931,363013971,724951462;0
===1527598961,2029076019;1203297668,1076639040;233187022,1376974911,1908453110,425845950;0
===2008489535,1063960509;2069159639,864426059;1600630402,259169639,1747354337,1967947284;0
===221243537,589125312;1135000695,1305083897;1458458593,1967832479,1964198233,230059098;1
+++2003606554,1378180890;1326299368,1784527338
===449914105,1136431597;978946570,221825287;1692239089,112190557,1390481338,594385956;0
===686119932,1878748929;1869032055,1571179055;1907676994,822392190,1184516377,782123491;0
===647966455,1409616201;1857685053,466471243;776879302,1918689868,1187313191,1673022600;0
===211092266,791581972;220819036,485620752;963348272,2135356583,1753472418,727312278;0
===762999551,113359283;1187429204,361736362;6578476,769987892,341865313,1097229850;0
===1572749008,1718373924;1175360312,1169456776;642496379,502456361,634570934,2078794064;0
===606171014,36407563;1350849105,213974347;532384232,155914060,439007258,1420756185;0
===1646011503,988605931;385136155,1137233763;1459581712,1991168445,196159217,1267490735;1
+++2118167250,104504881;203887442,1529433761
===835734873,459114293;1978079908,1355553738;491588385,1173799723,1553484885,935746092;0
===34426083,375219778;1875767365,1612777170;692170125,1162498083,1966286775,1966592888;0
===298082886,162569610;1433831217,1859471302;775121346,289053265,2125416553,71851112;0
===1411782144,387800070;1274958725,2086483348;1020014906,1650980741,2102888949,1274523611;0
===265621700,485608644;1704577649,1394869304;799531029,500617224,644311772,2045328347;0
===1454446604,1503736823;1268785685,2138365981;1188484233,1563049891,1239156294,1595252398;1
+++99628915,568994403;1795124093,1839275998
===799878861,1383327421;928552218,2134362654;788492456,1594931336,1938363976,25061485;0
===1200187909,123432458;1710628785,630337605;2649651,2070809782,742611407,1405186760;0
===892049191,136753336;1821260213,1201292008;530425779,797665654,1532832642,1726434617;0
===633970130,1455270709;601685397,2089730831;1668960930,1394732941,1888731433,670546129;0
===1983339238,1785369022;1426002890,1305454537;2023443343,1208938692,630335883,1676563294;1
+++579036920,1438976721;841121776,1425728359
===599021901,167764201;561870562,1751161901;1011246764,705418986,684383932,1645100944;0
===507080697,366921949;1283161784,732661117;1201575442,1667830271,1743387598,817374979;0
===489677006,792267669;1507600878,879550922;989536860,1186166365,1055372207,2254845;0
===1340689254,1921715183;1683968045,1974212084;1792781554,2020470674,1847491878,1167528507;0
===1581988461,1135512432;1678894335,1408072124;1113221149,2062790944,20415211,288347510;0
===124220857,320340265;1359875448,1620799777;1194295121,396198576,354925399,218152699;0
===1051757468,829799390;652351457,2063131690;311691647,2039662224,2081143141,230159732;0
===571952287,1944112892;1208334368,1796920372;501515943,595599605,2113236602,2016240320;1
+++119845850,1258089176;615830969,1415924411
===379693711,1163834491;1177141281,909009762;2061978192,921559149,1983281477,601378170;0
===1371634780,1650040073;1729501554,441090162;149274992,599008043,1674499311,978928855;0
===1549096427,315599990;1980651370,1540300824;1290274737,444565009,487531767,539162353;0
===1245055863,582193385;1792724215,1024576812;1999250113,1608555264,1095029186,609665572;0
===1344653202,741663122;1605305476,470791065;2005970393,843608063,1880391485,2057484810;0
===619586545,2125185782;1368205143,2021120211;305798522,1959797468,1895569825,632773611;0
===1087834768,165587169;1419730060,1547255560;1396176016,1860785437,104042531,1703829241;1
+++740012519,596854280;1767416899,117793865
===91552865,1069028184;1918740422,1743276458;1714360138,547082716,1693187000,895193548;0
===1909037710,24869197;1789749363,913911750;1678454691,1586949579,1484382579,1927502199;0
===1599481602,1459608474;1343899666,1367774161;1017637067,1049269513,922601845,191021643;0
===416577233,1122915557;1008073136,1367235775;1496935602,1704972458,1237665346,1523026193;0
===1676205518,1972234617;1010002734,1928913151;2107851191,1540485999,2134079431,316017988;0
===440202627,926154219;2020340218,618000976;1073286335,589340403,1684220198,356997934;1
++28838709,339994439;22141719,1331419865
+++690808819,454707836;1108015558,340943455
===1113125274,1243860708;111257301,1127160781;786538846,453455840,1469171576,1025979558;0
===1213023498,2018622844;598042262,450548358;1183783099,1700345913,497779657,134719353;0
===239464206,1124446952;1901612892,2065670075;272587626,1939071542,1518133511,710124733;0
===1954719506,2011141444;2143435510,1654025718;1788449706,452350964,488508445,859087215;0
===1411221703,1620949756;1778911074,421106564;1117694525,1924835750,1134340263,682895487;1
+++1720973907,1579513451;1036289890,1990896149
===1292267181,879713719;1410375707,1595089348;1143357532,445379501,1335137355,263208716;0
===1053099824,1381046609;1964776745,669616495;1328888305,946287587,244343435,520774487;0
===1222595135,240901953;1288955024,1940391731;1029991545,1478589195,1901024074,576862814;0
===175302307,386360899;845129700,308548716;1896535256,986795352,775033105,1608035225;1
+++1629893292,1878183882;1491810684,1460936645
===722053415,362872129;681847605,1484136758;1935414194,239347422,5761953,594755594;0
===1720599220,1514993984;2092878614,955422107;1890312950,1016875881,921648742,611022248;0
===775164365,1459688510;143935008,1506030602;2068899188,948517859,1877324331,507797059;0
===1399622059,30410068;2070970376,1442358641;619591653,70202554,59732861,1035247506;0
===1247756610,1528512942;842509759,1882181726;387808535,848095787,543857247,1413058396;1
+++2077561843,1761183415;277980241,334226468
===375783255,516985752;1790581647,451415458;2060118036,224641499,978694976,733088595;0
===2130262041,1022519204;1646018153,1614670529;2114013798,630720054,1544191239,1670137999;0
===1471361630,1664678750;1958723038,945085908;481679417,1005444102,206149701,114580554;0
===809792595,1984287544;335639301,1095022083;1337473658,1097540494,2009731847,2075750075;0
===1872047152,1957536299;314303784,889691410;611282436,427863248,517979021,1926339545;0
===2002681103,2095672344;1861960258,1053494743;2073455885,791947821,1362703246,1746602184;1
+++12318015,67377179;42162439,2089017455
===468640904,1902907220;335296380,958624304;59696563,534945164,1314104265,55052830;0
===360106798,1180552804;1231659734,1223504467;1799360292,580695111,222336476,1210072074;0
===1246885577,1323950133;1591943986,621377769;1318469523,1610144275,365339617,551482808;0
===1682008443,174849702;354609344,1671575676;621931772,1074263545,1283430256,521311351;0
===2026974988,1752333976;790819295,669834696;1421162823,1812329462,1363318615,169873435;1
++622008641,1752513944;357821723,234368703
+++334154106,422009074;466873355,425595192
===714252647,1260117029;1054008473,1867888570;603404310,1856221853,1898712443,226339612;0
===436573200,1323127922;241851037,754862169;2050512365,630640160,627479887,1481855950;0
===739968927,1410084161;1753685593,2143449980;1520530434,1627800851,1820477379,19372685;0
===1552839666,1716000484;1472939301,984937497;687585329,839432893,954622086,731084070;1
+++1598856810,965319654;847194991,1542476572
===700774718,1495326164;1890472846,1000494123;1765113194,51185275,1540137194,1755441241;0
===1206109599,1389327444;786689257,1223462155;1608457710,2005814825,892820735,1379970775;0
===173398220,1676373591;1873370949,1659709311;1242968213,530010523,561702458,531097770;0
===1259886660,387198868;1978426854,1267250558;1996804118,1366908321,36146718,1986070503;0
===1160644450,1592713343;1249727849,59042900;1602880031,2065522898,247587371,982566105;0
===1832259293,608604311;366237164,2116466393;858098248,1463180478,1498690327,2125905857;0
===1489929470,390906801;1668039128,675074777;807659433,1641101560,687676298,1559733092;0
===619477708,1369515764;1825348012,1361311700;1615730436,1648832698,2142731136,785212889;1
+++815973184,851656992;293376798,371888306
===1000020366,1860383031;2026764631,1440170804;691186548,261086966,39225216,157454777;0
===1460918876,1450680553;252045859,334873720;1278621609,1605541382,1603922824,1609643844;0
===420117266,1382376499;119295565,1428906452;1214731430,125927020,960679377,529145332;0
===1938860199,1934820211;475233836,76556210;2074460087,1177897751,651524887,713026453;1
+++1908412621,899312027;458419488,1790128931
===530027078,1729830756;648109927,68414791;1118491797,2107743965,1781518486,111494418;0
===575455917,1147089214;1175340324,1469694960;708672507,148758368,36650463,93337871;0
===1320912545,2022745226;1286665008,1040303166;1872701041,928103001,1438619439,2046855519;0
===2134294189,2011391511;1602695315,1536340055;1921322298,515077657,49001023,1987790426;1
++2001535114,1217524529;1583646789,1296882999
+++1799776953,2123909295;1663232757,500639097
===1901533928,1527677379;684928772,2074225584;2145467424,228320573,1513093685,8039441;0
===635214813,982899451;148803138,1036997608;2044346561,1815249797,97040159,1127577611;0
===1176760183,995090145;1219875540,1682815984;165536523,1569563323,483185102,927867557;0
===1490239012,1202937881;819157827,862568557;490347726,457852716,1564733919,860352928;0
===1168884636,1954901443;2085610608,128179933;1334235804,520479145,319578023,677449336;0
===1142650637,1775583334;577493517,1218677168;838731572,1147115875,1017131086,1611307239;0
===1864702729,554301780;1629438377,2040229007;1837501851,90782996,1907715561,563389327;1
+++1068491321,1846490044;492877147,569711877
===1832838258,801345413;851131113,1336516218;1944890112,333406913,571073631,534575533;0
===1311468430,81039360;1055095819,2046821334;1252498610,236394777,546474874,568374935;0
===211489208,2022020654;1758758285,2064504836;110544755,873174649,2099165798,1214819307;0
===632430379,1530226216;151292168,1702886697;1482294383,531405600,425934490,1560761288;0
===746215211,294360987;1112622748,886169774;1528818936,196100989,815525275,408256676;0
===1797172799,1386026476;852818612,1842570238;606577164,1210214501,58623245,1517576457;0
===514082698,1897583585;1792021061,980303429;2116610827,1721382186,1226051676,1525430165;1
+++1371025324,1109519694;1965106319,1779775056
===192580638,999947662;1099638614,1767164254;661415274,575618120,1029240705,399078486;0
===1942857193,1119236762;561363079,1035250056;1176146237,669494979,1356763115,1728259849;0
===762902508,2010496970;436360424,1946254;361789992,1905767312,91250727,1762844053;0
===705586457,1072888463;1895546167,1185654562;121988457,1439499560,415999058,318688888;0
===1190361158,1384186144;950521279,1936861769;1035196760,1961633815,479226816,1765082955;0
===683869512,2092880450;1078585828,640840860;1011636027,497948259,1324602467,151884970;0
===1324639482,2035168468;950930889,791201607;737982390,765194225,1561967540,251429033;0
===152356502,164286335;1153174571,464930043;1553424854,587813197,627513372,700175654;1
+++1747306644,659619802;1121903972,1838576703
===467050453,1236229028;1880802713,1034903476;790701402,207746848,849926686,1193069325;0
===686229157,796587009;2114308178,1171009422;1022824678,835462605,1800524229,1907825060;0
===690757571,1411065984;51370823,1863939113;1169571589,991647863,1962763864,1845344856;0
===2087669508,85097082;313852578,217055640;166173910,351620416,506540515,695045774;0
===1514741201,140928214;1073658797,1233602364;861633292,1181016233,773316622,442000450;1
+++772591940,548038403;1836742136,607274257
===1342309413,547947037;1788265792,344943187;257000804,1399087558,537884561,980402402;0
===1732574508,2048624973;1013878067,1754062231;868006171,1684782729,1268905869,310761483;0
===1783719141,1706078757;474963110,1200223220;1289100903,1553302832,1996933089,443609753;0
===798179271,1966716758;1930270270,925270751;368692585,1515379775,2121511109,1018025136;0
===2086592054,823123512;398294730,1424162590;1000270143,1763670836,1827757996,1741427977;0
===1885846384,1245070842;969728995,22630293;2052422010,995804311,139687857,518350681;0
===2071056189,498306930;2129336149,764775047;1593252713,405160431,1224374769,1211342353;1
+840750083,1666988933;198259936,1834959270
++263032550,306879561;1428917338,793350148
+++621956544,647152158;1898036204,267016775
===1745350454,1823940934;429429505,1808575343;1099017091,1138676168,1393971299,382232706;0
===1375706320,559009632;541214279,1030367597;619139796,743583475,155238504,2098145747;0
===1631152093,1209968699;476531764,327687092;185743089,1644293971,195751673,1723844708;0
===1507892120,179966049;2118864402,937228860;367620698,1114077957,1370330765,1571642217;0
===374782911,14985275;408348648,1961712592;1360748992,1233647327,2036461431,654887177;1
+++1746204147,520348456;688099261,415005737
===1337519356,1697955776;2045352795,699985288;58010458,1246379517,350395214,1615331086;0
===313391992,528094389;1391323152,541342953;1458326871,841610384,843669601,639814592;0
===59512637,626582927;177135336,1694826563;436417751,397642894,1313824937,1065469521;0
===1848774712,1524865665;1416036636,810964534;240927122,1530471878,10395945,738334100;0
===1728251699,1832229863;1149615718,2099302874;593404697,131305341,1739998833,1685806340;0
===67447159,659765608;1398270215,1854174247;1203811062,1947530199,1613711824,318068183;1
+++2119079397,584312551;2040015862,1209475625
===1594606420,1705340605;1685103251,717926740;527338526,1924687583,1966082043,1969686425;0
===486387609,398982100;1194315574,168059648;1349800130,208535916,58347283,69013525;0
===1166181155,2058905720;1810071727,397568453;580242962,103728012,1513828026,1826684556;0
===874092196,1363553473;709805227,2008034618;1340248303,1804359057,1237076068,1043721766;0
===1264668377,200338036;1665685106,203399916;1740676479,623747723,1601532856,1635204582;1
+++1288848584,289339836;885520200,2040847660
===119815696,2143030793;194523071,753273391;711484587,205941768,1841078253,922050608;0
===1923515927,1515465350;453288062,1686548556;465685332,1849564176,694209917,1736608633;0
===817806246,1665277050;1729973531,2100868713;1757524940,576348760,1108087146,396648338;0
===1781137909,1486895127;1166671952,1215453879;1031299017,80157719,406740738,680494158;0
===892210244,1440022399;524126165,2093463978;837162487,1984994658,857739504,93016634;0
===1685604657,770784124;1587679192,394584157;708419250,2093101675,1430276647,449330169;1
+++2028402367,57692065;212018279,1350475410
===1320919613,2047003760;1027568004,1785464702;1214301017,1792757577,1172574667,31104584;0
===1448674031,1041356720;1908507749,848892179;1290506519,1540103301,1131584213,585057077;0
===1171478621,570741889;371922541,1243730984;380240478,489137718,1185584662,469000906;0
===1414691008,840254074;1489728026,1155936302;1460296516,1494241859,340042947,1091674488;0
===1312267209,1447482908;972554236,690726688;1310749397,490967469,1895043389,69841748;0
===576870008,331406707;1690716325,186545066;78765869,960900310,837475935,1898807904;1
+++699889908,1929398587;184240133,1992438596
===58140815,797245081;1625194415,622374556;1394005142,782702551,1011194105,931686167;0
===421097138,973521226;355408985,880856601;1033353294,896685208,157010189,741495202;0
===1280032400,1074243530;955353478,764764442;1140284070,11254571,421702535,120231260;0
===293838095,1799950814;81564682,556002669;900757491,1781590806,609283839,638708998;1
+++1594460829,1243844110;1105918019,1730964696
===190752464,1089151014;416341625,138817932;1724876728,1539859838,571017908,1430882036;0
===1882590423,12673741;388994535,913000999;641980281,860875710,506031651,737547958;0
===1530514065,1170531280;432164642,359317353;571437985,1297603323,1059917567,1369829690;0
===255152667,1530506651;52623862,1485118985;313510533,497675494,1353975077,1042188900;0
===509377309,1020596843;729467116,69423884;964105606,1655527622,1739278736,1489596808;1
++1067859854,441771796;69599083,1304419662
+++1738053399,1923687548;857842362,1963471508
===315359653,220777340;1041791404,1870339587;43294408,1949078048,140816955,836960515;0
===1993600700,714211107;1853797381,1420435407;217078684,1482418329,1475140912,1931814903;0
===37403002,677633266;1161382005,291752273;1842249079,607157044,260812653,2038259827;0
===218343994,395645351;1361981261,273543201;498601914,640264721,1003624427,1427019265;0
===899041050,1012707516;1828920586,201976170;1002315053,1493480883,1466387938,1537433751;1
+++1479859081,1427911160;1593578857,187355321
===430078417,925360134;716977143,966764408;301537894,974093098,1902661967,1909812605;0
===1700599190,842553612;854476785,93394866;944623011,465178720,1266152027,1167579751;0
===2111257020,1597002055;1949720408,1874538990;1282870653,321275311,1952305019,1863251617;0
===1357789359,1245577175;1649841147,864890093;752883600,2045318721,1490432364,1835427613;0
===746739969,821102554;1637767328,651337360;1356395763,80501964,1773553683,683022100;1
+++1557232294,286352660;1925688639,674618833
===1503376669,540278824;1550665067,1775509939;276711542,523638541,868777728,793039339;0
===393257684,151373521;943120746,1100554905;1233345266,896045460,2081961489,1062819047;0
===641994644,576162182;578003925,232658701;856718940,1447240681,1607724633,578659698;0
===316431224,1829191873;647253304,1150825017;822811104,816122003,1726954804,535784354;0
===1935580431,706872214;1459896122,784925301;433259029,1761866786,859697342,840651763;1
+++803998966,2037312186;1801818950,498743525
===1983722270,1786164033;687016598,71587768;1537392809,326538065,265501704,1808760270;0
===1626136464,1746523536;881733085,1223248704;739351874,56050670,946867854,371947287;0
===1613902557,116899488;1406670444,755602605;51376036,1691835102,1249517526,1922422046;0
===1051370516,2008662231;1217163894,813718006;474241106,877271685,1587922982,265177671;0
===1314553514,430440841;1648189399,292980830;1313574328,1277573160,336921757,1650381149;0
===2111948106,1484493464;1928751059,1883142558;503177503,370220917,281142399,2001981923;0
===1415675214,1925919648;1912302192,2031320857;698133994,55327470,943095546,574421589;0
===184271044,527045989;1216466106,1744304236;725700194,1639615832,1758863391,930096521;1
+++1931506124,1932083038;1523782912,1442141579
===789407644,1464190373;1726061573,409220153;284457081,664251113,1757804257,494159842;0
===926182625,1994420676;1610923262,428111534;1871011048,1629258381,1024020868,1103645472;0
===1913550788,536975296;390251414,219127190;1185548588,693266636,1060344453,1914071339;0
===1156742342,1945072921;1267724695,473759557;1629715651,587617316,627281729,1551405995;0
===1064422213,2003078611;1465107303,1972370740;1185911382,1235564826,773154749,866176029;0
===119803860,1576700221;1293710496,1213331485;1263186793,73949602,1250559485,1155632539;1
+++846962830,2088976060;699136233,2003956075
===183955362,753009428;1737217651,1061648527;1123617374,507360438,1572192340,1994945248;0
===613447773,1877825384;350052791,490794990;798182902,514922633,2130773230,545314093;0
===1187848495,1160394641;1820569296,581481010;106752187,1301161558,1484242808,130505582;0
===1622074344,296660;728524041,1812913062;1876032934,2105527955,1961467978,1094680000;1
++725873738,1928054402;1477337097,2109146614
+++474180153,1334717176;355413645,1242506458
===1660727158,1057309340;188765519,953939638;215507763,1589519376,381039310,524619909;0
===595523542,1677727019;32154630,976274304;1845796105,1258203970,1681776487,95028284;0
===797776541,1709571144;611805035,1605741544;1096208878,1660093971,306509418,1907718677;0
===407113126,797625052;1454850672,1356334558;2097221591,1697141397,997080351,1758979086;0
===854239713,1068745152;2104930135,480284085;775973092,1391023045,367184683,160947759;1
+++1751136649,446366101;1093994600,345374573
===341649038,489694152;1006080884,775723707;1990998668,1728089652,605088262,462788068;0
===1990358222,1579853594;1146914225,1658950462;979320926,2069073418,1612401616,1788404359;0
===272497593,1480907679;1049875025,2124880255;1001042009,331309048,647899788,630327082;0
===980781439,663851103;348636486,1756115508;1859072301,1268245727,140138989,2130656068;0
===218796884,1128295003;163543009,709305952;129828294,210831961,761364039,1975430378;1
+++269150809,474135192;1369959134,1645329461
===1956499793,1726731618;144921942,304183005;2000992463,1481733263,2072988601,272982926;0
===2006979065,1163635114;469975302,736688307;647873585,1059187457,1558472863,1492293472;0
===1555776679,168438457;86787915,428105149;971094737,1668603491,737055036,1993148273;0
===525067425,1844975137;239781742,2026106223;598658661,1190394040,1563799686,824574188;1
+++478030398,838240262;1058872808,1966966406
===684838007,1479935583;1655160810,1380765201;560969024,2000794306,1185959868,268080952;0
===1024650011,695769165;1068786168,251044964;1276056452,690208871,1648193554,135503796;0
===697345023,439892176;2133808933,650565765;1440464148,1524548041,618634748,1869707787;0
===2025893945,2033173894;1153188102,1139922604;2081925128,1979597620,309152413,858074366;0
===1597500817,1940231998;575224581,276509052;669803486,1874241525,265481247,126297967;0
===534871447,75337843;311782451,1530039120;1779898036,1497524071,1245510446,490540973;1
+++1694437696,1665736126;994181942,1070892023
===252092011,943369505;1125629064,7430164;441736170,1028662591,2092196137,1323179942;0
===1686542206,1671006462;1582548963,1056071403;935977415,180421979,201357037,554751815;0
===344725993,2135132283;1634594833,1322931706;1784270326,1550982482,124066500,2013484334;0
===346677309,639923843;2090608813,546333090;771273300,553320729,957428797,1385336321;0
===1250733475,977672566;1538900341,346900938;1764168059,1718626992,1838654702,1256453176;1
+++909512562,2087139105;1673909417,972441404
===1793285104,1952759583;388455565,1870380303;1987690463,1221207797,612957735,1802292621;0
===1759784862,1558435452;1677985776,2067751231;1354340339,1866369529,1797763546,1869847984;0
===1290917939,1578987452;1841007090,1418315570;969126294,1605831727,932578921,1913480546;0
===1293220599,1569431841;478982470,1865353080;873908643,2101808706,774653539,1906936287;1
++713085373,1174197416;1021231895,397304549
+++409120388,111609004;119430042,1272595319
===953158534,312366044;901806074,1161462664;1820460786,369260593,1442020753,666896540;0
===1995311264,1180341687;116762024,1913901846;1861952714,1532730127,1307072926,1567141432;0
===1644572846,117659364;522914746,999593916;674882956,711338031,1346910482,1160420420;0
===496562546,1745142483;833302740,1856028806;833522667,2081251874,1227399202,230131209;0
===870157378,381361758;878214446,585245716;1941178103,916428474,454050813,1129643945;1
+++1584059481,122689195;1436805350,533501259
===1124734762,545341941;1928411446,523539033;286063471,105524436,1339697494,1674508462;0
===175063550,1302112065;239272017,1462487340;1993907523,1651529959,191530701,2055336473;0
===271409357,718096936;1265892412,1989983510;1338565384,1061402991,1532966412,1826973549;0
===2051768566,655633306;1978007052,581782979;2045137216,208638192,1860342254,1205749048;0
===1576606663,2095027260;808658443,93674687;1423275202,612127131,763816146,1314524102;0
===1391676747,1736222693;333032062,1288762293;1543168125,1023155033,1688625342,651474363;0
===742474372,961461343;1626162200,1995553230;1476662721,1583113304,1865148044,316705509;1
+++809379980,941012589;1536906791,467191243
===130609325,876124163;397491329,435972771;131642123,681677785,764029973,721138012;0
===1959780070,1063937335;1529174514,83479567;608201290,828882442,1558600441,168292339;0
===825502371,1197529765;564563853,2032303836;979772849,1111556221,2103717838,1040250606;0
===57093326,969340282;404215433,1770107863;778738209,1065675569,903357067,1255188651;0
===677337062,1853063987;1218731519,710793860;297383127,1275386849,611500991,930225267;0
===1123898254,690124942;1133759507,1354527610;273410902,1716589531,128952443,1899394559;0
===735673143,1931766379;215000749,1635646813;377758463,23483617,2114633851,243080734;0
===1812121233,1749869810;1263896176,592061627;1073951468,686805926,179211479,1682287876;1
+++1108964710,538519519;823755547,1010620378
===45336738,673763792;1649752512,300469134;960235157,1167924485,2132824779,184097552;0
===64518907,1433341347;1107564713,1795272425;852664798,1700704787,1395647310,1702042143;0
===1480136100,1976544807;978443387,155126472;1196105759,1056528486,1403433480,1875355578;0
===1060741786,1715028061;607889827,1361074916;1955756854,2133156149,826713629,983544740;0
===1414265935,242582987;610021316,1042750774;1308442083,1782374781,2111063781,1367488729;0
===975083170,1786831952;53068357,271591187;2061687498,2086330018,310838160,53776297;1
+1362863337,1766697298;1957295856,810326623
++189704982,1203326420;1363365871,1968373833
+++1082797106,1571316882;1893361481,101751674
===1807709689,100372297;776169125,1646424810;328440663,809050620,515400226,1559615014;0
===1959726865,971493793;1105584342,1629249130;447612577,1023250611,1991660066,1596341095;0
===1095020537,787167475;698013963,270902345;250099528,706875836,1570310950,1505273432;0
===491237120,412897532;283733566,95979025;742047143,879612448,1904298575,416626149;0
===1974695047,1468061697;1394626026,133609642;322911121,629869079,1138400982,573667633;1
+++1655448337,2005262363;1921193815,1966526160
===1527904750,1036425812;1294652405,710419354;185255498,623068426,1532726423,242766347;0
===145345815,375361073;61819649,468517471;1026868463,1989928063,1660272175,1767252811;0
===2132143509,2003339522;1998549558,2137364184;1012230855,2100969073,895329520,1724865550;0
===2057306045,525538375;1224100288,1535773954;1894000661,1699389278,1502775753,535110958;0
===2114991088,1356682821;1471762454,1820392059;1720689368,948696359,1793924493,59558766;0
===1972128994,639890223;2145695764,935238746;678511079,1031508859,86371327,1830912784;0
===1846453862,1647770223;767336035,696078120;1113928388,846219449,846680666,540107302;1
+++993767429,1412524232;1716009966,1021925506
===1126877978,668959919;611046494,1268898334;780737892,758062892,2057714984,1151654745;0
===771347799,218564656;443129984,1983436272;666101824,1487372711,1057747819,1221044522;0
===1088692444,1143117597;99236888,946011531;58501601,38390984,1597748575,278321263;0
===1433844285,1640173601;766559667,2047902478;222863627,2029518906,1507390745,1370228424;1
+++1387983671,1998522929;1749287257,1303648737
===205152311,1281323464;632935941,120259717;463887421,126012188,1385950802,32120550;0
===1156657692,1894292302;309705310,1312985418;1423969317,1401871559,341381024,121876521;0
===1659362885,1387600303;1588776639,375383948;1315163863,1003908558,1540092230,1108623074;0
===1298082754,657972813;1894754155,398167043;206556722,376395845,1414809333,1581235547;0
===221081926,1705997744;198735983,1908850147;1891794242,698923139,1556415139,1917307978;0
===29886531,1094719326;612162007,2035404228;1673933593,1568780687,242167774,1761280203;0
===1269854094,2143691710;800127587,1211661147;309700968,600448179,1680763926,267051766;1
+++1778808070,300395207;765347158,1498422531
===619985209,2079753129;1060930488,26316322;435415768,1342624201,361321609,591501374;0
===1975079094,775599800;120610341,1979299126;1718107586,1531037736,241607772,1388200782;0
===231873123,1384396874;1471158375,2061384029;769852096,1688699137,1625458191,478424401;0
===1455465633,775393993;1577423504,674193917;2058078001,923572841,1592877881,508388057;0
===487358319,1583189795;134800451,1872397966;2033081831,62441679,666139415,1779143669;0
===1421001235,776440020;1996454894,371557863;1460008193,1758152364,1293068890,1029087290;0
===498126672,792895618;809672349,1294358994;598970024,1012378072,181495092,204315769;0
===1815332384,712311032;173973432,1635034946;1070020996,1624676121,1192087820,604332759;1
++786436425,1233546541;854854631,431386479
+++123729622,535729020;968161442,2039408578
===1926303608,1182194137;1787983673,328721882;49419,458505666,1412377765,596476175;0
===1565701528,534255654;1805655938,1426266345;311105990,1986565763,1454994452,674588639;0
===604002793,475039748;607781245,799720085;1051136852,1103249459,1368049254,245516539;0
===767625695,941925414;582957979,1489570819;814595667,622346006,99632458,1227382125;0
===1150936638,1992156798;841798161,816688799;1306704798,1237032138,581442382,41979065;0
===1679285934,912469391;51052930,1007474027;565410673,1731957749,1718751064,274496092;1
+++307628662,216604483;806525073,1345967247
===1841370447,492561292;1277620226,1229147226;202640329,1439218720,1018745290,1853771728;0
===375155747,14483824;1908727104,103933351;1771754023,1910385711,2130159818,352202926;0
===1997718465,703595541;612282281,193544929;1120929381,1636111159,1121664198,1508077655;0
===1889413586,14097308;30802402,1858414574;1311092207,208683597,822815247,1962995930;0
===70467462,84744941;1709277534,98566279;1458344094,1282895152,1525401324,1014089261;1
+++5065152,693986815;355150849,1855735041
===1576898374,344442975;2036002255,919876580;574982282,1192897613,2126225248,750756010;0
===772131017,156434322;1529300736,838601455;1188354487,1393532403,849975179,28810271;0
===615359660,171303513;924339176,1868973728;824304412,959474029,1293630837,1669811366;0
===1340872609,1865479553;1983944011,387355416;590254748,1811342258,1283663552,430023039;0
===414946337,1609446289;108106134,1582414642;1042537429,1136844526,1095718862,1128488559;1
+++1525133620,1965338087;778811458,1349977771
===1340522160,1121333301;2087557391,1051402894;1684227245,1478431007,166321084,1107449170;0
===1711383821,439782972;323507656,1194413879;1468267267,956956723,1003672718,1444738614;0
===1296326137,1399850260;12939466,68623081;2107660176,1875728296,237314084,1662793771;0
===1311912702,922939453;542713199,26481176;1731805186,1704067896,1836043688,1448885933;0
===1426982490,2017579270;1729317728,1087225391;421744991,2050590380,714684959,715878044;1
+++626104766,844889551;1030808732,653361081
===1921978395,98734177;520972331,535848965;1367968926,403207400,1373239522,1724601280;0
===923206432,1606634696;281237068,1101465870;1002056416,20580581,1505443765,1677270747;0
===654226821,1650715207;1331897432,1777227089;1483044841,1448369062,244782183,234379054;0
===2091431356,1953737654;2016977026,271083377;94604121,1005902695,1233855066,1538237163;1
+++1168650052,1538621886;1089050620,1143408779
===185716232,939019805;945374409,1524545583;1665585401,285400174,849134859,207740360;0
===799483069,1871787606;364230223,1756377925;1356564649,1765522808,1488676318,1673024853;0
===1346150326,175204254;1032512605,1187502865;1355962639,1588857715,2048456314,253809200;0
===462171613,570991409;737835961,1366937825;321980105,1090437002,978122332,634524828;1
++1581062690,620981403;192948074,1781761915
+++890631302,753413613;2051383131,1677977342
===597273072,306373269;1044984574,2020163061;1550824670,537370891,1743478466,961878472;0
===2009228914,1996227237;1568673550,1990318500;281222123,1048883555,1507512364,1218866294;0
===746507114,1817086116;560936535,1536802791;1316397853,604177812,335609413,433524441;0
===1769993686,304286535;2141485136,1543879455;1582962033,189444572,1838909481,444185116;1
+++691891174,1795089201;485192551,1508302088
===2132449508,2031653547;1098169103,822453446;1537359250,1937685610,1309329996,956494724;0
===915560932,2096625386;974120457,1076176723;750603348,520943521,771407624,1346482368;0
===755021175,1355202794;2072279751,1916414972;763100589,95340057,1011572223,618596553;0
===2140386459,725325093;1406836476,1843983501;1351394148,98244137,1955373680,1909092664;0
===1450511748,1973305267;2119785224,1927736202;2136274132,2020627792,169458466,1964517324;1
+++1650403470,1672999439;835104673,2057714114
===799933661,879962874;1832441837,1806264404;775376836,321201187,930989821,940447886;0
===932964251,1502855025;602055251,1794097230;197310947,1126834116,2100900008,566692309;0
===1108669197,112824915;701669107,1851561357;39927717,1273303520,537441617,1350413495;0
===1823720935,138747004;237744392,534330363;232150100,786419576,1827495166,251487226;0
===2049698519,420214420;1540665051,110013825;1151082062,1010072245,1087948974,1192453292;0
===1939047931,1904340362;1037087578,567820250;1080794813,2094884104,417073875,1055941914;0
===1823389541,263565122;528762317,1506028041;838428458,120507225,869848265,1441939369;1
+++301139581,718691573;2002244596,523427954
===1003337120,446552226;661515559,2099530519;1525634835,1398672739,1376807224,1894724844;0
===810037778,1025233559;765035991,39057350;1150900512,1310807177,3405710,792650057;0
===573627160,394732474;196912593,1063098059;691509618,1212598744,991391269,1709382352;0
===864774877,549965954;2041993713,789849462;277899749,1041621503,330291885,360360948;0
===1481584320,1100728297;111545651,1178204237;1941260433,1342844502,303563874,1967372748;0
===892481402,1928093884;2085018023,195741823;1429545585,1222480655,1533368129,295446454;0
===1656200351,672574532;1312458360,1898696115;1718215317,1612771965,352523497,114736691;1
+++1969828270,1859688809;689884026,1306067013
===1534246075,1318640872;1057413618,910640713;1585348563,1931454759,1868428466,1120913512;0
===1598551900,134601494;144929299,36638852;1003914296,1104516906,1223447758,1881399979;0
===860668853,123413921;1395074396,69371992;1802755638,1524068068,1013200535,1285718126;0
===1124581380,1351888690;1013434813,1135259369;1870895821,101743711,1515136587,118276331;0
===1599811846,29174390;1857926397,1698527858;726702996,1777819193,342920428,380802016;0
===1413090315,1690557678;658059612,826811829;315584339,379721764,1148970484,766957030;1
+++1221805438,333939792;1062339395,1612784886
===745539947,66129727;2038049887,1216744470;1589045045,1556687256,1996074908,1718747000;0
===403737942,1793739082;1194944582,454683901;1917459935,96902337,1041344442,8697920;0
===1591395071,644660679;154538417,1827415961;412712437,1273642143,796546958,1418691165;0
===431736897,1047299560;117022310,958825908;1257152609,494606049,1600107659,339787153;1
+++2076361234,1286574677;206180434,1763218833
===652766511,2123656405;1772820555,1246531269;1287988147,1133683681,1450011782,965216709;0
===1149478050,985647885;483927844,515053472;722090363,1108437046,701097136,1994297325;0
===1879033351,850885117;461898223,1910236278;780940583,643090641,1642249498,1133430223;0
===245303968,1794218288;672937606,1115183905;635596164,107063194,662758872,1874237487;0
===295663539,1939353022;1749530092,667111560;1585185264,921925967,400267284,1147316900;0
===1724609088,1344670422;1301763214,973662259;1270073467,754055628,644532259,1158028614;1
++718742468,587917107;319333643,2033470703
+++1561771737,32646726;898430636,266499415
===1706173415,1396126902;264920093,2047672035;2076946960,1945210442,1052744079,2004095485;0
===532810280,389557758;197579129,1568029046;810392116,48041507,1079812097,62604104;0
===1357193672,1956103599;681231962,1133178517;1048084701,2022176423,1892801324,2086406826;0
===807679268,253636557;1885720,1663866631;532923858,714291858,1663728335,79093043;0
===1695186361,491032038;1717433338,192127646;206724692,163286469,735057272,696952482;0
===1387659408,446729632;624580921,2030977552;1700183257,796834900,1271046045,1772017413;1
+++191200411,393328168;1512083808,2111324446
===277418795,1417108130;1516110540,499911731;2131229633,358091585,11483342,1718066079;0
===877268267,1197006608;1212512975,935706895;91045848,1012854159,1041312525,526911252;0
===304103702,1054223054;1179588736,1719240177;1011228288,1216808410,777220552,1437940169;0
===1240467416,393339917;224878676,291442213;1210652175,1916667223,162823751,1280010277;1
+++1867116959,1657101667;1050086837,293842606
===206947836,1840996310;2052870145,1881066538;1106602393,1217041931,1078191318,1532147208;0
===1476843904,1095550048;969493880,1193430438;845252420,228831290,1731828598,1975270348;0
===716443376,390167187;1810248116,741939091;2117360777,1717554525,1275088821,813639167;0
===1044744442,1234347732;1186398352,1400454341;606856664,1115317764,1802185624,632659582;0
===36360944,1688823090;15914790,834892065;1910535344,5011049,1856026666,815879486;1
+++1836092493,1637447553;1771351330,816180650
===39773035,30615239;556446517,773643959;1577193243,637613237,1427922088,483534364;0
===1117205396,1460309767;1110993021,1457510236;723338781,1134187230,1262130912,1482311433;0
===446518019,896516090;808670304,654380905;463084622,1017527756,1232188084,1041519068;0
===1640817025,1415070100;1364503365,1419896570;1712942652,1663776729,1941465449,1413029276;0
===1022855856,748996564;549827851,2138954587;326852497,1809307999,1082259885,1823017428;1
+++689429247,1704933002;1079012774,1520392219
===1334228611,707965223;618840085,687606654;517431801,301732864,687830653,2074167743;0
===1996422690,146582495;850632132,1742191141;86107160,1069282624,760421058,1123540600;0
===1502714744,91817756;2086667826,1431942757;233485731,131522740,1641875978,919222624;0
===1027373239,951999480;1457444766,1411546512;1734768671,136404437,463313902,150642627;0
===684255657,1653233239;1137246097,16645293;1199310578,1274107659,2051554875,1008045274;0
===1234214556,2052155365;117652029,1161662535;1388159714,1676350038,547049886,1225723168;0
===1379258925,1437549537;1231652426,950750462;2020923648,1178595684,1469380343,876592749;1
+++91423959,383553442;76952348,1699945961
===1594697268,964216176;1533400686,1631834418;1257157855,795556118,377572197,190740125;0
===1992559112,1658430433;20369071,1375668234;1305979501,653009124,2118202499,1587634010;0
===1893652308,839734240;900754000,1176092294;51780213,1178544869,1792666904,510834617;0
===268166881,201598928;682550727,529599587;22972007,1968561680,1774704405,344182287;0
===1026524380,1246252412;1650561621,1847876713;208103235,751986906,272269513,2083459851;1
++518324145,1782699272;848194200,668304987
+++1059521838,1245513031;2072823389,1748142408
===1211599021,1583596476;898792598,775207008;1474806260,1334959428,1816804884,234894981;0
===784908498,1804803178;1871188175,192897519;940162897,911497411,2003073694,541098149;0
===1339727317,659748946;1451124643,436876194;404944382,99293529,1333027196,692173869;0
===2145094751,1290811193;641528380,467526386;1136294162,2117232267,1704018745,783240573;0
===1303315094,2012774652;1831503015,171619491;622736177,628973883,1446572252,1300178120;1
+++535829458,602088431;1534798600,1855678292
===1063576945,689692950;1224829205,1170303735;1248551857,1735239793,1321041748,38442401;0
===2066796088,2042947827;1319702953,850766038;1696219248,2010221593,349320011,1614758174;0
===1014128255,1285352375;1353781398,52948513;1098569792,770363538,772134287,589663560;0
===1335331839,1922881660;2017095925,228459919;1867622760,1295377192,768134010,458025636;0
===612740172,1571340977;1724440144,970609803;1519062750,155777038,110338018,1291595742;0
===1749017032,1126348119;268805192,913750942;245953871,179145419,1373223673,1700185294;1
+++844364918,698307021;608767505,1769889519
===2044124980,849660896;1680343591,1106332541;1735651683,41416485,502815538,1740642720;0
===1172800132,388106388;1531896448,170193194;1634364528,123208689,1403785849,1700923802;0
===1799296038,288029909;465926356,1002635891;932025837,175426446,1237832633,401379341;0
===917499612,1674859403;1411082175,1530119349;1681895192,101638946,430468154,1984706018;0
===250669728,1301048260;227496519,147186115;1757889054,384034,1799842030,1463083476;0
===230042476,1888555326;1579864362,657587392;1762738446,72904594,346348483,647700318;0
===1161551915,698676435;369996317,954097215;1234596466,395518183,1446906098,1624887258;1
+++1534128587,863325088;1486173047,1052501942
===198648398,755131496;1384485572,1439904791;6572955,1282268062,1867446481,921965644;0
===1094806428,895215508;1168035070,1146708640;1148314137,876735627,1424921966,430141348;0
===646832098,1037938650;1553117917,1596933259;1897360006,554611234,1972080086,815516663;0
===187291887,690138362;2097158850,656823993;1051426430,1203898681,839402531,2032142533;1
+++1107271293,1554383140;1344322766,2126185862
===506479607,883205819;2133324276,1313860645;109817221,1000097344,353239499,2069550091;0
===730098441,1304528835;1072252346,1709715481;1666797187,1343651373,468574115,1049777411;0
===585339717,964381225;1767953451,923930947;1691161270,1582615429,1666796011,1393625248;0
===589548841,1249790295;1559746373,800371801;211846772,1661398461,79832498,1668370532;0
===962305605,1871665173;924366665,1281489640;1862978003,1280822020,419000956,358634573;0
===366682949,1972778776;1582128548,771987994;2066592077,615509087,1295347649,997519387;1
+++230312655,1603038482;1108382372,1100066348
===1982912749,1175470826;482000747,1597061363;1273285733,1667191930,653999391,397350785;0
===999358118,2040602744;1517124626,1703964718;457240582,260660195,982012569,1252057842;0
===1154180756,423144883;865951243,1555560348;314733199,4472062,1161470803,122549925;0
===1532528192,1466639250;1573410049,19997308;423111887,1090057297,961199971,1799707254;0
===1587282692,1748923396;1760810538,1721487145;2121891914,760854904,3838400,1536778355;1
++2122793144,638672676;679607912,12574943
+++1279944453,1725542234;1451211245,1602130711
===486636199,378193271;1699794726,1215593094;602234588,723453484,1691785954,854033200;0
===1063913462,1433679827;262497688,1903708442;1073808424,2079596203,1716914876,10130583;0
===707587261,2087904984;1115111101,1382514451;1094492563,231397511,2141605365,856278065;0
===1757967477,1583516607;1166122952,1085622908;1813108317,131050218,211963797,1636126118;0
===125328872,1792591525;1459768266,912988056;308847923,1969311315,580295014,658798685;0
===1188153136,1493008668;575234814,2070241536;859741730,495322349,832116549,618480929;0
===811656652,1199700170;1824712905,1528349106;606434787,2091668087,1114935892,1126634658;0
===164229985,1058180719;1201788832,1064210068;1801007701,111245277,143279278,496353412;1
+++1501564546,565520532;1198064259,1738480814
===88244889,822216261;1911042713,58551378;352129208,1112413699,1599442563,1805035163;0
===1713908209,1762475020;761819906,641068552;169295884,489127646,96791868,1004270319;0
===1016881997,1767141208;519785151,1172861503;252616457,2083252565,1958054048,297692065;0
===774767045,931396068;330015763,1545827307;1387211234,1286184275,1108415396,127045069;0
===32448212,895583934;84348628,614853915;540112413,1242973418,373179910,1577967952;0
===2070375088,1309930114;1794523159,59043411;1587979719,688928350,1489775978,1140539565;1
+++634920805,1790765484;442800709,857195275
===1265203251,717036637;1867732945,1385270400;529029489,926876273,896400778,220309983;0
===1667641873,1215551153;886286304,1416844763;1546427371,2000393967,1160031949,179349239;0
===2037921319,657352902;1638037509,1075020361;1159642009,273934244,2112942959,1420556024;0
===874520810,1328535952;1102583903,1529288996;909582716,485582248,406339072,701035733;1
+++340943716,2107076874;1313625473,1195300783
===183758447,767237955;1666449116,1993054279;346780944,825713582,59856121,1340432730;0
===1422613913,864192225;1692400930,1151175717;1604927067,1519166701,252824598,2086228643;0
===1002777106,1229314259;1278567674,797164411;263179010,649440132,469052321,990689453;0
===1981413996,742000441;590907392,956397106;1188660223,1723131363,1965433535,1561230326;0
===1763101003,1004024355;1940298303,306039451;15371047,52984920,84717100,688816274;0
===450373825,1216761709;1135817815,766080971;1699378343,1857704233,1532165129,2074649177;1
+++276332997,822622321;789790052,1635825657
===875514569,1712952662;1806085105,687345704;1191423582,2119856214,1810695625,945700968;0
===1704110801,1587102992;405188005,596408248;1837090066,407784061,586719893,140820264;0
===612876650,1214337471;909670989,86670551;818420713,1317096199,1411035681,1465699723;0
===1136838303,1826060342;1595952096,105440908;1408308180,331231267,1462700222,815550075;0
===1700202166,1000510013;494703016,1081322735;2077393320,1955504624,288373236,1409161486;0
===22288321,247846469;572908059,1829367999;1465000300,479364885,1743954443,1118862030;0
===50664768,355409327;160416034,1091982552;1463717602,483810020,827210314,684746959;1
+++977009924,1702307233;1347053660,1532074380
===943872726,1592293455;858937511,593004520;45521912,1777152698,26376378,283344375;0
===1065476322,461067218;1403181866,371044871;711552375,551746914,1958523312,1694659281;0
===1314855827,1755292536;2145381940,38586359;1375151507,305689961,127240330,1236395886;0
===1168277377,1085035900;593987952,129151888;314941778,836510623,1173999049,1366418711;0
===2000847436,715289596;2111646678,2036679963;62345646,951069528,1887610106,423160614;0
===535464101,917995130;28337310,2137817553;1802336783,456023372,479056011,740033150;0
===1387591875,1038508056;197278044,844917607;1516832162,59379493,911626716,606661625;0
===1010142701,1435649881;555627705,429753217;819896173,466148117,913509474,1132239160;1
+++1424788516,1417043538;1583528909,207650098
===12338810,1163835544;948230656,1872280001;961596079,214254612,1583388329,25090362;0
===1131723591,2010367613;789709825,818735439;369208559,1115156771,1274465011,1055507159;0
===981606395,1298849424;309752939,1904328425;814337587,551390278,508674534,902149300;0
===126810937,1092815842;1312397779,1328429527;1813977900,599210208,1217873567,113324126;0
===781676115,1992876307;1715612262,2039753550;2102819864,1447659305,2118049237,3772742;0
===1882621053,323835360;1609333773,31917047;2030671456,593391069,1553037353,1608628089;0
===481431534,284653223;1006829402,1496422976;1296119763,1788610441,2013495430,629211619;1
+++1389399328,737126001;1592586911,1795664805
===1103051632,743437029;1460585888,1700545944;1997602841,1003730310,2120286265,1166982354;0
===498573553,1642287227;144194026,2142106231;1382130895,1167513617,24537540,1714306485;0
===1903961416,816971829;5769954,1903373152;515738996,1314664818,535466153,1874159302;0
===1772335682,1828027305;1711344328,2046939259;718626538,854345711,1521821696,801601175;0
===822740616,1520374719;621524979,1244987414;1195510216,137294680,380304047,1600631954;1
++1225506904,1659832551;2023327979,128523474
+++693334828,789895125;327469955,2087091794
===250851842,1135387929;1641297777,585495302;1723478621,954901013,57138275,1167104856;0
===627299947,1316571183;2121224370,1264736140;928493576,1010311726,1130402462,432504379;0
===360431697,587263427;1469028363,955348505;866117296,1273860160,179660657,275149984;0
===2022578082,1037325314;350747969,44012737;1199119528,1824074208,843723557,361438409;0
===931615870,4798750;284245688,1269968841;665544893,392265641,268033255,1539852899;1
+++1667373576,1628366722;1931891539,1216401274
===732339442,291874593;1416448990,176302942;1632705699,998524340,1451488278,2020299232;0
===514371992,864371508;324139040,1901949208;342329725,117309643,1048015276,351494451;0
===1797295696,896393580;611269758,1423252673;1156648496,273612671,1966926943,17855773;0
===133485736,63111599;1448134987,111043215;648207843,800704960,1235659939,487769411;0
===1847298784,1113697159;905279175,1248666238;619126705,1584315267,796531776,1526155611;0
===792321475,991111428;138955207,2097204898;1452011252,870010932,1796571030,1359089200;1
+++1830065990,333972758;1664551189,283325068
===1970473146,1034300005;1520396455,1276496111;590708668,1254850007,97372982,648492830;0
===963963824,150205806;370718864,83390342;1618580531,2122677721,1886574240,1392846304;0
===370030459,527685714;1766979947,822229998;1044725212,2090410079,182631508,1066575972;0
===1195860828,196677390;1837537975,1432180587;645218775,232434366,1292559477,1466082781;0
===1484698572,723600946;1587656716,1262442251;334768069,1551090508,2004417514,1645407228;0
===1775963157,875841787;343101014,110804639;1984663256,1696010142,1728023669,1751011764;1
+++349143502,1990848583;1248537026,472706294
===452652161,588690640;1723630364,1650114803;12527275,1536672452,1979017720,2066094037;0
===639210749,1744344141;860682872,1153035124;659858917,644367387,1221881891,1785524588;0
===17672984,1143892552;1171364823,1785918939;1457940335,1054782031,1131453691,57180472;0
===429113929,1614866587;2017037923,235424884;146694894,239664548,10284951,636171417;0
===2017148876,1482958013;1296287632,1270011184;1259762443,919461049,1471668636,395994022;0
===427481843,1123134552;648294572,1763686854;969199599,1692786050,2135156957,517334466;0
===819867695,442235004;1972246877,1347474804;1021144922,290142420,848893801,95751695;1
+++1898303245,1774945783;47494963,1207929040
===1608977443,1197289895;1776330869,607725439;1348382807,1083506082,342557110,1823304954;0
===1264461763,753334732;641618860,1144025236;1548172489,1141086513,962494823,133970686;0
===2047556610,1087900524;1029117001,208500922;2108422040,1974197017,229022908,1262865623;0
===1612086051,1381232890;1460570852,842586361;1725073732,1164236381,927295904,1855329476;1
+++387343491,1125462120;884580502,460192070
===240049354,1770171982;1108738333,1388158787;1792804246,1416867895,1116109699,1360469535;0
===1735010039,171195208;717129514,687656215;1899298490,1068688759,1231104984,2028956402;0
===1686073437,1199895820;1981931727,718242598;401317756,1601486041,924831509,1228763597;0
===673078389,1183154004;1145026586,1012942633;614019920,541828084,2031805898,199820108;0
===1653269050,135839345;931839645,1889487300;657754555,1680167306,142582461,975157014;1
+1352413572,88038804;1349176486,2013825580
++685016510,570397982;1167590998,1730648683
+++1763595654,2069852778;1427392926,1627400518
===302405678,1369892406;281443884,1030721245;223144086,807445758,1260050747,401914951;0
===1948042736,621084122;346546263,1646304722;509216654,1449691788,1815975406,130372357;0
===224709075,814581674;1723198822,973305106;481930997,369218577,1867218006,1600319088;0
===2060970553,1569798982;1030211872,282249303;1829026325,1921614487,898758463,945788145;0
===508311262,861199728;617606300,2000197693;1348046361,974203951,523135222,1992990594;0
===1926719381,932824681;907960344,686646975;665069383,523852923,879961629,2061347339;1
+++730826328,73295892;1919894653,1060715208
===685659050,1248341826;1838979922,237843649;298710552,874100068,1252071250,804664828;0
===1500261508,964553357;37182500,1737198123;1999210306,456239819,1388710347,1089355696;0
===2013701164,1896200501;1360028441,14534011;850536216,16491605,29748102,195758927;0
===995548319,604099488;1159700680,703875167;1268172304,934383225,465743384,844424159;0
===1955120020,725567192;1512113905,1769127186;1985530594,1997392312,1285034958,1299936818;1
+++1880214946,1869861773;171751049,2138387921
===2143917015,1199999985;1790672717,734658113;1964883845,68312611,2055612302,2119469655;0
===1455066139,1563963081;431479459,2081895891;1749594456,1607574159,1583820367,130613467;0
===1143043296,42664117;651539633,1575727237;518142092,211614146,1843387701,524689313;0
===1887921247,468300263;966694012,1998733369;165930728,1422106247,1734541214,1559248403;1
+++903605870,1107773474;912561377,1115348009
===1160719150,298524086;2016837875,636595837;1767405445,1865872055,666960822,506461848;0
===1681749153,1429770911;537701411,537830779;590192512,2067515882,1092295886,1193530813;0
===1581552002,761099376;1566758616,1336585551;791380490,1754673017,537733850,1990780535;0
===70858034,885410100;1539975902,1325129532;597776144,1710472435,614439165,1110157132;0
===1708505023,341510361;444235744,1183194882;728079018,1154087129,675020080,287493329;1
+++172215175,1363806873;765267014,1574408076
===454209196,1936359191;566366147,1594837200;1960102658,1053753288,380996692,453219112;0
===1090884280,2123898848;383424031,577415129;1154034329,2036190445,2008375529,1809026442;0
===988159634,1545134956;1086188406,287270718;1016836194,208303410,471864785,963611980;0
===41174098,452931834;2025371760,1636644593;1171068493,1533549182,1034830742,1312870465;0
===830827026,1490964046;1135348585,779675377;1473564944,443178826,575269053,708713361;1
++1187070236,1954004168;1694684023,1915994412
+++870745122,566724644;2108803962,1768126426
===2011063013,349757227;703093948,563242600;710019275,903696367,955651452,1008821754;0
===1586432865,592538802;828428920,448999171;1296206261,1592157492,1474296527,1754474806;0
===434446667,707880509;1476731797,54627524;477281791,1016155301,479464227,1999645520;0
===1105436198,511897682;306443577,2001281839;1318627459,801974867,377551678,1424901066;0
===18945742,564749117;668948284,324426102;2107055318,1714196513,1959689453,1069415585;0
===1850331882,1946552008;1091555699,1867170703;493152293,256633029,1721273762,1424679176;0
===1701131525,147492334;1567845489,2048029973;1575335207,727372350,2144417287,2146555232;0
===2637866,1124024189;1683151056,411815634;1124899196,1488528614,2007086557,1486802513;1
+++107057308,1112170125;326203211,953001817
===1985735535,355373262;834908019,1117168540;1195716104,1397297011,8796570,883431532;0
===1951775989,1657932479;1030395376,1113343102;972266252,1076088937,314404870,1879511270;0
===1365981426,101359833;1346257095,82501078;643144205,1462882217,973508393,29293995;0
===287377186,940629652;200642870,1389345528;825878488,1753411769,1510936495,1946277757;0
===187196829,569546744;125993059,1486322362;831102238,1827240199,628635763,2002699295;0
===709046299,782795001;522613177,846098171;1216580264,1676139973,1827178543,1519757397;1
+++433285211,654732769;384795086,108875676
===566229494,561021702;1795490498,279590973;100035956,2002530066,84276469,383323297;0
===1891787940,686660167;485048557,964715733;729576448,247355891,2144229647,740476618;0
===913338785,1009602819;1423145338,76950833;1330152640,928780074,641052522,205674898;0
===659558992,1719478558;1761066943,972199325;188961783,1721508063,2132965526,473728584;1
+++1655510252,239747874;109419887,82594420
===810204476,150624550;1086073411,704107369;230846367,1596642787,50662843,1060445650;0
===215020877,131635289;2045471636,600632173;47794522,542576519,698869605,759029731;0
===1101657042,1581556430;1907852856,742318196;1373521541,479479336,1008991408,1738467364;0
===952878060,854166381;1624157883,2019339980;22464227,2047235527,1685261370,2062929084;0
===2099908312,634129837;58218594,1731626644;416229220,1644811722,85347650,203712643;0
===491558868,544256603;1673859646,590044051;2082088915,1279923478,1438709902,1566338205;0
===1536711290,699008146;1332356261,279146578;184230487,309309987,543479576,909091713;1
+++488098644,163363916;895216417,325383370
===158286706,1425110204;807473874,1050582387;1309318417,1338149971,321617249,1188480445;0
===1847928115,703619524;480969405,1040619506;243920087,388692042,2046080205,1530382599;0
===721678778,979315982;257933939,462085190;1309303925,2118499767,1766769406,534223221;0
===1678286756,292282197;1895892596,392373870;1508865157,883076016,1296234533,1855377688;0
===1138863584,812420244;1374702603,1381102874;1256828356,924365281,1949814465,1569140271;1
+++337546033,253094346;1302930186,1880607178
===1076407964,1300028617;1488286503,329145902;566460309,2093180621,1436430931,782303671;0
===1991300148,2012981020;1021994649,1796775726;1778433380,76077416,1181000616,80551141;0
===1303577272,1017835908;1216091951,1392357334;1136189755,960206435,1230288685,1986417092;0
===296496306,1126431403;1989708155,1605728457;2106783587,1153631214,179518652,152334442;0
===1567805492,2066208782;154628698,1224275508;771830153,1352927992,821450562,625302093;1
++788255825,1745270053;232695747,821390060
+++1406544489,1346366453;990536776,707993325
===1506075831,787203590;619587538,2090318086;39509693,372489661,552326944,570334416;0
===876184565,1525007808;544008928,789700144;633371205,1002537272,626343,1151790351;0
===41058099,1904756541;1891297480,254941439;564194790,787558979,1340686364,96684962;0
===934051809,480567162;501763135,1706094480;2119515811,407098676,1160878684,954723099;1
+++174812804,496315818;1227052125,854835468
===1450384725,567939212;1537687063,53963326;559966156,834497562,776338343,772082316;0
===2103628448,1947594373;105981999,1682857448;1533290823,1356582961,1270698993,1968348430;0
===817794629,1767518602;114518371,1021555440;1887577645,1506246369,2082981382,1391774918;0
===917300921,1564629262;1243952067,619009585;865359665,1373581840,1510890747,708299730;0
===1810137884,262550752;180356055,1704717095;691213446,280185043,350014087,514666716;0
===526190040,2029165124;795964036,926659370;793402425,136213117,589501374,313204275;1
+++1566435602,2119729214;1551305616,408400635
===1249332859,744492390;815688960,996199781;1004530917,231889560,1118028016,664647360;0
===866615264,1413565419;492285767,926934777;1828746894,115534048,1450645042,994262205;0
===43164030,594995409;1571260994,1680056184;1794042553,623925362,786863180,542781098;0
===2129133640,299983353;1672836797,673526995;1700948999,1314249765,1229962905,658097603;0
===1538634656,421542694;131513254,425690369;1697286754,1711467757,1535353257,1071626666;1
+++2021199663,1513184816;658373654,678344980
===904057263,688973069;1165707677,1270158433;232305350,1394045445,896284411,1719031579;0
===1447604929,176941122;192090454,650040236;974520261,540312866,1304174335,559323831;0
===1380832129,1310941302;1780153241,1578235617;307018514,246253061,1494599440,1630178143;0
===5256713,134876485;1119634007,495144789;1190828270,1153901776,617650492,1013250859;0
===973108040,1626609102;1589659159,1490765355;834422088,46503526,44845374,309682224;0
===849540306,441890760;865944899,390202645;1512315484,1823171985,788707052,1911063439;0
===1607982823,1489466849;877173621,1263643723;257228387,922838157,1019175237,91998580;0
===362916016,537071434;1177771170,555274017;1462865083,1316041123,2071348430,547292861;1
+++579872537,460434553;360309350,1309884750
===1943878005,1884891656;1493407454,1324404441;286404831,853718330,2121914911,1877289275;0
===1703864617,1853740567;1926447599,1447443864;2127999481,1758393722,986279906,1379264127;0
===1568392834,415536277;2000789248,538441340;443692085,1026782156,1057614330,666842791;0
===132072746,1068304672;1927179511,289146034;1489620609,338631981,1375785977,567413558;0
===2004533236,1429238207;1617178539,820572087;262810339,215519432,1337835868,1986164350;1
+++1743169951,370732846;567613541,868163944
===842738636,639975355;740811442,1282068385;612476022,1404813854,890015388,1036730139;0
===725659872,1404293859;927154672,1089745389;1806100914,1998005456,1461641417,1085634128;0
===1843177305,1017940592;1251742445,464961617;1182218175,966629446,771166808,107814241;0
===1573959646,1730302247;908966860,7333536;441721035,229256141,2013451359,1404377925;0
===477354098,642561661;68016734,1160577089;80704060,576208647,515972558,924951574;1
+++16427325,1638423997;1008997202,688346340
===2090412593,491620785;1714857566,934234497;513372096,1117759262,1997478648,199659543;0
===2023072021,896882228;747329567,1088047228;1062940198,1784711475,1798966097,1439571522;0
===336489490,210434644;1053498118,4964214;1482132483,242711774,1617672884,579832594;0
===962250208,2060116590;698921059,1830988437;1544221676,1644153467,329145056,2065997306;1
++6511480,249313350;2074252084,534401593
+++1585316719,1958571793;1360117985,68356389
===74067939,746165788;1642939442,1338403029;1256892817,998282806,538683390,803085678;0
===1216131636,571754319;1779666332,700292942;1098721404,1051435904,2101451843,465294726;0
===1025903564,843348154;1146950996,1394410584;1825005353,353781022,631395568,1119357466;0
===1513486568,562355284;1243884789,1762895134;828866761,1713924817,893247804,1527620127;0
===1862425090,1530957522;1247471686,548894421;2115650104,1904325977,53425736,1980429999;0
===1975714997,1358299050;1675389045,669556544;1745264546,726328453,2032131905,1172781771;1
+++1005153570,790630089;143189025,1848061443
===1003093452,1916072420;733739604,964357182;599090703,1725645892,66609709,1866847492;0
===167475763,410214114;163286064,140277010;1085601177,1372445931,842089607,1501400842;0
===660254243,449630700;563757103,2122908995;358204140,2135077022,638896901,1380210879;0
===2064440202,1574045203;1168630288,935872710;1340637379,2044264668,1572451475,508438664;0
===1688034108,889914182;1643703493,1286032435;1322930751,1161638045,876009140,1872141036;1
+++477799902,1170298804;550480402,2076424515
===1747642068,225149341;1839421715,2020911299;1151543733,239474608,2042900439,1556229592;0
===1874895638,1170721203;144717374,935531958;797078499,1479405717,878473518,752604800;0
===1249206184,323908078;1272860481,381572370;673709,395456336,1807417039,529926810;0
===1756648419,779806439;320916709,1090385642;1135591018,321397167,1188051325,582067568;0
===885549905,193117983;1578638387,1520619427;149186763,1115307668,1794297240,996553193;1
+++384665124,556097011;1238869203,596301251
===1555886328,890783640;468479983,1969892542;1741717672,1975920192,1476879351,591702892;0
===223632089,1760078337;1150086742,1094793729;1067241580,1013883346,671754992,1527008315;0
===1205837357,834624001;229002250,1187910818;1928572834,1712499678,1299390155,1726679236;0
===1867011708,1289589362;2027092195,600631609;1663012375,58343776,728651990,1067226002;0
===585629593,1952010001;105672004,635956885;464480514,1923237277,270793374,1287020799;1
+++421266821,833730152;2042122679,24415056
===224462030,1861281038;16734152,769634066;969056862,2126297236,566950817,1287169844;0
===1983636210,1374991664;1355352762,268516550;724887958,1488464277,1282548048,1854718190;0
===951920974,810492446;2039774860,125135449;1187936181,1180137183,2102623215,1166814967;0
===960717894,39235939;472805704,274485372;1887001956,443262496,867113572,443597171;0
===2131762889,529821000;858687214,2147171660;149228872,1626047795,944994142,1893589569;0
===1679214327,1119259331;1510691759,651686633;1106715210,1801885485,537255857,1024228816;0
===1408283215,93070457;465636799,766394793;2093496143,930287940,1703861338,1581103250;1
++336083344,555131135;472560372,859633746
+++1982416619,1993563715;1526813760,43140812
===1689043620,1146477072;913604174,1650933776;791853360,966527628,1759708266,7523738;0
===1029415491,1920930667;1469648307,660497801;878748333,308979643,1319337937,1306893509;0
===97306361,1761547907;760928176,114584714;1492033533,1206385078,1008955490,1751674388;0
===1627877336,773716873;1133220875,1156698092;1944732479,1969393985,1419918314,1993220923;0
===514928477,1475376269;1277239258,1430232176;552650022,2054276321,629907901,1414256370;1
+++2039948610,1091494206;1993242870,774156156
===740728084,1241768961;779066232,257338288;407286488,1803861820,621927426,1610935928;0
===218859892,1643995765;1831874935,226317165;408827469,271482345,32193713,106127082;0
===62256724,354000399;1469841894,1014679587;707676139,1677509208,481582013,806204428;0
===331149355,960925988;1036464484,1454028728;1181990041,1016735518,2075086395,1894381027;0
===1180595640,772144296;92186762,968227474;1151293941,1131561800,579836530,1651554823;0
===1826667885,1089036850;1360890368,1665549891;1415332778,335185385,1585305158,791895009;1
+++391784692,358055612;1809471791,2029730201
===1040689789,96790113;582649160,968643119;1245548938,964135689,865043633,30664950;0
===716006029,317593016;1355561433,1621544736;993196544,366298510,1939145162,1018237071;0
===1719534842,1899520391;813456790,1262701973;292288587,1132189867,1986343207,582205158;0
===1714202929,1979187648;723124383,179074065;1193393133,1465252584,817449777,1839451886;0
===219418795,1286628899;62704648,466836539;2082018447,2121046352,1115529320,2143012538;0
===1115727112,1611889773;181619485,546135564;903861802,828042074,776573784,1636545742;0
===258124683,1073106336;1332213357,747956078;1699918706,2139267701,1486561010,44360598;0
===498698331,926775742;1801705081,1686804808;2095675649,1658167117,534094199,258345834;1
+++1592147294,1501259490;1997363807,45347504
===1170645680,1365667857;499510749,2040420861;352458328,1882839631,230423946,950407170;0
===1642053663,1605442929;203666985,911140952;68552647,1595572636,1854076720,561547373;0
===616339780,389782760;505014180,1908903636;207413888,1250277440,145137825,814659005;0
===2107972113,324444819;457868402,1743675307;602083513,1266001874,1136684460,2134837284;0
===1113136703,803572346;1203501459,1635554004;1802620628,633255160,396942517,1307806453;0
===1380330554,1140077179;1250812469,968486843;186850529,1667758630,1250059853,1331395491;1
++1029691559,615229645;552833535,675339829
+++1071015954,675907350;914453216,2096671236
===305711495,2009586831;1608520513,1756054417;215165765,1076060695,973781959,213172501;0
===789101368,373540255;1927587329,775637586;1015392296,9482871,1321614038,1250904997;0
===843560395,697304452;581426997,940915155;469746963,1446148732,1562361085,2058534342;0
===398694498,320671219;208209066,156877905;935261824,1440246001,737977066,1331159368;0
===1336595287,1539551398;203534652,645272627;356747493,1400161311,1258414037,984659375;0
===1315652324,1732468434;2108865600,990110295;1669781493,954858561,556612767,1716611582;0
===1044205463,1376285078;1854213294,321307376;1753827184,1619678484,993352378,599750192;1
+++1197886330,1209848176;171990578,2127193715
===1864045030,996385896;1554578594,2034350317;1423239858,1593816636,1128626154,273542309;0
===25794777,603808358;1778736005,1432087525;788604556,2128730314,723109857,1976785397;0
===1048411480,1380907386;550118190,361006926;1597116831,304185296,1193751861,535670118;0
===1023343115,625843318;918872013,2125438225;396524596,914646087,1313576712,1705269673;0
===1955492293,1618976103;998535031,330064726;1335151093,663937403,1261770384,121821623;0
===557653264,764194877;817114485,1031651636;652317499,1528182062,1950248981,823848368;1
+++1722919263,449228289;8518652,348239566
===702233873,990828576;822192234,1528196744;164982001,393619083,1967451409,443180386;0
===464750603,1226013198;453662333,460510307;720030540,1638590795,52807312,50878633;0
===368856607,850260312;321494566,393303253;2123233176,1216033345,821712483,981263162;0
===904022120,900241137;1127941136,919223584;211799758,1739925947,167843572,1783654876;0
===325786505,705789130;1387858709,722590212;402732838,1161755687,1980749583,43315521;0
===813562070,140459528;1774631618,349273284;119561162,1501322940,1384679872,924873902;0
===402822462,1549647758;348574668,643711356;1748922053,1812867868,418651509,468144890;1
+++24231617,1531426254;1874095471,48019958
===1826378857,1655317546;1564937363,167521266;1193798903,929980729,1881079579,1185944112;0
===408162517,326832914;1740827193,895306064;966412658,374578978,2027234831,1608132571;0
===1785191637,14117449;1410147572,846130263;1218822305,1571707383,1013798147,1287487974;0
===339021313,1092442507;68963508,613366394;1647116476,1348671981,2102946935,1751027623;0
===1941474035,388907073;1008388071,1359433906;702408902,1673982803,889330514,1999900201;0
===850990081,34925743;898036195,1953093817;54807180,1881176310,292353821,1784256576;1
+++415313029,396759249;461983988,477582773
===757321541,1790154263;188847648,570580869;860616963,448940584,1910438131,1736210856;0
===946242317,834133407;496635869,1602854382;1856304984,246033809,1929549345,25678029;0
===687025270,1135454508;790639826,573638510;948578924,173983772,2118768129,1108504459;0
===537265601,1046777230;563464712,1801557376;915013129,1760020480,1232828435,964125666;0
===1499075623,1039925573;10084775,200665202;281584952,903466313,217834523,824608526;1
++1574926372,763920003;1076868186,1155884533
+++1074938349,1142880785;1827131159,2087844427
===110679981,2107825188;1314797865,1670771737;1055306429,1661517296,1296600806,1140572068;0
===1951261989,1493844658;1606809458,982781551;274042044,568471945,70722540,1326608183;0
===1322062085,1875626742;676236471,1538460755;1140514523,750466438,2099525046,1596518157;0
===322264231,788935403;1777041990,802888213;1875542845,1729188822,1283265370,247546730;0
===2047727401,318988882;1989050989,872484184;75651377,1721295879,1257610409,1966997909;0
===616245343,765834349;1530999736,1308165666;165905205,643177863,119520446,1211689878;1
+++1480453392,1016114628;839125296,1289874502
===2009253403,307104571;685022730,1305741076;768445976,1487362725,526304186,1794127271;0
===1001628017,2091789206;2056309476,992334865;1205904215,1834093983,1455879675,1288496424;0
===612639226,2011989187;382813198,1752251717;918142448,897283918,1961697782,1620998150;0
===1885389501,1837843968;1178171442,328469254;1854325959,957443452,1854803887,2124872063;0
===1046136568,1466710390;325012004,1746915052;2065025926,119735090,1141321400,849293639;1
+++2080665811,1670998921;901604976,1968773448
===200585197,225986885;1176837158,1464856060;533576435,1000162371,716776566,84683216;0
===1447004252,264295743;1232684458,37210740;894662394,459607933,1329939297,1575567382;0
===2025752043,362186767;382510829,640656568;476551491,2056613316,852182211,52842710;0
===1834971979,218312136;1077291134,1393138038;142480582,1263307857,993484219,1637912756;0
===1436395014,2000608186;1843816322,2054424129;1358737220,1197622067,598666489,2110609358;0
===1598290004,208782006;977723102,1981495530;1012649065,1869411957,111276198,684262001;0
===87178485,171904067;285587056,516342888;788293557,2137622728,469173295,1901149247;1
+++1104619739,1656262654;1789583990,136072617
===702212356,1155910662;1881438670,1501107211;834030945,753046625,552570941,1232520709;0
===94719717,1716509592;767716414,1969710753;1925828319,566310079,234395492,58051853;0
===778903796,867420375;78388329,2080587731;234059399,2098511212,1387047914,656647091;0
===1934093937,492106173;1328001497,1951482735;655972626,459097968,1059569090,986122682;0
===368190155,1201322304;1470495413,537188180;1877451095,1337923550,967783111,1385148960;0
===1352070692,1022767468;836718447,1583177178;165375695,1965325318,1987977696,1232090345;1
+++2001343540,1089183042;2051910658,367808920
===1977874363,37652861;920560292,1627046843;867731312,1687523025,915166227,1251128629;0
===861047185,1170254565;1218897319,1550332177;778295371,189154542,1610278286,79471944;0
===513409544,916987444;755099091,2084083191;1381959186,1680050680,969328067,1141087193;0
===538652203,990535414;719859687,991633192;371883001,2026167569,489086028,1292384223;1
++519103617,1207737699;1161410182,1306487374
+++1774402733,541439800;1802623084,10341653
===657209580,530731864;999999302,146920114;658455922,1466896896,1288079253,1889167885;0
===30808001,1078717145;1092609306,288677823;148917459,1382961721,1727150356,1148990930;0
===399781964,2001206993;549056862,1698716579;465699903,1587695346,1989784273,1041238102;0
===690856551,385985183;589132234,654958369;388552528,1910657160,2080337183,2126055478;0
===1938711703,1307871609;1006614210,331911219;1353657789,244202770,85447978,1062651016;0
===2108776775,1935088206;1095951244,838057553;1735728408,19180233,1919122140,1340220657;1
+++1739071885,200688521;1564239954,429317398
===726672250,56586823;1016531708,438604301;785245303,74048554,547804349,1069478708;0
===31801171,1828964841;29609301,2018027184;555602339,45911779,1155066637,470185500;0
===675657825,1002000074;649418719,879639105;1148651073,923174404,113249508,1266711861;0
===1223987731,1349368161;562677618,217248494;920344787,383371624,1307542060,310740569;0
===1888158349,1972130336;2013663390,99084091;220942825,1883739301,1972538017,1796907894;1
+++1172749330,771473908;524280364,1865798703
===1620886471,1846796130;1465061718,1878565630;1649723987,1321015834,26207045,1201472451;0
===654501699,1579688016;1035199241,680723886;495416556,778479385,1425012759,540979308;0
===133794239,5876659;1074798973,551579299;2121249192,496492441,92306466,488020027;0
===1110442339,557819648;26735680,1499161098;719433412,111352603,1418876852,237013652;0
===1445280138,2041693797;101656006,1041910981;290791849,778485132,769930482,330230362;0
===481426195,1913530449;1924408801,528830923;555089618,64137490,625266134,1026849429;0
===1059951243,578538572;312857313,18451017;660489917,2068664944,457897802,649439081;1
+++1452177357,15248255;330046525,1401270432
===902764394,1537964893;1605341972,662281317;2130613059,1107791055,617575702,485046583;0
===53852405,330298279;673631446,2110374736;716240359,1574084174,1008392643,882726293;0
===1269663310,1246134513;1805783530,681434054;903537720,1746969212,2014603002,1284141939;0
===2057765421,1574811843;1044031992,1158856085;797655120,1008784904,1327061341,1270343662;1
+++1814670755,347050918;1510132603,1934297275
===792252356,451545817;1993986785,1032966232;924438482,1178537722,516668751,1137953257;0
===1557727337,278032195;1164513638,1945507496;870950296,461547771,1571828131,138479955;0
===1925585992,1647812651;257881629,2078041644;1130649980,1876841432,529263045,1478573418;0
===859575831,252796749;2018464862,248866427;1980809063,916603483,1635267681,1055784530;0
===1636135472,639906866;1141246673,181053115;599136359,57568065,1032140114,1849168599;1
+1184330142,1830289528;1755274410,1721409225
++161902820,1137049106;1130815199,660762155
+++67276916,522424535;713010380,1790426670
===1079098075,1859291407;564218092,1615904051;496766616,1817156922,904513420,1668837304;0
===596367111,1386221755;2028312012,282585646;1956846184,1283163208,684446391,1802685264;0
===1438664037,2007157886;396463615,1956244909;1424345502,1000307418,681382231,2146458387;0
===1078663287,146080571;568849197,909622017;650243281,1891333175,154563114,369950338;0
===772369792,1211633299;443801293,1312071416;773006216,572151356,1512485415,740543513;0
===867296561,1579420569;94111754,667555924;824838163,661164054,1302461256,851790733;1
+++479820241,2060189885;1920150673,1415165057
===553635860,1071735464;538676713,180544648;328592972,1649866442,1200042035,1666586360;0
===2040847297,1650722934;1112153259,2028860021;1546955898,1732532047,1084520066,1636503773;0
===1811631121,922429631;819996207,723337440;635525563,607259876,348211037,877891641;0
===884071179,1926658568;909061295,1545551266;430952268,400042798,680857466,327440708;0
===997857423,966903069;1746821923,1478008642;1465139757,804146866,2012954394,208331629;1
+++516208728,2037944787;1547035446,967200322
===1813927104,343303507;245883159,861109906;1385972286,1354399036,1993200045,1882800184;0
===458961774,834268992;1081556067,1738711496;1833912346,464334015,566007885,2059208931;0
===919522793,1528034898;1517517296,1527635120;1049115042,1746349809,136461721,169237061;0
===466648558,832612046;1354595520,1042073491;1857192520,745799648,1953795572,656925782;0
===1692005872,360040926;1439161326,1553667711;1928300825,2007563244,1058266826,921308444;1
+++1200661829,301340324;1400300766,1287534488
===705582014,392728248;54850711,723847406;1871646712,1737542851,459757916,2045010987;0
===1655580249,703407280;1230512404,145021448;1117091673,2032760579,623879559,512585890;0
===1229081166,1227362793;1871207342,687942069;910723921,1194376468,870324998,23784389;0
===1486683258,378822577;536969403,1618960134;1017648334,1404025690,1711258495,383547350;0
===288944684,1082875734;2061210872,942491708;1343463071,1719851926,712223222,1470264334;1
+++1243626703,1846876200;427022607,708061061
===728084185,602805336;1879227413,600781587;127744881,716859340,2110771729,97502203;0
===1220776034,2114344100;1060954887,1962913794;425330729,574877767,266391522,1185935677;0
===294791937,2069877967;930948164,429515974;1564279293,1737512989,807438397,1053896991;0
===1847218329,903115748;1612371145,2033951150;919051436,1809483422,808798989,1158617594;0
===737733816,317440628;1044739427,1170553744;1694591148,265881921,684136901,66625288;1
+++1495968331,1382168;2041842907,1456462772
===526880990,899195804;474406594,285911528;150207997,2016864457,1734837431,240757533;0
===550542963,1723998314;1459163316,1673863763;1076376302,1031520583,1881190797,26573671;0
===1822901902,1960062862;130078351,1497486260;576756404,1494049817,1603706497,343736401;0
===965252741,1590798634;1729815185,497935046;1910378591,1785199567,500353751,1352370877;0
===1751895176,1767645412;135010433,1333122529;1680797139,575155480,963063042,696319498;1
+++978030985,1403723615;1434228252,1924716406
===286966766,558616334;445118037,1466598032;184134493,1337206729,1302545399,1204680703;0
===213393048,1926805889;1696462776,857718235;1509683640,91650360,445202822,801332033;0
===2116476785,1391043816;128871702,230924559;1230574031,311924992,596506169,1902709241;0
===1028932054,346052866;692847087,923765827;100908427,362131601,1661257830,1906167560;1
++2093368773,362890352;46899271,1046041376
+++1028586992,1559794204;1454927821,1672378247
===832414051,1961527667;351538254,28001276;1542708734,967073582,1821066467,2070424688;0
===1872762988,312277182;589334822,1761297003;1095082440,539711818,56393298,525065693;0
===772439543,193829861;2114584269,1967783708;395292356,1556094621,475186802,79592342;0
===2124704905,406731454;903898585,403633639;1258552974,1317907140,410438152,1983102286;0
===1575194409,321636827;2004478744,1320600594;302451971,1277083947,1005123244,1681855572;0
===1059054931,1443583991;1629953661,328346966;69425654,1901914601,1579139312,276539244;0
===1015596145,180291718;1915822560,799946258;1514387050,1693719446,360513434,595256957;0
===1237594918,851539980;591087908,954077842;1550193048,1648536354,1571498319,1186807835;1
+++566888470,1670196355;1507841773,1978044844
===755837812,938872708;1894327119,1098928463;689075969,437200545,1541346598,644076158;0
===800829201,514854065;1825969148,541464295;1645644214,793534212,692374431,1046138160;0
===679575465,945515842;963836284,1254025925;820918687,876650734,1427590519,661210705;0
===1492250589,1376787639;2059502898,1378558609;138612590,674557229,941773741,1877506392;0
===635847414,317803649;1389962107,535739027;1178326722,664055696,698055372,1358544333;1
+++1604917830,1978574223;125509050,1608672181
===1319371422,165470450;1602803098,817521810;1976072169,1162261798,1486051129,1861231470;0
===624041751,1303757024;999581030,1434752213;259080429,1700669904,302615769,216292245;0
===1981981435,707038311;988566586,584336518;156662049,1812117820,1169521166,387901397;0
===708167478,20326159;1811227382,852057463;1697030939,1563890419,366146097,252048634;0
===1324597681,1263820052;497887278,1023192485;417401419,1095299228,795673719,302328360;0
===635015691,1325256029;473892260,749443863;510431206,1580079016,1062318497,1161388362;0
===1657464351,1552074134;1044279572,1963160811;1500825123,915513889,935660220,490909662;0
===1532776338,2138857851;836084040,91627680;479075820,1105048105,1882815740,1018428988;1
+++1170509106,501014757;1869497314,1196019369
===2041397456,1342193346;571735838,1467560686;1240604983,1147949644,1644158555,1976490935;0
===1297258285,1543670512;1440224927,678039120;1768874964,726657800,2080827747,324827213;0
===1754352299,175337535;1062362743,90147526;1863318616,255541071,308534499,1764650972;0
===1556547859,371711487;1032304240,282215;1580421760,591386650,1485285746,1682675112;0
===394932430,725301065;1051266646,932728718;1275508822,1290578039,93228965,1792851120;0
===33401453,2144461068;615912521,953028510;1071833195,43504304,1222567927,1393424561;0
===562847132,1960688300;18123509,1059487692;208563584,15425915,1875134900,979351205;1
+++1630737756,238053074;1297410625,281380083
===243460740,246130238;1176762159,1077621155;1468910348,299436496,518848429,875192344;0
===1182203917,210605680;172649744,414159964;1479993226,1662269383,1133434012,1776236969;0
===239059403,803798636;2090158860,71958573;97907966,1590486206,699691747,2144451891;0
===1178360199,1229272885;1699527655,1314898299;352460014,1661078045,2052247,205942365;1
++746835223,1945741610;1320481400,190890789
+++496476110,746375146;696797097,125637746
===1497676901,1073466224;2061611718,242105883;2000505625,1347069738,906949221,616561950;0
===1546675926,557780759;1626351590,925857107;1158348941,69264089,904315561,1449215943;0
===1153624713,1898757451;2055339397,1738001131;878945446,736758169,827099736,2010974013;0
===961720332,2065088717;1900663813,1915202651;981236334,706876069,877361873,1372035142;0
===2102205037,396735645;2086008768,1604094479;2135793537,2074762930,45315406,1706292183;1
+++938070314,2134841591;31358281,748154356
===525856742,2038761553;1659940186,133303373;1043859669,1279385383,1666512877,185066710;0
===28909855,31661366;1813502120,1174890796;683718547,1580147301,758862218,1704416029;0
===760248519,1846153576;1904676993,77666795;1076801396,1680929882,672354622,343296779;0
===946281991,1960818620;1303705383,1410656803;1195901862,234440958,1383313417,2023470710;0
===351970605,1545891158;1849280068,1945684722;406916869,682493645,1842314601,1365779662;1
+++1781223823,698774875;655113333,26206899
===240477186,150335188;1014323888,1323707705;311215551,571585607,1368476704,1763139515;0
===784687010,808486242;1928284781,2012077733;1532356580,1530246652,1759379205,774267355;0
===213652755,1116663252;1347859616,1308149964;72844117,1234326270,98551237,68341933;0
===505956228,1786989501;1709812201,87957809;1328132723,239520238,175434326,1838425109;0
===1810119607,1227797345;495429744,185059738;759546906,1206964384,1105328080,1655690173;0
===946425695,524919375;1456497727,416966917;2141700098,1281969334,1645731494,1424683566;0
===1821690266,108143685;1582649646,787356836;658493570,1806639165,16492532,1505833487;1
+++972725262,1555249330;584282090,2033999544
===1235403464,2023527183;371970402,573915343;2030477068,108858990,297301065,1947269548;0
===1488870640,883670930;1609503239,1851933054;84645736,896358234,75218292,1036479447;0
===525347011,1670135835;565815975,1094703064;737657025,2004542247,752932261,606013008;0
===1472898477,519377391;2032663020,442536785;857384279,1439086080,1133825758,727895170;0
===385785004,579677598;1463446096,165404597;550120699,282940186,1953790827,1761062529;1
+++781286776,1022340115;1869914582,133993450
===789166589,1885200255;222795096,1452712655;161015907,1399590812,1127224160,1255009835;0
===717108198,1897415504;1641847947,1975264922;980621806,139729882,104838443,216227217;0
===621827200,320916378;5291547,1437720378;1657594169,170422123,1276719411,1357754065;0
===1376351,312695580;2145264898,1555840476;1423992392,785930479,1428306711,186480216;1
+++1856054287,147384565;2101241117,409131634
===1182275277,56962880;682423001,80182595;1949409776,1888172856,624676097,1322617380;0
===1553443515,1632024768;1731461251,568734230;250261605,1528803513,357771512,1370443594;0
===1135230782,2117117855;1542919636,528677606;231468733,1108824661,880714984,193576031;0
===1651783552,1733456458;1723059936,199356914;2004432920,270868413,503965380,1505348677;0
===1846546184,1540148726;1031173186,561527536;1796379856,1127370240,1220533059,829463056;0
===455441765,550592761;2050652590,1932850069;191977536,1331427109,1236854466,1330973294;0
===1565932157,1360042393;999363594,225864115;1428635211,716304134,1902295279,1592776654;0
===459174902,291342178;444718080,372294592;333258849,1238053784,264805221,1875560747;1
++1211355396,2019801044;830979497,164799699
+++506326438,1861779837;675166938,200336833
===1695730108,73430217;1498371090,714423499;1435758285,1497925632,195664698,819011103;0
===1856780764,212352080;1002801492,837354767;1578068781,2126661473,729624272,752540883;0
===269788863,1478840302;1148928590,1820224570;22659134,925926025,497478343,80031573;0
===1258416663,1371242186;21136694,1018684760;1576334709,1745188444,477843353,284558173;1
+++630061787,834079643;117342315,849935260
===321384193,760299833;1730702111,1476983897;702793077,1721104762,461922357,1180872913;0
===1208767461,772550834;217043349,1579865121;24921230,634743852,64480276,2022351192;0
===781057784,751843590;1063148983,2052801649;1381739257,2062413048,897917204,489834892;0
===918995222,2052930832;1557524276,866120521;296731042,1255484151,1185495964,587432911;0
===680615249,919571726;1285676129,157540851;1763874800,847182041,1245429400,151132354;0
===703782352,431289374;1382057064,1298719005;907231008,1083002634,1190137635,809849244;0
===936969252,49513390;1417593488,379056337;2072677402,1649780970,942679760,914374246;0
===931975765,1245963877;706853270,1521815702;2074052727,2032202095,1793351631,1780388981;1
+++843906562,1117375083;1922899537,1708007423
===584286503,299107390;1554564462,1371911075;1768440052,2097749068,1685738114,518770122;0
===576849838,573670830;135472639,1898084523;1288461458,1605271181,1903023866,249020102;0
===2103757794,971088206;832178353,1022154416;2094995902,10515728,137329431,105250111;0
===955141766,360777843;1515899925,683780494;1238619653,1831962622,1390003040,1469829019;0
===724155820,837460502;865195078,788517803;951086828,1296435665,1691681976,1014066538;0
===472506814,1006483197;1606215164,1201883874;560046449,1192346025,144424794,154535029;1
+++36825000,84650051;1000483877,509962107
===492771761,402349970;984656709,1416793648;1033050772,1964920380,1048756995,704904714;0
===1820053400,432638621;1210153111,1426900050;1574800837,787733134,1247518139,278978297;0
===141323179,1619249144;2051882597,400304033;1654788463,638385446,502325234,75868707;0
===190793476,1189802061;1743368140,293578042;583160871,249074184,1903289797,1650722174;0
===1352029484,1606596232;1621402683,850760415;1218321891,1671318595,980756963,1795047339;0
===1270669462,348952923;1916718854,1794846386;1845115219,435709439,1398463112,1078907288;1
+++2013111595,2004035090;1310605713,1997100501
===493897637,419841463;973000217,300315634;472048021,1268707717,840195910,1769246591;0
===66263013,597942882;2011692850,147608793;1284877649,143547879,1074052823,2011976046;0
===777422519,1068826143;1216202453,1399414836;765016357,1658431319,1792982405,1322368472;0
===1413093387,1312380967;1593826818,1542925578;324103185,1085669045,390451749,2117758460;1
++791314529,504404537;1152956521,1412039972
+++1065154825,1583689469;1151364285,1119572034
===2085230764,1494637711;1883463566,606382290;482130850,1765069111,309475691,78081472;0
===544365229,976110714;1754587690,1991159437;1573783742,987837018,1323135222,324578837;0
===1355008126,1273030449;1302528149,1889365115;985286650,908480204,2060291382,1897553778;0
===1943646274,678290379;830591822,905170946;1741124454,278542229,214431943,1205563690;1
+++772567602,1733641466;181884518,1544092981
===182445463,1810129079;1134271239,74354345;378230921,1107098441,943065828,104534733;0
===100258863,1950952781;1047692010,1147004150;632053610,6215178,968802090,570579367;0
===518032467,921780456;945996074,1631831507;1728820628,840137967,1161228058,934671902;0
===1721725516,1635465091;608073697,1350206618;168748214,505085487,1080183385,704394105;0
===602269923,368360549;1055220205,1986621341;1957736646,271781630,1604828666,1548525701;1
+++1403934057,1697659972;177457048,139470242
===290674342,1753793978;531248264,1031975802;24493665,1722762970,1572331661,1886966830;0
===448053702,216986273;306234769,1987087541;578453489,662995841,969540885,315311011;0
===445496948,2013256530;736262771,946911702;1675720284,666037318,1959076834,1342817130;0
===1957552864,1905657829;61329654,2120325783;54695200,2141113583,1357164688,1751699870;0
===1296135447,2145717876;1388463555,14536364;1830196038,210858161,2099695151,481491494;1
+++766630163,1616490271;1510008114,691850149
===842135008,66797300;1856976490,38622490;1966597068,202784031,1593291139,384123855;0
===1903820774,444389493;2003994512,1824884923;1141568969,12829468,316890068,894993627;0
===1099785512,1442705932;2144722679,2081041264;2009734421,1828366368,1362651659,859260348;0
===220405654,886934788;625468975,279836375;1344282792,970767826,1697227714,1912513618;0
===1263303667,1775077567;126478935,1812199192;1968094472,766625061,1438504735,1610538643;1
+++757378160,1114871656;1443822625,1664364960
===994144885,2085859764;1957845820,294325991;61700374,43034266,1164578194,168857671;0
===105910186,89534362;317322667,1249700854;459962871,2059072766,1414069739,642023033;0
===713941048,1737469540;671683184,585151548;966019099,160794730,473597006,1285192343;0
===1169673604,766284383;653103348,1208068563;663681112,1897007634,764778855,194455675;0
===1424242279,399902757;1188193756,1825433704;102681632,1207368894,608753274,618453331;0
===1322012887,1164578328;904326923,1636114231;929449870,1598446661,1518373736,748307423;0
===1018385315,1330589366;1889846713,1468021243;1470466303,611351455,2068922917,1878985528;0
===1441565811,94995297;1355012462,1849110184;1158804932,1733271537,1995672022,1729089450;1
++482159786,1464200019;1780794161,715666598
+++1317783129,1573403287;775019614,1382764521
===1332577605,654207338;748652710,2034572443;2016494043,1171170159,693562430,484824079;0
===555814521,1526718786;1634041118,1093949474;1808122618,865397912,1599419276,1588475706;0
===911650707,551197839;1887600147,981759422;479150479,941056282,1643244415,1985676199;0
===2034667178,1203096004;622680785,1663913950;1075177623,1564737202,345779309,1001905420;0
===1934873381,715165792;1420321871,221269149;1305114163,1919375966,1810442758,268228795;0
===1222850031,1617983123;1356222543,320149040;2095329844,2024969972,380718553,292058127;1
+++1801511526,684916406;130404431,840434020
===342420471,215320750;1886977994,996860065;444345247,1710091645,1466760734,1698020382;0
===1254029646,1301101461;337612114,850764924;527801233,1020337042,1456644234,1247215947;0
===2027368342,1344224905;928551146,1195078698;994270349,1808172181,1050831902,1328365907;0
===1389846512,1870848593;1715235834,1236435076;1575045220,2107149128,260387996,1441583600;0
===390894907,1655539630;859566025,437164967;177501514,981573383,1423599345,1978612635;0
===123694406,1360695600;1488873916,1999195321;293025642,884626461,811413747,1174738464;1
+++1119701013,1016021153;1413529133,334000779
===1922532141,555683942;1172486842,311123579;328423115,1235212315,644723594,1654029126;0
===741293489,669193995;1621366032,14286476;1680051864,151692644,150056293,120201619;0
===459935434,1337055425;1088463517,1393119864;2043080427,65890221,1691805914,1960118848;0
===999859561,1958672508;1370379806,273194003;1724203668,1124323499,1668602734,1992780890;0
===1402799168,457278034;1926737720,1679988950;861823385,611911569,1310512348,1029674401;0
===1217295300,993360260;1650012738,1231520405;1274517228,96825429,1221837827,2118673327;0
===596652912,44316434;1177364316,606779912;531001439,1492165205,558647322,974707548;0
===862406523,985365502;1155823534,832675882;984588276,86338252,1310862229,171139738;1
+++481846194,564301353;258251463,742422168
===1681749767,2031697007;1365574659,469247386;1345613460,640207039,1554157630,1068833252;0
===327343593,1291407683;236615375,905531455;1297828372,1756581316,2074973405,1373551461;0
===311576724,509476282;1981661058,1050904780;546682116,1011106345,1168736598,1836029783;0
===920366596,849430702;615674340,865453178;464517312,1948701484,1839178725,1209993773;0
===955683600,1499600587;1477488309,1897807523;1063756154,268686460,333414412,447332507;0
===968382961,1369167040;2014138528,1574864152;1681650300,79476727,558349447,438014735;0
===2032111630,1005010545;402738018,89159019;26900706,47809313,1158869892,1003840470;1
+++845965767,774838917;741664678,2136756443
===1760811777,2080312836;1328349876,1063833877;1411745311,1829569851,190531116,1438575937;0
===1817759732,546066859;2007873165,1772139800;1171843859,1240105425,900580586,471631234;0
===659574360,413072853;754148681,1749773587;1547580758,1409630674,1731150401,522242886;0
===1460872720,1579867383;1037237849,431819904;1915842143,537002137,254798385,612537747;0
===28206697,232655434;505871783,393594540;698991487,59592681,926899308,460686413;0
===1933020586,764824251;1794824512,1641834848;807978802,1404608269,1390468662,1280993207;0
===461005592,623320457;519122118,480590926;713902662,169586207,7252920,978259536;0
===1018027967,351025238;159331472,500710044;2099809923,1522610314,486811252,1395905207;1
+++738031294,1300996055;1320659352,1514326213
===1071926931,1270608701;962889986,1503648654;165393214,95347412,1677985787,1809030867;0
===2102327007,2021082454;670583305,245655259;1120973276,95598934,1763642184,285812191;0
===1212379165,635990168;446236280,1565455762;1499757712,371273241,256569988,963366993;0
===1129136765,1524188273;1912777256,1252115753;674516410,1216436369,507846561,612640788;0
===1059404448,77382092;1080344347,705319803;895676898,47070827,161044606,2011934696;0
===590319037,665404265;1028037576,1530860353;1907726409,142649031,578886167,1455007194;1
