4;4;6
+2009559035,1127928170;260794446,1381991481
++1544389279,1260676600;455158829,1279631814
+++1282051975,2144030343;1662968722,2063499260
++++2119843225,510733357;681697073,1845653001
====1081759595,2059605329;1554577122,839451327;1484922383,804067883,113798199,1445261778;0
====1391255063,702324594;1508140674,899465494;600881679,1082007998,758582612,1626690923;0
====1949782706,2079943957;846892211,1201855612;5785914,2116665713,1258962623,539016359;0
====1603030806,398758399;1553644908,961565106;1737623900,730382482,1423801017,156284189;0
====1043614067,928761891;627624709,913600843;1847043403,1715491027,1323239218,1207876624;0
====2031673680,587725670;1650117223,2007418107;1885735298,1653489696,1590475269,291157658;1
++++1188745103,1526038052;849272754,260066978
====1465344018,1814731183;1467244039,266340076;1206977405,1373455812,679635012,414214011;0
====561198523,984682224;1588130040,294675029;1628821693,1364692506,1618120156,809765578;0
====437046788,1909404276;799729775,1299245876;1257396878,1878027739,219030824,698045186;0
====464204961,756601497;1080964019,1696356866;967276984,23735856,1991404662,1240561559;0
====1009189839,1001841830;155480007,1795931700;1565061710,197407510,348154374,505142302;0
====690482400,84465075;79145309,868087173;1524975039,183910229,1398846253,392801805;1
++++2078857850,2078991724;1278747031,1446524377
====115495537,956488067;724423592,1526272348;685916225,1689519235,1162982211,788252489;0
====938306976,1278494058;1288082964,1223460338;605739277,1493931876,1617507697,524145292;0
====1541611137,1220704926;1735246056,77418760;6834892,1781857127,745934480,452562406;0
====612659342,1591535379;1400380865,1870509763;167379198,1211848558,1273118657,1723182651;0
====1775245025,1965217108;1508476851,1818494174;1294066805,1216052338,1201879913,38937576;0
====1570806118,1953513720;330743520,1994284663;578263814,429931089,1935836954,55967111;1
++++1650212133,722279916;604945896,1269520825
====1107117453,1091736820;2076270770,83027672;745531969,1487692388,831342499,1024573345;0
====1207599433,1612739151;1947303591,473947794;1984928317,753435433,1117409927,294916208;0
====1778878936,1436155686;626986604,1823213851;1121546234,786688781,636448202,1947757885;1
++++1826042808,239241447;2050929699,386975825
====641647399,415305153;1252042950,7581459;982684366,2093592,1157807256,1156380558;0
====866992459,1408866289;479530652,1189258905;1640364755,1658644121,986642602,1964727698;0
====1877065348,1239431638;1739453573,1471839118;402471863,1014486847,587412604,200324772;0
====1112959514,1128472228;1781792027,1379518375;1822882116,1714990850,1836421735,1700256527;0
====2016187578,1856775674;1229593026,797694143;1836227227,1052962877,238814923,773259977;1
++++1124467715,486128898;1917386221,669911280
====948406832,1134372423;1248497312,716992683;288011630,54455184,2141627037,1950853694;0
====1282072809,2000136778;1012170330,2108708053;1356812081,558616848,1198130763,2101952046;0
====2116647707,2041261217;1939006046,2025179942;1815590543,1615504990,1006577221,1877627813;0
====1652392446,601519483;1023464219,1230989106;1800517190,572552810,816576340,529428224;1
+++977470119,1912752817;1077312151,190907741
++++1782288118,1907714378;1622714947,838605329
====2133355483,1311944013;1127053846,352176546;1562166820,1000757329,539639896,562522618;0
====357261878,1342412602;1532267734,1593867082;470430988,1002038634,45614373,1662454492;0
====1330788413,2037557897;401815340,1131419819;44216166,477183055,1898031793,748606755;1
++++2131923685,1073348465;831286673,215948868
====306201999,1871451489;1164516328,1001283958;1391758414,1600557274,797912318,897027643;0
====205717662,1685960276;412273203,1396816599;1128303385,111688562,619686739,676235343;0
====1449214120,244149627;329945303,712775475;1467228447,418593927,2127053733,1207077754;0
====533295304,574580358;1908817890,109694438;1187245941,1118241476,1622934937,2021648197;1
++++2123474844,2072477832;1164600662,1475374371
====354491291,81818190;1864535330,1210197418;855842705,2091310515,1319353649,65930292;0
====68927144,2122341780;310396596,1651748716;1398107439,1733666950,533855345,337026121;0
====881418046,852055377;2105682502,1098305451;1316276468,270999637,1026781354,2020505211;0
====1222462935,711173421;815554785,1897079801;1371776799,1530090330,508074741,1620285608;0
====1850289140,834701869;394862193,547942728;1037313542,512753742,1219053198,1698241536;1
++++501675260,1743503356;52189968,1908113167
====2088220706,788269953;497953092,15558053;459732670,1409519106,1305574797,400073532;0
====884551914,721503002;369517390,903262312;2074048954,518923407,1208450880,222561833;0
====936582063,792122110;2000603953,1024935260;95570122,1510909708,724790929,261129787;0
====1133160579,1697687955;2117724272,832542747;1337853738,1003838930,1295293720,1515159096;1
+++1659377958,47128918;1906633807,69516381
++++741711264,270060608;1455894569,1563793505
====825825981,1422001133;37038848,1051837274;1393788534,1194427796,563524716,1370325477;0
====790363834,1589221993;537112346,914863696;1323523843,1463333350,933195756,235813919;0
====30135194,1714837203;276414040,1449465295;2015276103,748739257,769358437,35316722;0
====448505294,1959639792;1220552613,1402342595;1083420070,568125445,1771137169,2050205029;0
====963088596,1276615676;1150173336,1051929034;1923491067,529440668,551653372,689118288;0
====337111886,1512288283;2026996338,595481121;161938477,75752170,2119974353,944282240;1
++++1352065874,98867536;2039538590,717320860
====574074499,1784119201;570981911,199964068;1525090238,395435226,41855259,228319519;0
====1466419584,51138542;536206669,998965748;428175913,864393927,1708113276,2098109701;0
====1064186989,2127177539;1261453627,1761597352;761478342,1649618693,1191241347,1583563693;0
====1186850589,993268923;556530899,707307481;481509857,1675758229,1762462720,173558786;1
++++1087640592,2143184541;104354095,1238917189
====581566545,2070918279;59436104,34205747;1503485018,1621670673,1920796731,1991166216;0
====1956647437,1973366626;135369444,1340670941;554674676,1928174586,1022983440,114329388;0
====694232636,669324523;1526142904,813577603;258267099,1314745653,2121661565,233635075;1
++++1454925179,238526429;507012263,1995039545
====829699897,1423295446;640030236,495879600;1988707171,72774399,1642053725,1479295258;0
====1165039689,1491489177;61841664,1531792575;223394566,1965229251,1239545627,1961538796;0
====1063575093,1607680160;1618818214,1326300987;2033792720,1349808837,1227759744,1369845795;0
====1404598998,1071057971;1847437345,1675627186;1212322692,68769326,581203100,1321945221;0
====1395801874,1883794964;416908654,809758510;1206487879,896567586,257693998,1777020399;0
====1122292619,741917100;192178942,1135784136;1965879471,1452212369,527912511,16326063;1
++++334834875,878365979;999995666,35460214
====1100443248,2103568302;1663518654,746242488;422884955,1548189146,400606086,272426193;0
====1049479364,231014969;453988653,965938074;1759171389,109600282,1803951619,897174551;0
====1032780586,1880224677;172457474,1590765248;1009385495,426521253,758750690,685664992;0
====363418025,1529200422;457642066,953785023;766217232,2065239623,1427357942,750227552;1
++++1652899171,669180731;816527435,1941815830
====2019798861,49010710;343583500,1903191339;1944786870,52869662,2114751607,515600460;0
====2075271839,77816725;443970267,607744934;194363079,1476766745,329232162,1444315846;0
====930950323,1393656038;436033029,2030427858;1118834785,1481467341,561357747,387687371;0
====525067249,1932384345;287570188,3621852;2018354179,905205634,1458231902,538830322;1
+++118060850,1536352873;1925770899,846576145
++++1856292272,1206340434;1428903057,1763287448
====252997012,449003484;1240825330,165409556;699364,1745259006,1243745259,1066006431;0
====979778070,856301079;909609030,1628668040;1043862820,472493420,2010504158,2003621047;0
====149508046,975035094;356961760,1020302923;431366182,1463631481,474401129,449247107;1
++++1850596218,867016147;495601127,1792998365
====747910811,1739818994;868854439,27980020;763803895,262684547,1889798050,674067147;0
====1346181546,1540527375;1932326947,1847421298;90105291,191401260,85739119,1761804007;0
====937068170,808137723;686276639,890833945;2102025226,77361769,1223311445,1628995860;1
++++1057469620,1006050363;387281888,1152308364
====1607191858,1602015862;1252631581,1075121894;132183973,620984308,473481780,2093253637;0
====1001878759,2104023371;2140547519,63875167;1007314990,852519391,1750334335,1952852864;0
====1450934708,908967580;1015671780,37481740;458297741,2135956907,1281045016,1663356964;0
====2034054610,1090761060;1597254221,959063765;1202274502,1635738526,163751759,194686798;0
====1464453394,526695338;1472820560,1062033678;621923922,481100282,1058372885,1489505070;1
+++2056372760,1689012157;1736725731,1522138578
++++753893042,426031567;228342283,1377058636
====942794882,916865246;1130534514,456780196;484824007,2008581814,2079555450,1725466825;0
====738049890,1616579201;1439503465,559777228;586358977,2017026277,1014249741,149912387;0
====613054622,1902998750;1770740088,1895267693;738193166,643705815,796204486,866053186;0
====1429016001,107062090;1779139910,1080347824;1751487176,1174741146,914072090,403578052;0
====142621477,1847424572;1378828214,1446690442;1972549252,303161442,980317795,2118064120;1
++++286271791,1641030568;345180952,147722259
====54234852,1830348081;746990964,921984382;392631211,691598877,1504893241,1852106591;0
====1242277913,255068892;1387109855,14385405;739868629,214413898,1617316186,1058557226;0
====23345933,130683169;905570708,1482448722;1030661762,300978707,1977928396,560875074;0
====1852170403,111884743;436053706,674681654;2073188382,1686752263,2053353704,1206539571;0
====1258835161,1976375508;122692961,246520831;992181816,276786134,1213249452,24120080;0
====1865849377,2004213221;1009243322,1384354518;159343923,149541912,495288009,499068116;1
++++60108684,585260246;1424250701,693116130
====1869715668,193617931;1626251597,1277707441;1739126351,673344952,1988454011,448966786;0
====243616634,836931637;255041039,469519935;129647872,108185770,318781786,1538296665;0
====883541514,1124916362;1366878254,1060734690;1954872770,1273009245,1374124104,70695942;0
====1251120696,915895072;1735142365,342714190;611952181,1371886183,328196385,303702794;1
++++1936877996,1461646998;1730030541,209690988
====1541862035,1503216902;778170306,1650554432;1215234113,725292144,254033038,720189447;0
====83633728,1885914459;1944550417,251926641;300021815,1770721084,92387993,1811315735;0
====585587614,977867840;22488422,1231527030;774402569,40467414,1888204986,1328186510;0
====1795356837,551294147;1075388798,1749955958;423881814,1585074830,1262225632,87572489;0
====1770981097,81004515;1799080251,1493676217;52228828,1459455020,564020297,795548481;0
====1141607105,568182254;2036589301,1845920802;1314797658,1846850796,161529459,105698410;1
++1745689216,1451061221;379142785,773525120
+++860389375,749693272;1802660749,25547960
++++1509078806,130331492;183961568,1529750293
====1619662226,163702555;122465204,2004770881;726523274,1241129359,54804106,1213432121;0
====1251186437,351718289;410140949,165086857;644940931,2037297623,2023833510,1765546106;0
====1004472738,1240657837;835082188,233019737;263089932,525611178,422368884,368650758;0
====1172091140,690340989;648499188,2081105820;72363734,97925219,1738757583,1383778686;1
++++1771049458,2041823640;549084356,867855075
====454204229,623847158;116782972,30532386;2042259186,1708915283,469022462,2114005428;0
====1300677218,1023514082;1639277477,1806453463;814402374,1284151618,1287303850,1222145114;0
====895490952,453018898;470749378,545218546;1198539085,1254489829,193017089,1291853377;0
====218594811,1076236265;111477747,1256162998;483567917,1107171130,434279374,1655823103;1
++++587578552,1523372870;839126995,1182352227
====1625988599,873889081;1109610719,1116357770;1743089976,52890466,293148021,122423500;0
====2040454402,803443326;1933649428,875045302;1892273150,2021141702,1996369117,1437846749;0
====2117776306,86565222;1452482921,1827996828;1400249844,1994913447,2131452708,1033585841;1
++++1452673609,1057502044;235064629,2099069030
====1305918762,765997066;211409271,1557266364;1751555879,2115892563,774580957,1393736996;0
====851676984,1835171916;1322302108,343922958;1245749046,1082177076,475682944,1689311977;0
====240545105,914049324;931872648,1333516020;1872337128,2091140086,1083651146,807527331;0
====1923303088,752185452;1966563707,792391464;208625329,429415070,1109245811,813254740;0
====1612635121,469902911;157471470,883440494;257747032,906904332,1271559885,1541068308;0
====1166268162,531130701;1183125917,1036061423;562093523,1092706646,1719019040,1278746253;1
++++653663572,1624353086;1595131004,1445176261
====12387261,1450562635;284654064,94438538;844755361,55317824,964812458,238583018;0
====456169284,1968433035;1088872754,1391199580;788510893,1652689246,1133686820,1907613834;0
====938180629,1046930743;1347291477,1433461528;809039366,1148144447,731260191,331195199;0
====795814237,1444780742;795689607,2142387325;2126696171,1540239595,411912403,1156333704;1
++++2135770727,411582715;174612207,1004121255
====1047362234,1233769363;2074100798,562701643;805477650,1340627009,1930231127,875290936;0
====382767766,93193739;1297870709,218305835;173965753,1950743687,418817775,1592477596;0
====370413483,1046948849;1150451116,1958499983;1839385661,390866024,132444674,1532845812;1
+++1034568076,501662021;739881941,2012459581
++++449228811,2013800074;515939163,1393971551
====2094247850,650431760;1329769011,1846700170;346650873,1293808809,117959553,1220734862;0
====1185391749,1027338944;1141222353,1675586386;1674214248,1609263713,1072555120,605472270;0
====2121497657,345200774;1041736332,1816976225;373178573,343279613,572235126,52606692;0
====1400162730,1939474591;1969656728,1492368404;594374447,1822614330,847169840,426141872;1
++++954179196,1165930615;1155085259,607753949
====1045773385,758452412;1901093222,47670476;786724700,805173553,1150260365,1240520641;0
====1923135686,1273614109;1784172220,1791687154;1184740563,1918083555,1596901660,2117949761;0
====1846934139,565200990;796619588,659303415;926967095,543143698,1408943244,969760750;1
++++1063700661,912024341;2018515198,2134338117
====75769481,1064139525;805854378,1556271480;1376741575,1384391980,1821268137,1181219654;0
====936570038,1645265655;541623702,825947986;27185238,1317504466,239377423,2131334221;0
====411534235,1751445934;841385022,1422734046;1153063998,1311514704,1013168846,531800264;0
====1483358859,1313299818;1785980531,1933264699;147459503,771807938,1638340208,643665012;0
====1009979562,693558813;2123657695,2013762862;1716332316,1534558910,403732162,1953297674;0
====1515403272,715557180;91746527,1560410931;1339930816,24060005,592769855,268892205;1
++++196071418,1264186307;186745308,106775212
====1235992584,1049431250;1495918657,1112111468;1003791655,1208922699,494872357,1103481122;0
====1364554239,36352283;1387267143,138559767;1232297558,524379163,1791396803,296153980;0
====873985579,1180007612;1307571325,1470909322;1820147262,882928772,998724134,1656621118;0
====1811773025,1759061778;628686462,1540321998;1202313191,1878005964,939689900,1119503184;1
+++1641253165,632092668;1701980150,1154933398
++++986746013,405217699;1720721062,120226878
====791267283,1009254468;1138309647,1721382559;983911181,2143661625,461413109,1148603484;0
====2022910293,1869267562;805865302,39020253;159754741,662190123,664455129,741818926;0
====1386123800,1711138978;1664183665,405508035;1796196082,1487268631,1424628620,306481462;0
====1758851164,1497550377;1584624569,1427719473;60454230,1960772525,1908347287,1971975253;0
====1754774963,334665052;1496409864,818024443;100280938,692813385,1865608441,382227829;0
====840538218,730218630;1105025946,1900463144;2015324052,358500860,1772557033,783263035;1
++++381698893,1967433228;850162516,1615958050
====1864471412,312618646;454865915,576987625;582341758,755532217,1319585248,457788421;0
====145123323,1646607864;114396136,818245452;1600057064,776238117,728695222,1837364604;0
====1306517594,878850377;1507691783,1269726778;478244348,29444841,1139918014,664593542;1
++++55570042,2142728298;8923627,87413447
====1005352931,738998783;1221157734,1350045181;1933500374,721711862,519109558,2076909273;0
====385792782,1530564630;1246459300,1355537201;1956414256,1408541218,2034937833,526259009;0
====1344462643,730375796;1000051894,1054336249;761569945,107647119,357756149,841448827;0
====1740579400,2039661330;693290001,2104510813;1018535378,1274225221,661945609,256519488;1
++++422319318,504140332;1896498372,413773640
====533005123,141481831;2081908362,706965551;1180483137,23938995,1071838744,1304268275;0
====324138613,1444670349;2021306405,385738865;988184782,1940873619,21021839,784972415;0
====1154827986,1153224019;1807755336,1552117764;1180366446,1810360456,1455101742,1241633982;0
====520640038,1814701614;876827206,1082467188;432185816,556538760,93611696,25742817;0
====2121009094,1395615374;438528148,561642169;1782213566,1552732811,951028640,1326265769;1
++++57929514,1048197779;403710384,695953026
====1358990811,2032933143;117474451,551210566;187505908,861824210,910888211,1827611235;0
====1545860335,553925229;1645602188,692131374;737420230,2097454049,140150031,924247961;0
====174771027,47060779;1002390151,1941303919;891516883,1148426970,142404095,507914173;0
====1722514411,548732984;1622705306,1381267666;760163459,541504777,1118340537,266939828;0
====2083145718,381056848;158687779,1522553291;1995829173,1586368571,1523603558,91725274;1
++++1835544639,862689152;88660861,700005804
====760329943,1654392157;1493213370,1166418309;352583615,2024211565,1361441811,474988750;0
====1879404221,1607427215;751456767,1683573983;665925533,423044288,350817833,1361645842;0
====478124749,918884577;1755959068,940766744;874107095,512298612,648364221,540090112;0
====760252156,520314597;395986078,1044277834;80479484,197623879,824027389,1532951799;0
====122701627,1574388265;1507111072,270262954;34112770,552125948,1157559329,1995146818;1
+++723134939,116260098;1478233198,1464358402
++++908260698,319553156;410033591,1889434975
====1492803244,1733071657;1362650962,1913715496;1467401211,2805460,1278236347,967203750;0
====759563866,103021852;1474629189,662392030;2105314616,1393676844,180326074,1621073498;0
====2119837700,583465388;42875277,1254056976;860859611,1795323963,1063490636,338560447;0
====801468340,642195510;530609641,23201411;1409677238,1492705318,1975379369,974731806;1
++++872364594,1710671831;1472895266,200297927
====2096714282,1772291135;1016209326,696753956;2075040285,2117349839,506753707,1162686558;0
====1100550590,137346416;932024689,316018898;1588782222,981717447,931460001,637556843;0
====931109328,258083565;150642458,259998953;2055059481,1677490752,420030318,1177706415;0
====1076216909,1715563508;777336065,1069160323;1740347094,863824968,1718088213,623887033;1
++++556108551,1499089409;369933765,1551580525
====841249727,941628125;1168943411,1321937496;1023547747,1685251861,2019858061,1312114168;0
====733341990,147983094;693787562,256153268;1676144259,709748349,910501765,1135840346;0
====42094826,1096654528;1501854197,1889107320;509736325,927572865,712446572,11149007;0
====2068453500,1481213910;929003183,1958715254;1682951266,629759788,1201802737,1548328528;1
++++1198338139,2034965506;1338681637,2030464024
====982751106,1570137027;1628880660,1096067446;893494862,1744131118,1619550890,1019154631;0
====1221426620,2004321211;2025802424,11036971;850705891,898571016,1123002290,2045288923;0
====1015113199,1291400000;1982865536,18151055;63175327,684176534,996807387,301397421;0
====403804785,1088522551;1766803794,1179917357;1377841306,512764732,274537631,1677729997;0
====1729104368,1160575774;1542533929,1520800126;1537677250,759437784,1261885730,1073565214;1
++++1339552940,1884377873;2129109559,2114168273
====474224425,1584965751;197465132,1440641726;1823907925,2090640102,1382415197,48436223;0
====1268728115,2016465485;1435132652,993857555;1281509428,1885154711,1350440733,154532552;0
====215648336,1721650429;1921367967,1046610595;1478622914,670120369,152631519,305001205;0
====1268244338,625596286;594154639,1397812424;1783433410,430212344,57294097,24514186;0
====1305203256,591506314;1113246924,721515221;1082918389,390538309,1200004030,1676163165;1
++++719381360,2056754941;313756105,1024023978
====957902552,1817931966;1770064668,1420459894;1757578929,907458942,1774261756,1368665794;0
====840222718,1885493467;863650784,802556397;1256532108,363991465,2027653297,176202244;0
====715443141,1341946740;1489807559,1392817703;2063264173,1533813057,934159014,1598536171;1
+++228672586,1666423850;789307231,365428106
++++1444853479,1914258971;381779012,1173071437
====2085420397,1157387878;1755039328,1708200563;805029363,1934655488,255189072,930664701;0
====910279242,1359538124;1084572014,307884809;567361336,349984900,2098436347,1733018213;0
====836997462,1261472679;43749339,1625877184;143892202,690689560,224208245,1026179954;0
====1455438765,2119364906;197202182,722227915;1894385098,1547951734,1776770645,1096113720;0
====2071105769,1618832193;998982821,1816688340;764364473,1557969767,1937968393,370632721;1
++++89050576,1388120479;1201749016,301174816
====334026308,1507399921;2065542109,583428219;245540200,518482782,1597828480,1038600862;0
====425089425,1689792432;758122881,1407572213;1345631852,2042883049,691020383,2051094314;0
====1239395430,1411538843;739903105,1990819649;1619269123,134476037,1975214997,1206262023;0
====413695251,1981725911;1881075515,2144234075;498633794,77586360,798498348,1165604609;1
++++1676469157,637356600;1324141199,998331439
====1651128390,1906524564;646086978,1380094950;574483304,514570560,1614519927,524428808;0
====397474713,1239109592;1988220173,832305666;1666389813,1316813771,1452665430,1258339343;0
====908816797,85363783;1246471552,999536354;1315940440,2044160829,1849565335,1783392071;0
====858612988,330298556;763359683,519544752;1853165844,2095022056,431779616,566897518;1
++++493455925,418064617;746307857,642655968
====1719966728,1017920964;1929675206,1890005997;1936115048,345862172,409400420,1232048767;0
====833454311,165656573;629989912,1681681247;1903044530,1976006473,81653844,1525084379;0
====172599791,1943274332;1187858260,1493135032;1212671091,1416010460,1457504619,1441013167;0
====577165641,1040359049;47391234,430113217;69137511,22165756,1163409012,1605736096;0
====316458310,1050918464;83293146,54683314;2090662789,386880135,1342080123,1220538319;0
====1017082384,1494005536;740845594,1311733044;90763072,86049771,7819024,436663985;1
++++2002686070,1801383875;1269823013,1720235397
====846171142,2081470739;1253317250,1516450274;1812521621,1838125943,285502465,2047663656;0
====792081687,464449811;1811740130,237923562;364465926,517343653,1066117497,1511240266;0
====1990131353,1371414103;1643964935,422085300;75150926,1284140328,1095083803,496987833;0
====622207258,1244170529;630407808,1773803568;622667357,260015413,1658030950,1395528136;0
====496563192,1118950604;415852677,1814054075;790474473,1824797537,1148430406,1769749103;0
====414748074,464115115;1387532827,1625077627;710796599,1229657749,1795732870,985821843;1
++++884745269,1133490415;774987871,719323136
====1982767067,1849406984;1253558054,686249164;1550314710,182769944,12810749,86903133;0
====8669095,1312283226;808028666,239445147;285007919,88599012,1700087965,225966393;0
====953893673,1919109797;593049052,1326430328;324301795,983028540,933218320,1514650241;0
====1993877384,1501867858;1525658198,761896654;284158371,2111897714,107877517,1959077210;1
++1782167676,2001965114;739646485,146106669
+++1506790777,126976944;1510241151,2139742484
++++1258274416,2136245931;546583252,839231510
====1125927186,864906393;1717378209,934472827;1062437171,739415551,1010381691,1234591454;0
====190048590,109743849;1086689861,717031756;206432974,1456776493,227286679,1684109946;0
====2130601101,425138187;1422464487,2011528627;1918347126,1871610616,1753254767,796768111;1
++++74991773,148573583;998256383,1469998542
====1363038485,1487972864;652980223,1034661853;1799664754,1537507005,674844070,1359354840;0
====616359884,238477892;1121698098,1556828191;954313003,1494327337,2136591666,84366823;0
====2084629491,1347256977;2036836219,1871021130;101449192,1539762022,691331901,1530647030;0
====1420927589,1350501493;1490248010,1140995779;1210912387,1633064328,610257347,1680777231;0
====883713257,1678688877;1548421038,218108136;1869021474,552248676,1769104630,1832134674;1
++++720002329,1990368871;1825744033,645417176
====557726187,175562402;132896657,870101036;475225318,1261429231,483904119,1085982258;0
====1295869035,721534478;359944758,825025626;1388661700,519736463,1753319374,1342564951;0
====61734883,731162711;341960370,585167442;1250810753,1010387415,897953456,840001923;1
++++1539884682,608022784;1869673739,1154828552
====1964917498,723602527;1603794802,428108728;20842728,742466628,1826195207,1857303422;0
====762811990,135920744;787572255,1614906907;1137845797,985504990,662839722,1997656582;0
====2069441802,1227267443;1669748503,298904327;1054487811,2094205725,1938253903,806202210;0
====1265250605,1550390310;1955728757,1934769335;466188238,87092744,144211318,1611070415;0
====1272642827,369405367;687462472,715982598;430406946,1861370762,892652321,727448019;1
++++29819787,231635352;1879841223,414779149
====843208784,1511181572;30634967,1388581221;899853006,1198074879,1635978159,364678932;0
====1027582980,921827367;1044373561,1710017967;1900788743,969909133,1598734287,2120751586;0
====1424934450,1683482127;731003959,1110721028;1257956151,928473660,1354657826,956665864;0
====1513726825,322850654;170796857,1918810160;1279538999,545442734,1654931338,283042971;1
+++361043038,1684307819;591768468,339321597
++++1365265743,748981826;1237682533,1936911371
====399917073,1148821369;416989667,551946609;637837708,1231864374,678413341,1959161243;0
====57810792,1976007028;809808967,1325943520;380915284,721978695,1494829705,1147629311;0
====1248107803,105110976;1182399494,1412198353;438703043,53086822,1665996963,1564830236;0
====463252171,1564986633;157690975,145075335;1092759684,1956256403,967341219,215812630;0
====971650739,869902885;1635929015,320608064;1222591511,2074938436,427356661,1675569287;0
====813115733,121705680;787162552,178488276;1119529141,1949679690,786399383,607576293;1
++++1781844529,1298889550;2064388329,789085019
====1497169012,1896354430;2107123400,1832619214;1935757099,390693808,1634745150,394121624;0
====439476862,1565334258;233366135,1399837408;503318742,1563976257,545826080,1933926133;0
====2137567776,107466382;265354241,1724734903;966171109,132387064,651445650,1607880726;0
====1069142676,1944135008;1823592110,2112303177;1751463433,822737519,1113975975,365717811;0
====1408915487,1609038496;653566335,204146760;887718719,743645355,2042338321,492107767;1
++++1927978888,484074118;1944177470,804590847
====1750801468,1658676044;347954233,1503289175;1316480855,2013447426,1365440385,1524163360;0
====1909696401,181722928;1702931680,2028371180;1886566467,1298936345,1182507061,1344347241;0
====215851064,1308818677;403355821,30923927;98644727,240962532,724610113,56286813;0
====138591881,2013536892;1509331866,1616259463;473900824,1238559466,567582710,578770707;0
====212153323,1585105785;465485716,213135884;1690409695,807704103,430136980,397886943;1
++++876899701,90602010;192234089,1297627055
====888651430,258192129;1032363278,2070436450;2075790044,1933231647,715966767,932177253;0
====580984892,1067317672;260050950,1877299926;999928978,1653899844,1232144893,712866378;0
====1815290219,730700411;1059808379,658070511;1953555361,2095071563,895989949,52817629;0
====1210706096,616011058;2110630382,223962259;538647727,2068008141,1911540229,1331599951;0
====805109804,326167340;1967531284,1530646213;902632635,1458959922,1344584922,1510712951;1
+++489506931,169930943;1825218456,1000992478
++++1532169671,832076842;1019093879,1330095968
====1373822210,39130170;1898685379,488164610;195134798,1054680620,345260339,1536532620;0
====1172400606,1308162432;1784582071,673246107;1430110938,2144717865,2043287458,2025823523;0
====281907194,44018321;262092093,1142302256;1791881597,1095527485,1670693079,786899956;0
====198373231,2058124721;1609548566,148058219;216562175,1656412794,1164200679,1730463353;1
++++2058194509,2056313661;1969828195,663801001
====367143775,801835497;998213046,1348584194;228540109,1524633455,241217308,216732686;0
====1826647025,322358851;394146920,2086437067;1874565307,1779133142,240220696,1323450159;0
====269289190,1533218549;1227089495,1931981795;75784742,1532122995,613398987,1393261685;0
====1302455852,1790188275;1354754292,428621385;1793590417,303165027,1583679140,1347681175;1
++++2078278483,1016625736;829526292,782931614
====365893988,481235740;2025287624,1996986231;2042825242,1869000959,474752376,836055049;0
====123473345,326476646;356338147,214694542;1205077078,586222564,686437847,1413440368;0
====1846315755,1177557147;1375826143,18673054;2095806035,216298526,1355241703,889100233;0
====1535658831,2027924164;882634402,2122312251;754346222,1345857530,994610507,1186169216;0
====179702708,554394889;1357904363,392551790;304091990,1949642596,192624947,1602907657;1
+606299423,1789361867;1754912134,1305478910
++1683659503,906751940;1022013631,1613826968
+++31407248,73376353;128947332,1345691908
++++140264808,348534046;310754941,1285506180
====987986704,2074420623;1104533707,390369899;359959795,1266862871,1304352531,1911647515;0
====1886447170,1897901206;1832021840,1883551571;1322262530,443353772,1298851827,1278924873;0
====1233797326,1432025149;532988083,759289817;286083425,881921273,731346224,1836481009;0
====1201009930,1037695678;182573617,821438041;1679193696,1903985014,1498776758,1883141149;1
++++1217711800,95820896;476771283,1100566092
====1034182873,1445161775;1153975066,960552904;745084663,1062631821,533866776,1766079663;0
====1783283804,353163068;1674480323,230076581;905250684,1786788820,869323878,430588590;0
====1823242861,101163047;1703596492,1976650258;1882907091,2140730961,863221769,1380144713;1
++++1265715907,2090521263;1709929767,1358764415
====562739540,726545938;1249824586,696855914;464102891,527425826,382964246,295560113;0
====150149281,327689628;1529220051,562084119;1723216423,1990937352,43287456,1009032338;0
====1685121661,748461283;464262514,1411100189;715111845,581641233,2106121925,968681927;0
====1042673338,1778782642;1739553181,753140509;354501130,1528076481,211385753,478285947;1
+++1497877844,265549750;459122331,1454452991
++++1347130677,655979730;714690751,1806429584
====1161134903,851321380;57246111,285179581;1439722291,1812659358,1708184742,1391350457;0
====1485207798,41913245;726936,1509382252;1385971209,535888885,1076360323,799001518;0
====301079316,1076940258;968380324,295616290;2075597049,479431725,559963138,729488426;0
====871605231,1457449132;1511146509,94441345;1973102899,408948745,52755334,1495393254;1
++++1959152665,362968838;1755782780,1001625135
====668090475,170656295;1588833997,1209177280;1406387458,1513652654,1177803014,955747451;0
====155634692,1039612537;1729885908,485377228;1346602505,363824174,711072077,1029897667;0
====2020881730,1003980496;1397029112,848896143;2079918392,1063898753,1282991028,235392216;0
====716429969,777543446;2014542907,1984570070;433149695,1530785224,1001246147,1509706482;1
++++538568998,910094323;1354938052,2051751394
====1700407929,1926717332;11372122,1699894859;959328228,1040928046,501741446,1591645968;0
====117517968,226977606;1971190346,1837550989;1894767222,6211377,1449360898,1947703440;0
====1550005689,1965717465;1638598955,171244276;947658305,890296915,1722890436,1537539168;0
====1031550221,342343069;437715247,1517873745;452728775,1884889155,611405370,1578584899;1
++++586588030,10477191;1384170425,1017452142
====577012459,1117101440;762780776,1525315907;409065329,853540016,2043968669,1043232022;0
====1301942951,251905860;811173816,1360990108;1037285366,1834739646,1891081197,516925315;0
====141967691,1857839219;1525172083,460302476;374797489,1698792798,778314179,17277711;0
====457548649,1737304288;205819095,638994750;783326987,1453040148,30556466,819833737;1
+++641217807,1791505916;815656345,973393232
++++1568321554,672507410;1157694788,1552707533
====211407651,63161335;142738328,273071873;781024005,1087964602,1384855191,353809949;0
====1101684889,2016899904;1597390049,565012937;1204841030,1099762051,2035366607,722940756;0
====1862208991,1985728228;1994842216,1334538726;1526935863,1678246016,2115410295,1035470662;1
++++590393269,1954725901;1266665981,932974106
====1044039757,1380972752;172540213,762767188;396298525,1033120248,1280608583,742704735;0
====1065872662,1220691350;1701339574,1989945477;1702289403,435600638,1287652333,811846529;0
====175692617,1707283458;1729345324,214269221;344605834,1982109804,1146166869,1688880124;1
++++170934554,1890431921;1590856398,1606503971
====119316645,1700394129;1349063309,1491022982;430395861,1680566487,1561668575,1914302877;0
====652345471,1307560859;360601120,2090581618;1574870241,1488922210,340025627,306739899;0
====1036998066,1040684114;1195183967,1720189083;1366515516,1957894457,673145406,241212769;0
====1376427969,1504869563;1876616872,50746360;216594944,2138542522,52389085,2131645295;1
++++795848843,393929636;1051339410,1212071098
====1299134750,714978221;1787388344,267044760;1427097782,982232966,1372735986,342639307;0
====1121531948,1376611516;1378942534,719960261;862887361,23865811,1769183632,398241378;0
====607959,399601693;447659016,741318461;1937730316,1973755610,1339014617,1531549670;1
++++965754650,48421697;21753223,1493070413
====881866759,1364429215;238709693,1006540498;1615073321,1502926327,1083335300,1707482764;0
====1668266016,529713403;1238046973,1397460474;1682840516,818608909,1208142585,647731780;0
====305502673,1579912793;367004022,1375286427;304358893,1502711929,1679936058,1481622136;0
====1833397326,253540470;855397990,1213158779;175562746,1181473531,991855330,605380818;0
====918635083,1413711379;495170789,1124589352;282529376,129771517,972826453,2039165077;0
====1721238095,1142373325;551285827,2000334198;67236946,1579891906,1840287775,627384322;1
++++958493641,1119013586;1314839538,31387167
====1256650492,1996972351;21595947,237927290;959137843,427584643,1671842526,624470391;0
====1222799641,15627992;1789219497,1149889628;489670957,1783068054,1718441039,1847039273;0
====645097590,362915931;623459737,1725090554;1032739420,1458405794,1318902959,238864009;0
====1931498582,1346085518;203647118,785332409;669982606,711699351,56032060,1771838139;1
+++1846755667,2114502648;1526897501,1253691613
++++1631371550,898359312;1804319465,19301014
====730320002,1564735692;1906863419,1223893539;788795131,1962426528,1668417490,74621695;0
====1104890332,2053770050;430549068,1397290284;331728493,886304158,1662032621,539111278;0
====1622657914,1720705605;793259245,2107037890;27615488,1514427732,600269121,2091962224;0
====1578631652,1789789382;122166138,92885732;1288064396,604259067,222011531,703626571;1
++++555858356,1262997715;1082876459,1206759101
====39569413,1231118686;525383499,1537233479;861219062,1926121966,1067689502,2116659545;0
====1148533522,694946120;1420727163,913386382;464063133,2014238236,625968000,1540148856;0
====1547650969,249138478;110858288,539797847;1873860993,1767658331,530203357,975853135;0
====1876385609,1933043550;372980076,670377467;204711437,1062656490,1077668639,1505244196;1
++++1056068107,798935139;1719960709,476544565
====1298484193,1901246912;1842655133,1235327867;1156884909,669027324,1524870945,1800090362;0
====165596692,277243112;1386233685,899102780;839824737,1371425820,1203606500,426728697;0
====52649352,1702361149;629606915,226995456;550333886,1922742008,2133911000,1844072442;0
====653470915,188445107;689950792,1538935293;2071189554,863790951,130718831,1413801565;1
++++280224921,1562624216;483260896,1202699382
====1673085895,390947295;646319657,822751086;791236021,1542019266,92403352,1722489779;0
====301273254,1617686924;1228305787,739898466;2079243874,1957757190,1043995456,485744277;0
====1491177747,1227200610;867573514,584115984;665725440,652841871,181409453,1070231601;0
====641918754,2053667775;466934435,1131121255;1931566389,1913889988,1198490699,503675450;1
+++195737878,1980917453;1367206916,1854870452
++++670517603,1716101381;457124848,898074877
====444824517,1793650835;664159447,1626579409;1247650491,162131577,352906399,151061242;0
====556408725,260863629;106214659,1225242768;522232951,1473884521,495111359,1919766568;0
====1158141723,1255088540;1113497812,405980386;1593633194,2012463484,1133648309,1060240591;0
====2067965990,1568340183;364028222,458924315;1547575193,666133441,432379121,1237869104;0
====1661870549,1820489181;1289343658,1882263234;483939441,1258515284,2115310683,1167101151;1
++++686028643,1180526381;1591953056,706549727
====630717404,352110247;476021481,1262270862;1146415847,2126614180,874647018,778860505;0
====1815694665,2116895761;2126919872,1207919328;1080539688,591053367,394760561,1030022646;0
====1019284073,1421022627;1722345821,713231675;1188367486,1790856546,1901303372,960318046;0
====1360173828,499987490;1210786727,981596187;1690489900,514907596,2099752490,244104937;1
++++387380480,887720601;1376536178,722457055
====1216417695,1181692025;1866261799,801224400;2140639975,2067108969,1537270936,1335632388;0
====929173741,1690796092;177916570,490759691;1124517181,536457349,1413297491,1422960485;0
====1479352486,814362383;1361397222,1095885286;1735466061,702225062,1276281585,1018776733;0
====738746545,938570006;1091920997,1945093211;395396672,89130461,272028449,481263077;1
++++1647587881,1891205889;1051663844,811128333
====216399719,630427951;2122610215,1849927008;1165947573,1169237187,608078773,912569282;0
====1744106496,777045196;70351208,432611701;675092798,1729593557,140169406,381629442;0
====670119356,373585700;1905836498,220833403;1428862514,476972053,137581597,2661904;0
====43926467,859152072;1319832154,1257481430;814472436,1549812344,1464799356,1045292381;1
++611595462,1676339863;809785042,1334311535
+++1971894501,1750839474;1284012969,1687758714
++++766279287,1580507259;27745276,982724443
====443372119,277734851;2045830870,812601802;1001363393,2145801893,1727533784,1581273558;0
====1926694182,845491176;981562622,1599462370;2079982648,390913612,941289599,1653793591;0
====1790870402,983542599;1138580629,1311506357;763711661,1092942597,1625215319,1790016841;0
====488455701,1743748375;739634677,749990932;130744063,783559289,1275376584,742141678;1
++++61392356,1589211648;759396167,985960758
====2082186117,819810837;106408520,15682168;403911187,1707274234,1649961281,1926753164;0
====612511482,74403236;1100445572,1996414521;838537062,5995387,334263172,1522024083;0
====1292098876,1003287763;795069983,371943743;1377725431,494047565,2115307165,135166016;0
====2125433120,556002199;71999973,1925184558;141562672,75087015,1454831830,1751122698;1
++++661807401,900004269;181502043,1370730677
====650944246,487501487;656833996,2075543014;231816836,175377588,426357579,1839593236;0
====1326573848,1049235214;2095977779,1346890889;335502206,692240793,148654898,1169117199;0
====685935175,15637947;51883062,662521233;1687683546,554823523,2078287985,227970976;0
====1438266669,903756451;2124599933,407239508;2136568202,1486948971,1001874507,1763491066;1
+++1551870945,1152652598;54828143,114972675
++++1933459876,742672641;1956283049,997593534
====1382341516,1042327184;995799743,1174964452;421334497,1215337530,1527954445,374752615;0
====400612340,1822629341;918504743,348236699;1895518668,1981682316,698398350,1587416024;0
====371646538,1894978164;271620105,650352569;2107037937,468136910,874762410,2129596146;0
====816606191,361828385;1954415147,1241378908;586804229,381961197,1954565911,428891896;1
++++390603899,2025813069;595752085,664315130
====714564667,1658545474;1187449777,697917904;722437543,380788962,1862148677,176742667;0
====1939817634,854525928;9696510,854931932;2058231141,855110460,153713417,397305171;0
====984166126,1966124765;1424294788,2042425013;1996874738,122057903,188330048,1901995223;0
====67231547,1667967058;525396598,1353673968;797912042,1540358198,707681922,491654327;1
++++325509925,775140575;885899989,1059931432
====967358545,882463789;521578894,84437205;654466679,679325108,2075327115,749818013;0
====833017480,2073917904;1527646153,1631573870;1631648610,832957994,863502632,2081482511;0
====799261105,2033212183;652893647,1376340952;1869271642,2051998168,1970569999,2062099204;1
+++1181858281,1043551519;1948647714,245551562
++++1549957188,1582384067;525909398,1066873594
====1682395245,1404017632;1725883016,1350661631;164882510,1318970172,378815685,829613643;0
====445348355,230714096;791962840,2133539496;790666598,202324887,971453550,1843944356;0
====1679654823,754715307;1452940930,380810310;889754942,1652831228,257889969,1853502956;0
====1177870879,1665481976;1131836000,1284533320;1315787781,1711572447,212503728,1520095144;1
++++202849121,448067161;644042116,1563777117
====1454917236,1943745112;1654617710,1307569445;1032369047,80555661,1425781136,1312882876;0
====601918414,1308825859;1345565056,1274309081;1205449032,539584719,239541325,1843657882;0
====442996583,2080333395;1930548867,385149908;1207744501,2012569961,1422213980,122658115;0
====1787065802,331682302;2090148928,2009829522;636599895,720323051,1344662750,94768410;1
++++43854089,345421809;1152526755,1323230697
====288246492,296365837;650328967,449089613;1740016212,1691940760,1498294844,591097517;0
====485441543,1530879657;2045809866,1031619400;1829500176,353587340,1316980556,1755158740;0
====1349129487,1337100850;655123848,146816342;2046293841,836061479,176596808,1260452644;0
====1664557198,1451349493;1389700262,537400375;316105196,351004940,1932346170,1467917103;0
====740483657,1484810210;1968247073,841278493;1952368038,1001605279,1091228808,2023062589;1
++++1075038943,1992026191;1994104934,253556657
====120563172,1112608816;1398481180,1622857206;1976605281,700742707,125071681,1544524459;0
====1702861027,675084205;620011868,1993578246;1206821458,1467866106,1772349155,2095600915;0
====1284325436,1726220740;555306914,1374391479;158104171,964603761,1601205496,179388545;0
====666967911,848638857;797701597,75185767;1459422164,1593378747,1893896699,482712566;0
====2104565807,1763143868;449060029,1069076087;1937698485,1317936124,1612888898,261855912;1
++331688935,1080020407;118693718,1173282547
+++1139870013,593018818;902229699,869348453
++++1247215415,1935180406;1365138609,1327525685
====1040510679,1765535501;599347056,1568616830;1930569468,873816284,185589041,1744787416;0
====125073145,561015184;798103950,1939024868;1077599632,1439709167,996473003,1357643283;0
====994745405,285566898;1146138632,203966759;1969309390,900246485,1691658715,182593537;0
====1880656434,1872289390;1892350416,1585278137;1163700329,484201486,717315159,1125593074;0
====1763725498,1585586674;692519002,1751973839;1970922322,57327233,1641735803,1961170418;0
====1525227009,1775744468;70257311,1497328973;1184199754,1379803634,1375687700,74567490;1
++++688966829,218391309;1726848651,244628141
====1325742975,1678231299;944873880,739727897;2085543060,167303530,562277084,295742640;0
====1637459955,586177865;251709558,678436298;297682712,17074136,1244088981,1614002900;0
====1744464047,1737690312;414806417,1389509542;736261881,1474954540,1650645441,1904218421;0
====147606306,1564851711;1976582814,574195499;1943252284,1513554007,1172985367,1870471217;0
====1705747410,1016985768;520682332,1849148490;1065802383,1545987969,703492575,255047484;0
====424603590,35413660;1271400916,2134373355;795935275,1984059169,171584029,1750064993;1
++++1136552725,1954519879;1630108324,272896016
====709555699,1996834085;2128491943,1148508296;968612301,253934562,1029729595,1937813648;0
====223743193,1294046003;719448769,1889720835;1561940982,1599201439,210862322,864605238;0
====1051530929,1751643267;1166594228,1248427214;1307599181,561303085,1803067198,1173449226;0
====1218236757,491635053;887356347,479269271;1096099074,1195715829,17130996,1153100469;1
++++1659242234,983385125;297360311,186581123
====600019135,147497629;1803099679,357608513;662390547,614923731,682795294,356817970;0
====1387600381,1296585042;619716761,1961953659;1865140330,2070514570,1648045203,185480487;0
====674443745,1518113704;74949602,794802659;2024421945,1387004754,915912012,456553423;1
+++2109806330,1690101562;1419781541,358837716
++++109125705,1724873553;2032063896,1107918822
====570085650,1212554915;287906328,874586260;965239822,417631573,551924021,302361036;0
====191286771,1291758515;986936411,1118221750;1890079401,698847181,2099362244,884200272;0
====1055875008,2001593096;1640264934,2061664634;1735738795,1795769121,969521333,842582917;1
++++1042298023,1157244874;247649369,1788601025
====1558683483,970047598;1691547460,1519052155;642031175,1272506819,302124850,395895416;0
====841185673,1323644994;830494736,732017571;1075615908,2084211367,1597514988,1112596496;0
====704591298,1533028853;43675421,715621782;614585030,693707336,548757695,727902613;1
++++391543217,369121679;1157603903,1634076197
====821369866,935688774;888200384,1283327543;1140009663,1963720394,2011088820,1996613698;0
====1327078149,1783005609;723879602,444937140;889240241,125071202,1111222636,614504292;0
====328260244,548816285;1527900859,593392714;301547437,1750398710,770520955,1538899438;1
++++791889659,944078360;2072730168,640383563
====655900680,204352073;1651298494,1252558101;1533739634,1870698069,25049453,1204194119;0
====1132718271,923092864;1797702882,1138780288;1720772993,568521899,1559707725,1058107658;0
====2579548,1806421580;644440096,947228821;623763847,587547666,299846370,1872219084;0
====190683024,685845310;1925189286,630202033;1531765451,1545777322,83742639,1777947317;1
+++2007335322,199280382;1544631363,876397534
++++284359523,521430403;561903857,279336085
====37486980,1062473882;541746986,693550384;750315232,995830421,606630862,1432091551;0
====555761924,2046241291;1409860787,218967545;1994507078,212867281,76092708,141592073;0
====245896754,287820334;1399808182,1976109749;1883547050,1607467652,1952861492,1779750974;0
====1434150569,429965153;67247553,84704281;1012996532,741999145,1029767106,1577902079;1
++++2098324678,1457677162;676130656,21139852
====1365317464,423766357;909487975,1063435372;611925587,2038217092,396895521,40329139;0
====1931399616,1910825524;216645810,668996499;1221411707,1630134720,1066203008,517705863;0
====795201523,517038284;149799953,1477746476;434051720,798749590,1562508078,1421468985;1
++++902510596,1990421538;1414392641,511714279
====1176584532,621556050;983995360,2013279997;732525167,17512998,2069748567,1230925883;0
====1188390056,482166306;663433336,837932164;514445372,1762220812,2139169370,1635528991;0
====1726229251,288365139;372446204,1686941924;1987849993,1475297294,17712797,1148567646;1
++++2127987853,1626690389;1087469677,1313088134
====659811674,1551554988;1895129744,271639692;871505901,1696463791,736051,1940583361;0
====687294477,289298463;216712474,1827113384;2032704847,1479966234,1342166531,1603904579;0
====527812483,1643351377;740037300,11761728;1144118562,1980560295,1833316778,1450661535;0
====1611235882,83422696;309372362,901498471;34989298,1007765650,1570048176,614463793;0
====290133469,424907588;1127627554,404151455;1552468042,840961033,1356882675,397524845;0
====951844135,880177636;1193212995,1984279182;1278435434,1009557323,567348815,441231445;1
+++1070400422,1134854636;1220653307,2138293468
++++349878967,719791661;1609357842,1814260433
====856928521,240517546;323838768,1823978883;1144033345,902959573,1410267202,392626354;0
====679675705,1899161501;2140506783,304065244;653244190,1484776422,328091205,756005379;0
====1506209148,1267021068;94936912,2143203741;2144856738,1456579201,732788567,967317313;1
++++2117360673,1734847215;464152193,369759326
====416279274,1886802174;211467180,1617546105;1722567986,1923686801,1411279330,2075297067;0
====254831334,1354729781;1390755669,1658584684;981223355,171382739,1450576373,441341486;0
====1363863877,31212100;1969359744,1480663818;660593167,2059744533,903049318,550000493;0
====1310787767,578247987;1322526257,745246252;1853381877,1235129117,257369931,1112776990;0
====1893886961,1871800766;12165979,1889539223;470040032,1438625102,1280721076,597984705;0
====626970615,1666748083;897963467,1623755682;16046789,117491436,1628401225,95264913;1
++++963445394,853423565;1779622236,747556968
====327244286,1048071487;1759636822,128764451;1887204525,1256598761,2001295846,2069869695;0
====2096243936,152120254;128830257,1475155458;1275568344,365627678,315020432,783865155;0
====729412912,1048309662;1959565099,171938776;147451886,819371292,1956519570,226083810;1
++++2125831826,258695093;2093566369,762767395
====1335497971,525101845;2033441941,2040544108;1463721591,332714128,1106445312,1602288023;0
====1057634120,1388974340;590969938,1011456303;2103719329,1338094169,210173196,710070353;0
====1003728867,61788848;50383268,1699226716;307044465,875973624,196522766,1947259776;0
====1573151809,649968340;353627534,1846890790;1976739198,980640778,1515635927,2131495405;1
+++1092158527,1259362984;2126783839,1047665273
++++429504513,1082253535;451204359,23287227
====1244875133,344807276;586209139,1949094192;1443095938,755497129,91187369,2137916215;0
====1805165311,564213124;74347743,310840326;1692486777,1189260312,616436960,559170494;0
====2069417101,292725083;2016823159,1393189186;1981136164,655858574,1610983526,1499962631;1
++++606798442,622314092;1529339490,1038723513
====1629739749,2033051605;478818335,307605181;1637679032,1423432701,262201854,91004536;0
====882477096,247646434;746581603,1937187739;852522064,631004985,1620542590,472908163;0
====752071837,553957403;62089753,320086586;976050284,1855366932,1479116828,535969103;0
====869006112,2081519256;1811875782,1917080572;1275178659,948562609,873525758,742954560;1
++++162051770,648151191;1585581298,1704048624
====489521615,1480196428;957428845,88001790;698516735,172404121,1222642989,958112256;0
====698899131,2100463604;414999583,1715507240;1285454932,1895569455,262175674,150356140;0
====59801947,1910105215;164277260,1235938064;1188171453,1892202270,1421219121,1577895313;1
++++298261461,1178864652;56494330,1355065160
====322685064,671513396;1490518243,1351230010;140917274,1301683173,1906079423,2085846473;0
====433121395,371089522;575769425,1735804756;1210618793,367850951,927472727,254684528;0
====602597786,532188288;1567266599,777081071;701125763,898916548,1064241597,1048196384;1
++++507795054,694934469;1155547782,177265828
====1127270839,80599273;1354734131,1377357534;1021422577,299733207,117951822,84638874;0
====759432544,531896652;2112465764,613928434;3948381,2239026,755505346,2036765948;0
====956649306,1745450596;1174670205,1120643843;968874179,254404860,2062700628,1681695700;0
====977734189,1297709074;2063695033,772712892;882852847,220679751,1225204039,1186708973;1
++1952378420,1821248915;679414682,295013360
+++856175316,2018365571;261694470,502233681
++++1877115209,279583114;1480220349,356124895
====890037653,96342667;128373944,1388840103;32690986,767198615,100227091,284563891;0
====2096487753,157639838;965856322,2469915;236325516,1228077730,1254814511,873690113;0
====1348736965,340180225;2132264973,1289355337;655037364,1418632059,18218230,964586546;0
====1979867009,580787141;986681586,361916749;113690053,1732294461,1020550610,1836552480;1
++++868836905,827658274;812577635,1888251078
====663682136,1841037423;95015595,1760247319;1187558054,897603172,176592928,1358361818;0
====797363834,1020515071;1656703251,153362856;1311342910,1169816740,1133326961,209177393;0
====1060347359,1449719111;1820469817,633414069;855666316,890063095,790503707,772460803;0
====836174560,1805645100;1720880826,764324486;1908575824,1060504643,1307737048,2100691145;1
++++541179770,1155641991;111137947,2006394138
====1108357747,75725739;1922600783,361330289;1686040726,2100721983,1967260601,508844008;0
====935337875,806040760;1001029707,340112406;787750960,1153923020,1506644609,561073041;0
====959992742,596520752;730244776,1889714670;1271125460,1674707073,148918847,714424423;0
====2028349888,430676022;872475179,157746189;1613482719,194124545,1192149788,1325003387;0
====455597354,267217147;1747554509,491198635;275329307,394215178,163222162,202333767;0
====1640316735,2081871744;1894460080,1074216711;2034603611,896527506,919440059,929576665;1
+++1484929045,1181122673;1460509582,828699917
++++1372630632,789399608;434993373,138666116
====251844304,1187174703;37082979,1544703774;1468643216,882616112,356292893,975359723;0
====375929133,1738993530;1208857978,307363320;326849374,1146689760,2105845273,240872305;0
====1979532562,207384886;1333779596,1657354964;592727167,928925229,354207891,1422545264;0
====1935726364,39868347;1375591475,2044816326;1251695543,105747081,836406823,1533128832;1
++++2011826648,1768224059;359578345,2031202356
====119624582,1113294207;1250672674,1904731424;877422930,2081905837,879550995,715804359;0
====601596474,1523643784;926841776,566748936;1775261807,1396991478,1570572230,32646870;0
====1569256310,1719687627;746481297,380267500;971572262,1193219896,1509455409,448981224;0
====1724159180,1369539102;1536926059,1597880345;609007762,1485828505,1328763925,1485802453;0
====410382882,1521532620;375631164,1277624520;473637897,199549206,1393372613,1402307638;0
====1476316201,717149096;752937132,1197179152;2035576929,1712237048,497442608,1001292454;1
++++993833646,744854817;777116906,436097801
====586574546,315410317;1143636798,2123691930;475058671,1426589901,1049639725,861018452;0
====271226183,126637627;939942748,1474769849;255196007,1400742514,597971139,1347966217;0
====907185616,1298947294;640895380,439814101;366154713,1946410169,524589038,1785092065;0
====719922504,1012505607;1254595163,793714176;711828324,216383470,1748774017,227199755;0
====436695131,57059474;843439778,288150171;1352977736,2070166850,1132223543,78287574;1
+++742995813,589074233;1041850102,1981072821
++++608360954,186378817;2032173674,1161148638
====1100767213,1582766990;1481946733,767134144;699551266,1744127633,1369346322,941066752;0
====1821293570,785893607;710362552,64471755;200222635,1738214933,2016397591,722512126;0
====1347459871,19661576;385492277,248382373;483184394,1810751193,773463016,893620782;1
++++537261677,393198037;1635799163,2092257938
====1240593075,856087114;1880232231,1883836187;1683358363,538823686,593346390,857015718;0
====574678933,639578175;12818051,387944153;414437993,256085288,704830150,187614751;0
====1536170584,723231033;907293189,1363947992;310723777,566155426,1024454188,1255437458;0
====1218625894,829888964;1531475636,1265576161;814689226,1186964177,516603518,1919915815;1
++++870983168,1871672366;597694884,1716880319
====1765643391,1211846542;582374713,1074434739;384926952,1871379632,339250072,2106689289;0
====1205871613,512543177;8468424,833143371;1843335024,523204788,1305283232,1751835986;0
====281792195,943076303;940513296,648167374;1319673566,732955409,1026209471,1842095927;1
++++55974178,1220265768;1836025317,330627117
====1657724720,672931795;1337222391,242233207;1504783893,928778930,409919282,1822150719;0
====93112899,1653519531;487926521,110913789;1522606537,1656070528,1814212887,3321777;0
====436477861,557528249;775109611,1360302138;867043446,276988932,1370767637,837616106;0
====1250019064,1543390975;1238526059,1865903916;12254973,2089727404,1720580362,1967462836;1
+++1890872817,1826265064;769846210,516018425
++++1928332235,1609006324;1753773300,1291837899
====406440635,32795291;991838657,29541598;1404262464,757966833,70785123,1113396006;0
====1586493842,585954542;776013729,1954946261;1860864312,930699146,1763006004,1320240955;0
====911741238,1927328429;762960688,1245157003;469245889,1101111777,641211729,1921406074;0
====1650690339,9961802;154938517,1692031351;1788053542,420450621,804772043,1305571126;0
====1138774442,957122970;2101359849,1492902461;1289185971,2096522566,1318685165,1707071160;0
====1884560962,97910224;1187476838,1718338881;1784232766,179732423,1898315433,1385359235;1
++++639788467,1255036759;1129844779,861579194
====2110288052,451285966;1730274509,1894162664;1443187017,357476035,1798362635,2067082394;0
====1219051277,830637412;1201735291,280626459;581443209,50932237,1292065702,1345706953;0
====1707482701,852909209;1392938650,1869707361;1685349499,298570286,1223616712,48784695;0
====1848912147,1100193565;824965496,292689829;835490803,2081866359,1517010762,1278012458;0
====816326675,223692837;374369943,645847529;434863980,1841888805,1890826292,569741041;1
++++1143139792,1400348506;153823681,1765147893
====456453963,2024461640;1122657209,119297118;917275880,2051080787,1859499965,1445963601;0
====1778020756,1580900461;1517770857,1479489991;1127035789,777892905,1265320924,1012473369;0
====966795884,1121345941;326944452,549729468;709535131,1920443903,684918639,273685848;0
====2066037300,1432181636;1919071223,914711571;321643031,1455371009,1974940990,1832743563;1
++++1333033432,1316288419;1977088489,432145686
====796659453,891440708;1749197315,2112983342;349114859,701278215,1936469436,1292020574;0
====712874912,1167524750;472913444,1125558079;1747547828,747702815,1196413291,2147305980;0
====792986867,1505554126;443295778,1140483111;1168612624,952459963,1174008447,2072572302;1
+++2020938145,459863161;642512583,2027946110
++++714377174,2041676545;926243538,69082013
====183099259,186683344;335684617,72371109;762518343,2109757817,952366122,723396526;0
====434702957,561108231;1971969457,1286135753;2014101350,153643467,1137720357,977317243;0
====897269005,184091022;262565816,1998641725;87202021,1714759767,396846953,108380895;0
====233870388,1050126838;14543335,1440724965;398332432,1068291587,566636499,2006310578;1
++++366863926,117146369;1816588614,439177798
====981577323,133762745;1854098781,911522940;1244631692,907212376,467702324,1345239287;0
====697244419,1820903031;2037563480,1096822694;2113808187,1384429667,2078946986,1956314520;0
====416848787,594205868;1342730309,1958335357;860685241,332813937,160237410,192399015;0
====1046655562,1586417581;52080610,428164245;2123775192,2090050891,1136576646,2130400632;1
++++490307271,1923155576;1535181774,1998627169
====372266464,1796042472;111645048,376706532;1775270893,2010445990,1044200586,249842712;0
====43519362,1448792282;1656262618,817536723;1733289516,848628267,897729941,1763534150;0
====1468122929,418836435;387687932,1301058288;333380954,6165378,1793742855,527219237;0
====1153651276,1661960738;560004725,1473955081;1936112785,799367904,203445304,1091740635;0
====785286216,505366940;143885602,488077435;606556778,304025244,1215312,225759725;0
====1446774847,1506032385;843102221,138497778;946351067,1824366251,1719048507,427938922;1
++++1704163545,761834422;1058876602,1780453478
====1203479660,1813756339;60476918,609697956;350331103,1076868718,372738118,1892657225;0
====2113522973,1646368799;727268106,1712311505;404175,574807263,1872649622,41756044;0
====1450026911,150064776;225232596,1734544841;1522158956,1048157635,535525914,1258301385;1
++34875816,1960789226;277268052,1134795335
+++1394728654,979551613;1936817499,201617896
++++1602673770,702330429;1447391614,1186487116
====1051956895,195776692;280406380,45431735;1847784792,907133230,1109010154,12935636;0
====85454142,579933625;255367330,2025617983;1615882472,130209610,330282270,904565626;0
====1712344494,194881282;848957621,1124124446;402496946,1969649017,1142274096,479524013;0
====912319301,743915681;1497536894,1878091871;1233662020,490448001,665622880,898103972;1
++++1324438953,793554374;1134630661,1324021846
====1286022678,2035428308;1603771432,76195818;121500792,637971366,454350176,240432740;0
====1598123488,1925137330;1505586194,757168760;112602999,1883192787,1390713014,609312752;0
====1094717521,855182544;145154353,1591429550;1603497722,296531400,515567673,687990180;0
====1481642055,72083104;2083952182,1489153722;651869024,1331068164,690985492,1123833944;1
++++515696338,36669805;715621611,722043127
====839108006,587172739;1797636597,1827373640;849514929,914645396,1982193743,373111919;0
====1155217131,618454587;1836131571,1257388942;416870853,71705381,756116936,1020194415;0
====1140211526,1603114373;751061969,1134202202;253524425,2016795489,557239947,879756411;1
++++1792764026,488520252;972447582,505575110
====49538784,2033452013;492241177,1533330269;721521763,117147676,1359059210,1593476991;0
====1351047636,1444191350;2036166098,1822929684;477315153,1674795993,1424803442,1461668700;0
====1856678036,141002369;999852005,1687938577;602458437,216641521,506165075,745700123;0
====2088721939,84570994;1444980506,849693683;135114346,2121332441,567558195,602395823;0
====1600011201,815791024;97310732,218149272;1786550341,1427092472,979495421,1533482956;0
====1510191147,1277821877;1669567978,669261935;2012134553,1614556363,511641124,832784384;1
++++716460073,565473682;927595158,489941304
====1110260187,483302386;871613251,293165497;1656421988,2100700631,211076701,329341745;0
====1775810078,286775292;1097471359,552351380;333170043,1337507014,1270841953,1019353905;0
====2028126378,1834934532;1894466368,81304187;1078605920,1966710020,31625072,1977031826;0
====1153240761,2041337425;1630037682,1037923669;1456525192,1732591466,931163796,184173559;1
+++2142773882,1292145191;263722474,705138496
++++867864798,818811562;52766907,715601840
====443428338,1077577118;129301224,760281931;788710578,1465217602,422615438,1159501867;0
====1933615443,1819826829;1153078190,515484071;1353250463,459036891,369907777,1990639346;0
====1226203359,835980278;269245265,203505963;1129351333,1733175186,2014026890,1004803313;0
====470165574,2134095072;177148847,2118546593;383003048,860836862,2074946770,1542597135;0
====1041783827,852601672;256124863,222973522;945948800,568765234,1345115396,875055370;0
====1759906883,1616544513;1909825105,2006040054;113172765,1138941231,1636068474,1749523297;1
++++2022801994,1483952776;1167689233,1973277428
====1145262528,1258560743;1054615075,8638018;1974634841,1650011270,323309171,73855313;0
====540269660,1400335232;1660313382,725253546;941492263,945804557,1986057374,1647830123;0
====118336041,1891494590;1216805246,102641627;1262502384,177519847,176212641,592169162;0
====1491281602,1037596078;999558986,791626566;1060119925,973655634,1731598122,1787136374;1
++++373513728,149310874;2058166120,1764558840
====798853638,350268571;1773076493,2146970933;1820914915,1238274077,1608129757,310192732;0
====1765563702,1088379508;2025224792,1818687147;714467577,664309530,1235650511,963021118;0
====1119712079,896338142;1773575709,883846813;874297005,936069982,1414711350,1314237622;1
+++779922194,1251195753;698255792,521968310
++++917331919,476046946;1148359529,1241829097
====1201082751,133806131;1008303998,1865573103;1079124454,2101167416,1208377310,1104922903;0
====1834879376,1461112721;1436691842,1739578071;1706292705,423048932,1251501975,882137283;0
====1213939329,407442637;41559042,898808796;670514359,1004446268,940763680,906510581;0
====1506974040,155553118;1040411079,1074396983;278655769,1715238980,1739724262,1305898182;0
====831094894,409706462;1959129411,33087323;1265627862,1669078815,1805020363,1885975973;0
====611214625,801505379;1935217117,1363159560;410859975,1299739735,1737106798,1950102973;1
++++1351605626,1253591922;1825843649,1877092131
====1863751904,972187885;1888108692,1496081223;1039336329,448418847,1052750539,60452825;0
====2016757646,587916306;423147659,1340800973;1698028277,1817277419,124937094,1295049505;0
====1149640054,2039890476;23706761,1933360730;1677857101,1972230018,831047411,1740464217;0
====1900486484,898364631;404147370,1653925911;1034871446,1152615167,560987287,1848467638;0
====648175761,2065604152;1505595575,630883372;1416830609,714538818,91664341,1691486084;1
++++1079319746,1465634629;2002741456,825817832
====1279247108,1414442848;1284332575,1039843109;2612515,1781934480,1606103408,1472297418;0
====1060453125,954813538;2117780783,2145446953;1836404148,1598664887,1843097155,767960454;0
====740244483,1496764765;2055847759,1689956506;1259836231,408794442,923848236,35217202;0
====1657928319,1761929584;1641890149,1623108961;259222538,1966665235,198278317,1111563010;1
++++400491318,1922125078;392274835,658357184
====1546575820,346290923;299411628,1272870283;950197774,12441016,639147659,1283232016;0
====2075446115,1430463930;518286483,1418605146;564745201,467912523,178907236,888782534;0
====369465245,759217375;1471736136,1828345235;903970249,166386353,1501765366,357177843;0
====564102154,1370509491;1203834438,562869719;719793216,581160208,230364854,1273991682;1
+++513225617,1236987365;1632995080,1446080967
++++122006907,81563654;488525474,1620499463
====1567650145,405302857;841535447,997401876;1709668618,2015727342,180215591,1990226369;0
====1223713050,501231916;2136437994,340759627;1886613476,1011170981,156830013,1391175269;0
====2081377740,1904382294;1156558311,1435007209;1472063215,1217042133,533858012,1046790015;0
====170560379,559809104;1376972413,300855707;182305270,821544250,195979932,1202305214;1
++++2118541349,1988283209;271410977,1420638631
====779239598,2028634078;935536183,1182602061;433989023,821980760,1323224278,585127013;0
====1723738544,1735941791;1047820395,1364236406;929989757,1745656658,1765210954,1929331249;0
====2095824844,550727113;1016704637,2079610821;187817818,420076884,1270660200,989209341;0
====895591220,990078404;395596064,142812842;487851694,1296116781,1621145498,662438722;0
====1228320911,881746667;2125291766,856843679;1952551119,604502129,591464155,1806161501;0
====337018455,1057255001;1690524766,1964421378;56798762,1005695862,671693488,963888638;1
++++977735739,24031222;2066068748,2018579603
====1023767022,390356466;1591285993,1207470818;24463047,1416694617,116376004,381175962;0
====635736735,357802412;1133938335,1778054291;1147548307,897958318,1816211812,379167088;0
====1948674150,291164794;1570038087,580316014;829221343,1079182783,1646369546,646257790;1
++++905011949,95709851;590999116,1952809114
====290860988,787132866;421147876,1345413856;806568177,1496347925,230608962,640502233;0
====1651468488,2044663683;902006187,477458660;249958993,242151438,215183196,2073740821;0
====731183180,520207385;1398766372,1510430842;379310112,1370302878,907283542,883909175;1
++++155874596,503412622;1847870326,1615302503
====277973426,1501324873;1694318080,73937967;2137877316,787020993,1804904007,732424855;0
====508535235,678806119;208854971,468550165;762200888,1672814220,399100560,1780911142;0
====1978792957,1791004479;1895144478,164324638;2101126291,872224730,1010557517,1816456038;0
====1161058252,1946798030;1980868676,904816253;1454059875,2097126500,1656393908,730763033;0
====299819894,160488555;1032475875,1687038521;1911517085,2109611211,377123872,1595237562;1
+++1313275120,1920068905;331722561,1121520885
++++204025691,1150541305;254267370,1514976170
====1954508325,987798652;1382322417,394451759;691490576,1467495426,1825932149,1827839749;0
====1318800979,624460161;1206925284,606032365;1983353367,1448265248,1816987993,726721754;0
====1089186530,2045505861;453130577,486516255;78943650,1218094469,1619088831,752127042;0
====2116434015,1797715200;1675914788,1841483237;2061286939,40161374,476278636,1849671725;1
++++819700704,539847526;1655533697,303266930
====2104376490,374388534;610603097,956035230;1961148759,1487706746,1203957101,2071737305;0
====460517132,2028007013;1690909018,1145480076;941776804,1905836099,598813752,1413893535;0
====775793536,1432719751;954891780,1516624562;1860061974,1620735589,1564565332,1967610576;0
====1100186573,557117239;608521917,1768301085;787684846,738947588,1321933770,126457699;1
++++1666355294,86605731;1371609445,615500514
====2113115158,767926029;1492303010,2066730195;1707179789,437095959,635178349,2103179541;0
====1223902928,1194800055;1634853601,2099888402;111095796,1434769817,1000005943,1822088955;0
====714220184,1748212924;912817876,890244994;619875513,492736144,1229378053,750001002;0
====748208491,1081279216;1496562988,459056525;231047744,1658837287,698841611,1565256955;0
====1653375874,457045166;1592477875,595758142;1618894980,1593786002,1549525250,2025013759;0
====1432570893,98413774;740179832,420804496;1243572245,570517957,1604780850,2087532313;1
++++847721610,993272636;413465866,1872679359
====399371894,1695000002;1930166423,1890276943;1124221828,641510647,185575314,1534533511;0
====980467822,1493038248;1439074466,515245084;920253590,2039953799,1243884272,852303056;0
====376944017,720273670;1165754697,1267580935;461575852,744512085,1514486457,1248687312;0
====914131615,1306023592;1935698850,393563236;1467611265,1789543920,1270521710,564864705;0
====1799591289,470505603;650412826,194531620;260699577,1823693632,8826554,749310980;1
+845057729,1919447944;376085082,979817800
++157244883,1935877357;349435567,1596588259
+++1969095246,374615597;1484039626,1024758001
++++518436867,1316264545;1239274242,756730485
====1264114322,1824712856;1831259929,829555259;1682385773,1125388334,1856247933,1778154439;0
====1289589241,925226191;18200603,492348665;2027450268,573121993,1275678929,546931865;0
====276659532,1321870645;413995050,1883716076;1635354924,1371385842,1730895220,529338255;0
====1812926447,77543071;321380537,193612403;2064996933,1401014417,396112522,1877049246;0
====445358366,1010638837;11898077,345773354;1288790979,420580916,503789581,6015393;1
++++403295576,1391898817;2125517876,956346662
====1787893854,1678892283;1408689764,1691500779;2010365537,1834723431,1951857494,182672599;0
====1020066405,328580865;1715528434,1414520684;301882065,660653378,1712148324,1890174664;0
====877848770,18865091;1491188033,1792437896;1647579094,1654313705,1565827899,1623500192;0
====1799416515,553671605;2059026029,1024096863;709730453,1992568117,1728560076,1964092288;1
++++943258655,1450343847;399018630,841463232
====296380995,356338204;571580837,1156183834;590015292,677194900,1412766124,602863202;0
====1086256171,350004027;475734894,882609881;1860832846,1630756845,28171066,2045669375;0
====1629957014,1633219598;402780759,1859601342;852184707,1264309055,655431046,1987564834;1
++++455199930,1302397694;1133548565,1755373296
====1466641115,1234430305;771431735,260196113;1034286740,915299023,1957442942,1989686064;0
====1495815913,1701658718;634496373,659921367;1428334508,1786963315,1867282954,1321839716;0
====108003228,1013875116;586184005,1428844401;1564629436,1204637201,818551322,370611248;0
====589059995,1560768896;2132284303,476925249;2035366569,116034707,1861958248,541400557;1
++++347494846,1397259606;1708639765,1166181755
====848094113,674734247;1755448185,1938577707;209924282,446995280,2138033528,361163455;0
====1857320832,935680294;1431956774,396221648;1755183678,914105327,333415854,1297976175;0
====687898435,814156647;1940007432,749059877;1639494044,1613024521,1188707075,1849769255;0
====222740703,502400391;1554042991,1635666608;359652426,748711800,12397437,1181881891;0
====433750483,815452951;1169750056,1092816181;1202084356,80605279,1716511162,1558382146;1
+++1024269667,1646566479;1214576506,1991427999
++++669192253,551118596;2021565965,1596840209
====696136222,823955314;2086894754,524810952;240713453,293656873,1545468351,125203949;0
====569142628,1383846039;1784304953,407046364;1990013678,505234852,982072736,707385090;0
====1526603218,1515375491;388911140,172423488;1690915887,316251527,696809152,1667423790;0
====1204836904,800114557;1132878520,1978724878;1826618048,1928931864,975300895,1933931652;0
====332775062,60278480;2036003266,501313687;145008730,188136310,1241609561,42990599;0
====70245880,5604881;1833355534,916550918;230172712,1737329951,1294062880,1776418866;1
++++56598505,1231768954;1520646741,813100131
====215658825,251903704;815048961,2119141987;472331106,2109309779,142819632,376075173;0
====1982456497,519532993;702726903,677928172;622853801,1785459481,1204068247,411776063;0
====795588727,528006054;541749176,1024500707;894583473,860250617,2074329283,564655288;0
====1245525213,1047200292;1163234050,492257957;1019353154,2089267190,1094119552,1963981572;0
====1747585924,1750191005;1762107754,1270269717;1061673483,1030555808,26726377,1902402775;0
====1125499416,631965863;789879984,509448025;2026941212,108525657,1078731016,732454383;1
++++614283820,1689267848;163936198,2104261846
====1242933607,1731436883;1698876328,1468723806;569879373,2008947265,2045012542,445744668;0
====1505662419,1355462431;2023371262,474584435;335943769,131745316,1308873199,2089644544;0
====591002195,1302626405;670596212,927527469;1432715352,545268231,733912404,1758361998;0
====23285090,1805567573;153633909,1531104076;858586902,97992207,1204922649,1759219272;0
====722041057,2011629319;299249653,956652451;999299110,212614543,1845047462,180340141;1
++++869143752,383724612;172702661,1073592902
====2032375283,1196895662;1369688216,1464351523;1090705243,1788369932,92825789,403295331;0
====1195706090,770288879;458235695,687672168;1186895146,1212669785,805125844,976707085;0
====383792419,1224690120;1789073163,356810806;1175987006,899285144,1917630530,1250582419;0
====812812143,397075360;1267397530,1789848493;780133597,837054670,168006429,1587701596;0
====1748605576,661878108;948010895,763243208;2123523734,205738754,650496516,109328522;1
+++1234800139,1512262927;983027775,702106346
++++1308086112,1207182565;671411028,1033464181
====833974896,1810249390;1361932774,1856358407;1422242352,250318581,1892997525,1059015994;0
====1120899538,481091364;30629394,1498072842;1222271564,465301377,1949983541,1469885753;0
====798147363,1766587960;1159680871,1099961839;723748935,2086842607,562950914,1669930830;0
====408385766,1174087317;901069936,1823829522;1149563639,893548976,373604536,1906106940;1
++++1682939431,1290246454;444941038,601547465
====1983376205,720276663;14205607,641012547;1126561090,1117376228,1992182772,31639404;0
====97725251,985272667;5570830,316922622;1066551353,1132161893,226762023,960080197;0
====537451957,299879937;558349666,408701913;914490858,1422243672,1496656074,365023690;0
====1073678899,1801921641;1113438040,60090359;793641307,856092069,990217132,1064873923;0
====624118864,1070170339;1797290055,1024273676;1354235720,497100592,989898773,163211340;1
++++257101349,540227596;1942292688,1124090693
====186244325,129454643;717784461,381623142;1582878732,2012512979,1714679413,1947081712;0
====1923805610,958960714;1169112107,356193958;1925253541,1600216710,732339144,139255109;0
====421822413,741894266;1951464118,833344135;814627383,318077631,1344242790,894071528;1
++++1269523790,1966743207;95783439,879640645
====1353639609,1247210301;1448573828,1611199077;1385722025,58673928,1600767755,2106844921;0
====776264595,1860212636;411607029,736138988;1951841483,1457652373,1066529893,812229314;0
====669577439,2048649003;59757030,1900068828;788592781,1158100466,1986439956,1029099573;1
++++1187061563,932681450;388729876,1106221775
====1599585878,1814432643;194347581,422458495;1697572861,124770134,1445062027,147759355;0
====1361708829,1499535635;369898438,17562138;1400646757,1583953934,1642614230,1452634341;0
====2091409066,283664784;1669387046,1255535153;455774296,1287805792,2087284917,885113157;0
====2011912732,1329057990;1639340920,1171262191;454268986,772503443,607246540,1666018472;1
++++1822901910,57625968;1152928337,2135003876
====530039266,2064167650;1907779227,500107005;1107312636,700782080,419105421,1936145225;0
====2070636561,939369896;785119726,1185331293;1993260081,1445735849,1712105814,107264831;0
====2006847859,1486740490;515734743,2031994980;1459386209,59963834,974987467,1055324816;1
+++1122277303,725982733;237127320,1947759541
++++1742716363,160584926;724377672,1134807825
====194447527,303854630;1964972286,1668109481;453100966,1379823738,224760528,140771511;0
====971064682,1946133978;78683277,1380743575;1791239065,2083482046,584664814,1674515419;0
====1157847400,1411375868;1287603028,940447281;97926238,1180659971,214827980,1687719244;0
====625807835,1651211972;392572771,1858363281;343447915,801191361,654356473,984349822;1
++++1869556051,1883806486;419803207,1786455571
====1604303081,1509833422;1814142776,967255112;456095546,502567616,418198756,1691895396;0
====2046033104,1751154984;1784452444,791074711;1917834407,911360570,918662252,100358302;0
====1620736397,1447492747;1307422514,822350715;9160936,843421786,1038436342,1254060367;0
====489715060,983274076;1780765208,1663594373;1210363071,1866786452,1767935844,394799252;0
====2049467041,236079093;1809450375,2072120803;538241279,1081353615,1638843338,2064873027;1
++++1642660239,1186407390;1928786728,1663366543
====1933102257,555594440;1106560970,1408873457;275175579,292451032,1718544842,1179358986;0
====1792530582,1734328001;463765394,1029843038;1258926288,1358584322,1467306088,755078299;0
====1842996546,46719893;2031180047,995603271;2036496192,334541803,63617173,532724964;0
====368220984,1019675299;1855303682,664030574;1582616083,1417981729,619839316,1372166995;1
++++1125623689,1873448660;1269004486,1157755811
====2026420322,500503573;1381344671,1284430033;452690858,674342899,1530149417,1404571977;0
====1712737068,964132183;618416298,799908492;2128065769,693764333,618388783,837843184;0
====1156854186,1236189703;1108668972,1224458142;1887027951,1063479432,499752496,1819378349;1
++++154068314,1803029086;1034381366,636170777
====1507343521,1175621279;989975724,500582362;473034049,1862686771,114685930,2099833458;0
====1586607018,2141537067;826860516,1563483790;1045921747,437662549,682017766,1383626506;0
====194908213,911738586;1204597653,904060169;718656219,561904694,2137500144,1262500580;0
====1439110152,583552261;1458257480,1377638150;349419795,1632054723,565749869,279244825;1
++++216447784,1878936784;1086946460,1238569620
====120812161,1089110559;1576428111,553198385;1411895944,989585568,820032509,599185802;0
====765745631,484263286;409782018,1193112778;1420225067,1847382295,1728616759,61061158;0
====1150901228,1026548007;1790558788,128687200;2075847599,2091729118,2088909112,1076659850;0
====1565286576,2124360345;1906650596,2043306892;811949351,1871650624,1890451915,689323230;1
++2080985174,473448629;641650262,1353150345
+++766187198,497467921;1496275102,1364708272
++++718549161,1915900540;1971688544,1059851965
====1497924651,1945203623;770994909,922114801;826510942,1678098527,1687150628,322302129;0
====761635100,341385365;1225464288,1953958954;1970772904,1683069477,2106694310,678026427;0
====303657132,754954978;869986835,1262565445;1731081273,72771800,316398113,1277937246;0
====383701633,415002888;674713176,1732517496;2055370036,250729549,570635626,281519031;0
====1908620995,411828243;973661648,2233718;205444338,539885320,197834405,1490873444;0
====560162691,1403788752;143563484,810438410;1716948141,1191716875,1381316373,1870003452;1
++++408597347,2099464631;2054169190,796610983
====293870637,705448236;198347898,1271234353;1960376246,1408690067,488154729,223095294;0
====1385869334,1029100229;374066185,523121455;1079534148,2132903031,528433369,198160851;0
====408750729,824689338;908057954,635550413;51535990,882408682,1654063607,401275135;0
====32904739,1649886377;2047400559,765270316;2068135646,181910294,720526337,1260676073;0
====2004266515,1710283529;1971380318,1435597876;1340292403,43873092,1726650541,1733324177;0
====1281537039,132732233;566478237,1204555509;1167974034,498920599,1721666069,1469886310;1
++++268818709,384469299;811201898,1870937241
====16321412,385171827;517998273,174516652;1080225064,1275854427,485008632,2025996214;0
====140019631,618588704;1687943430,1743731027;1673454516,130221918,820683813,257349500;0
====268635907,1680821882;1992747648,379792600;571257826,920276898,812600747,1003400397;1
++++1898864100,1396452223;2001538595,1243777780
====759711542,1632408289;2014092390,192331970;1639749840,1623825651,379190265,249604453;0
====1571685830,1688035629;1777540004,1778570076;972157281,2025399697,394185825,1213435642;0
====1119809585,1508982253;1450867885,87847824;647210378,1785893002,798552688,2101316074;0
====1570094012,1319862784;47252925,1644996294;1281985887,562159797,1649870557,137909834;0
====1365934101,887755492;739620108,1856797709;39525537,348772313,1645192631,768579651;1
++++1383845317,914471217;209201956,1669053032
====493908817,13800036;420687019,1171046848;2012520471,1006477718,436050994,1689913047;0
====1756756201,330054780;542007638,936455724;573370014,1459899598,1623659872,1072906859;0
====688218100,640453854;2078007548,384275893;920431130,21832581,2064776931,2065004352;0
====2114416364,224922982;613720498,1589572598;325822287,1605661497,1310678763,518929346;1
+++236528190,971715424;552325810,506719784
++++880040341,530492446;602890313,967893302
====1400138396,271288588;584565519,959027580;6566003,233462747,496084148,268347104;0
====894019412,531332396;1030062203,1628358498;1188479686,1160011216,1264282466,1650534633;0
====974265487,1821171098;1376724611,748210359;270011483,2033249166,585395838,1207795504;0
====2107348130,174421604;668676639,1783040786;753636434,1598001390,918865054,1792669859;0
====689823452,1283853638;756118387,59584580;286398323,1691783300,1639625450,797515239;1
++++151566796,1728945428;1145492539,1354589087
====1150264992,2109077262;1056197233,671516565;317168490,624911985,1474193068,778539228;0
====1794033017,1839881337;1039330184,1754307385;848303514,214411293,1617388034,1792560320;0
====1445271383,1845137216;247715408,1629008752;768319304,1894422818,1104789918,1404438477;0
====237244386,328127388;1746787024,946819686;2037411553,913180041,1872596521,1187026442;0
====1137208893,801491170;230801453,1932194456;1933276444,621845789,1977701282,163537580;0
====316907104,1680865119;402538738,1738913640;445394291,1742801938,1326240128,1344957631;1
++++256868986,1850769565;1279708270,48781801
====1552844029,2121080492;666201275,1566624202;385468055,1308180649,1884160368,1383144959;0
====1750566204,1108912094;1584313581,218942490;1236604048,1484374116,546874471,73289007;0
====428360095,1142605065;417569752,369451939;1230330192,987269534,759185297,341009033;0
====462747484,1198303755;2069653185,1401854821;1398655033,925815689,220239098,885582243;1
++++333191318,246076030;1570782636,691178000
====1457738419,1537684775;509148735,1171661645;1071690112,1827426729,832127281,845057525;0
====310026891,1467302501;1884170088,828818257;1584366537,1774664932,755069706,1333472536;0
====1230433371,1305770232;2080432734,380672919;122309600,1229368568,304703825,1832985383;1
++++272435428,320795412;1956738294,2007537077
====51667852,1909516256;821788533,288807048;1041108315,1526439621,2021283180,1441383206;0
====1901970524,1978282364;1263923892,386601163;976054879,870879109,1559090563,642705798;0
====285899027,2054826062;229026934,1182793436;9026956,1995580333,987321668,881974453;0
====1492726929,878270364;319223583,473969319;967442241,1701791486,923648945,1985924094;1
+++1657902058,844506430;898810186,1488937401
++++1456344416,140137440;2133535499,2034710376
====1801150073,725216429;1975564978,1955504590;1299573636,1061405523,708378556,423095601;0
====159297234,1379683522;56619796,1432520301;2046374952,1641125617,2133999812,1053133211;0
====1023419668,2003837394;259067072,2063250117;1179486222,1889113026,1225468690,273254440;0
====395526140,2141365484;1311253901,1716021349;1589699391,1893787881,1855034060,613358861;1
++++643784025,70132856;430707739,1395544150
====852050432,334181565;65152887,1255712309;1342772252,444238226,69081885,762900517;0
====384750498,787335383;2008699644,549170736;92431901,745282783,28412919,1875589760;0
====1073848286,2122778584;1613089607,424475708;815267922,1616807790,1253696705,426012592;0
====1641303466,862028674;1060818213,1521340284;1531009191,1747860823,1983518811,1668717769;0
====1375042141,680354848;577899416,1519922505;47696030,1831337824,1289584179,2056540050;1
++++1101471352,187115073;2089652071,1984713300
====1999300211,693168477;1484723316,1968075403;1229409095,978237670,961012241,1284370516;0
====1768319845,994750066;870114372,1167913556;1593128882,725451762,1135503972,1622974647;0
====2025450725,836041413;1478096725,974164941;1673478980,2039213702,307006851,1610349482;0
====1282605881,22994167;476209896,147817636;2015391198,1762057393,262691477,714615665;0
====174173657,2096561624;1458914791,2118052919;2115444843,773483473,34978402,933030685;1
++++264163708,273383250;1165439067,1672102019
====1785372135,421074103;756423349,515344145;1574657388,335360495,1375634965,486668147;0
====453477792,1314718375;680480018,1651729037;904124588,864966042,270286059,1730087040;0
====1158248540,875126094;1962042223,1347005974;647804997,1514927264,939159904,262034264;1
+++1173875086,1833589012;928114020,1550582604
++++2051833,1088906701;960667503,705709169
====382056024,1764820279;840033291,285985054;936104107,662457392,1054663015,1132467084;0
====330759406,1616792972;979097803,527500322;1871316101,1235392621,1423973258,93630730;0
====1088656152,949363342;1630763379,772192015;1365904327,1729670164,1873123707,1918854456;1
++++804049939,1282383417;261800648,1444439545
====1077459298,1731088249;430218453,995265195;829602009,1511432626,360089721,386500909;0
====1467935973,521885817;2114979431,2062632394;2122506212,651992178,1352142302,810012671;0
====1700877397,738648410;1575179478,952495549;18934235,1011157189,1627163120,1748327025;0
====1524542668,879666530;1525699413,2061401582;866959221,1189023794,1290908983,1825386519;1
++++377304453,38721676;1744954677,510696186
====2131681349,891600271;1680582532,1749771035;1980573832,205582546,50061167,818481885;0
====702969746,421615612;366836104,1948122861;1515159135,628883312,1735839871,2042983455;0
====1289915140,1808805307;557422947,1959509397;1610311665,988921200,1292552129,1854641945;1
++656357309,1605589784;1214693491,1613053679
+++1591537262,1747841647;274825921,1892214489
++++463478318,916513756;637689425,13227852
====853981862,1306910932;420740576,297396665;974606994,1727861608,2113087086,131643825;0
====384467915,662354281;1580180803,2021567422;1070979046,1068192156,984248772,2140857946;0
====1558521445,470435608;523500110,397578294;768100030,182894036,2034919059,1710240049;0
====2096058139,299815841;1817576909,1537470600;927249086,733295936,1915686504,1397420620;0
====1186596190,917310126;294710996,166558266;360056547,151726060,523162956,1229724476;1
++++1040545220,31794866;414320121,1238523814
====1156070025,1649340469;1522131082,1933804126;375010622,2027173993,2082604937,1615283028;0
====1684143591,1179935598;963123495,1860222795;326221167,17002298,100670904,611298369;0
====327514613,830558623;1982059782,819354807;2079595829,1663734332,1460024157,1384613257;1
++++1896473455,878484911;723688830,290829433
====2133775037,1625810186;1046553093,1650606817;761357540,1509135547,409566075,212667611;0
====682045509,1208893400;1437971697,2112106666;917500008,684389874,2141076966,728557516;0
====1759152058,137172223;1528871851,880283434;1629727844,1841101677,81165465,1319374595;1
++++503851942,629877314;1278091782,543570619
====291870608,1197931291;1434025882,1907670205;662043365,862595829,1900534226,1348039513;0
====1753063023,178665868;233894737,599292999;1038134560,2120052311,170642414,557663350;0
====1688768233,1139216476;1847547582,865620455;854837827,1618238585,337888481,1017752126;0
====1335247836,64959666;906784788,828241808;560044918,179862091,1342500368,1338979647;1
+++1502778979,21035909;1912105391,527103074
++++767516755,484860334;676907815,1282747696
====1697326493,2019209834;1262409352,1683345810;484384243,1495128409,969114829,1343742678;0
====1866061379,44258596;2015110985,1357294299;6406440,2120150755,2107774574,2130537515;0
====702830342,46524622;1180875387,1413508251;1965314782,846397971,1307793799,852640017;1
++++648302996,1390842820;1351859081,454092664
====176883986,239415705;166699867,1153944233;680393939,548500769,22334659,359725717;0
====98987518,797863014;345236989,1752948062;2087829981,1011296302,1440636034,934857975;0
====1843120807,2054675779;2143802143,493718944;1877683455,1480610785,1028991279,579294690;0
====1303467048,673706454;1136240187,434045882;1114135779,1592350243,422131803,124528318;0
====569485277,545346999;1665404079,1005050588;1860056920,954769017,1869742068,534629852;0
====1495939014,2088652285;1388080616,909122313;2039600425,1671284939,2044940283,1111892097;1
++++1026690827,291439051;864802141,648268636
====496164815,1028243384;781696640,1720754428;1163409004,945998344,88485191,1465353220;0
====1244175864,1213812198;1771123797,1604037528;229525069,1183893419,59934656,545139762;0
====1994005649,1867092680;1147792996,1339367199;289332465,1715265774,1860560546,642241560;0
====2089997522,1958027226;1286276441,1453307898;1223029306,579770174,1361408751,693300121;0
====534127099,1754417471;1355628075,705223455;2029350921,1793583067,1362818974,1601944600;1
++++61926289,1685567836;1753789736,1298201392
====639223486,1144337114;427045047,2123110108;1704490037,238964880,1840634647,796481617;0
====558698788,1489346556;57102273,854195576;1072853939,1628407358,302552959,1066488681;0
====1382974386,1528278437;205514877,39857721;84107061,879746876,259964724,384946711;0
====1342967237,385892097;1795935789,1721891066;361535997,1991838975,239284851,487160112;1
+++1796554784,729355595;1860404270,43044565
++++1986879600,598410174;853376308,899267820
====892124502,900547655;1740718923,764477659;2032393614,964810301,323862521,1970619993;0
====1550333380,305164604;301211067,525420138;1445107100,300528461,332401662,1928188325;0
====738462228,1508229504;453849431,183682317;1929414960,853421177,2023106394,1318821097;0
====1729909445,1373116502;1836368569,922623293;435839898,2067840822,95049426,1281588707;0
====64089019,734470072;2065930633,377069479;674897649,632454790,1424839063,776353070;1
++++1518825642,1538071062;678943979,267674559
====1274666133,211757710;1672910159,262766041;382804316,1439405818,297013758,1224583474;0
====1534481643,158291885;1334723128,705947930;593175652,2017794181,596119172,44556767;0
====2147268855,294774063;521185269,1044320335;1458997851,628698199,2010617038,170721421;0
====1946016630,254661295;1041799041,1270235301;1054224267,1187104502,800378162,1398719647;1
++++149574734,1425110648;1402706621,2129996728
====762042098,1463052191;729457141,1375229482;425565736,333067025,1414413058,1978293889;0
====1748317643,977106386;1353893118,177461364;801872157,1129145051,2058285459,924419766;0
====1225965228,1463243479;1155893248,234708989;1526895937,1774940786,1258612019,1304869023;1
+++1162876554,539261447;284510520,1320639581
++++1972518434,1806464426;581090841,1804741940
====925580360,1699150114;1293831796,1270166789;1569003824,1453094414,1445606798,2027458445;0
====808881185,381237670;108151579,1208314427;1629437186,216440569,1086008290,1737810942;0
====446348515,1342641293;2114128013,445136314;264402920,1956022975,1596809752,2070911809;1
++++373640989,215452487;1045660989,572085803
====1231026799,1850790057;2106903992,1571079043;629367000,1214446220,1331823808,1767138623;0
====924380905,1071118751;1468465122,1754129433;1530614629,1160491696,581064374,715751133;0
====1070704980,1800655170;1639551902,759733105;1184059626,337482822,115066198,1402338092;0
====910069123,2018674448;1354730099,1586856105;1660104530,1213885130,513102319,1726825749;1
++++1369340365,650439359;164983219,203666502
====2123289950,1258103590;1063091969,1514969755;1059426072,1801932904,1826319558,1449021995;0
====844965753,986070580;1594680185,1258946261;146118367,574499234,977085709,941559188;0
====25898687,987309498;1629720405,1834034906;1161578213,90555215,1712414810,54238476;0
====925960956,487937862;190578801,784139311;1085396871,302731052,1614661527,991728172;1
++252625577,1554119452;963204768,1071421731
+++181324029,1161238548;1566821392,1742140801
++++1045350093,799235706;2115997601,1843019630
====1048992362,519460536;1063627343,1472495647;1867236543,1719172386,623757236,107533006;0
====728333995,985934218;1911604350,332689161;1437868682,2081189975,928952962,405775948;0
====278470874,1099768302;1275368845,842983388;1394574304,1242363231,2046243710,1778691886;0
====1056979434,1906636604;1032679233,1368252677;328784995,532931609,834012848,1194019453;0
====1124903529,1150263215;1308427979,1873119631;2143904253,493357252,2096839762,60685424;1
++++2002893292,1533850873;1217450566,2087886005
====1208912133,740736480;1837999283,509886311;2024188152,1891581621,465297160,1891395388;0
====492866076,730783596;14265827,127556673;1565823368,57813101,1943593184,498042130;0
====23126733,945392374;1468180293,958784579;233080889,1453883490,100094410,1237704336;0
====1369663604,41520823;826516672,287933137;1849962075,31194701,289590539,655545813;1
++++1632368269,1379048473;1403663898,1203443337
====1826597024,1522444623;2032086821,1583306336;1111228497,6339258,548525648,1191058365;0
====1893469104,1511348152;751459627,409533341;1479525881,1928503492,1682472628,118678665;0
====1387294911,690408661;1909491545,1139674435;2080499261,1656151739,605015543,1064973195;0
====2097158260,987259830;24491896,1276693952;1181711416,1962797600,1988629838,1433235745;1
+++62905563,954851684;623316301,2033760848
++++1303827531,499575682;241023200,1515247052
====1433409946,1763428828;42680544,1864521236;279040960,1159828678,1598772444,755428098;0
====1438089014,1236339765;101155422,1819666167;1726314537,1751710025,2009451290,1583668835;0
====1953592502,1260819157;1431945606,1361270286;909759311,1685093616,1935634632,1118592121;1
++++429791474,184319636;1570967649,1758361374
====1390481046,742081406;1475938993,193701364;742329888,2087989998,1999151023,54154205;0
====1475556357,2130754419;575004051,1128026748;1467937129,834489694,370515156,2065676400;0
====943942050,769808875;2081640387,538091196;87757465,1350248218,1890612697,2126100457;1
++++478340074,1348933440;61927692,842333813
====15299468,1863871010;1088389788,994386520;723622442,120987455,1059073477,868893956;0
====1207375331,351384783;1481037949,2116113024;495421365,61943260,10474333,508075017;0
====1551718198,849683525;2056249628,1139338894;321957614,213563382,1209523119,695873350;1
++++1970358189,771168944;730754129,711246336
====1552351471,550406813;887437433,1623401552;1059692000,2062662585,262930566,1892890702;0
====508816480,1941822737;1580764083,1530335954;1230962385,42732897,329492222,823533288;0
====1729538012,1230425257;570552936,465899094;1434641534,1998542307,1666751746,1976328023;0
====1120723775,1547572218;1934630425,1145763316;18244570,778440634,1276450562,977367230;0
====1229505471,293184721;770771933,69380545;1017296345,221897456,1392751853,1072532857;0
====22775184,1688414126;924309355,1277610216;831233276,967900967,938489531,870551000;1
++++1474021995,2048955436;2021247133,1978303715
====1356441422,626118778;1700413500,1396959951;536650889,1759409891,1793193291,682742764;0
====96812870,1766090657;184353456,500089382;715868928,633231904,1266379978,48553782;0
====564073387,1408421402;924795288,516200413;851598504,1839309108,1157321507,297672818;0
====1279862756,183526265;1074949648,770883985;600683073,1911778534,1412520152,840368710;1
+++1817921213,399563816;956162536,1766591540
++++578338515,378446323;20517571,1651190125
====1395813791,88713306;1977856855,749939530;774146565,1382578890,1542437533,2027010025;0
====2012566743,959722702;1827366603,678030252;1763101526,1572820385,1491560936,204661277;0
====1851748123,264919878;1702202337,34064314;423217800,619821871,746255858,926473172;0
====560688392,270775838;1794841096,1030739402;920731955,304140130,1345915783,456440159;1
++++1958765857,147728395;260625379,223350920
====1489637491,440318142;1896558749,949916476;345573137,2129752454,647488740,2017340368;0
====806555960,1270366517;162126321,799933162;1382128873,1440040662,1249629729,1525164297;0
====483794006,1392847212;1170894961,27447093;1197379706,1492165752,241619030,2072522442;1
++++2107627149,1142981835;701657627,1557669445
====1759550890,1287795918;94775726,786362210;1977413478,106890202,2102485989,1235060447;0
====268905611,546917047;341723606,1555092122;1414280880,2074832674,1162646509,652102647;0
====357710699,458313438;398196520,1951511971;930097778,1905810056,1118856313,1147954734;0
====857137708,478237972;745760672,963967689;745522428,929670826,344743400,1186345385;1
++++585229364,160520672;1667001146,573837182
====701375607,283799862;1211562914,2117261939;1364282971,1238598276,27268928,2078075436;0
====1784138674,417358533;1764777274,426152542;1254998369,1580129629,1743147397,1547140338;0
====1523722427,1747916763;676215212,1471094544;194915828,833728612,1488406700,1413145869;0
====743732453,2098959958;646831758,1373998906;967064163,1800054352,724041173,883666131;1
++++1694070346,1189909221;108535428,1944575917
====21581112,1590672462;1873880474,1677962438;425121780,1789472988,805173179,1369001831;0
====742849087,1875368844;273361350,1749218584;1875098147,1465075555,561552330,1113258503;0
====599663062,2037214420;1692656809,956434025;1006481044,939192644,1302486406,1223156171;0
====435056960,49047155;1989859737,1162626931;134788368,1555887969,1640845557,1494363857;0
====1945888788,534580796;216950519,751541692;923812173,1531154189,875501127,165066282;1
++++794064781,2021108955;683689867,676321548
====825323976,15765241;468345782,1115202691;1035724059,1109732191,990517519,140501271;0
====1650357189,1905759721;864561561,1003887268;1753855750,2141848291,669231373,1475013241;0
====1753590539,555846763;280811041,638009626;1406916945,638904646,1877880593,386990872;0
====1958315501,246338505;1460156664,1485633814;632790448,973131522,775085514,1073286743;0
====1539194244,1721533905;455842221,1749784399;1554541564,1495470173,1111491919,1332442131;1
