4;3;11
+2754803464,2159087908;1418389966,2300153703
++904875175,2516149319;1295372783,1188204851
+++1465121582,1963498647;1503721061,2451080873
===874200978,2875315718;2481516520,2515614587;1686184407,2614617441,3854111891,1235866221;0
===2676242905,2888097184;2412915517,1432764096;1414640994,3146040207,2905216663,2607589652;0
===1090994614,3489556043;915434311,1725328448;2848020570,2426384602,1352256558,2087559593;0
===2368561062,871892368;1912548056,1650878615;2666994708,3851846329,2857259600,211850993;0
===3592494510,2126688317;3652765358,3923128974;987316997,1791978126,599442980,2239525954;0
===1351115688,3229479875;843842294,974965336;2821232424,1758373519,64140033,1134620135;0
===1591082948,2245065630;634451289,2685457395;2548283457,2716935978,3529186996,410519190;1
+++2267081137,1558502812;1601961403,2392810165
===2544270917,2269283753;2586600074,2070126870;2168591270,1674343750,1395384605,1390255033;0
===2033674797,2853758625;2025882854,885978264;2321669983,1750923791,2853779308,1304149811;0
===2689062003,1875966359;1744203400,497129952;1928927955,1276798712,519251310,1373513435;0
===1541738744,4250974319;1201496695,2271000086;1309624500,820225629,1706576890,1327142084;0
===3613994207,2338530466;2620843549,1859315671;2193884341,1977294177,2873996337,2264751935;0
===2523316953,2079892612;3481885706,2322756125;2222957718,1997689292,2193150371,701666743;1
+++2688027054,1962282092;2246890743,1512063923
===1828070683,2409584037;1778141108,3790948324;488293899,2079909416,3610794356,1901643546;0
===1208088709,2947983002;1126731168,2336282725;3070646169,2680444209,1503183516,1634836541;0
===651139854,2116134369;556208879,1213129147;745154091,1712370440,2365760074,2423268272;0
===3323706486,2206279263;2733292511,3516046666;2178593877,1464942114,1110322480,985835678;0
===2759087898,1362478687;2097516545,406862257;2105070536,1596342617,1979641284,3016144607;0
===2804244836,428719382;1342079855,1975462841;3243798883,2203627310,2273368539,3124925640;1
+++3064873614,994982513;1097645095,944966077
===1083390920,1249368321;1946992417,2158004793;982619058,3336482317,2974604739,3433043594;0
===1850738358,1963973638;2916791553,2081593725;2934647394,1604279688,2587009073,2615171661;0
===1873237010,3710374998;1765012686,320942513;1695974718,3138880670,3217801655,3013306504;0
===1662423774,386982356;2013474068,3197678085;912291147,2145283669,361556904,2309009212;0
===2928734465,2518088842;811288303,2742089800;1708621515,2215680375,2132678757,2063190406;0
===1943347263,3437445021;1691900919,3905654681;1234754259,1518909937,1801764899,1983696216;0
===1800973042,1921973926;1502621785,1722124376;2196535176,2433286823,2734983546,2481221438;0
===2182510207,1169040952;1994727622,948139681;3199105751,3417895792,2938918919,2618929054;1
+++2859164307,3321694612;2381785324,2308448165
===2300569978,2724445781;2771396272,2375246838;2302183347,1399969483,2368049593,678068011;0
===3748450183,1569639946;1708805671,2460205382;2732398657,1544138934,1837235901,2430590431;0
===1553691441,2254113369;1714490181,1679673740;1162657396,2844008708,2163931341,3080962509;0
===3278837243,3115474269;1412712956,1561261143;1509507052,1995424170,1931012258,1318462074;0
===1187133247,726160804;2116319259,3234076352;2104477738,2892237854,1746502436,2245409761;0
===3064459963,1642407231;1910152169,1385003395;2364785252,2216436208,865210228,2461576820;0
===1107642122,3010912075;2250610788,2486375840;2891410049,2125642516,2505648299,2835443452;0
===1189102154,2983312640;1832249176,2451608662;1240984646,2325291119,2477734068,2439934222;1
+++3422303093,1500712412;714845383,2968963459
===1231045636,1999841806;2132215293,2758390373;2339017763,1914076525,1954191283,2603968763;0
===2363610663,2171133185;1288332095,2018460510;545665861,3216380791,2706141943,1754601608;0
===2194582682,1085257235;1089792477,2655057043;2373313196,3690716916,2391151261,3422930191;0
===2573800067,2110337776;2066735604,3491779491;2428008989,2378419216,3846866642,3156039589;0
===3595489640,1801942005;1899258792,1143742641;2427505359,1853487765,2705587772,1327276578;0
===2994855872,1711682177;916776964,1579898525;2078294850,957045990,1821325803,2971401909;0
===3266358865,2461921450;501572777,3654296935;3044011662,4188319017,1706165645,32500089;0
===2166842523,1831843219;2707226987,2269432119;1945239759,4066924579,1869314780,2191805311;0
===3559139608,3867663311;1539321827,1670793128;946075252,2146635118,2509666384,1746435009;0
===1535988505,2076901623;1460269098,2522849406;1745333210,1546452698,3301648833,2938076633;1
+++2431616110,1417075779;2870923306,58743986
===3788672692,1948230219;1582948447,239425915;2001614543,3493048071,3007219269,570345931;0
===1314363021,2524484317;2365292592,4197373843;245763965,2336835459,2987376766,139956489;0
===1989562877,2197923574;1291906181,712984501;3187966536,1825481643,924013219,3032164004;0
===2411594027,2153872768;3093138099,1885270698;806331907,3560129589,769412462,937519105;0
===520669818,2692670865;1680047414,2226099046;148790584,4203628394,2257238819,3300894256;0
===3068947560,1328411336;2078083802,1961031343;2436730766,1148779275,1658359891,1895170943;0
===3037406883,2150200868;2361836606,2746934615;2419041939,1739240816,2712969202,3643044888;0
===970579985,943428014;2074498786,2144768164;2228949020,2177011814,1903288232,2103300436;1
+++553595876,1483934056;1556720773,3177540064
===2935168656,1641714205;1464407657,3228936917;2763870897,1071219811,1281296587,1579726641;0
===3424765201,2287750264;1060623181,2322871551;2290351269,2466132345,3330999095,2193608951;0
===1285362078,1691429617;974711687,1808714111;2679854088,1752099554,2408762255,3010238252;0
===1527276292,2134777798;1954613182,2739179134;1354837269,2199248221,1882727110,2249131756;0
===700649943,3617362050;3186936166,2537911469;2443846698,2214824245,2098297111,2144535310;0
===2395920251,2397792372;2604823211,2840838310;1962709514,1714982421,3045672017,2308368936;0
===3217842491,593050113;2878232810,2838098354;4194422669,3346073979,3450049116,1541934998;0
===2874420637,2485506260;2618951683,1960395662;2451520920,1522362427,2694556939,2260456342;1
+++2204565005,3933569380;2527913758,1701694840
===1797229337,1350288543;1778042274,1738162932;2897856348,2062759046,3001463070,2059253281;0
===918686963,2979928967;3713472322,1484707042;2121124665,2930384453,1242755974,3797418706;0
===1458496077,1601468930;1388766284,3844317777;2669809294,2173598798,1773206158,2391340921;0
===1058021468,1489941415;953323754,303988259;609814435,3754246106,2705896525,684022437;0
===3050160880,2279115257;1581501541,1578440117;622628151,1688642724,3108366206,1016673870;0
===1241656523,3234123884;2353527152,1934626275;2466403497,2954662164,1539763570,1595891063;0
===1777726480,2990824653;1149250611,2145126988;1383806234,3975275015,3117495583,1091348228;0
===3238446088,1976855097;2702285793,1696701636;2093000056,1481671015,3237724267,2150613136;1
+++1470706565,3005359868;1686297546,1245664164
===2004480572,1476246004;516219373,3567095186;1714104410,3911185091,980420905,3227591860;0
===1836062056,2695783131;1388071839,2821761680;2960087638,2378487650,2311983501,577031686;0
===2094275324,3683102651;2891041629,2794642046;2344873687,2637696820,2475378238,2280195803;0
===993636251,4145023895;1507669107,2490989294;1738314058,2413808234,2501188677,1256825950;0
===3969089127,962386405;3134492054,2291002779;70361769,2957700834,2935141269,2043358137;0
===3138387597,1556347663;1298112282,2211440051;1872577737,754718572,1977934227,2800879283;0
===3942643748,1525786873;2288468195,2659741797;1996949559,2597525334,3639269409,683813812;0
===1270820421,1800371862;2259101487,2452716839;2562502818,2232724609,862657664,2558799075;1
+++1232993429,2509259567;1832429937,386810063
===2000853133,3010848089;1926902223,1966509567;1596481346,2231705314,1741072723,3553343713;0
===1658943342,2499879936;265836479,1658399132;1556259472,1387210481,836211135,3500495010;0
===2400227849,2434810732;2526063356,3216594618;2479934642,3029475278,973644282,2952120523;0
===1647099388,1887411996;1695867379,946013259;1953113196,713709228,2200683406,1753775120;0
===2603639728,1231195158;927702337,1327439276;3631122366,2083789083,1856246465,3454132854;0
===3819700284,1949871218;2086694812,1598322055;1478190805,3454379493,1576063665,769271632;0
===2909678432,1935008361;3404915401,1778240379;1192373403,1023084070,2134999837,2820418766;1
++3718554971,2547073417;1966463483,2136322577
+++1863230303,824936251;1879723131,2122566668
===2562293573,1488776566;1997555332,2719123976;2687081527,3532933077,2943987265,3048663024;0
===2656037973,362504180;1116639489,3863449406;813505853,2587418699,3439332300,831620144;0
===3669251578,2800846963;1257864100,1438678120;1743808349,1440577321,1802786990,1443810277;0
===1863783882,2807028464;2469476633,1756183845;1557996694,1565167906,2432271138,2470495821;0
===1943526479,687945920;1608095551,1296882286;2697549935,2570066413,2026201488,1195382047;0
===1252719326,2743652313;1798578534,3311134989;3027474549,2515251815,1899689002,3254221989;1
+++367343741,2730601882;3673617536,2268152329
===3380644777,1552945712;1658889243,1774382174;1806295840,2470226979,1257300823,1972570613;0
===592548391,3480282204;3138609399,1987613326;3159888871,1212944617,1622345579,1529758394;0
===902849149,2885504543;3168043032,1945636353;2394283795,2791540141,1333067369,4074068982;0
===1313316997,3663167307;2558848538,3289162261;3124840201,979107843,1987452461,2030821111;0
===2410534874,2816206826;2758934921,1878316674;3233326272,2276347889,2128992832,2254058535;0
===2048820242,2722578971;2196236264,3586213925;3181897512,2056339466,1302000043,1883996837;0
===2645838251,3626968573;1682751704,777709790;2372080190,2604681210,2755439181,1737248623;0
===2190884915,2083282475;1886318127,2849949784;1941976261,906302500,3257614691,803451738;1
+++3466764032,3059459359;1895259314,1676812345
===2374852668,717815289;2501072858,887192769;2799026207,1977170189,2382520266,1403651715;0
===2141176942,2869905862;2691383495,2650511785;2587342466,521223313,2821393826,3109280230;0
===2217364069,2110231018;801188062,2187019326;2349848107,2149800554,168459786,2078671112;0
===3079101877,3797526642;2277869395,1009742941;2310451268,3075190459,3096785812,2980382706;0
===797512156,1714839245;800467361,2429397530;2188316783,2384996016,2392054051,1742577170;0
===936926378,3846813804;1279535753,2670010519;2945121993,1607649526,730199708,2854274764;1
+++3986258561,1801522944;3176647670,685000711
===541597630,2741514554;3043867604,1467283757;2234393744,2018798155,2151823438,1092030428;0
===2203468345,1558189299;4229983021,3207286551;1127958173,3266443810,3057860871,644810221;0
===3000448470,1534661741;2728879342,1439307684;2294367134,1969238846,1248534870,1690029407;0
===2040291918,1660460391;1292035632,2610778761;2287913926,559932646,3184980763,3374673265;0
===4055206881,3852695486;2983155647,2335670679;2503358829,2069000026,932876077,875059351;0
===1497563353,2889178662;3000662102,503972384;461939310,1557873567,1501384710,2704725364;0
===1354864057,1933279066;3148267523,3993999571;1289282423,2917561944,1380249344,2241971178;0
===952946555,1950862877;2059386734,1630579007;2700681440,1887054641,2055624075,3854658207;1
+++1157257635,3397843327;1343205260,935060023
===2481883469,2500228255;2569102451,3452907910;2760109529,3375218254,1837469534,2969374922;0
===3493570133,994214871;1403848203,3724722605;1261033834,3112905244,2645006734,1594168967;0
===1112164388,2770839364;2359178089,1142895617;3145054494,910171299,2223610039,3514964006;0
===990173995,1347272331;1842323160,1551734807;231437492,3240259204,1928371472,1130664340;0
===2299190752,987052355;2139478230,3649669024;1987801276,1718045071,2104993157,2684355798;0
===1415236447,2781021023;893799402,2433581386;2214511910,3219701852,1689492749,436419244;1
+++2310678582,2129349359;1861313574,2761007361
===2693142869,449536828;2994679906,1489466977;3562985167,3633604666,1874420904,2149276951;0
===1058786711,3898455032;1986343687,3615802153;3068901194,1491667165,2037806581,2705160530;0
===2543825448,1328186808;2690317874,1863569706;2423806346,1887544760,1128482426,3800565678;0
===1455869866,2412055196;2093395968,472483912;1784208304,2082382360,2582335858,2716009997;0
===2937773582,2597545092;2545186345,2297275219;3824314626,1950186561,2332704718,1978433086;0
===2071199459,1818843739;2719218741,1583862846;2219133655,3595971868,1849605134,2173800039;1
+++1389851997,2291530374;2065426831,463149044
===711967247,173950922;1098728468,2551364734;1699248244,1899535209,2081466033,1280004563;0
===2829330477,2309241190;2340519882,1569076654;1327809371,1352532311,236625917,2723408280;0
===2538344916,3099091891;3971398281,1352916276;1415675256,845591249,1558562727,1588337098;0
===3001055652,2786566013;1880172999,2364879373;316936273,3067136531,1412422791,1930480302;0
===3800968732,2554888551;3021323830,3893303893;3006482115,3713415483,1006283304,3052018913;0
===660999039,1505387488;3574396133,1330363584;836596708,2124096469,1445793603,1690036541;1
+++3599085421,3266196775;1414720118,830632165
===2530881732,3359562491;3270567557,1391977159;2164299716,2612478919,2771848226,3296059295;0
===3519892930,2741064297;3168049723,1487293527;2206788731,1317926970,2157820487,2219516800;0
===3368862576,1427863727;3347671117,1937433409;3540261001,352796637,440310649,1884510697;0
===3804769521,2142752109;899250492,3154046784;1153129313,3043258868,1505917432,1180694230;0
===1528756772,1734667918;3649170987,1842085004;2621473849,697124446,1505070405,3005714382;0
===2855940582,1546070488;1162377374,1825313498;3285427058,1910818293,2455343911,3274969269;1
+++2439617060,3822762622;2358918433,3613446775
===1307734598,1185301064;2048111917,3107713435;3381091402,1955160015,1333879269,1637395176;0
===1495580013,1741253930;943072470,2210635637;2090548144,2634731879,1237614858,2462019375;0
===2257983223,2796649806;2195693854,1789875778;1376331005,3907172794,1900926209,1284325366;0
===2153918446,2095016270;2254997724,1695614045;503181291,3100343054,827545695,2053923717;0
===2358482756,2539465943;1167701431,2192242991;2034456648,2762120714,1870027962,1487357634;0
===3037981421,1666830657;2209038352,3441952720;3453046678,807398177,3005372400,1144095080;0
===3961397930,2935171246;3631210431,285449796;2203584052,1299854402,1381546233,2783842442;1
++1520854152,1924870758;1107731304,1789313166
+++3090658403,2977946893;2087444085,3551436378
===1824240446,1258582448;2605111796,358777086;2685241455,2546062084,2904771656,725878534;0
===4100884820,1793156774;2833352242,1861443111;2097612089,2072410503,2367950655,2501949070;0
===3619450587,1710272329;2015196341,552088771;3263446830,189685648,2059935560,410364864;0
===2548270022,1778158103;873017247,2335413021;1463043685,1695555924,299561036,251048441;0
===1946580332,1763154527;2532567545,3917912891;3358695821,1700876324,853657706,2737001260;0
===3557772981,2058548677;2354584225,3169120185;1137718319,1439376524,2138243866,1307840124;0
===2319942291,3657549230;1743124009,1559026444;613473360,4021346993,934158273,1333560556;1
+++3294725238,1658304584;2558487075,2946268415
===1648859262,3472571346;2471253280,687711043;1684994771,3443317787,1968478217,2324264418;0
===2492227726,1309327372;867035951,3289071466;1349789849,2166189548,1297759678,1523173201;0
===1841350700,4075286391;637652230,2592362092;2669957907,2304245140,2293296568,1802601319;0
===2502443315,1653504446;1335488548,1369570570;1702694002,1296280973,1048195168,1129437584;0
===460494108,1021583176;2998349662,2247710122;2409474618,3681181099,1706408890,3150370298;0
===3679222472,1755785197;1878551003,3488423234;3136922048,1557140410,1049125085,1887202159;0
===2072340921,1501080264;2009895927,2193213364;1846301175,2355196465,518598324,475292598;0
===2150616248,856202708;2048001881,2443148699;2291383848,1242755210,3046114118,1273582470;0
===2997868928,3075725611;1834967788,840777526;2176646278,1632966318,445274750,3249954992;0
===695322431,1898004199;2251562934,2910491426;1946903510,1840022056,3460672791,3729390220;0
===1378604226,3313479075;2884761267,1643273700;2320136904,1890165117,3387601971,1441212013;1
+++777972862,2069503827;2431744618,772826033
===3893542772,1816810319;1762540160,2358913018;3396053179,1678168626,89565490,471424058;0
===1110655505,3790306536;1440549713,2420642329;2417512616,1894562474,1024292210,999374426;0
===2437878132,2694148501;1472231209,547519809;1551293299,3028208271,743827190,1077821507;0
===3119751133,1107846067;1577287568,1620167159;1579731603,2357265549,1796995087,3611776666;0
===2240415198,884004777;1002733332,1087055018;1930434534,1333057635,2770042511,1932650052;0
===982568408,713216104;418483529,433074547;2347374847,1613427685,655980022,2069168411;1
+++3476561994,1327857528;1518188020,1857569061
===1937805512,766968047;1963411332,2516040626;1636733471,2737390003,2944777643,3239047801;0
===2619542268,2947849551;1828849322,1807121128;1290271377,2257163272,2360849816,839521331;0
===2337485173,2206567144;2047402749,3388570125;3179461730,3592938441,3543466678,2420236269;0
===2229340722,3096160502;2114774491,1949805724;3211206092,1016837378,2829685785,1876795929;0
===1166852269,2417695838;2704257048,3351854195;2787262950,1563957210,1810718371,2993292973;0
===1411115664,1762277382;283454382,3126304234;1170543077,879321758,3639791742,1525656783;0
===2235616296,2860827012;1878150341,2028764237;2255251084,1284550613,1194268784,1455416453;1
+++2963752084,3018930665;426466697,2677851567
===1083530118,3802806007;478938127,2563832686;2605680088,2520464461,2432935656,1500924252;0
===2887882880,1996388867;2841113402,1953700910;2782423987,986609788,2242491992,2168588598;0
===1944024730,2323869631;3972176193,2281682547;2374969527,2338349816,1625786414,2449121053;0
===3052311719,2459801635;2249789084,2540111082;1779636752,2703561474,2481373746,2938902100;0
===1009556314,1674367774;2378034918,3940529078;2721567109,792070614,2481136064,1385680563;0
===2582910574,1235082206;694779707,1419201298;1403786802,1301750331,3435275724,2664801926;0
===1210559615,2037399674;931599582,2375746705;3123783186,1752147742,3791135391,3233446982;0
===1509690142,1170109904;887807458,1895746890;2929987189,643281492,2044724281,2829240934;0
===413561553,3114843177;2455607823,3283267541;1634461546,2765584675,3229914889,2269716185;1
+++2330633410,1757116195;2949594909,726967340
===1233175487,2299399933;2941105575,4219335291;1258160898,2158681080,3344392614,3026206866;0
===2771754648,2271538110;2300987913,4025091504;3757896225,1671162665,2210036551,2607025969;0
===319503809,1213306709;2103745355,1466961385;2451981771,2081568494,3149958844,1637537611;0
===1652211046,2544900371;1053790431,2439975530;2525340162,3148356338,1515628576,2277645525;0
===3281870301,1498833413;1463507301,2256260619;2321024515,177574514,1049801205,1991607120;0
===1838253728,1661138488;1335863177,1783526829;2489182328,2129857824,1552106307,2508346316;1
+++1219190715,3678860813;1701611407,3709738333
===1795199339,2185465794;1598163869,1824581985;2729905899,1111908827,2460022454,1449867377;0
===1934506615,2596182081;3517376547,946966748;581682771,2597904362,957191989,1541212993;0
===2865476944,3265414911;704053104,1517545972;1936053600,2510223726,1527288472,2207539649;0
===2119768760,2458535916;2471062987,3982730303;2740615604,1544860350,2748641623,2176030213;0
===2411050674,1006454923;1176014443,2180515038;1258007054,3206170145,1634138754,996794704;0
===1580459797,2830840811;1203266392,2322985579;2314379179,972316984,1696805155,2751353435;0
===2900601051,1688442077;399013900,2335674041;3031149687,2191096384,2482470762,1271001186;0
===3482406299,2214203633;2820707903,1533123691;2488810675,2671880222,2930973997,1797807715;0
===1616312197,1854012912;1179848155,2836766409;2862060366,1808326111,667467856,1158445757;0
===1754822215,3573510846;3115411628,1230152118;1992673807,2817212335,3813165172,2046820490;1
+++3487150422,2742976406;1604368485,3176127189
===2729217356,2929392045;1170480447,925794788;3204691309,1301223731,1631268337,3705364359;0
===2260944292,3316203673;2649103162,2293229047;1711838172,739021192,2242572402,3839363055;0
===2097228536,2467967606;806118351,1795486608;3563112102,3007464308,1494653359,3160694543;0
===868707661,1384784951;2498836009,3310865513;1590204431,2760533222,2268235124,1767537776;0
===2481831316,2928663694;2070417000,937733590;2217779007,3559590001,1558745592,813509709;0
===1670936801,2045245628;3106862495,1305668201;1787201106,2967341660,2782570873,2432954400;0
===1330310675,2159312061;2001670342,3612408354;2905910901,1765066172,1280549858,2145719558;1
++2436773852,1997534234;2917339380,1226887735
+++1715110159,2956270549;2431677932,1475235524
===2112455817,2286365831;1037804144,1758350643;3420885444,2870942436,1982921984,2079797319;0
===1839009664,1625892349;2696261619,1196482822;1275513684,1353236749,2366991257,533273945;0
===2490937897,4200849243;3115837049,3889295990;3574931361,1343399435,2462680055,800539480;0
===2092678642,2746189607;1861634072,2601679129;1776905187,2813059803,2282532785,3137719300;0
===2490086557,1265218218;2025951605,2730442323;2583181341,2458816146,2892419542,617029508;0
===2689869913,1982651777;1981865594,179024511;3480533460,904118888,3582434988,1975657741;0
===1551912991,1525867230;821576678,2315443801;343372569,732128498,2253660371,3790931199;0
===2951902068,2500493450;2565156845,1612910209;1123029730,3674233434,776450416,1145876412;0
===2995489964,3430524652;2553969681,1211016757;2370631243,2537279427,2389291977,1564080957;0
===3897323940,1349615465;2062669194,2490191122;1717225774,2697074058,2566810819,1737727538;1
+++1041648660,1066734406;1952032521,2883469841
===2332115457,2560981417;1289643715,2089743203;1361860930,2719946401,3427737418,898336829;0
===1324741289,2741717481;2732474977,3621258787;2191269204,1962404525,3328859045,2634949853;0
===1442457955,1246304719;2175501468,2256072301;2938768197,905997338,3041744270,2005961682;0
===1455870669,1942447886;2875448650,2852624801;3501183473,2212021542,598825684,855997360;0
===1815420020,3460197184;1809721156,2806969393;2307468896,1881206152,3635590103,1098507085;0
===1718913652,2254086971;3918164387,3225518853;2176038940,1275902180,3134583500,1448825744;1
+++2333588911,2959025918;873930956,3466768730
===1182945757,688842725;1848936241,1309387570;716793447,3265273657,1401185275,2595350344;0
===3029096547,2605125419;1680382387,3758259522;2790986984,2224975925,3413590408,2366307791;0
===3644396916,1592701931;2990871927,1526591774;1704205008,2190681081,2123415970,2135368561;0
===2376274211,2633353934;2243429112,1581074977;1536172204,531407277,1026306717,2183292790;0
===2793350206,3259309032;2692111978,3336064416;1625713308,3259735468,1809303385,3029697619;0
===2570571558,4009454199;2910488352,1854831798;1884352205,1832935829,1514116679,1700586177;0
===1273739749,1201471476;757230163,2866520924;1751190323,3187625440,2894084106,935325345;0
===4092672485,1651194424;2235782832,2870958457;562715383,2822060932,2144033890,1772429479;0
===2419085588,2718256956;731260865,2847548380;3367732204,1443634090,2741131776,800433061;0
===1507352951,2575046854;2049650662,2159367556;1974558369,459639601,841328045,1672365389;0
===2074153714,2040760747;758662295,4013177232;252580200,2557595393,868775015,808096543;1
+++1425873722,2525717077;3738307296,3041983902
===1094935265,2865901542;1057167589,2147894897;1011379532,2327494785,1297226554,2522005669;0
===3911254252,1852665154;2555498860,2512498134;3183085621,2321683482,1627865034,1922557838;0
===1594156772,2479615163;1288326160,1086117606;1207393624,2059735730,2789640187,2669755623;0
===797743101,2310695605;2325347222,1900704335;1940000237,1674915481,1994964044,3245442679;0
===1351475778,489642783;1641863055,1677710028;2737998127,2455476885,2582886453,3091249196;0
===3565390999,818790872;2689400852,2573722858;1508153033,2131629646,3648868536,2312511833;1
+++1129358815,2112320707;2478693223,1513457994
===2475789444,3608682523;1753246154,3488873171;2972029656,2852201631,2740818742,1620402493;0
===1507609814,1956098790;2319563299,1177884932;2408400449,654737076,2475039907,2432465174;0
===1625883140,2012049839;2453367496,2901823950;1280737023,2757765631,644216720,1784915784;0
===3034923314,1429020338;3045104453,1289422411;3155586954,2170156206,2527873128,2106924089;0
===1815526720,1576694145;1311689389,2733262048;3025892814,2932732118,2317296314,3818751606;0
===3208782834,1325515499;969762620,613064422;1742258197,1774219475,2549765336,2528000621;1
+++1924162365,2508476501;3151541607,2047713818
===2899111091,1942561841;2672906127,1149584614;931366317,2164585373,3160046664,2695309153;0
===2394243423,3195038937;2663344019,1158753676;2530352781,2208531049,2295839500,3371296707;0
===1604473292,2478710181;3008437466,1866495909;1906704399,1198783002,985069504,3146837819;0
===1112083610,2726493289;1324878639,1880647292;2000184992,1519967884,2921492047,2600428189;0
===2228323313,3358997283;3179578285,737963417;3041954411,2835138937,3147563558,2547925585;0
===2783252808,1599365501;3235982592,2862457876;1279233179,3916545725,2777419007,1144661860;1
+++1295356814,2840407159;3982638333,1245573579
===2006887617,3522687500;2139260878,1710543764;365963629,2480711379,3112284900,2055357068;0
===3359877219,1325702319;672829742,3093298254;1316087875,2524959866,1278009911,3641506740;0
===3649917423,1678564811;2809243557,3426478762;2816188131,1070612220,1804084069,995089816;0
===3161501842,994142598;3059671852,1366888444;1741757535,2225237224,2818404487,1495130572;0
===979760381,3084144343;2475731030,1327432362;2946292972,1809672598,2704036435,2403728625;0
===656889791,2740258954;2467207814,1974899589;864742961,2719103602,1124911999,2488786741;1
+++3028618996,889282581;3384248209,1138950555
===1151442009,2127151062;2297215554,2433246849;925928062,957799685,1856724118,2632659964;0
===1421895050,3492387003;2395950889,2291509060;609188170,1293735875,1835572263,2068299692;0
===875951617,781400463;3327149401,1817074543;2834866457,513788298,1482706384,3300259613;0
===2044829561,1379202088;3215165496,1501288448;493013355,1804263829,2683710658,3398374420;0
===3256234063,1424801891;2072893893,3760387379;2843165832,2362435770,3166088732,2259324083;0
===2696530726,532754932;123525745,3590426732;2252720581,2779835336,2765633058,2900699253;0
===998633172,1608228724;1722431708,1930815085;2365048756,3105928882,1831319901,997031174;1
++3004073234,1848796397;3428094950,2633334967
+++1996354123,2182966669;1388915836,2134506920
===3224055168,1016467250;1567220595,3208070684;923672756,1519486273,2366941309,3122441195;0
===2075834217,1799417377;2943259224,2842040596;1224603413,2201489022,3290701319,705050086;0
===2002193910,2325770134;2826423688,3733157319;2641857884,2678590999,1837972888,3333644390;0
===2770515638,1272438881;2259744594,2798983277;1139743097,1425732973,1352460362,1475044194;0
===1586799007,2802255698;551785262,192732688;1019983336,2039727174,2147164713,2762405676;0
===545364085,1941284919;3392413781,2135311256;3775199176,2850344161,3316199200,1059035954;0
===2076263199,846380829;2697202571,2972344353;2934024089,696790931,2300726702,2410246610;0
===2523953724,3456470555;2541295347,2119028926;3355624145,1851409499,683441393,2139565220;1
+++3472262797,4008407543;3151313925,1854918783
===1897877938,1114515664;2119793629,1543433730;1962583249,1016663660,3414228772,3264839112;0
===1242756502,1846084832;2454891268,2612816693;3327643116,2656208950,3756081497,2173074518;0
===3401340467,1553044795;2709597343,2161918634;2892126015,2430233644,1663318678,2039009927;0
===2427540566,1320344282;2528167695,2014653544;1455504650,2742503136,2332831732,878378049;0
===4042224005,2358859016;2832013673,2935225461;1996665174,2259843201,1783542202,2142471013;0
===1670807243,4036320056;1575154396,1516583632;2209144473,3362051851,3291918714,3227857239;0
===1135794168,2820864522;2020420578,2964023127;1686488154,1538593822,2756981916,2948436882;1
+++1153567691,691549000;1046150151,1804368522
===2737964103,1815194023;3780959239,3473659662;1615184417,1848976251,1768860564,2514558150;0
===3747705064,1556285364;2333232398,463943588;583079823,3286400492,1677433471,1501616081;0
===972797209,3078839530;1382023959,1289056760;3137562433,1553618904,1969240777,1312172507;0
===4040114535,2704044942;2431572307,3252121420;3512655973,2372327667,2294627601,2579208445;0
===1596715074,1222139389;2515953437,2247650092;2427696759,729376554,1214368630,808799781;0
===3434802364,1651462967;1705934913,3293360780;2837125186,1895915806,1581149302,1637754292;1
+++641923785,2402811572;2634002058,2812683068
===1916660899,2921429695;3290092719,1339785094;2161613683,2743150562,2852669261,1420576633;0
===559445577,1986363341;3360271845,3092508146;3784733815,459222479,1857024012,2226919454;0
===2640183937,2426313899;1281008750,3138561406;2999266132,3056269351,3161699975,968206432;0
===2521084154,2993305576;1031499775,1726371650;2882572983,1369790532,2495004828,3754031593;0
===1682614906,1212897287;1376860452,812750602;902363890,3086819647,4127544545,2469556904;0
===4075986258,2952180183;1122609734,2554465251;1955978296,2133566530,2399951291,2817039185;1
+++1567714462,2757159760;1627488449,2722985792
===1916125084,1000920393;3419125545,1517815962;2540775443,2396315527,3094954810,1773108199;0
===941069323,3360110904;1775603592,2719468826;2741125006,911340891,4073885085,3085390995;0
===1872991022,2464814061;1991742344,4181023572;1690648608,2520941551,1792553160,3194851436;0
===2344665067,2180643426;967853927,1781135547;1103935393,1531085175,2761303540,2486339761;0
===2851520901,1295450748;1404229687,498785615;2053675479,1654917645,1855171716,3149719021;0
===1118290132,3425838229;2667594764,2218437650;3441977125,2372135328,1521429729,841088570;0
===4057895770,2871273669;2455503479,2123648640;1086156556,1775866719,1117832717,1184695149;0
===681295100,2035678360;1999791046,1563342169;3361146442,2272282971,4061510302,2667483444;0
===1979063629,3114370974;3667582226,2293666301;2984201046,3830280579,1910916480,2518577957;0
===1266116820,3701878861;1964066852,279842854;1350878776,1447763267,1737484370,2566873517;1
+++1572615425,2535884895;1979137639,2625899986
===2191815352,1105822718;950778433,2262503207;2486704054,234706314,1823266506,619571978;0
===3195023154,1889320517;1990299974,753398256;3467250538,3355038226,3320922011,892199239;0
===1646480769,1574526905;758321054,765178081;338039667,2346472145,2690999490,2608787311;0
===2429805909,1093309089;1253675093,2852316542;797581111,3027956257,2784582988,1764614623;0
===1193942216,440058502;778074875,1060475094;2505865091,1291127097,893139743,294448512;0
===1487479890,1236999363;2161639791,2822442553;2483260920,2648148488,681178274,3342458192;0
===3172297188,1289293755;1852596303,1583127677;3623414005,1563830525,1783206642,3495584590;0
===1281925942,1210180619;2501821394,2696885185;2040722069,1869909253,1702743505,2405032363;1
+++2012234436,657945473;3078492203,2945240573
===2439224280,3900348287;2406614301,2222777486;2350813590,2430975045,2882638546,2752788306;0
===3111277937,2587905190;3268253915,2286552688;2395063203,2762038580,2260531573,1862307816;0
===2320117011,1167597659;1736913121,3502647371;1417580791,1264587424,2003648448,3014603453;0
===1516778294,1265580269;3194149788,820214157;3557478374,3127149995,597568078,1016988797;0
===2393838844,623995417;3218136783,2043640524;879098833,3448449836,1322253808,2939201657;0
===1326097539,3183867748;2141062088,3624811016;3277026226,3397838907,2772617914,2535641122;0
===2134937936,1040034029;2581499296,1811951190;1362900085,2177295715,3466719244,1565334786;1
++606772297,2473358184;1537964722,1780685846
+++2409785210,1100187093;2080614373,2043873910
===918696724,3899486066;989720893,1752850072;2499562937,2733039515,2189621881,3073386293;0
===1626691976,400518989;2762352231,3319732031;2357662274,2410954541,2457800868,1713492526;0
===2484699277,1909034121;3091135103,2971615845;1171959268,3845977941,1704680953,3507464002;0
===2189710697,1937528474;1797310578,3487157286;2214228407,2847929233,2549679683,629289297;0
===2787630335,1890120030;3008830489,2534896301;2894321367,2203926877,3264711585,2193676973;0
===1550531548,564500179;2868686596,2040354099;1422387818,841256697,1445226000,1122067258;1
+++2104681203,2902747957;2900817041,1136477544
===2082751424,1897239370;1923044934,2970996358;3518252113,1868965392,923279728,971148257;0
===2432912089,2676742246;2315957548,2195708079;2053672320,2680520181,2235855995,688780724;0
===1668913206,1605019149;444272201,563282502;1552452480,903970141,1102598700,2041907591;0
===1780766955,2997128107;3383965218,3241624469;3551959952,2288188983,2658945473,2504969576;0
===1529326278,2752827143;1286826005,257579601;1535436571,1542705174,2414423960,1771459150;0
===2175792362,1320410820;3015211462,1645027943;715285686,681552278,599320251,2647133814;0
===2515456309,2912017150;1654824520,3497692120;1014593384,3305979205,1461074577,2953176196;0
===1376317135,1597920389;565964897,3010577433;830215563,560821809,1864320054,2297599124;0
===499360366,1900030194;1526023650,1960243353;2049046137,2281956844,2789177657,887538420;0
===1359389510,2351073539;1386279978,645172292;1181176874,863705667,2334436205,1922099125;0
===1181176302,2145661458;1795310800,2229826836;1263923576,2473730418,3262849168,2998108871;1
+++1914545909,2269640953;1009425083,2087481900
===925949556,2966170360;2355485510,1848598078;504674531,711086615,2872128569,1686652106;0
===2892125981,2779952969;3739901083,1644559391;2466122502,2564007316,407804370,2230059153;0
===2784995409,2058990248;1716659274,936792936;2077524435,2304050236,676754965,2541754127;0
===1546169838,3245556712;1092571497,1625817122;3210436860,2624764120,1745647762,2770969763;0
===2575629540,2860994379;1774740173,2059576909;2650659142,911569659,1269899937,1366493557;0
===2237304232,2728110780;1870588136,1436684854;1879895162,761273300,2548727798,1018183078;0
===4200938466,1379552019;1826148666,3143474776;3072483778,992586490,3677581026,2276383398;1
+++2770909224,1815120562;1195742495,1895461334
===2863175984,2298386004;1786310733,527847700;1241670604,1687848583,1355466287,2003833448;0
===1944427195,2198632058;2442286810,2280265620;1233075541,2189938338,2513979353,2468668616;0
===2780627321,1702336045;892253609,2215452635;1500212355,684929792,2818115569,2744136949;0
===1758174113,617215236;2556619936,3079212799;1291834982,2685734053,1260416533,2765299108;0
===3425587093,2324835749;2412969026,2359453123;2114846164,2610649891,3799068164,2531902496;0
===484756300,2714958289;1188943572,900861530;3758211090,1414161240,1152271513,3432184046;1
+++2416534858,3222100977;563939750,1297981506
===757771622,365629274;911060203,1157418148;2351182548,2120603614,2044016872,1424290210;0
===4007393184,1902582973;2830033998,909727883;823521618,2111111398,1618000654,2334455137;0
===2467303889,2780419992;1453403754,2643263604;785568393,3891623659,2555014738,881685747;0
===2004863483,1282256522;2722707801,3167254169;2429086194,3008449694,2405484615,1262048071;0
===920618652,3484698931;2097527810,2376778017;3353130780,2845727519,2472206140,2169646415;0
===2516495254,1901353727;3579635940,1512140630;1709811648,1801281072,1476116487,1612146316;1
+++3072161037,2023504017;1849603301,2324263710
===2077692283,2542633492;802937912,956681824;1747566052,3487840639,2279723089,2387575171;0
===1451894197,2207195029;2167287940,2295432519;2731949664,2151511361,2289707801,2072871703;0
===3025807172,3598714498;1032845399,2574457026;2041479393,2574819450,1284658093,1285325723;0
===1708943573,1205916819;1755146093,1473215299;1563399839,2041672923,1238536724,1996589151;0
===3998156539,2745356574;450377767,706891018;2526698958,3058052960,2672402047,911816739;0
===3452396666,1028901310;2740032477,2336244077;1248598272,2684007216,3462480964,2102645435;0
===2278967233,2737684202;2947764395,2867819903;1845011826,1840662732,2392910215,2874745770;1
++991305090,2204216336;777781323,2917491653
+++2607300991,2200160281;1523063232,3222328442
===2100504147,3467972009;1790362158,2793273154;3202321571,1925723399,464409589,2448256724;0
===2372579380,1460941081;2232520281,2469940361;1533538283,2941797790,2648520478,2434266896;0
===1380899101,1006122339;2348469297,1196046672;1487504422,2787307892,2565244179,1163220871;0
===3544056288,1879774996;903734857,3118261376;1495150191,2378543259,725373819,3118822957;0
===1984770361,1416601729;1791815177,627937390;2958857036,2223804576,3088314808,1332006719;0
===2130970859,2585379474;3379999150,1587868713;4060616671,627339376,2218251505,1031097230;0
===3313816938,3909336923;2412389442,2343798611;1955902616,2324108004,1017728525,2922160573;0
===3674403377,2945955847;2021174704,487409060;2713218954,957488182,3070198680,1263152507;0
===2981444407,1049222372;2679849423,918831512;1289981574,2169871546,816649085,1857481113;1
+++1778739466,2649619259;3012577436,2789085986
===1822301976,1415745078;2253191235,2571054649;2970651386,1526594934,1276215372,1322230271;0
===3228091560,3552098010;2154316126,788329270;2967385426,2284228196,1494957948,1056322993;0
===2714501634,1537878647;3276740006,867024572;2163850855,1130888740,1612670202,1541634556;0
===2928368253,3663273295;2644484507,3237389693;3139333505,3243911448,1614598650,4034859017;0
===1914653217,3201581758;979362856,3301602836;1537392922,2127772409,2587676675,4101344277;0
===1475019999,1305368202;1120802028,2308587720;1996719505,2418407125,265884136,2089768272;0
===2065744125,1878902008;3339724283,2126427731;1643530293,2815237363,3139389238,3486259937;0
===1342725534,3028810946;1505584661,849301571;1076974875,2934148645,1856145974,3030383155;0
===1637568742,3283388359;2711962688,226448383;2743437568,1387255095,1956825452,2248172518;1
+++2139374170,1733988457;1492057402,629958150
===1859496907,1452994900;3255829026,1195037673;2790673181,2640173988,2471692925,479073873;0
===2953966679,2512591441;1919844835,2327901436;1834909892,406003019,1719079376,3884301081;0
===638095729,3084294347;3149123747,1628096531;1063360664,2458690661,2068195099,95049754;0
===2587597300,3366933823;1459736148,2564996372;3088982817,274508459,663900663,3775715530;0
===484336295,2600035928;4132371010,1203047455;3110694417,1843314357,3477878163,2527866548;0
===2601292733,597763125;2354599890,2521619886;2635073357,890625245,2439773613,1945993425;1
+++3077735966,2429787267;1999270760,2921858788
===1809615182,1994053024;2257113115,2273218925;1715546099,2777493277,460587978,986770839;0
===3481265099,2373716222;3585980010,1382144899;817910918,1978367812,1779877780,3375977208;0
===3483658904,2762642468;1639125761,1533814662;1189720226,2981038611,1941707424,1522681714;0
===2062260670,2042715238;1829535609,456703599;1391099504,3441908395,3879547949,3192824652;0
===1784992082,3137946741;2205230899,2564110227;3390374372,1315268274,676527295,2351069578;0
===1311283234,3889874738;498778873,1257710212;3595582200,3858632623,1821529734,634068972;0
===2342491801,2477768707;1003290228,2497793225;1359777335,1811566914,2850183881,2334905144;1
+++1979398990,2906196910;2030958091,2468061240
===3150758667,2846103614;2923566200,4095787151;2117324731,2780977957,2693172795,3157799606;0
===2589002720,3079212170;1711483914,1689395617;2277293050,118411335,656863468,1318365229;0
===2318896893,2623935736;2264193083,3061975192;568910032,1638741322,1560149100,3484410083;0
===1377530214,2300854781;1143275173,1643429849;3299435357,1921313706,1594332155,2422096272;0
===1574644797,2214464797;3344363356,1878107097;3234781898,618825435,1887639690,1462487850;0
===2339583755,1252559515;3278169602,2822936989;3973487018,2424209810,895053774,3251939048;0
===1333311301,2312313319;2437271414,2693878679;2137493564,2328570329,2006056303,2454795850;0
===998809447,2919583140;3315969481,1467384753;3091169069,611043477,2068921157,3715758906;1
+++1070543467,2052796941;1189292389,2237885231
===1880692174,1857787946;1288179335,2029311570;2569248818,3250381327,3055512873,1561004471;0
===2427409099,3745116144;3590481852,1207799073;4008738137,532971566,1385007859,2055490708;0
===2632701782,2562145005;3840429647,1482946342;3470440452,667134123,3159117496,1080746744;0
===989370454,957513572;1775980369,1850391579;3253222370,1832519950,340725177,2427789693;0
===2899973899,1036186210;1765300250,1995750197;2124402968,501576093,1587455442,340014035;0
===2720606152,1687821575;1579052981,1005157784;2374926508,2452722539,1502304530,3246663371;0
===3014314311,2495983960;1909575678,2725560679;1659455262,3335599445,3355337316,1322390512;0
===2667461338,894600817;157006479,2626743178;2038346899,2810740675,3682357146,3500799526;1
+++1743711135,2535342394;3023093802,1777368105
===329769903,1625293244;2961199608,2823023476;2289460102,233032106,3127001741,337139833;0
===887729866,2994772835;1699859838,2751399505;526271512,1884054279,3879399577,608112653;0
===1142158141,3521551275;2100385973,2197852300;2799665234,1134991453,3086904120,2388206347;0
===3398869481,2447600479;3435120771,3641366003;580208261,3044116753,3162481106,3085850349;0
===1433498645,2549828382;3688464718,716468461;891345049,2111052293,2237792341,3767002939;0
===1887806996,1909400997;972139101,1496934734;3233117997,1658974607,2536005097,2745132727;0
===2353758798,2009934000;2075197483,3415788958;3061643955,2918377214,1226658044,2307118323;1
+++3538376682,2011993729;3269225903,1368121412
===2799216529,2650803162;994353941,2556589017;2019483744,2563595998,2879638665,749840174;0
===3008923789,1196598297;2406621495,952597888;2109296082,2884264401,2680152902,1045168783;0
===2604454355,1532515927;1601949660,2659813751;592298755,2694008106,2556306040,1944936536;0
===1568502965,1938117646;2057464663,3503847827;1603095313,2428650806,1925333063,1739838008;0
===1366149107,2165096871;2615298798,2323691119;3321012294,220673401,1154928879,1261728520;0
===3223151196,1908885342;1560237576,3810087781;2112605196,2019828484,3658051693,2927407734;0
===1528354967,1875811332;2976911158,1976475600;1848225483,1309983748,1229662648,2529768535;0
===2197999593,3691686564;1993843449,1492487085;1413004717,3236737110,990118278,2399811836;0
===3345621161,1674340715;1523380877,2922307003;1232706014,2845404136,1233806519,712624083;1
+3395477554,2327638119;1670102808,1490949355
++3184588603,2277609750;1922641399,700077783
+++2446243189,3092315395;1356225081,1137571034
===3504411300,537150395;3221692550,956483895;881745258,756573970,2813737700,3031612915;0
===298047520,2808039314;3483176147,1560661009;4035110711,3701732495,1872786688,1576637341;0
===2043538385,2403267736;1319356472,1010741648;894340130,2886176719,1786593851,2369035108;0
===1286412593,1671872946;2715269722,2045327271;1547610991,3384285119,1240364907,1772907061;0
===1755519569,2548622794;2203152429,4056525732;4128301339,2139517307,1274547740,1069933265;0
===1311380713,2146364944;2741432556,423935984;3130670105,3224548383,1133763695,3692815011;0
===2316552715,2111130215;2552049586,1770070749;3575925563,335709412,1895891158,3100147526;1
+++2959653487,2109023888;3097124565,1963614126
===908696291,1317366450;1782114887,2148500392;1716742389,1617960643,1974973790,1248634136;0
===2512118468,769421147;1549953339,2095540269;1157521602,2758049121,2657486812,2162360917;0
===3138558839,2575154306;1601968778,2229909327;1619481809,1917571330,2184575030,1727667845;0
===2008992482,456075442;1350454364,1721661105;3374949617,1296665594,1376628622,955996486;0
===2653165439,575222599;1338875566,973567056;444700950,941064573,2731101682,3151071310;0
===1572907771,962078351;1795752192,2305808107;500680486,1837048825,1542073084,2528470222;0
===1631852147,1850135123;2424234299,2739936346;545498966,1362582783,1977381175,2434333786;1
+++2642720430,1357961360;2033982311,979813060
===2321367033,2226985752;2695754096,3873484104;2152771498,2972857710,1119470721,1607758429;0
===2246287713,325685648;1835217801,2365247813;2807119335,2173090574,2724743548,1322844906;0
===3075802383,1576334757;2029732622,1074232613;2344981780,2658321704,363039246,2993035395;0
===1554243665,2266782450;1882467521,2604337453;1933384479,3577028745,3268480142,2609139986;0
===2080495911,3317769437;2022983097,2890213024;2144940969,2602015704,1770266864,665508898;0
===2215350094,2690880618;2679887804,3176029040;777990278,2150602859,3686016165,2420825895;0
===1964672581,4017774919;1522060713,569357019;1572775781,254212038,2023090800,3257425253;0
===2925958126,2552512557;1082809833,3219598585;2460743572,2099922361,1898736473,1213566011;0
===805074062,1511050302;454058968,2562865503;3503790289,1715095250,3865550665,1071479081;1
+++475592944,3510273499;1755032197,1915062017
===2480445854,1888107284;2861337863,2323576097;2750500263,940165284,588271549,2133818393;0
===2479688258,1088731308;3170171753,1528318181;135468549,2245491308,2468964345,1609844684;0
===3114112569,3605742311;2400173795,483465622;2409497504,2031331352,1624985871,3311846066;0
===2362547414,1965559173;1776430234,2957117748;782246002,2566777233,1434896274,2362661632;0
===2100514521,1154668655;3135810609,2429425984;3064483368,2185300110,1754166981,2963803440;0
===3224359984,2024053415;3406183833,2854524747;3587351242,1830626416,840490545,1482740641;0
===2317845629,1658203404;1512376709,3683289140;737917495,947840509,723338577,2274877660;1
+++3252601246,1314048351;1270726800,2191061380
===1681590967,1131638196;969749413,552975119;1235226490,2342715880,2630181060,1935080130;0
===1505075292,1583783801;2700489829,2113062536;1431904390,435979579,3640018855,2383852488;0
===3259094281,1898783967;552681328,139461455;1989291438,2603843588,898132514,668089503;0
===1908441335,3610323131;2414058230,2728214224;2185490146,1870964155,2062728050,2702456706;0
===1953042278,709920219;1885981205,3096828820;1707385012,1859230839,2151942261,1430666268;0
===2999269852,324743610;2058057316,2412257270;2804914970,1860666607,1559520657,2849898482;0
===1327212229,2448019031;1118471264,2681169519;1942562400,1154796240,3570205833,3399862161;1
+++869630919,772413675;796798104,2447071577
===2372846196,2533042355;2035816750,1255397402;2995086020,1587875530,236260648,1807729909;0
===2845835136,1197852603;3302162747,3704471671;769081890,3096462364,1751782255,1542488853;0
===1419152198,1572646226;3557830816,1843902166;3252022243,3691912579,3201208349,1665909144;0
===1617477898,3061773363;878878459,1485242355;2509009594,1687437552,1956479577,713930878;0
===1283953588,422828723;2966667396,1406267326;2946388287,1371623859,2166902196,801237681;0
===1506884107,1042162746;3661508824,1933131866;894190521,3045277090,2146480333,2859230162;0
===1424019291,1858404029;1492599958,1372810654;1705743280,3009151149,1657735167,2118759384;0
===1534995775,3763513429;2521778836,3418756780;2362250148,2528990261,1530758997,1933243550;0
===967320410,2074248870;1924835047,1064696353;2758919261,1110176217,2169886253,1011658010;0
===3156865812,2468536643;1589011763,1528520809;619489125,2205414823,371459342,3028234171;1
+++161805099,3306587373;2271111781,984233547
===1282331140,3017049939;2500904146,698067835;2022250369,654956578,2056907157,2130263876;0
===1787294072,1756548525;3093220691,859101492;2849913996,2987971112,2576877076,1951685197;0
===944224399,2109556561;469245299,490084574;1999803852,1315819759,2111153650,1860324474;0
===2334618390,3317743842;2715236246,1931915083;874251593,532553980,2587945118,1013783663;0
===1700385671,1822877305;336845876,2066960908;3349578515,4062027851,1934749494,2521699663;0
===934311562,867506853;2072561853,2416172384;1147340173,1631156287,1609174959,1778324827;0
===782936841,825350011;2029909692,2167006732;1045068161,1341323581,936101168,2153092372;1
++2792363432,1344289330;1690867433,2082224321
+++2451573309,2499187449;3744527229,1807614522
===2250777495,3061755259;3132384385,3015739728;2879869659,1736529583,2718294886,1836292824;0
===3871419344,2708503535;3737483071,1616233316;1549458377,1946903353,1808253969,2133679983;0
===1984732075,3537851210;990539457,1722856884;1346736864,2398945107,2584387255,2525834934;0
===1691685304,1252827092;3271442189,4061322613;2140946216,959909588,1751792406,3026659062;0
===3115117493,2371348826;2224322038,2495556579;2358273094,1963308856,1190328846,1741798726;0
===3047618192,2208164349;3510216867,341080742;2301411108,1620945789,2688838067,1636136110;0
===2434300506,3340015576;1629376474,2270039136;2173460657,1161585738,1364646687,1931172153;1
+++1502814014,4043493579;3097282303,3634110334
===2167243074,2015985636;743236780,1216706837;2674145595,2308114087,3200032233,1346044832;0
===1225478719,3811455809;1768328427,1911944953;3264037177,1557274506,237378510,2957215400;0
===2532230554,2253808178;1675423825,2231942056;2666385144,2154960525,865933343,1896958743;0
===1533672023,2978678594;1459055912,2163371314;3279750593,1707185921,2442852191,246956491;0
===3036068031,1169672589;1498486414,2151767178;1911171907,2767816787,1984075128,1825923486;0
===2139889944,3015882897;633649279,2116206806;3192554061,2264142613,353097971,3138963929;1
+++3387180274,496583841;2164194988,1389847833
===3039455336,1550380160;3266649615,1306667976;2381295930,2867709792,1637674951,3466134614;0
===1219221576,2225799227;2744490663,2750451544;2221615601,2840909916,2454066806,2476615628;0
===2846210576,1431763943;800188114,1053408137;2316290213,3972506482,1988354181,3195432046;0
===3052865552,560705459;1113594481,1812688426;893717457,1104047653,1831834424,2119400915;0
===1422528532,2404292137;177378903,2030776270;2212950938,2463679148,2039405009,2966528131;0
===662084761,2082706669;606831973,2161795363;2712631628,3914306936,1496814826,1821527029;0
===1584797515,2710710535;1074917798,1795411183;2731339414,1601162828,1846306984,654579780;0
===3702904663,612615943;2576059632,2196252483;2563054000,2087889866,2711618052,533239794;1
+++2907013998,1471167186;2996826630,2140597534
===2368694300,2458352488;2447945107,3386278636;2820078943,3427677337,1117624512,1922618035;0
===3050887885,2611430978;797721227,2158810351;1478790916,2494621078,2206741578,1555775235;0
===2937009650,1058148083;1862561629,3723874461;394560004,1634038334,2157080535,2742212174;0
===2266518676,1369190019;2483575808,844265642;1436635877,1596906465,2257619759,3850548176;0
===3090463817,2547627625;2584666743,3026063556;1244347481,923202888,2750768482,3281492628;0
===3277752140,2041998392;3412517516,1190627447;1824600982,1395767847,1752714714,965785823;1
+++1926031538,1385180451;2520028820,2280276013
===1447767073,2431263251;3253408063,559795310;1255000025,2071468510,183036161,913924424;0
===2232365557,2834284847;3378941477,1884263498;2905481603,457583156,3505311130,2516264996;0
===864936774,2789965853;800904788,1180169028;2416471335,3036098651,3634676577,881655687;0
===2933866695,2003137104;3425213419,2812733443;2509339732,3279851456,1767556617,2537251747;0
===3529221183,2121488301;1784976461,3562991172;2495007155,2492976559,1874852054,2105671049;0
===994843635,2002140414;1302312124,1960913271;1736594089,1823454564,3100269422,1787500840;0
===2360818750,1577737366;1843906288,1826160706;894915866,700689154,1788836324,1193273198;0
===999828170,3805540403;1199690928,2405035184;854689915,3026663407,1215032345,2373835045;1
+++1728139072,2892434067;2729975081,2815438583
===1770870857,2030954471;800874994,2636784365;2185093785,2881843881,1926599492,585823029;0
===600899010,2356247003;2371953856,510487274;1124985866,1701478051,3141922588,3219749258;0
===2878206533,318906422;2230653627,2088936474;931916805,2132259574,2448987487,1993681381;0
===1501023694,1628222829;2738024893,388619907;2860111633,2515666733,1440391337,3306695107;0
===2679727897,3009144331;1793903101,1456930883;2493382434,2340529102,3679258350,3502376464;0
===1331062991,3541465813;845967222,489771701;3322603552,3299798245,766441952,3935835674;0
===2704285310,2350437280;593906870,2385005484;371835306,2547273455,1985662794,1552204110;1
+++999300303,2825425082;1426573985,2033083984
===3409222061,2287614082;2008742183,2081547101;2159798424,2926198396,2719036363,2574449402;0
===1955059851,2459924495;2166246954,1192170822;1624004915,2431989782,1745754334,3568808266;0
===3035040023,2142563397;1239415984,2070381776;3680669534,1491077298,3538558898,2804876141;0
===2589281458,1983077754;2729714083,2229901729;1861051441,1822463044,1349182789,1755207851;0
===875223969,657012572;1616921518,993626954;3457597097,1767165452,2045111575,1329942527;0
===940386637,2346774528;2341252019,905940466;1130104194,3584081814,1850379732,423885370;0
===2942132807,203007196;1343286953,2024895255;2774825692,2466679179,2467528343,3750904388;1
+++3825287682,3535705004;1272005720,718364401
===2092834418,1674606367;992995296,2985203163;1978129319,3213491892,482992471,1212090291;0
===2306108580,1455773611;1221247067,3874938196;820028505,2806622126,4280921667,2630327750;0
===1571230724,2102468253;2747009688,1068034161;1513617335,934087256,2245772138,1123007528;0
===3365244271,1056318958;2559024944,1809984533;2550859597,2665744816,2696970976,1707372855;0
===2268085497,608540194;2171433519,2413042114;2849190723,1784440381,2172578693,3252782804;0
===2043548196,3571517782;2372612746,2079647797;1731195151,3676433326,1797243620,1347408781;1
+++2732285067,3025359523;3532051132,2438949563
===1021060843,1512624619;1200112567,1726364602;1850512014,2426627775,1732653553,927611158;0
===1241081743,1499875895;2132845013,2656272851;763063108,1774230736,2697559941,1577933578;0
===2079749956,2764606245;3794773730,3258765247;215337648,3725292760,1004249979,2704388180;0
===2784694493,1025480258;1200816490,3381367247;2691980120,2976448328,1014014106,1543199267;0
===560912689,2133102233;95841888,1626770752;2644258007,2011986312,3113567132,1345648160;0
===1784611350,1368629191;2957286376,723452815;1118464364,3115479084,1282619106,819169401;1
+++1006646768,3058204453;3556380239,2695879703
===3483584188,2035432761;1350173060,2184325936;3840929129,1217481385,1677050725,3192778532;0
===1201306257,2598695914;2507068919,1197407177;3490166281,1852415439,2049301490,2173778917;0
===3190512228,2574571062;2637140154,3076579678;1986020222,1035287475,1969207944,2038892139;0
===1295813913,344967145;1756502785,2447538723;809687262,1987603440,1552958859,3108315924;0
===1302254543,3621706533;2877259733,824238642;1951287972,1457058818,2872824735,1588626095;0
===1697108117,2953430585;1557243117,3810276460;1056887751,3014278913,1949985541,2196333789;1
+++2709157132,1092609451;1399232993,3521806863
===898037450,1921292990;1691740266,343988902;728198513,2150147656,3149826190,2051635824;0
===2459216333,3589587989;1963479304,1804456163;2274953048,52026290,1858874228,2470287626;0
===1747511769,3004771456;1108797058,2158001713;596661497,1529099795,1556206250,3221248596;0
===1159569501,2097417687;2017834356,2777879065;857912613,1828852336,844089605,2604005617;0
===1212237364,811590187;2759458066,3704017265;2961652921,782812549,719296536,2149046358;0
===2691852470,1474218518;1795878965,1655114577;1056288814,3449318593,4215645117,3591064704;0
===1038541929,2691585196;1653037111,1114377475;3513045435,3533052948,3564342113,3174974962;1
++2532418514,2038405536;3267375145,2086694244
+++2446544455,2096336671;3038190662,2315580816
===2150722476,3381713897;1471570513,1886667002;1929999983,2020355495,3051936124,467548641;0
===1319347741,2015308805;2607827844,1235223197;2363949935,1488757396,2776973066,1792259644;0
===2253790538,1196312860;1726732124,2767891066;1445440370,1801023852,1540698997,2190651894;0
===2155767208,3202566382;1791308121,1477576443;3052552750,2975549581,669633630,1552974112;0
===3992475997,640300888;1392984377,2545497245;2713393255,729867663,1849372197,391098238;0
===3040286253,1229664574;1434233794,2055028965;2753676654,426690163,3144336858,2142958147;0
===1062463110,744318744;1965820639,2667555603;1352250457,2043720299,2300108984,1251634175;0
===1502012941,1315215608;2847061842,2583034250;3386457809,2628853447,3275548535,3235747773;0
===1986238004,2957864350;2366733935,1624426257;2880945937,1449481905,1057824940,2279974241;0
===2316047819,2107442544;1303488648,1648464053;1950437668,1145775909,1776780932,2297296524;1
+++1502521244,1469212509;1529967510,2702629739
===1705282156,921882460;2563054330,2475221689;1151262706,3991941388,2641087178,3084736290;0
===1565193431,2208971952;3933098890,1460483124;2655007611,760720413,2298445376,2599831310;0
===1761261146,1652579152;1462037087,1030318227;1848604577,1627675537,3760624062,1616609192;0
===2044318451,2292242448;2081931437,1140815749;3608317637,1707946381,1504173301,2163797551;0
===2441793699,1244628935;3660211344,3309776230;2034116521,3108144545,1484783447,2010936660;0
===2338570101,3035049956;1638842175,3635970022;1229404765,2204023716,3501448191,2044265023;0
===2368201691,2041983026;2186316069,2639705995;3102724438,1446442047,3415233441,837370757;0
===2095809391,1950197490;1802150049,2051996659;2965856256,2886591703,3113222141,1745048132;0
===2556500522,2162092897;2088585141,688015749;2222904993,1954287472,2532577331,1035710378;0
===3039751310,2408757983;1926933659,2833806219;1848625523,1904267935,987267775,1058929410;0
===1942624992,2906386462;1116328838,1650523361;2015890343,2288940741,1717557241,1522289280;1
+++1902043264,3897174886;1606722978,1435518526
===1189545483,3632545973;1764027668,2472054237;1179079454,1985472748,3061599985,2727469477;0
===3946683964,1690269421;1919922814,1624776117;2078789824,1951682359,2700275092,1458933879;0
===2288341737,1815997771;1010358339,2959943134;1386122735,2375757953,926218080,2738460326;0
===1885436908,1391914268;877527560,2860985373;2727840476,1774733695,3670770544,3018639614;0
===2205880978,1842471169;2366933000,2859066547;2222660529,1423046403,2290611564,2280337552;0
===2601767866,2896135298;594066878,2468743243;1351471943,1901773994,2396912736,1119137341;0
===3240317804,410107028;2776174946,1742428825;1211483818,3458354831,2786704196,334584807;0
===1507236427,1423173092;2866829343,1920662018;1909655058,1802521311,1884590115,2400189868;0
===992367484,2269195015;2101550957,3297964664;2201107047,1579396870,1586535531,1386536041;1
+++2993161717,408487983;3412733781,2566187110
===2100332360,2702413979;2187232641,2458273271;1984192015,3041197538,2525455554,1907600105;0
===2639163074,3303411738;2760493703,2405328336;1887743840,2518141283,2670285735,2947234006;0
===1555799124,1304884444;1258330247,2171327981;1951770069,2224268812,2954523624,2150206330;0
===2233004183,1164886231;3934321590,3154158427;2150750365,1243994295,3569774962,2528772419;0
===2402510087,2125001399;2362171296,1260020945;2526693975,2300492140,2269077291,3049626496;0
===2942090145,2379208274;901743686,1799572515;1810934584,1010388962,3089620437,3577564121;0
===1377806667,2145645786;3838159507,1749310114;3441467020,1512749164,3816112498,3379888448;0
===2376264242,2680185280;1702593841,3794534483;2837757048,1451919380,2672034502,1403030689;0
===2393684293,3250014591;2862506485,1440757053;2074974263,4129255300,2113008112,2124322122;0
===2040341457,3848402552;1739529569,2074996964;3301000954,2457394724,3488625439,828431240;0
===2759751167,1402301857;824399780,3058833752;3372058573,1774400123,2696982724,2837182592;1
+++2665515278,1706237793;2511937214,3156347460
===2085428882,1417153830;1995131924,674605470;380602404,470968407,2998217479,2849652694;0
===1328203446,684639207;2179822146,1776965925;2905311294,1545045712,3264667004,1364429989;0
===2944317809,1614299493;599107107,404688870;2301963445,1299076494,3033975389,1568934443;0
===1743773262,2163507206;1963523776,3700945382;3009530593,951547225,2048218918,422728860;0
===2232882937,620208379;2413183213,3443454435;789284397,2319661161,1007307243,2743242466;0
===3472604303,2027439327;2673095270,2155704925;3327786132,3449558409,1141390693,2638656083;1
+++3585265890,848132143;2033880366,3234033815
===2266103213,1990914839;1389196304,1776467743;2019063450,1920524703,2389004583,3381167871;0
===1065478674,1256050914;1739802867,1943506369;2966919267,1203108034,1822771003,2900863991;0
===2482202896,1491822280;2518249730,1688778132;3193829234,1983785779,1828696400,1049917831;0
===1643948561,2544240206;1244881215,852382180;1937927486,3906702799,1701305800,2994597116;0
===2989817689,2212188017;2592983784,1021983502;1180446251,1828517914,3241110767,2476246596;0
===2825870537,1436935451;1823332053,2680196422;515881569,3726122403,2455284336,1373913214;0
===3005826941,1703165928;2604968539,1024859313;3486722267,2090191340,3531360291,2118583466;0
===1146840820,2172100284;2515683176,3337317824;1903308566,2816101159,3328380717,2020601581;0
===3338891171,3453905184;3383589762,3392210107;3321301807,2496878219,2604493512,2212944039;0
===2046955532,3032023269;2249692330,1745997410;2904287991,2568761810,3232166896,1530957927;1
+++900133033,834071897;2531763273,2302551559
===2897065955,2162352583;1235722664,1284997786;1012295080,2693379270,2477767535,737612210;0
===1530977946,1834301200;2631678220,2642960016;3079812644,1716622229,1530527253,3385806751;0
===828018549,1423034818;1493105789,3586688267;2658498798,2422032510,1717596633,2248863526;0
===1136212811,3411429223;1475340810,2626322450;2410253328,3358308677,2102282559,2966559699;0
===1875401822,1880000112;212013200,2566590952;2846133518,3255578434,2777803091,551019144;0
===518855068,3285818918;3138426821,3134269803;2337092245,1361297153,3399319708,1642779389;1
++1513604598,2215834958;2994974117,2595195628
+++599381739,1465002188;2034201237,1622650364
===2161385926,3549347370;2995184832,1674625240;2146982680,1311139262,1515739843,1152237977;0
===2185823014,2647578826;2630652124,2774785869;1513782253,1803699777,1832687918,2970383763;0
===3351416247,300755340;1528431537,2135460939;894653850,3220926405,1751938521,3096845236;0
===3223218901,2109941976;1902402761,2548965605;2415038641,3979462382,2759524973,975460994;0
===2368185810,2263520779;2529857212,2032191897;1391732021,2456504012,2994979602,2206153791;0
===2144707130,3104079993;2426717676,1362336266;2820255489,295081337,1485093312,801572746;0
===1736679854,471479379;3172063897,1474124350;2269583280,2691811120,3117552906,3220912105;0
===2380143376,1939477237;764257778,1966806727;1394983122,3723844535,2375865425,4172195386;0
===3926437591,1062571364;598367112,1012380608;3184479631,2597634563,1957020101,2698012436;0
===2286578736,3391673027;3431102168,3294761733;2508507128,1417533725,2075001517,1334939820;0
===1925639321,1654460350;1461861789,3873988703;3462248965,858352703,3274737153,2540345043;1
+++2310642911,2289574632;1670767833,2707475934
===3385360511,1353252069;3290615666,3259874581;800800565,2578388894,3704993631,1764067667;0
===2385758710,2721612105;2605792823,2482900793;2016108744,461986317,2660355390,2448852148;0
===2356633172,2745326286;3006256543,2329883187;1747229566,680733687,1375228423,1176230892;0
===3260931212,3206559653;2117418350,1464221707;3211744746,2315590814,1638162555,1733087592;0
===1446105539,868664094;4054446019,1706122917;470234264,987509690,1586234716,3018276931;0
===1538411623,2965000239;2099430169,2618006708;2582181860,2680047215,2608612568,3298699924;1
+++1078133451,1845664908;3798576459,1366137678
===2627727270,3075882307;2650963347,1723730326;2499032997,3166047309,2483178193,3759740465;0
===2034288959,4135913674;1489752428,3042032042;1258269594,2936661937,2830556983,2327746432;0
===1925164894,1083235942;2007896273,1184835368;2639474522,1771799452,492074247,2320069817;0
===1697031600,1654561535;990914827,2302257702;1033912416,3087408316,2429363899,1012717755;0
===1449447946,1438264912;2454035394,1888554774;1779453889,2030218106,832590391,2757650586;0
===729115107,2199912430;2175372362,1805006557;1570060170,2856742221,3788685586,2885859223;0
===1827474956,1513642785;2198584112,3087768050;2624749733,2789398454,3377657293,3150086305;0
===1672152410,2487403543;2755757307,2073914246;4062415632,2578279270,2897167447,2836861492;1
+++2291693471,3274762649;3246119803,3132499145
===1590432939,2960186410;2234415175,2992627257;2231040856,1158172000,2179296100,3773844273;0
===2632875652,2025239989;2619577724,1302115210;1777703246,2631696585,847602229,2606658480;0
===3747489471,2247531611;1575318377,2859381473;3828781027,4122153210,1885288610,2323508035;0
===3026805757,3823172972;2076808613,1061075641;2309308288,807736979,3167165869,2121873605;0
===2924076742,1831579767;3376783030,1876514589;2037679827,1998444309,2230699787,2109975689;0
===1326800416,3536991151;3125201465,1398987280;765610980,3166206865,2393016287,2305267524;0
===2899998636,482712371;3126519399,2581081294;3062202079,2233470752,1605450718,2559172821;0
===1986795265,1617232587;2418586988,2628941409;1938010228,1123130719,2354321902,2325454673;1
+++2532902203,1514305310;2518182140,2155611584
===2250738719,2317301717;2237830710,2862828702;3109592316,2269287485,2048680355,2918514528;0
===2258903467,2316341891;2900601937,3345079224;2651020985,1304613365,1769794259,3268501263;0
===2886974015,1411435900;2697524202,1177852201;2209481217,1805514527,2374163351,2269002050;0
===446952970,1261009887;2300978254,2496527212;1225697288,229323107,2997173492,2871573396;0
===2105662121,2082201134;3744758658,1803268857;2963575764,1762033771,3349389080,3612328472;0
===2705331313,1850040437;2236961741,2011748582;2136112556,3970781353,3267238841,3156280832;1
+++4021079486,3487755717;2189304798,1460773440
===2936374754,3754512308;2831498296,1276675549;1678211374,2013718374,3135979356,1515824218;0
===1240186226,4160405397;3194849155,2304666057;2716150902,744583161,1769011133,1306390967;0
===1629017453,1407631582;1941970297,1913039237;1903497715,2483407917,847364924,2561369126;0
===2095402896,1433298024;666107334,881259209;2547263084,2046841676,3483694408,1916994917;0
===2160930116,2249544505;2186173627,1218000836;786417120,1161766928,1979224602,2697472360;0
===815621156,528727723;1174242088,1520730390;2038959893,2360905808,1055438624,3333784719;1
+++1741004618,1339535013;1570816416,2374547318
===2511372402,3039490527;1671506721,599443283;2447896152,1598075547,2756245487,1469175642;0
===3887134022,269078495;3129176815,1854957561;1647029292,3240642481,1771487312,1799355939;0
===956170245,1628840844;1845266014,1751182227;3266176669,3856423645,2247714818,2822605678;0
===1150565050,1055034506;2132098876,2306906110;2016240115,1847107926,2403611004,2866710781;0
===271369154,1307990370;731407911,1062765332;2798705228,2362833598,1293865293,2336537074;0
===2436346812,3495869854;394308421,3091472084;909481712,3481444953,1624173778,1432166703;0
===1868841525,2248615173;1933347907,1158321694;3034811153,1980795387,3007285643,1754003312;0
===2580850515,3607389048;375079618,2327948892;591397095,2371060651,769749586,894135859;0
===2158470244,2159821171;2822014558,3173818973;2519749076,3505387592,1387722153,2816389003;1
+++3130288412,2110120611;3137736942,2325935178
===3554829835,2480643287;3226932062,2442176882;3385054159,2061677102,2181269039,2048427623;0
===2283742090,1873384264;3286362055,2391181161;950660811,4237885492,2862687280,2018489761;0
===1900824333,1313244885;2630751098,2653058398;2194325059,3326233450,1834299781,1622918379;0
===2139827405,3379165366;3008392207,2494433283;1416838068,1345782594,889483493,3395639869;0
===1641155133,2462658512;1764075904,2781225677;873690401,2265658084,2724622206,627242415;0
===761732422,602348392;1493988860,3278585275;1551703027,3065792815,244231981,1937620863;0
===2883290150,1497139698;1424330585,2592800159;1964561047,904479562,1709248398,2929653960;0
===705346703,3530832924;2997415972,3584187655;1496165371,901015317,1979776261,3067928010;0
===1602503713,916667286;1010134007,2778955537;1807193277,2117838266,2626359026,3877609468;1
+++1862826533,1111933860;3010946451,3145930309
===2256021388,2579592637;2708324248,2635123877;2364390813,3024500222,1489765903,774332308;0
===2032064070,3713130266;2617251827,2712383500;2671369571,2437747878,2486638187,2148695317;0
===2225809338,2335932441;2908289769,3323013111;1821621026,1680342896,3078781544,2357647257;0
===1566566433,2653733959;2924331468,2358738817;3161656606,1120632730,2833575084,2372014445;0
===1738413182,2846072253;3140067580,2331995819;2095401327,3467691012,2482131339,3076818857;0
===1520662752,2531870293;2760105877,2136401409;1253920571,2904694883,1939670069,1120267013;1
++2756946850,2722583838;1983470813,2866025632
+++3146292226,1876978704;2508860146,3818940414
===735480511,3898085318;2516370714,2923845601;1136889991,3656033799,1408061435,2199103597;0
===3536616545,1926346158;4096311579,2320733910;1503712405,735859031,3083827070,3622439547;0
===2795072032,553821957;2079205214,3607019519;2137002101,1799671522,2767320081,2688365878;0
===926966353,1643497547;1594524388,3444213686;2024446124,1219748437,2421085542,2304976257;0
===1936795112,1799707534;2425192199,2551928970;2778901938,2225207526,1324333662,3204455607;0
===2015235175,2795061836;244926145,2463648270;1983130328,1261952109,2278428680,1204359409;0
===2853592227,1020354465;1230446149,2478923829;2086764400,3442022277,2136285789,2323259045;0
===1722587591,2353872983;1021414450,1400519637;2820335575,1789492238,1142490623,807585281;1
+++984177936,1247475003;3956515385,1321280846
===258405827,2054154417;2888584973,795090010;2755225720,1879292452,1451070148,1522876974;0
===2416592729,2458271148;397647303,1586105506;849561064,2470394016,1457430245,3524729806;0
===2069659084,1266981903;3834836958,1468848066;1995381878,3937252648,3230835746,3253215777;0
===1973793077,1717233127;1807223664,3062685761;1651264791,2721510650,1839953678,3495977743;0
===2152740454,2308120521;1623600439,3537561338;3339610707,2754106118,2547246097,3772602788;0
===172577539,2403011069;704649377,2063133819;647658839,335808404,2039038489,1235611391;0
===3138302491,2640436226;1624473213,1977462245;2905438085,1554671814,1960724920,761121081;1
+++2157466845,2337286169;2226794459,1074904098
===3290246367,673613037;1583236674,2433858581;1985053644,1643788077,1455367335,1339700788;0
===2871423153,2608627016;3359079385,1588735839;3071015340,2001930192,2928305126,2847030897;0
===437653066,2025127596;2328962305,2088341962;2208309360,3004599711,3687334377,3336785009;0
===984492015,2498231878;2100001277,434904374;3563687227,2632270140,1997079722,998931609;0
===975225536,2082082121;2629511488,1973736982;1592992049,1417821599,2565714732,2460630994;0
===2158477502,1322683433;2032986878,3288471954;776148275,2508702596,3250113492,3440332164;0
===2288468355,1966121971;2563324657,2602867976;383054803,2628813349,3055462532,2814103895;0
===2137016457,3699776109;4071731508,3053645153;2146962378,1118024550,1922621228,2843494852;0
===1784484726,1998216725;2147363999,3014689387;1884023880,2668431989,718400402,2099772774;1
+++2215230991,2697733654;3700221709,2103434537
===1775260532,1331561862;1431991991,2272224447;2200865569,2046759256,2247947004,1777436801;0
===2331628382,4283461562;3006232187,2374888093;2634245045,2640786459,2131370585,1868453389;0
===1587115446,3399300712;668675049,3414325828;1775272036,2808990579,3373234789,3581777266;0
===1976592912,1612761317;2621066464,1272744151;2589967101,2026709515,3800035849,1950221752;0
===914590660,1281179678;2683918020,1543529380;1555327616,3132432373,1752301635,2122000451;0
===1736314201,2261863825;2301954999,1068815545;3168727857,3817903391,2295539869,407921604;0
===481553063,2405572208;2638067181,2205936102;1517679712,1771221469,2166680972,1847916427;0
===2773756356,2765114983;2024202236,804826063;1715174694,1254462273,2720549578,3410531732;1
+++2258500344,794122194;1681354331,1483694351
===2177651392,2496666557;2087628138,3066551817;3626852881,1278979988,1732578773,2211691795;0
===1100241402,2629026764;3292584414,3820888928;1348327200,553534264,2588590771,2188604465;0
===1963092288,788553019;2986695523,2415117379;2854367354,3004519611,2114684356,2211672225;0
===2864204393,2519356287;1716319347,4029029228;457702438,2561584684,1078165606,3293681316;0
===3479722140,3437700378;2252134158,1879713281;672591763,1079308382,1733919363,3174280871;0
===1662927489,1301877357;2873724250,2023819633;3531048468,2776609827,3551701190,408319341;0
===1487343956,2758913151;778472368,2694033553;1078360792,3115894291,1568019404,1790063682;0
===1671466804,1199698707;3678175025,3150301895;2572129914,3159691881,2391784169,1684212549;1
+++1493444395,3827352818;1449934287,3227920478
===2611700193,1844108766;2350980124,2061265466;2352449486,2101786688,540560986,1221999990;0
===3014426116,1902166835;2469786106,2258979570;1065915945,588614421,816755880,1566833664;0
===2550312975,1538614473;485476271,1139298293;1629700973,1489642389,2379433692,1584026766;0
===3125539738,3064644737;3789592100,1330277189;3881190415,2425159396,3412172412,1772185741;0
===2606563374,3241745253;3056487351,947435876;1560331530,589895182,2763680410,1839380408;0
===919339439,1050119300;1020605628,3537719296;2434160049,3678269707,1768694253,3076112054;0
===3196549096,2290847979;3701687085,464812176;2040429426,1873989900,3685920627,2182922609;1
++1371760205,1875407347;2219332802,1466205688
+++1223424937,2531805203;1527553916,1207862240
===3956935741,3839477281;2400127100,544519546;1509563174,3730614747,2223044399,1357223725;0
===2037362088,1288289510;3807638764,2205076674;3140922000,1696638134,1507472037,2575099273;0
===1512369304,3325527180;2083092609,3179027558;2454449123,1801121323,2069391686,1973582724;0
===1395225368,2069467512;3535262882,1604089806;1571893464,3031736874,4059452883,2132824255;0
===1016394634,1602367281;897873265,2226937880;858805712,1623532753,3229177341,2139802673;0
===1707941878,1688256738;1367087620,2397858958;3602855196,1192471599,1866281073,1800252751;0
===3116509054,2647642275;1897656797,1651004379;1190984582,1128018523,1614131709,2972949088;0
===3343110542,2249174463;2810986813,1147983312;2381432793,2906544361,950787104,2239122065;1
+++2389095719,3846968422;2858771196,1197078942
===532841586,2688545464;2667559195,1661721149;2091196617,2414745756,3318616496,3116103521;0
===1509075508,1531830411;1700087677,2241773416;3251812718,2087918448,1329630168,2407613588;0
===2704842988,2024999343;2851765802,2358442295;1389619269,729870676,1906123077,1540863791;0
===1266022967,2817751963;2827071440,2645483698;2930684710,832719713,3107340724,1945660793;0
===2132210130,167322051;1688129269,2481784278;2249027517,2629694537,2390848554,3734230750;0
===3890683582,2790909455;1518526353,2736998138;1872858276,2547661833,2113628627,1953464059;0
===4036722388,3052636861;785655380,3182771620;3277702007,2488190694,2444163472,1878281611;1
+++1206743602,2508051044;2439575705,3270215711
===2951326007,1312611183;1595289501,2696955590;2455857785,2063677546,3051450820,2190468048;0
===1085355915,1508337957;2038262223,1735642952;918768161,3041036195,659369060,2377342012;0
===1779468625,1469102345;928046861,3272788781;1799340109,1668363523,2272148383,2343177133;0
===1673354799,2095043940;4026765920,2504591805;3831903273,2916482974,1112409232,2513819146;0
===862313863,1553698420;2104366588,3172705033;1743508201,1545581545,992919572,1358407430;0
===825112855,1072181513;3458962216,2668096937;3757046472,3600274424,4069102732,2752413577;1
+++1903944058,3455981491;2940127234,3349263121
===1384624171,1999416128;987239579,2967814016;1501988723,1919628038,2069382697,3144285934;0
===820145477,590402455;2334417143,3631751317;1871444581,2322678809,1915756484,1465459547;0
===2541606167,1691847595;2198397537,2599452685;1637133551,2019544653,2593738197,1175707682;0
===2609900699,2470739508;2272785448,2976298357;3625252217,1699882216,2878499894,1733298685;0
===1973004584,1796512869;1099182238,1721851799;1580133850,2996622172,1926867199,1785350988;0
===2262689646,3335183773;3748405485,928525365;1391367012,2636748247,2264947373,1383711620;0
===1633349357,2631673373;2202132481,1225455962;2063519381,1326262959,2804623209,3022482435;1
+++2650217822,1134670113;3219483129,2769921848
===2403015746,2866213215;2195062958,1056331590;946767075,3136621167,1962969681,2169994894;0
===1182451253,2302965892;3309194022,904942363;301561636,2163316355,2275729707,3503900116;0
===3265621931,1978744153;2130409398,2817604412;2342740417,1311156013,1579787149,2453169398;0
===3550563822,956087489;493563393,2062997676;2013823353,1147066944,1473889789,2807825583;0
===1127933021,2316651113;2516091213,2090183299;624598807,1107992963,1252712985,2480247400;0
===3072703023,3085862987;3357069824,1840783336;2497339303,1364562053,899494295,1399801991;1
+++3421160636,1982001919;1944256752,1794347669
===1487968568,2650971765;2189440681,3020892529;1396963228,1529207081,3675178094,2969501023;0
===767234448,1583123558;1474811220,2070786574;3159496323,1881794304,2828968713,2318455800;0
===1261269332,3585711569;3923809244,2243525321;3210821959,1109870305,1684712004,2576621702;0
===1728773667,2756894838;2501635783,1140450476;2856471841,1046935178,2717596413,2140334849;0
===4014698412,2531541709;2625038779,2959378376;792432074,2747093279,2954676583,4092105528;0
===3543197603,3729433732;2755972639,730350978;1921832015,1921244853,1155750346,2507076518;0
===3044913241,1007217809;2684407358,1816048556;2046519636,1708941081,1717484718,1987191015;1
+++3535887690,3621544449;2000062368,2587030529
===2072365287,3083210036;1188363688,1754065940;2751121033,3004951992,2180945151,2509186352;0
===2605718635,423909769;991813424,1695315023;1983342371,2519428023,3453853878,544912809;0
===536738239,1490327512;1834383587,2206257800;2605054280,2769498139,3613125479,1640309720;0
===1045936243,2154306975;1990701870,1881143188;2719992416,1160830401,1427116004,2210419232;0
===2706164907,2971998822;528797362,1660334758;2336791873,3263871033,2276083114,2100885781;0
===2413721344,1975204855;2925865670,2700589008;1372915258,2721277158,604234240,1559705661;1
++2386906289,2376381099;2012015513,1287030939
+++2966178371,2104457614;1493184967,2591445965
===3796337850,1854966752;2529839724,834952458;346837612,644664983,1673931318,2898864109;0
===1576429594,2296221899;2429807253,2179749563;1958091398,3814517317,2752756483,1840631498;0
===1938574666,3572735062;1021979482,2069744557;1285339696,3417082324,3098723719,1239874448;0
===3204353691,2272728960;1585973254,3782003937;378450640,867353669,382426385,585138795;0
===2152358245,1174574329;2060041318,1181699730;1602092745,1329336664,1315431953,3865169518;0
===2528956058,2969263896;2430388226,3658885520;2166945262,3473829364,3050642818,2653360508;0
===1899026375,2719354134;1541726026,2338537937;2827744948,1722113743,2667008520,1933229272;0
===1908085556,2320625022;2878910700,3152436870;2981648462,2126766525,1092804909,3199372108;0
===2090370330,1643534718;2900851611,2133891756;531223936,1038197913,1072512408,2866338632;1
+++2207128777,1909612539;2035417001,4082916018
===1464034815,2140990948;2875519819,2179345755;3463930488,1266883725,2978046943,2071543157;0
===2543456885,2482541112;2402447754,149419659;3758826078,1000331107,1749672491,2361473499;0
===2025208545,2999916462;3442896728,1539635585;3357906307,2201332703,2399220421,314585312;0
===1913381506,2551397480;468788667,1506657715;2772277530,1793905573,2076452822,445969172;0
===2210562357,1833657190;845920188,1066818046;3153023181,2239145456,1920132349,1383075380;0
===1850664089,3107664633;2144283423,2840827708;3789230078,1494091201,3456787893,1404405456;0
===1866213919,2234096469;2404096317,3035788044;2724007181,1139637065,3117466210,1512556173;0
===3679778521,532576066;2225011320,1880270920;2919184608,2944521973,3888228219,2673325518;0
===1548200117,1848595041;2015466427,2236117265;2940868405,3309121778,358196832,2376254193;0
===939730676,2600371599;3088894696,2933813894;1292226716,3224605988,3339168709,3341646149;1
+++1288451532,2764895461;2951141570,3089700243
===3642357753,965353869;1731252547,1720446300;1861881964,3565518689,3093416059,2745689116;0
===3011152782,2114257543;1854773304,2122899217;1108747738,3305644685,2425096161,3528531302;0
===1924215398,2256011576;2654966033,2680505249;3406054867,2592110911,2242617038,3054130912;0
===1430971668,2584019665;2575933924,2151491372;1484212749,1700161873,3334076251,766140414;0
===2351648020,1324536915;1546922375,1869716481;1293209283,2936037909,2161487606,3629132265;0
===2843956009,1267689194;1978841371,2430663470;2631967338,3246420315,792845847,1488105154;0
===1419742222,2535577584;1990185920,987884081;644853951,1996363504,2410832975,2067051915;1
+++1876318100,3069617336;1735879292,2432831233
===1121469409,1984557324;2078023020,1840409573;2292791006,2340279190,1899453998,1968827743;0
===1448921820,2165080707;2572973138,2654703127;2661658180,2660609098,3563971581,1318452877;0
===1786408062,1170544559;1725738102,845487667;2249088918,775716155,3646125545,2890601495;0
===2301040516,2055964959;1883176471,2733643986;1885652412,3189835170,2727013730,1572130719;0
===3611695875,2181295092;2179204970,1796165970;2788132775,2757853186,2178446139,1270410646;0
===2001179591,2849000938;2595498037,1987209309;2953704175,1423902637,2289981790,2543943822;0
===1939965542,880672337;2330876704,2220613378;1967401048,376958904,3423518110,3375422924;0
===1411330435,3199065342;1790705058,1685822511;3038971973,2060540867,2191744933,2454150428;0
===1658907974,3127688268;361798611,3030050671;527955546,2840090310,1203168987,2702851553;0
===3084875126,1110278201;1414553368,759339363;2754943915,2416643654,1803705234,2063700044;1
+++1631498122,1655492774;1821986059,3098265987
===1031486402,3128203299;1842814181,4009405834;1029042624,1009525036,687690738,3600826910;0
===2861342861,2191534519;2261815304,1518770307;2986309152,2046606816,2314462709,3670669206;0
===3438324059,3504087620;1922576381,2627866177;3278366702,1071840015,2542233546,2757326272;0
===1914572043,2299519464;2155693508,1920562476;2266851427,1755037660,1772029924,2852823491;0
===3962251917,1953508779;1383718909,2829785572;3228873740,1995303583,1445997775,1146655540;0
===1826919393,1260498368;3661471003,2339301475;2150555294,2683277546,3389178382,653826820;0
===569821351,1401588439;3309055533,4111195025;2110567833,1422898720,1029626054,3749933354;0
===1048161155,806496483;2327758563,2570988799;1834539412,2355102086,1984238717,2346702088;1
+++1676194909,2010412120;795773016,3387863113
===2003841662,3170694554;2768100414,1277453324;3279854881,2071638441,3313601918,855190094;0
===2956922042,1243224485;2985107837,2094693945;3451896067,3155690690,338176405,2821114925;0
===3514783300,3661590552;1039362425,1939537965;1950873782,1397358424,1478725076,2550650303;0
===802184712,2509959451;1630832359,2083884269;1954248625,2696147643,3241940572,1584051106;0
===1656152282,1705677580;1240066155,2042444351;1784252374,3498807058,706030714,2011786136;0
===1906158326,1168699689;1933958570,3298339109;959457093,2408269509,2050938491,2905859370;0
===2719615828,2719970082;1988013771,2594604876;2562731440,3229137640,2062532083,2500495431;0
===2023908469,3045792880;2188270122,2142147355;1312982366,3766411679,2375525154,2084819583;0
===1939871760,989620094;3306442519,2340348609;3380369815,3101363862,3785947496,2626097843;0
===1685027305,806235014;1347866246,1813531295;1699900069,1159271226,1780842304,1320643049;0
===2957978584,2965780377;987910577,2225956700;2153151507,1630503224,1426614535,1159684284;1
++1345687518,3503532506;2985821622,1824845910
+++1989716697,584648079;1799236421,2285741388
===642575553,651199437;1306708333,2472677537;2603968243,1285141813,1141922177,3104082131;0
===1705209592,3766370756;1713314751,1377067521;2463853253,1111548185,1465897368,1529402669;0
===1530903919,2495010836;1807795971,2209367971;893177356,3305021894,804199765,1185707569;0
===4093867721,2575728904;2342111812,2016381717;1523905964,1464280928,3391847268,2879981585;0
===2770698673,3643734157;3711757435,3076601147;2036006148,2032007546,2420946725,1986995391;0
===2548253980,3087124426;3151247725,3340664335;2071090194,692571527,2923430815,1940141728;0
===2236339755,2068826762;1011681003,3718592565;2721528954,1624651531,3085544835,2862548039;1
+++1359131385,2856938856;912883115,560366112
===1451165563,3629920573;2181116838,1959560798;2209127635,2292428617,2681298619,1732557179;0
===2146645347,2690629834;1362937353,2219967892;1183550326,1783300813,1703310251,1419193188;0
===1978032156,2218858384;2213325368,2506524539;3404296389,2406412678,2278051346,3199340585;0
===2850311654,1299419566;1483542334,1137505259;529568200,2129009568,1017302220,1959109149;0
===4083803605,2647341334;2557532930,3333197527;2292350978,1872453203,2583060456,2140632219;0
===2278706139,437798361;1450606433,675018438;2072853848,2222058016,3056925784,860276378;0
===2281048745,1825083076;2672332891,3375419858;894256833,56841058,2509744974,2947498735;1
+++2500839280,1682643227;2513368815,1258216457
===3582895002,2933012374;1805389030,1990444768;1381873271,2668771950,1450225423,2321822630;0
===1903020319,911420274;790128068,2847645033;2085178905,948560839,2318704245,1363890468;0
===2082268761,774781430;3907529151,1265191301;1483407682,1688980240,2129948780,2479122252;0
===1308827566,2516546964;150319933,1291300812;678805965,1721187871,2016854171,1924077826;0
===1681497993,2048433166;2092265121,1811366932;2897256311,1914656721,3176444463,1369191417;0
===1868106262,1833039261;2002295499,2144057557;2510622614,1807693960,3437840991,2156882450;0
===1889427227,2962469717;133112523,4072340053;1258527957,2921853790,3302056548,2687225261;1
+++2456255342,2428358979;2343447784,3270037875
===3391112741,1150418852;1861271314,2572655973;2656955458,1942745993,2864961211,1617097576;0
===2262520617,1350632405;3097980496,1188770161;1088670318,2277225362,2172580986,1374179886;0
===2093046191,977593070;3593613005,820927233;2235561195,1075898602,2825832229,2330060993;0
===2941947833,2461563089;1751201652,3233500757;878399372,613540920,974849768,2612407664;0
===991242382,2815290577;2048949147,2636971937;2555889080,1748973125,3112887622,2667042949;0
===2765987768,1828669470;769718968,1467859829;2655185448,2295637943,693331875,2284043876;1
+++3195598766,1927862810;2656856186,2584332760
===1193807306,1771419381;2540609173,3048970850;2542145036,3394527418,3161503549,2192466160;0
===401050172,1249104676;567911951,4034960625;1863611911,2423200627,1666872647,1520074597;0
===2131644565,2082171629;2512520931,2673568915;3790192163,2114210556,3204483091,2956876932;0
===2887716525,811742902;3060526146,1869862233;2282710567,707606566,1064166567,3584488146;0
===2265649315,2033812696;1596898334,1390179033;2150578963,1264634647,1764985803,3967328016;0
===2375265921,3755573162;1256779545,2469286572;2505718554,2108391020,2746024010,3155724691;0
===3345772068,2787301012;3495024089,3942404568;1042553351,2661945950,2115236618,1195358545;0
===1055841470,1956427467;1533823094,2188445227;564948438,2315507907,1507013469,180141706;1
+++319752206,1525360742;1146688391,2468886180
===1898223435,1875327004;3473413170,746754934;512070803,2851195515,2665790900,2924369161;0
===1326839852,328153718;2342389369,2023824935;1822568345,1541895724,2288130252,2501015644;0
===2125231535,3204621557;2484852841,2668650867;3130927504,2040219063,1165680160,1622881410;0
===1888546665,2705561346;1499903006,3187661289;1233608142,1341203095,3003106774,1576003320;0
===2593602128,2830383677;2608469634,1423434735;2262387192,740376525,501406817,2037984032;0
===2720331993,2724737027;1866526808,894246698;1497478955,947718833,2469666158,1041851684;0
===4058115634,1924847820;257071433,2579760719;2800720601,3757572093,1155522616,1604069809;0
===951738001,1849415347;740188376,1700096457;1330110411,3133566873,1648436590,1505588735;0
===1471587441,3123633074;1770750223,1573768636;2952368334,1181958943,1720214079,3140661805;1
+++2231827068,1861031670;744679828,3265345029
===2679913542,792392832;235711498,2738497938;2090379076,1006352502,1388191277,2588415868;0
===2294800245,2361662792;2109020533,2223762953;2623396758,1778612815,2772295540,1718060526;0
===1239751162,1534906569;3054170805,1859204595;2538089968,1883494558,2544236155,2146319808;0
===753729457,1484599837;2995677835,1282734140;3050284842,3369028906,2450576208,2979177674;0
===2153659122,1375726156;500666847,122764044;1537809532,2667773546,2616177046,1720313726;0
===2595183016,1314614394;2687296785,1588788157;2451322814,2624126542,1298131623,1102493932;1
+++2266688874,1347161096;2217571917,1557246895
===1655681662,1480606167;2192235865,2688638144;2070114760,2425903983,2307283578,1671826706;0
===1411971515,3105930242;2451597337,2217537898;1200665777,2116615668,2834367690,1502154000;0
===2397983886,3773200953;1736676404,1158134529;1920603398,2820498443,2991349415,1435766524;0
===2352986747,2434652706;1310535468,3372077836;1347882516,1868578898,2961316787,3438931977;0
===3989997715,3506181322;2645494184,2846262708;3202137159,1671777344,3318731682,3286322528;0
===1511029307,2317007415;1770469598,1123790033;2265316540,3576250686,2298046792,1633818692;0
===3057278201,3348119622;2944981832,3207052430;2087929419,2072309735,2200617584,2277622263;0
===2109346383,1930689928;2350403044,1804248824;4113401956,2229407704,90119973,2663773355;1
++2534087196,2562859029;2179571306,2815703518
+++2216636194,4174640475;1727218501,2725344725
===2100585596,73979167;1255257176,488638551;2511125398,3050659077,2749312082,1005716996;0
===556753461,1722274208;1328973779,1127133536;2653586904,3162618716,2525618550,2237685306;0
===1951495806,464589066;1651934339,2139545819;3279588144,3106552878,1613355603,2210959560;0
===683362327,1390139337;2177945036,1998306885;2684071685,1143140840,1033108917,2786995716;0
===1787563665,1687696694;1797785511,2396751066;1394346963,1112466518,3386625043,2156503309;0
===2393488994,2754164022;2420783529,2421173441;3310076537,716209756,682397298,3919331868;1
+++2239182181,1071091191;2467285551,2402579502
===3370411112,2286951147;2563072839,1252611832;1471856594,736379889,1667214479,786216516;0
===1927186684,2317176908;857247082,424248594;2265763690,2761666906,2240261855,1612136479;0
===162881167,1908592860;2409785396,1784136749;2757108352,2752425144,1648852537,2340775115;0
===868718380,1891395033;993025585,2491369834;2007378003,1753651325,179585004,1101724475;0
===1744288718,2045085829;2597072091,1186463160;2604799057,1539721368,2933828631,2294711126;0
===1444587790,1943872829;2376118717,1961142448;1131583363,3624209952,2841949683,1373673089;1
+++2830125233,2514915752;3958997631,1397704498
===2427909976,3390410040;3323092346,2790497472;850692702,2124712470,3572097507,2722916177;0
===1491137615,1655774473;2474196088,2830681353;2799658441,1266769558,1833418965,2199136725;0
===1738766827,1392976633;2169515533,2595209860;2017055839,2756520332,2830649096,2193799989;0
===1348685057,1077833164;2215144496,1749995211;3436062161,2167334513,897937500,2108169237;0
===1584381426,1858857628;1769368090,964068035;1928469663,2351702970,2387004195,3504941013;0
===3005994128,1724808157;3132964293,1196830738;1686840403,1123293810,1098913868,2425740773;0
===2661339868,1305773727;2427195992,1925815174;2886791572,1523699318,450916829,1833487039;0
===2040096363,2103954305;2291673409,2481291442;1722051556,2934419790,1090210008,3715408606;1
+++2766878737,1113136508;2165683780,3655975232
===1672243439,3409815176;2896406245,3520687109;3501520216,3653440199,2936653141,1739784165;0
===740307992,2906950011;2551391496,819336372;1399930216,1929372841,2303227805,1254938529;0
===2249927928,687299704;1910980246,2198582977;2879959849,2263342976,3151469343,2506440502;0
===1593783699,3441542816;1452492019,2070416880;2028463773,3711404483,1800516437,1294033095;0
===768238963,1642054701;2807340708,2872366321;2052321493,2695909032,2588564518,4205348847;0
===2955391146,3398578706;2768443882,2739998481;1107350332,1597142866,1972519096,1981084031;0
===3976578539,2866698229;3414404352,1737505186;2445159101,1601855264,3613821329,2828836741;0
===3009968056,1708723013;1864778359,2198924681;2430752642,2099064538,1306232391,3296423332;0
===2269730504,1929016931;1462674359,2922042389;1760426239,2206264711,2495759671,1760143754;0
===2071488382,3108083435;3937347109,3235568839;2476752458,3258981465,1038406055,2500528792;1
+++2803646012,3759304946;2915018828,1627262769
===3298826021,3004083839;1210668435,2345389077;3757035310,979550989,1761730339,2013642072;0
===2074102999,2124773329;1633012191,3407178412;1372733204,2258688690,1418213493,1483421850;0
===2322531388,2346590740;2490878864,2683474558;2919830618,1897348278,3767486203,1008278088;0
===2548273785,2273638574;2639431194,2532748700;2091721643,2011395781,506926417,1515292546;0
===2063810974,3877436041;1733751441,1659576866;2182838921,1123779428,426701854,1890796012;0
===2816337311,2734717314;1346672120,3434687159;1693790294,2087298005,1894004314,1487603562;0
===1776916849,1640491743;1683436181,1730434101;2343151423,2405582934,2826426623,2009668548;1
+++667131010,1217831738;1080172551,3479211292
===657943146,253201383;3988541322,2448649066;2008421867,2643302833,949988259,1720445759;0
===2112712953,1228902762;3440712815,893026928;2049072495,1996263047,1428892862,2148886361;0
===2110851882,2220900308;2633980827,2699831918;2559115265,2938911373,800092569,2175316860;0
===1567645448,1030623956;2326688931,1936105798;1226457786,241803261,2600956283,2899058421;0
===1646744652,2179238699;3375558460,4048724113;2075618236,2083368581,2230238057,3677804968;0
===2318582095,3089498761;1802452161,3004505994;944685105,2117967849,3736254238,2424654586;0
===1469416401,855222852;3195601942,622857010;1082976298,1213697549,2702462565,1320928150;1
