10 6
0.539399 0.990694 0.126396 0.248559 0.465983 0.551502 
0.238360 0.510243 0.364683 0.709023 0.227814 0.886914 
0.141752 0.559628 0.086007 0.797129 0.869147 0.306107 
0.218211 0.462820 0.669079 0.256792 0.977372 0.232491 
0.209774 0.901168 0.439257 0.465942 0.126682 0.909013 
0.784170 0.336780 0.909076 0.619952 0.500418 0.052364 
0.721920 0.445690 0.148499 0.985283 0.531977 0.570797 
0.085965 0.495182 0.449251 0.560954 0.722304 0.508689 
0.954433 0.695825 0.269742 0.334835 0.638620 0.100221 
0.216431 0.459878 0.932233 0.487242 0.458222 0.424575 
