5;1;7
+1926728981,2037329209;905341078,1206520432
=1440456134,490351777;1088517075,523739869;188259169,1093366451,322323025,739797373,36809891;0
=2083531945,729783407;368522545,856164643;172674386,507652430,1809640102,1185731237,367030586;0
=1852832831,770085115;562702018,247350161;1042944836,2006150023,1503119278,1823198954,1185943725;0
=309953750,1461293284;955876562,116713440;36042529,659208127,2126658887,559285729,2134229853;1
+1068619974,501740697;1181498828,1308489054
=1060366477,1132600108;1977930532,280122025;1208207561,1352451114,227734663,856417572,1232192204;0
=1406633773,44880093;2083341356,342132367;1911241827,1159713828,1839963377,378473678,1496418260;0
=1686798595,1515558199;893613950,1095769581;362569616,1079526777,338547993,985107622,836588169;0
=2099509139,2054750396;1554028363,1227305052;1610460480,1253069693,518796618,1103057844,514783942;1
+403545484,1548886655;1568883742,1372830983
=1469068103,2024878322;481223849,947512528;577266697,756125631,1072174821,477572958,1889935998;0
=390597325,102096263;1416958020,548236466;319567891,1172042280,1029115381,1206609331,1308419453;0
=839774095,1963095909;1542591633,98190721;1133158287,2042842782,1198280520,269735376,180460937;0
=900162787,1272073985;1459225678,577691520;29239275,492170412,2022733411,206198574,1212619772;1
+384253924,857101813;2125554965,560202004
=985618778,1420263093;1061992342,1128830091;1335289084,507645709,696587782,1856559513,216909983;0
=1047812593,810828790;1888063817,1592617988;1951876167,410356878,152241086,976881991,354350939;0
=1059982567,348109015;1909279376,1328914883;1193078502,1164080062,1138439455,1110559716,2062369938;0
=1666357061,1552509462;1771578554,1728840678;2144828971,790532860,819861001,2123457612,1343007891;0
=1987961670,1491015480;777080101,1757118040;191539294,1253510205,367798052,874472864,1740754262;0
=191288716,1055402771;1780193371,1981783867;1331149989,134208640,1922127131,621931325,472716621;0
=1418859347,453806199;1924428482,2018650544;1687144831,191254010,643745178,1830910656,378243912;1
+899932689,1075027019;1891710420,1795291716
=394902732,495420130;906197956,1880145606;1220181833,1955837434,1500738482,851856431,1432065231;0
=1691764876,1463712222;1774325891,1433255361;1906432426,114377503,754249428,289995872,1347042777;0
=1241648898,508970790;800443221,1642507843;515682624,640924166,238168021,655346394,631552940;0
=27416946,338885231;1161225098,214951798;926935356,1086343798,968106441,1973167702,174407194;1
+2118420998,1640139108;1502455479,911285880
=2066306772,200681348;730215210,849090400;617501636,876813050,1363443084,314102357,1625606112;0
=819451116,1223027060;1339199937,1969284427;873322660,1386507759,504406274,627198020,335817856;0
=1975666934,1375093544;178012012,603942991;1140276308,950993241,2129276219,1705888338,1844434240;0
=1346492765,322778526;600024622,150509160;1440439538,1597890739,1609452620,1778120399,1562939190;1
+2130244636,640470670;1852051259,1476282587
=601828640,1109584746;1821785789,404301143;1345081611,1690786121,1726364,1355911520,2099359253;0
=939607031,756757360;934264649,1293224257;865189277,220498546,2030922127,2054084432,888108868;0
=323340222,1549025863;967051789,1511119178;1481387256,49693974,21332787,155790357,1233979145;0
=279685178,905969272;1309037527,1123335219;704863544,2001001832,613504931,2017656738,958675295;1
