5;2;6
+1198279917,1690227868;762041758,1568815644
++2064540561,628416679;670726688,699504405
==1260322976,608630410;89124994,1233390511;864280717,250268929,1391947343,1478715935,1073496933;0
==196541983,629008471;1174735588,719213519;1963656071,1030329408,1285527030,256326397,1594608960;0
==1733592361,1362646173;9303527,876227466;342824646,1970402244,1941978603,2052728076,1473745053;0
==726231810,1470954931;875741821,1583024338;1520599308,1769965897,1856076733,1817640713,2105586193;1
++143027888,30375715;83316527,640954741
==1866832433,1112635088;1328613396,1254608163;578111835,1018641857,1576518966,1130558512,920843169;0
==2011374063,185445183;957428009,1413898328;660599431,1806934521,884320952,620019364,1559232791;0
==19546483,1979901241;1257619053,1961292847;880497968,156998147,540826356,2124590453,275927638;0
==208763393,1382545321;1177396230,1311544239;252543035,148540621,369305202,2129619503,1357357065;0
==691898026,1275186622;1702360180,2108299164;1716019494,1962946662,434302757,203260068,1099024700;1
++1901998277,1229084490;165305314,888976954
==84953831,1497664956;2068147235,1850719625;772744272,2097096462,1021174329,285318335,1340445652;0
==1384084647,460632011;962002695,164292877;976750146,71081047,592466278,1903005716,1205084074;0
==202197929,449287072;1462506672,1844354851;1960943602,363455876,517494043,1063244865,828110356;1
++2133280654,1543024529;1367002061,1165913491
==545038431,1409271678;1454024766,1276828484;286536946,1565698013,962976270,173028556,928791813;0
==1192601350,1208234447;1121780291,2108375871;1711898050,488547276,1484339887,1338428525,59513837;0
==1355660237,887537318;1847930369,861561289;804481477,1833183477,420915213,647075654,1045208698;0
==1003734517,96967799;1697674902,1942450325;679697382,1626886171,851472720,1893591032,1305291387;1
+181706290,1067520059;156056868,1706228732
++173331536,219447131;45243669,1408852613
==1716744225,1033231853;395506511,1893031522;1642267954,1375097529,1203641564,852454266,2100882584;0
==1245537143,667132288;654227531,770089019;326890874,1816194044,1247160967,1792103924,1640312537;0
==831372884,592822318;1830086578,476443369;59096862,611132546,1316900037,656900925,2090032336;1
++1890765602,221146219;35898483,1199621093
==1489282190,874669297;2110916512,631640867;1394257423,1426066492,1893553819,1744248747,718799030;0
==569331095,1547692659;457948873,73316397;437495314,1132760684,524272300,1698964534,1446166666;0
==2035893079,595442738;366937133,1971594289;1995373616,207467543,379241763,125856285,1784343138;0
==1359263439,1990595015;774176170,1894390027;1986577854,810331575,265522829,487038180,214313262;0
==950409393,1050290039;1687304358,826411556;2027442564,1148010014,1340653831,1785768030,667570290;1
++310610896,259232271;1097267236,874140653
==1048931558,753427937;76255473,2033817195;1052464686,48723350,1437458674,1521454700,137291626;0
==1593980565,1442838678;1942490120,675700782;770459624,1104504344,139146132,675359506,1253668010;0
==1879636445,1293539660;2003332530,617271745;1443014001,2037437038,926813568,205609372,1127328025;0
==1139590611,1777589330;1518323854,597498988;1773959094,692633239,57626902,811188857,46190043;1
++897610979,1463775353;261274159,2124231680
==640505028,1456683645;130353221,1133627752;1134236047,1544494643,1649835814,2007777531,1981097651;0
==646236652,1432373020;1734475587,1706261129;1870128415,154392127,669148745,504905904,1528776857;0
==143072457,1166107365;2119007886,1140504140;1450380749,1000297089,192225540,658654645,910370940;1
