5;2;4
+1863633819,1895050298;1560292566,2024985341
++1755136431,224625345;1980497552,1867771380
==269273004,928622390;17073952,1933388982;1643676026,1226834423,1763178660,1664969813,945842755;0
==615412765,1747082557;735714924,1973172430;1751680038,1719805823,1850053221,478837295,158744524;1
++439570365,177360994;1173836431,1159721575
==980941558,2050677993;1679112492,68460437;668066949,1947973249,950559113,998705751,546937013;0
==1081343746,582626010;688243434,1163631745;2038463334,874799699,624064314,771430344,1506641691;1
+1244539221,2143778523;303018773,955442715
++373253671,717381296;126000172,1603174647
==326062603,613707284;738608946,941640073;1384002266,494618895,454805750,1419907427,1682701777;0
==1787966640,426668606;1393262228,45205638;150037117,820958806,1373295105,245127933,793569950;1
++1430000999,1165037081;553320501,40342706
==1035046724,433046379;959599823,2116151227;184607157,97922429,1473393950,1682231499,1723361387;0
==1025937830,976074199;460251242,638336844;744358822,1492158036,1762026134,828823286,1046741573;0
==68375968,8880892;637064095,784619017;1809692865,1591423337,1536350396,1775516933,705855699;0
==1360778641,1005223898;493058668,2038170861;1587117099,901602897,1463541566,2080173286,324761640;1
++205863604,417168254;2069341248,708066139
==1977118201,1112342683;1464058778,323103446;1565018692,1488173552,1547017595,654776702,1100372712;0
==505773329,50073310;1773215945,1928729144;1574653943,116049919,1712322701,1136347539,1792391903;0
==856793088,114295275;2077320309,755636057;974168240,943844261,1423101287,798085141,956201661;1
++1251689790,1289941666;1461858896,328851488
==84253893,1615114470;1640320278,337615516;2069494041,1708702467,1698025499,1286646503,1196602001;0
==1338117778,1917066397;355047864,1123405973;1101544189,387875090,1351677233,985293149,1035334506;1
+1925805658,1892500875;1601109836,11776255
++780953731,1904187916;1528420520,907098341
==644130432,1684540313;585278545,1925736529;1920435325,19214975,831286869,1885914138,1136157680;0
==2051580254,372934564;792030995,510783977;1022850691,812754977,81755950,98868420,2046212680;0
==1875105974,991097420;1979887987,1070565753;643145851,32673107,1087494881,1555306413,159109514;1
++865799965,798527367;347243879,591205336
==95732240,1239122768;1311706699,509118745;1096821589,1883705821,714181084,1393684381,1624829212;0
==581967742,2014817346;663836125,1365113445;649341268,755036133,1313606987,2009002796,1552458385;0
==1460822803,606647854;438144395,1438860135;1028690189,2088761107,262033224,253120956,1797211433;0
==1491824365,1704385806;428321749,264385032;2119640341,483566310,751810606,1817889342,1542936848;1
++2102192934,2008063219;479125795,732802718
==1054460176,1649567073;388381484,597603182;1892622791,441598878,399084827,978538413,1502671384;0
==2131675111,1148913189;58038046,1099933452;1438783514,465744847,1137581862,925519012,1195294209;0
==1077909275,32037220;551507680,504011841;925882714,1755700075,1493688163,1975928581,1184840792;1
+49156425,1924644517;105564705,1301953155
++1766439404,1637849388;1377599187,2077191416
==1436820381,1989815655;526849892,876585189;333937410,449754057,825851532,1006242572,731989276;0
==585056737,1626869160;1705823647,977287171;1268027405,259859263,1217382161,100168344,794987098;0
==193951169,2107044890;1570446816,410891168;1555567834,999508459,1326242461,40646009,1749867031;0
==110948866,766377281;1023457742,791715248;1119674106,441988714,259238385,1316911302,944190721;1
++2057186071,2133743286;146018017,2109183770
==1368697505,1282190856;1078456330,1224184555;1169759296,1738466370,1656028512,1152662347,1988807294;0
==469708237,1568544041;1566950923,243233278;869400428,1304563694,2057005027,170425130,527027523;1
