5;1;9
+1755412662,848638373;138326828,905667953
=1029810889,1715563081;1423161937,1850402857;105202898,2139251116,142167810,89990870,1588416844;0
=127611872,1508892365;6100129,941112672;573185074,1450445390,781604076,811836204,1080747361;0
=274657507,858592728;320847255,1431813035;609120502,1151708553,279416223,1860119215,1484197965;0
=1551160023,1147617257;747816342,410372045;1512319729,1035781055,1765416559,1339874970,883068520;0
=262431471,1114491992;400622899,1901407923;1372517521,747213492,220251757,1852631612,1469722864;0
=968259352,450248359;1862696263,1120190171;1342350647,1901163330,882612699,769748486,93095319;1
+1245908862,1506563682;1327938790,1417149644
=448778037,826958448;794682766,339692137;209846866,1930885269,1573711723,1510158072,325756412;0
=1930654494,1686092706;1242009692,811376160;1375388964,1002846803,1479292912,1377268308,818331107;0
=244347678,1638374814;175628313,268588307;240402386,1773967975,1677353254,729598899,1331129456;0
=407199224,2030557274;664595037,469036676;869565902,840210915,385552611,1035304298,244109347;0
=807263121,1987096182;506263020,1007012280;1427663161,1232454052,1271847716,1095710172,1499568748;0
=571311395,1385186003;1323153972,601039950;620746317,1758946852,648338739,1516753951,1819944765;0
=329252674,1894625502;365154632,1676717358;1542852554,1639963456,1256746737,412135043,2073652678;0
=718958921,163396121;1664647890,308791917;996285260,699872785,1484212952,664356732,1024003064;0
=1312167423,91962085;1747893910,1726623089;1673087825,2052897031,167815186,727566135,645426846;1
+690272607,1326826820;758801770,56336452
=731788590,412873959;1263820005,570042887;1065887400,505415352,1336428386,152662299,1486608856;0
=628430100,236578157;795005089,351620398;4330978,932901642,901713687,622715685,1794423838;0
=554670627,1315389131;416773126,121299331;322068321,317849850,26040923,185960224,1663152516;0
=934166783,2028965158;1326183725,980148111;1379664982,1682103338,1256647566,980064684,808280239;0
=975439424,564227519;1505728726,1794945762;2063727660,378851143,282922992,1636387536,1038316221;1
+149824702,568798;6721220,1279341353
=1700471834,1705316659;1746221333,814062603;1947195273,1929981156,1379434902,905188939,2080429107;0
=794185185,1525160419;1381034468,467414024;779456871,1857079068,935639514,200783243,1886091320;0
=1735514225,1263786799;578482944,1596957398;637271571,649755634,1889333198,14576095,394569742;0
=1233130474,82848105;1327119123,1771451296;1021474810,541097634,627167864,1788530247,45382154;0
=1290021035,959519387;1388694977,905208827;986550861,576050424,278916774,582459757,1697547957;1
+1487937834,1920154369;501208224,1497029773
=199618062,1898827276;1036400435,917535500;1715286138,751971306,296656235,820021063,1973295522;0
=1593844387,707124189;1583994379,957610166;1474684403,2077371994,954225562,2021191647,62997890;0
=589652913,1316391231;106544245,1313883373;663710265,1055863349,29620864,394537860,1909807321;0
=1878317241,155347462;1187034798,1277141161;1333089037,930727845,1631830371,553593676,1651891746;0
=659587625,793612841;1076896391,1865474776;1525672606,974365615,2088193616,235428549,1656424130;0
=2058111818,225803126;99683124,775195585;1502978405,800593742,1958365876,1939493558,22941190;1
