5;2;3
+2391159478,763109073;2131977606,1612865287
++2228031418,537603510;2371351541,2554019759
==2823017672,2427206912;2944911972,1631000332;282888990,3022245766,2316541315,2927646183,2242381196;0
==3053111010,2720697789;1827085682,1239625021;1980378835,708481203,2660121629,1057942390,3375362789;1
++1613239427,2039434787;2179982444,1002603582
==4225087392,3102507951;2178471261,2365940869;3835780185,2311683759,1852352741,3169938351,1461014036;0
==2336596003,2186827915;2753773240,1620500191;2297865491,2400873576,2117819145,2612799033,1268540200;1
+3309290223,2028400372;2171833516,2079267121
++2729297225,2704501711;1117563183,3587372734
==2098485357,1139412745;2663173441,1448399495;2662658295,1130468401,323352544,2549400681,1792958828;0
==2430190471,1049741307;2476799609,3421151833;281820520,2548875521,1911763361,2032206908,3070539318;1
++1717520507,2953965198;1346205155,2590108684
==1862803549,2600405160;1488074454,1412940763;1833257575,2877529732,1695334811,1402084032,2366539503;0
==1583866793,1569257508;2514314375,2248823416;1091012735,1871445126,1882848410,3045483154,2744194497;1
+2459195543,2162445686;2140927266,3271889323
++2260297980,3564433471;787238129,800481748
==2262297264,2075897826;1528618639,1168157171;2388763725,2286301516,810564340,2220180573,2693940369;0
==2283072773,2610816745;2417355039,2286037314;2704677163,3205813745,2818282039,3485581883,4098265572;0
==2615571922,754176396;1289951577,2051678112;2562329438,2522296969,3277938907,771254008,2200100648;1
++1986479219,3339800785;2217391948,1246550994
==2065267392,2285427916;2077245205,1690119370;641378427,2401936802,1613008372,2252341235,682521585;0
==2019052796,2929667998;3500011723,805220087;2592814383,2359087232,3423973866,3016587581,2992237310;1
++2253532327,3344985424;2914266981,860400515
==1445275846,1260662957;3373787209,4034185569;2684345450,2871496137,2742538933,3888296884,2509854789;0
==2546194987,1773298420;1913475320,2417301131;2099929892,1688410512,2439723443,1423524353,1991138338;1
