5;1;5
+1891791728,1063786990;1151490023,288804908
=617573302,222345958;36978366,962076311;381144092,841776683,607188811,1421257775,1689183301;0
=1276323764,1539856921;466744107,1762825262;550443002,369602416,1977483045,597127872,294943519;0
=1321097833,295160273;714132472,701739813;989986629,1164522910,2070091157,935147112,12237494;1
+985361263,1006140580;2096757774,1921715236
=44470572,370838657;1376323852,1656136562;1288455729,506985329,446600356,535595207,1290080755;0
=980877328,2108445988;88558388,1107770982;237206933,207507736,601336293,520475905,2131521720;0
=2067064339,865608481;495496690,557209239;891067094,177810816,259601134,661060192,1562837956;1
+789729506,2027889025;924076719,1991379405
=72834718,1305349719;350587030,671989840;973882159,1860013207,869849240,298439332,371080764;0
=1210359211,1707460812;958020030,1750031902;1673302712,1354461276,635660740,1444444832,1452983748;0
=947043494,558858761;304573763,603310922;1166445220,870826969,1283386600,1123903270,1309698401;1
+226972068,781080626;1898519210,1276317111
=186472393,452700127;1179262662,2134318737;760702466,1184893814,1980145084,1001571622,655039307;0
=984608771,801464017;1667633630,1206473298;514024329,200923246,2129172145,383508432,431695072;0
=1875556309,735586025;820707137,1649276484;1315312367,696477066,1134720917,1915175532,171193926;1
+1317468309,1236358161;591997223,806590453
=1579415807,838130394;880395300,1895149767;1417602025,1125781300,335017771,1006960103,1571021847;0
=1743636117,940951493;1232699733,1774687107;1481783793,869731102,166521604,1981235181,1619971428;0
=1517203877,200752507;215541205,1359589789;740328040,1815653541,1821599146,505614605,130737605;1
