5;1;7
+1410871542,3631638870;2048433105,564898466
=2903424912,1902798472;1043373755,1791798351;1969864354,2360339665,2250560249,3599528197,2488875929;0
=3473961743,3308010358;3275114100,1410861573;2361377814,2012563793,3114853478,1572459720,1639277861;0
=2813326535,3222887192;665680384,3980913345;3423583622,2565653289,3259748431,2257192451,2565535270;0
=867102186,1595498562;3414104509,3055547549;3650575577,3149983964,2188656114,3404369084,3362267282;1
+2524964135,1478102496;1550802255,1938503770
=2577579170,2259214218;2647182897,1044791288;2664992647,2159875621,1590785270,2090944176,3248732633;0
=2224244321,2971117786;3021835779,2673272441;2979044536,1340441073,1034424777,1725227439,651279350;0
=1290358128,3046278339;1866803117,3442634400;1895302160,2679414101,1312864007,2149610766,584751413;0
=2938552127,3684027256;1467574547,2553571281;2372472092,3631481165,2705683816,1127068192,1803903559;1
+2641560387,1373436894;2882035458,1141428095
=1872644835,1706713906;2808485260,3048328926;1596694407,2236373687,1859103186,3195885960,397735972;0
=3516370086,2615043008;2698402666,2440133115;2648139927,3292340967,2914403158,2015024050,1546964696;0
=2399095558,992293295;1425737685,2870713448;395950876,1613435969,1618779207,3733921737,2796138574;0
=2556597637,1813314173;4101175991,1286659845;2465484727,2758620614,3106193167,1526200942,2300857634;0
=3475601368,2331395636;3556126818,1932641245;2445856497,1813404022,2246516904,2252393249,2711729477;0
=1007544683,1347043793;1021136652,621419123;1028098857,2032026778,1933186413,812846571,3350117190;0
=2820262923,202941663;2493629816,740567103;3044613479,3718121953,1539942871,3402998135,2076510250;1
