5;1;7
+816296295,608520714;210778831,2134655502
=474610618,1719274467;1676706238,1344443654;1692562028,1441428477,731577361,309421245,12512388;0
=698638053,720936976;645883762,1463987704;1431699991,738291963,73416901,687735842,1557558824;0
=1357482080,693244079;1716645353,127081799;704891860,1129721309,6069366,1019450066,943170944;0
=1411684162,1718714164;275276121,265672440;74352358,811786131,1540474180,693049396,768762257;1
+291780799,1211367414;1416061202,1195780521
=1108648609,352242299;1392133427,2146380338;948792474,10768389,1489185082,1347702187,198514252;0
=1788280818,1308855440;481045031,1535953829;539156442,1645525713,1516637473,1406973138,1676767719;0
=1559966785,347361660;882098867,652597725;1032596028,1161983320,1540671970,442708137,2046063891;0
=1142999987,441784356;1776014393,1194380360;1452669897,499566126,421712971,1886938342,2055767480;1
+1143964184,1983018334;514909200,1461900503
=1421686838,2008729833;236744349,1116847430;1680611161,1175424796,316301638,101631903,1870869800;0
=518874613,1330406206;1347821014,1344755523;1318035821,671007595,356344252,1080321439,692841857;0
=631299803,1771423069;1798508887,1293577216;2099707381,1381725890,1136110791,417353273,406123539;0
=1097524682,1558056968;14730487,1347983251;1608455653,1501385799,450283462,910636478,161547411;0
=451527826,1089597796;546589281,1913589017;413518167,1446802814,1506157298,2042270198,948012362;0
=1762067040,1683940100;1444857032,1787876447;1403057354,1829405187,1228209306,1729148136,906133072;0
=349290357,2111040166;958320966,1706425457;725641684,363565432,1967079754,554224299,1925009489;1
