7;3;8
+1946503193,774860522;40465376,521085851
++938762051,1094310272;1143902104,872446168
+++97897795,658958016;40386145,343017626
===107279927,1739260831;1024738925,1721987387;1683532692,954703579,1370350904,1550354884,1117078441,916315300,875856073;0
===1615556824,1249021312;436226606,1978814060;56529763,436063109,1246483247,2017478104,529821517,910066711,12044707;0
===1505632391,549710978;1709963164,1162646471;793210480,1159907738,621970946,1024732434,1163845720,1753021175,29268626;0
===1795236402,2091244180;1450742289,400625896;2062573195,947620706,1710330000,701081738,586778272,1998701479,1575916810;0
===1693950181,2123137451;940409512,2141770515;1637495396,290039686,1779821134,420620964,701069647,232425643,408060333;1
+++1715964576,846951162;972698643,931052453
===198039597,1785865035;61151872,1324623303;1097946442,442429075,295838161,1779295492,1180682998,1947635640,719477448;0
===1101916568,1732025082;1848184317,1503987953;1210867431,1246206933,1918467288,758942256,1092804338,1547813737,494845274;0
===1348094313,1448476399;1390563415,740391853;856379736,1260057396,789212178,1658309485,1474442639,471269920,1801008182;0
===872373384,924343559;868772306,901805641;468811236,2119816526,1457717504,902648892,645536471,374021911,582587605;0
===1978869839,1741506710;1762154717,717295335;1656706970,2112840823,1750950256,22523350,1367096332,1892060288,395954692;1
+++1265520410,1388854609;300325628,752587976
===2045045894,2129347840;1550977217,816402873;2089606090,882846707,1866751803,1556530823,1182349846,168155286,1155575829;0
===1280684993,874985565;787614042,987660792;1311644058,1272975205,1478441014,99405456,1429119396,272393565,944934726;0
===1032474098,45121138;658579064,939347200;1112961480,1489126645,1802461531,498361576,520982555,111482199,1194215347;0
===1760419181,1703943445;1292620077,1767483151;987843440,2126499787,1082208911,490776899,273992040,1928224495,1530094065;1
+++2110435200,1578898265;1211332752,1428211752
===1171652295,1069464056;608597351,1484553321;389852939,1541703664,756503577,586890133,1111775675,1911854288,1250438376;0
===1158106687,1407226084;571288996,123551297;1728297616,1651439652,2086229324,691840149,1677278876,712629102,2011171776;0
===1082742685,696439649;149535781,168363436;909530833,1591742931,704795195,417292479,511154018,1352232186,2078294444;0
===824352318,273158814;366941279,107625882;1108728012,376801091,120782686,915626458,810961718,456772848,1594870961;0
===1250808323,1002672170;2112785884,1748914635;1852138092,185940828,1015121468,751404759,1351274599,173507319,1459099720;0
===195970160,802662256;48313069,1182012294;243921839,918049813,1582461417,964314631,1289675756,22713386,1741961673;0
===1308740017,1169506617;1551480696,2093575773;999248447,235742337,1953251666,1132182386,623408042,2019591008,1217489528;1
+++332981255,111872595;254967359,1147547320
===514995281,2101515315;521840336,1710944376;1821952272,1254245837,1376269128,1740866593,1109404355,1053700130,1786215524;0
===1910579886,127151234;384979983,2042386549;682967174,1569096397,224387145,2008323344,1642358512,20293923,668076098;0
===1180361218,681494240;820382106,1266501663;279877885,502984430,963056892,71446559,532727961,231466807,105797016;0
===692148702,34553163;2114516820,940599085;454724889,1170704150,1834432480,504648229,1667741853,850373606,811817243;0
===1945949550,836157015;1540582599,372989602;1753788516,1669933278,1675055091,1580197496,46789983,1964646607,1207762737;0
===1779002069,1008561365;1439446299,1169488146;1651403699,342737088,809790149,1936471774,114226264,100004035,2133682271;1
++231344054,1716836859;545956876,1999304287
+++360933309,336259972;1375648754,1159052587
===748395802,1283892601;1569968952,742224760;2112703772,1554200672,1818735459,1632700640,1142993448,622358556,861421291;0
===1849681208,970253319;1229127593,1389944666;949934344,904238594,814631740,1897940688,1011965960,1027995804,650295005;0
===1394198017,649778490;312326768,211798997;1612450371,1387956426,1001753049,1572454457,1573050569,247453236,1935284014;0
===557992952,1247002046;1631514873,149482450;185643218,2142793410,1347876042,688789750,672675047,708794478,922915492;0
===1830207866,1387198888;68489173,1111775994;672340238,1929245728,688025839,484789777,896914712,817770713,883037277;1
+++1579240844,1532854280;928706176,1627165437
===702145663,772711051;590281300,2136343515;896723950,1328572543,1215478122,1017657200,1623883389,174714051,2115584307;0
===89240736,141425625;995214747,943502377;1674542182,2038277887,2054603407,1619223899,975471758,1978812371,21384157;0
===72451849,1034341199;530697014,423132447;2139752086,514126835,681220452,1785147660,633819603,1575167212,1051675390;0
===611622015,491935706;1759708161,1713373007;384414586,1619751821,1409840013,35590901,682097482,1498693328,693468639;0
===185459142,2040040240;1247669520,1159978048;1293079256,962038190,1196155931,2124836338,924599161,1368137065,1075721288;0
===1319209699,380048397;128055239,657185028;285834860,1604827825,1309904136,2087423038,1931496916,1607045982,422066847;0
===1161229157,2229362;930778123,1482888203;756841580,1595909972,142365336,1764261611,789436736,524510957,1075433217;1
+++1202754204,701382178;506020571,2056618496
===365486172,770325528;1435106765,1819029208;988955736,1476152692,910323408,2097092091,1468479750,1593868059,424731952;0
===526043838,1350623281;206312892,867669733;2134905472,1245876706,1308118926,148474589,1954949014,903033860,1169048962;0
===1789759191,38023057;1553752483,7382417;257396892,487129558,1426743222,458562658,547214983,404119317,572938534;0
===1373580451,711559387;1072124355,1781534153;1798795696,204899559,1169191279,189927840,1266295452,255791120,1905359844;0
===1322407281,611221748;887053870,623421511;1599581499,1547489260,1289615217,14192388,1390069019,671342714,1185318965;0
===828014444,32976679;290824431,62304435;1176566756,350023038,1263365474,268363416,1885129098,1862042719,1507629379;0
===275529456,1610433517;902385581,906212762;134823668,828874102,1217909799,112959746,561205432,44098874,1198132211;1
+++249959267,1079773597;136125191,1211000198
===1835908931,1082382178;274729059,723168232;731495805,1992598995,49066268,33999098,496233386,631754894,1308341363;0
===1765115588,912074285;219339934,77734077;2098862456,885857975,2138433230,1291908835,456578196,1728381399,769047754;0
===307730990,557792285;1957778237,293377422;1390647951,1949402652,1060605279,34670298,586830256,2049320009,1046884001;0
===1461392765,362395105;362075668,1164624282;1307350784,814139847,1763356083,889420325,506206669,1077826595,1825563623;0
===739574970,1959037845;753461904,762580504;1187130004,1544855817,716181236,855903216,387308032,49629242,1023492831;0
===1829626619,813248935;230141355,605596147;476882517,1736533537,414920429,40333288,1028193831,1557534447,1844548222;1
++986911831,363325407;2108165496,985619653
+++1708409131,519159053;1225336733,224426777
===1130007901,1521095760;1758304943,322712195;917769823,470104318,1929316646,1891548841,1661914372,847835479,2086602496;0
===890811932,1852088108;1010343409,1652543398;1634354310,328864617,406736352,2108617832,1779858561,154774643,410742232;0
===319574433,1867745147;1687147606,432447818;451078515,54817668,733441538,1219895021,2072852053,644963053,638978599;0
===738988892,786214577;1801495744,1150764594;1526096750,1106985689,741254183,75246777,911936769,992447938,1765743682;0
===1911663723,699468868;550842861,834368387;648860577,1870482492,1140525724,2032200077,891760583,771614799,210031158;0
===949634303,437460685;765396486,1021439716;1056527438,1356303536,1475099900,1835982473,746986516,78154316,1965938719;1
+++1704004965,2112546118;975791676,756616955
===2051050125,3795607;90046991,1658983506;2014417681,706985164,1486779885,230797889,998635655,1185929320,935414091;0
===2130226663,516807127;1380947469,1814274202;681160331,2136855881,442444792,1533955805,1180740242,1877640365,535477180;0
===1082567125,25343253;338216083,188585824;1969185598,1359319071,48096410,1788345101,401762075,1327673325,809636287;0
===526775338,116689969;1483908283,251006130;787861047,1778090503,1202567479,1806713545,599551468,766626242,1940634379;0
===180986751,1217274654;1871434833,1740537071;612796942,1492019607,897894120,1791994850,1481575518,768905360,744434739;1
+++1232017427,110292329;131167186,912893293
===1534802485,1289862000;1959395621,439935293;640665625,837984794,1287832123,817917095,149277206,474498446,4443404;0
===14879718,1005136283;829779475,444142907;412693467,1570345396,1702233250,420329982,1878700527,1101977681,255444811;0
===1952444106,1447184207;794253792,708489969;883930154,2133061647,688299195,744939663,415254624,626864242,521853944;0
===1294370538,190819842;1336273141,686780094;1725110787,1819495950,1742992899,1014266197,157228466,796312071,113320953;0
===976404663,1845469782;104573311,1776194205;535626435,1056284654,771100441,1184347973,382832018,849142134,1758164729;0
===1579292740,1844927894;1528400802,774372344;2074896031,432738579,820623755,511365793,104655783,1981735600,988973941;1
+++502931468,1994289570;733144226,1610655884
===1114256283,1576241241;1494354042,1742015992;476430926,1286681104,82367591,861226532,1318840911,550776587,1784875370;0
===1955557218,1974919946;217851556,476690160;702475957,520884359,1742658889,936173511,1312390932,2080090190,454934086;0
===1040269287,2112517780;531817681,1744931449;1803451713,1661236496,1066875873,75013496,137132695,1717553683,1735733924;0
===890807676,2017040967;2016737427,1832501196;208011197,2077171035,916368539,1564600408,1641838759,367029034,297883710;0
===2041130163,774469257;2115975982,385452354;1656180373,1716782690,1702884046,815053994,2041529842,1793730504,588959266;0
===2027029746,1062906562;831753146,609122657;1410866220,446569728,1338501141,1067939913,1166121760,1538486610,779275703;1
+++140852622,980222720;1540834383,1573833028
===1420494971,1465126006;1974229031,1822770828;1327823154,567511191,646388740,896350607,6635644,71073254,211887590;0
===1885177829,1050522892;717834386,366539474;1734413692,326157787,68851562,589454612,757326848,397821563,1851578358;0
===826654999,1178641760;437999258,1997695747;1604406948,1558673603,106679005,1426093493,598600868,825642898,481778643;0
===2041733391,278045856;2107616151,1356780798;503496708,797707641,2042986252,1095115491,1769640024,1360121970,1474317086;0
===2017635546,99281977;2040705622,1959084320;1796645113,1594660764,824921709,1005876033,773926009,1482898309,368642496;1
++859417817,2079277846;241910232,1916949337
+++1259084836,819497030;788183895,95018577
===1988057820,1142390594;74619573,1694276934;1999468426,1369523262,958571108,325747208,1992050862,883761941,110519746;0
===1574395934,353446205;1008263677,1754077782;1053804874,1585355762,1012554136,706111771,527861130,1642234100,426022157;0
===534580620,2014461153;1240552829,250986709;1602144473,2069649927,447938380,1738347425,1061358179,237811664,936091399;0
===1390414464,216338773;338777869,77756257;1283395604,511882462,1149456262,2094807886,1046128536,1869986292,1944214922;1
+++1283475214,1566047207;2123970328,2135091457
===1076226779,269026597;1514363718,1206719166;1222319025,1126125678,1397543560,438386817,1223348948,1888181261,2066960832;0
===1131797667,260127240;571593030,431810705;333359905,1610914168,609557905,1949400690,10069596,1376709492,1232636563;0
===1673696161,1372057439;1157475412,742168605;654765969,23296548,724345078,1653256144,1503768920,85570106,415656059;0
===1806400986,2009455389;340892510,1484960926;535496012,1031757063,1541034821,947303832,423951735,1732149931,310893191;0
===1285675585,1666569784;895989711,475884801;2010167366,1282771462,245098774,1564792558,1597206076,1566416380,1444936991;1
+++1709071323,323049452;74480378,1585229246
===1672167990,335712802;1356181435,81525102;312097509,459280428,1850251183,1694536600,2053715885,1030492735,246270310;0
===350215757,661110586;2003908227,887463647;169382129,2050011547,592640144,1350470464,1310337755,1479216548,1585328444;0
===325950914,1321883342;789164533,1761901486;1675888872,1789032966,476206310,1229853294,714641449,479941118,1913555976;0
===24129014,1932257065;513610578,2115056331;696228956,1930672444,242480403,1145961368,1448202701,2084436722,137198893;0
===1929942891,131379419;730878868,1480040776;1433259461,1349463445,1609859558,1807735677,1319897132,1818578640,500140713;0
===661879252,1466500485;1690225787,1207534168;1977004715,2022560346,479798484,1394004658,1083375125,1292803846,340256647;1
+++814979481,2067922601;1022618474,362454133
===428244518,1945600612;1969586569,1882824852;1420719022,316136100,447180607,1657878529,163418369,262653644,858814117;0
===1801283641,750105186;2116345062,192830053;1296658675,1270717044,739758620,1339961225,1322238973,409632560,1635257164;0
===2086406693,826240377;1870289664,598699027;1416178183,2043947859,525930799,922156147,2003897061,591901393,1267526932;0
===48092597,848711048;347913382,861549829;749715583,670125286,1673493031,1478223942,1081591329,42982521,411365596;1
+++943211608,1144433759;1545066337,51309091
===1546373841,1401607672;842177324,804451216;966230567,2080917051,1431666847,1367138977,1926841421,200548165,778758500;0
===796390761,715371847;156522863,1996406242;653006427,1797029531,1220072893,800168600,1043630199,1836792303,52349559;0
===2045884493,1153099356;1927424145,1458229741;291177654,1221493526,155327132,2038839141,406235792,994067425,325695495;0
===697056674,114499973;953700755,1339133621;1364369930,1864469888,1183000214,1842654473,1335279153,1921550525,1631214115;0
===1555443116,1023453075;1279519861,60837291;1940450486,336240868,931898597,1686511897,2119122565,1529160408,663347798;1
++483859145,914745175;635658671,2041478304
+++1828198330,89699237;1887068037,1698732930
===1529518168,110139187;1305513253,1578613527;846536145,204907081,1942004248,1656266451,451654484,1257201680,1440693271;0
===276694552,1355427593;525178499,1433431170;155539499,2047432206,361917447,763046621,1763505900,497242719,1174525735;0
===1685756310,1762451461;1291142966,1323284789;2077209695,1196119292,262188311,2066382109,1470924862,540600697,170159898;0
===1283686296,704536105;1710721137,1173115858;114268847,1836831456,1429316626,1717901249,1260350173,169990499,786943857;0
===536325955,1140026154;690422548,257339497;1187989557,378917063,2083581610,607145262,1517233520,1732226123,1498701498;0
===806523481,24540240;1856025078,792624629;568595026,41265957,507300195,808160971,1952576394,715606537,116358364;0
===419813598,890548761;1001305942,682819595;421513007,1895179151,959460215,129719019,2129128932,1658021087,449587961;0
===183294146,1108413205;1812682454,2040763796;2001300804,1449322139,1982185207,192118979,834599622,427233087,132979211;1
+++1615332607,364141936;2121113823,144525926
===1276740304,2124810044;1537432329,1443938512;1780023021,1827459269,696535987,1850751403,95304057,887275397,1698449316;0
===1134050082,434847964;2049059142,1051264500;1810976348,541146806,1371285152,1134479702,105093050,1365157049,1628199044;0
===2120874706,106333925;1341311990,1493788690;817747078,672910445,907910663,1712093151,964476108,1264628912,517745440;0
===362277598,538374722;733709199,2085695995;1350337440,1343042759,1938440824,120021028,1256471211,1053601097,1213018162;0
===1342840977,1923777277;2112817724,1987806686;1168157983,706545501,76349918,1298556182,10923060,1686218113,728465798;0
===1293132868,240615068;1957049957,1435745627;1997843270,1906698836,354290219,1338842234,350195683,230486318,712054296;1
+++306237956,195881877;1288500240,2004867570
===1608362906,514948324;1315227066,1008727707;731378242,918048881,356425808,363098690,526668468,1103984622,1074883363;0
===650919504,1412753591;1265501512,1831413641;866363552,1728717191,2022042562,1453838907,986993412,1598883879,1817991440;0
===1018040316,1853016335;2103751971,871347514;534467461,2055809357,602800018,522818803,1640250631,1268366633,814408893;0
===1162512519,190378851;1486897397,1808156087;828567491,708622699,313893709,277260825,218924498,459282033,371406887;0
===402121268,215261886;1959196658,351581105;655913273,2051744189,1085505705,1145044293,296427513,667708041,91689904;1
+++1453951359,1063574486;425763142,1964041724
===619777633,1880074359;1312759621,1844616385;263178865,449314709,1212299519,1942046100,187167940,524903221,46126270;0
===795193201,1970051084;1958257152,1210000152;1463366770,1282982093,1172013147,665302267,1862364154,1071048420,1705479955;0
===1909553407,232894258;1041849321,2114753082;647656490,227011384,367806137,1632828625,1055750560,1049693072,1760362154;0
===17017048,1033736198;1583104787,898573847;1001570201,884617265,1345228961,1676642490,528721225,513546678,278879903;0
===1716309399,1357004798;978602902,1926341026;1039533324,36607270,2142984200,388854712,1717919027,1179072265,2019774002;0
===1528436467,491066348;1882995949,1845780912;630261196,1582523533,872991161,1178428197,1164609820,1704129061,1953467776;0
===2005637869,31356076;1092650827,1273862757;1702746893,1075724310,82553611,1349223696,1594707167,745957843,2023561734;0
===1041503470,1268490991;1413416371,2137800738;1419192484,1869446014,1196625507,456050317,495505559,2139310076,1982261499;1
+++565227736,414948400;1276953823,474020289
===2006735708,1790585607;953117075,1563021997;730172958,309321422,1144662824,1294297835,1640822324,1137678302,434204946;0
===936483974,1933209317;1869084100,1650203136;1222457345,1936151676,1226614060,1686430099,1015728756,1722080631,701421419;0
===2095092435,132165460;93081710,882667762;396231468,1266359201,2088638953,1461438548,1655530768,1373768333,862890684;0
===1292519045,1849342233;1086159196,2039903716;19912344,742603503,671730546,1058017119,1122775797,890374942,937023347;0
===652692680,2127721367;1864609088,769245618;1387891726,1262866901,892543638,1766492053,1572209728,399753827,673426989;0
===646282909,338903058;1093251134,873011266;1820586577,517856535,1538314209,1411976456,224326316,1564695682,1620306859;1
++983061820,314146599;971034832,2109993520
+++1036688306,1570467064;743147265,1809899510
===1122150288,285338634;1611564890,1076939147;617103398,1493393865,723775081,1261211094,1722339458,79220197,920525921;0
===1249568925,218975250;1351672601,1855538589;122152935,1447819631,689225510,1986124094,1785905506,1962876979,214389280;0
===1795488319,883280976;1970126040,1860367718;125847978,2130045343,1432479494,1475288093,1483446194,1753552163,877434476;0
===1751778857,2141713036;1719904468,1666846682;1776835422,267145581,1687093072,1630539510,2099191143,859933309,1566157199;0
===536029348,1414463939;1495074661,1652396495;2022739146,793518798,1294190868,519745953,1056449755,1522162244,1728396626;0
===638031258,388027097;735949160,666233562;1647427787,1835584890,527580073,1765079109,727687437,241593498,922638936;1
+++451633618,1315315821;1279224033,1053784644
===261920144,2029622126;647808780,1625737235;217263193,936306406,1593844642,1156756674,1152394251,57347535,1054411925;0
===1321429990,976052440;1105690310,2055051726;1438265179,1878785046,1636137549,539206908,1290559326,881352246,1731110585;0
===1278021811,100418011;2062793208,1388982119;1575415537,946355694,927299131,1760789972,437159267,983607903,151959393;0
===1770724959,1263355901;700594141,1631348227;1725719715,582760038,1636960809,1033352844,1325420291,1388904201,1330874243;0
===808824603,1000976751;469467054,157132640;636153951,167477683,1953809773,1298936858,1543739226,1102119751,1545321343;0
===2542031,618615300;1813097679,837886911;792623733,1484192728,1901086899,1960566602,1142424650,1544694959,901350356;1
+++1755675901,644903412;1622890191,1712958332
===711528736,558574850;442875798,1652663682;760112866,1564170421,2095333942,2024263380,178982714,1702734561,539297882;0
===22691514,1935706595;116395579,1366406329;25211764,1696295012,1948259363,765797691,831649794,1020399186,1917656761;0
===392559395,1964355033;445293071,798400537;1312126585,2062014040,3242826,150558668,898201481,982651860,1285845652;0
===1310450124,1446074708;747232678,222629819;2142332490,850930245,1185856926,1535550918,1342381189,947673810,180369328;0
===1711796676,1313040071;1229491858,1506484737;797440214,2011804078,743562435,369413667,1990318167,2005088591,7314265;0
===1032323713,1292596122;2117026188,1388446865;48808109,2113082242,1804141705,815655730,200550262,1173358400,1162890918;1
+++458322177,189649486;1889284045,459212119
===1697336531,533601413;465233198,2119277499;1097152792,1109514332,1558172894,870940631,875780252,1830364089,93507067;0
===145326092,1963536051;1934210717,887322735;243100353,1193208735,1809094902,1050438182,632629105,1966590771,490986414;0
===767771194,1523878551;1569346544,1869915845;1251227493,363218423,1310947409,774331365,1914405603,806876257,580632490;0
===1540919297,2034474511;736625132,920810753;761762262,519437736,1911170931,711260762,1808650011,44560671,1424482036;0
===593268813,1244759921;1337674013,1485051423;837495233,1261808999,1842231701,47180786,1557346715,1506153003,1414046513;1
+++843789766,1386697515;935164714,1709118908
===1091183760,2103644717;848332703,1961335655;1005224615,83397077,982395990,935166991,1006472401,1570487177,1262328406;0
===1143754035,1259380468;349843532,659174639;55112010,2001723105,1152384869,136513297,1801257189,1973170841,2053347247;0
===79706144,1113816234;840661833,831736784;1059530597,477122326,802745043,1057266372,1087506362,95013560,788581428;0
===1561763399,2118604133;2006692301,751161511;1211512615,1628945160,23400247,1813171893,1315358260,2093002510,469772020;1
+++1882564583,1515239157;1045871663,44107475
===1707755846,1191459456;414697971,733292225;918493085,1852236736,749140744,1455457817,1498869101,1603552736,25498766;0
===439365171,1251878004;1983410396,223349194;443609489,1722820068,125621308,343144143,66002489,1215041323,2115359685;0
===598441593,1771714287;507233328,1152451700;236422247,1926256671,994997454,591635814,70432342,1409949187,417437711;0
===1231592197,213913565;2034182526,577733309;2098012857,1454253680,1339178495,1780797865,221332991,1407850111,1777644128;0
===1963445979,1996213455;1383443163,697241529;225435967,1278945318,96324082,1487558926,583334926,1814193265,1858637352;0
===903844231,2051668185;1244859990,179412431;151770001,1418274088,1133233438,1362640060,875843320,1690489217,1769738297;1
++586092346,1454295129;848562592,1281404744
+++1403268513,471984978;951226599,277043871
===539445961,313287112;793965017,1664402261;1216413725,206559589,1030434890,209761395,210027922,1970019584,2040147007;0
===495188136,780427554;1057690865,10568448;607749269,1724820803,504147478,1716726085,566849944,1122860732,1179683600;0
===1776491582,510555031;1587955086,1947567798;56511057,36567415,36908604,1956077687,930085731,797148419,1278724421;0
===873363035,207708696;892774387,1425422688;1709691740,1443575911,731114774,278352128,1899800507,1197455167,1869685785;0
===1154403885,1654729517;1365747263,1006359862;960579397,1973466298,1666856536,526980971,1748571915,1902742815,2077823560;1
+++1744231316,1986632772;1004269926,2096604156
===2079999715,786458694;1293869360,1322404616;402334699,1573056087,1419201747,345887153,2005243076,1395945204,1950360591;0
===134248097,488737843;1431275137,468589430;1006721260,684308043,1070727035,133103439,148519981,1552412204,1680809303;0
===1683286530,349258151;1116389717,102798254;1155576058,1379201412,1463151731,977755752,1735268441,330605465,2105152971;0
===277443392,915039264;654277073,991015783;99922946,563126774,1051863608,2061449182,1713253280,870261221,1664546608;0
===2129872997,677797861;333340297,1998206435;2118252294,1517037353,928547898,1121874051,1244774608,962630748,1596143743;1
+++2061378854,390482059;1468534715,1225454112
===1268790594,1769956919;1276917546,858421561;548502682,1025477313,2030729218,316889049,1888124834,653736000,699353446;0
===64042415,885497495;1356948184,1804603517;328162261,728946250,489982960,1029301886,623660304,1136046198,822221351;0
===1940416321,1777384419;1538027829,1027132821;1802082380,2125881420,1146671842,1201711939,1033628591,1479131984,1573393932;0
===197470688,329567490;636421837,393165744;1032387914,274076733,456451472,300499145,1538961238,1014481865,2091592386;1
+++1110054077,1488683;977950969,202468187
===1198456122,1821212357;1193409223,2056546505;1599752878,586042553,1675585585,478972718,79976903,1138477041,264429732;0
===320072313,975277955;1765096025,825296323;1113079386,471480407,1150548986,1817743441,13013169,849244077,371487558;0
===752405122,1439592030;1018544367,693722757;1833311419,818301956,1252931866,218471056,850605113,1697889008,839899326;0
===133654671,38973597;571135388,345458976;32993462,139988427,789544528,457609986,1332196529,207414818,881941141;0
===676430417,1623454146;352595391,1883175479;1423570667,949276234,1346534943,1996473571,1022878348,913400522,1380488164;0
===1560547772,590440504;924147236,609827646;1704996966,314565592,367388258,266280136,83118849,98570039,132261579;1
+++1888507787,1658981023;680617220,40902341
===1935451582,1857849224;1423960148,6263137;549037736,1222598037,830266156,1930829006,415037763,851175891,1262365;0
===1047840688,629437191;870245040,1096369743;54516933,256060388,1759119127,266921867,1939114460,77338721,928982460;0
===1853601386,662609036;353516489,1742186890;950535367,2097129458,196544887,1827048109,2108071764,1834123452,998103785;0
===2014880849,1864884102;1178526674,2063736455;1866757381,392777011,2022666799,868560316,670926708,2044608569,1871858995;0
===1488624048,395693905;169466297,1135684702;575449195,992433506,1589136675,644208333,1200686095,997196316,934613202;1
+++433487154,413446463;125722733,891775849
===1716444456,1633130161;1558460766,1137136940;644875656,1944482453,565218302,1552697454,1691278392,1030932471,930755310;0
===2081016925,1030188935;264296077,203197675;241366787,1616229472,1902101567,916480335,902826582,714228635,175268388;0
===103290767,373909730;638888791,2126673951;439420450,2099132321,1187798907,2056506545,1121927474,879959814,1378091435;0
===1255777601,1084248230;1018170993,1074057464;971514435,999121269,854065823,914982017,1116901062,1792206443,856292757;1
+++432313107,314057613;2125699253,291486055
===1447306291,919623995;1837451204,642341266;740922380,650457137,1521600358,231913176,185655659,469358969,20545222;0
===1233325021,153047494;912158049,1826278026;984211349,328090593,1413644694,432804912,164617558,1986975031,722573537;0
===1677120648,863851292;27231741,1384708236;1375772656,530361260,1181113122,2107755696,190989628,1737938209,1274806453;0
===708572786,1731447600;2078574105,727096494;821760265,1763901198,123123063,1347272063,1322229049,523395208,1614495148;1
++1197682304,621763000;2060665334,1378619669
+++934683613,78514827;980513908,1981836168
===1015169755,300489312;1058653871,2033447727;998952576,1058134886,1703141134,1376057149,909842933,1822041124,597392516;0
===717786421,1498233045;677937251,1080064539;1866468319,1976027873,2009092878,1331551674,2134867413,754913039,885175135;0
===88295207,1759731409;1354161785,954531082;454949970,1493227996,2009601373,659102283,239778247,878251040,2042379053;0
===515671783,1735336121;543246166,2029021593;1517154335,1734200816,823156039,1409788181,1734749857,259889311,238114829;1
+++1054509304,618352869;1746269694,2075877441
===1231099675,480761922;968454881,1925413934;429225517,1885107373,1240911951,1633261356,2067788069,1944849898,158901965;0
===1428150913,1083180781;504445937,1936384251;1710700403,1837985547,1589886110,1291981310,1448538173,1262701460,1962047919;0
===410427635,1791332297;86695654,1145514143;440441081,262222194,1616811750,448601074,907018102,217012029,1309378200;0
===481714208,1745174362;1354245918,1041797321;2038791949,1384621266,225195316,1019507467,130115797,239390514,1931818547;0
===1293670024,1123572877;1540004363,1388724681;656332127,1174985611,819435653,1507320527,957565109,1141207170,1398723824;1
+++228028001,1026380594;1384901575,1591319251
===1739812412,1499807604;510166645,303256447;2077284489,956264080,1707561148,160553152,617356516,1077370332,477684282;0
===1793836179,116297867;276820433,570215029;1430100055,793777162,1241844887,1764417802,819926909,177255809,1876009575;0
===1461339211,1209958254;970543150,2104548217;523396698,547974750,889410886,260667619,815358437,1654836851,1555003701;0
===1823311752,986017072;893480441,1215822505;2038470175,2031527488,1704698983,2042254516,1736530563,1489669022,575433737;0
===1104489690,221019924;2070228924,848458574;1335276963,2098125397,686390534,1286968969,298481301,170116088,724761141;1
+++328274700,1008454478;499258498,1570973252
===58658929,1163742819;1253076937,1397904024;779424389,1093280246,583355448,785229350,1335945491,1346570213,874999347;0
===1658386609,1590463795;257635011,1804129461;1521187938,566282069,1560967119,2101099227,131278806,1220012886,555631430;0
===683069201,221144599;129487134,809509906;336679285,1698056144,78813835,1369238353,1115707115,1259834800,1353090273;0
===1544381364,1873988798;1447788391,1322809816;1721436040,1476939604,1196931545,103558681,1314818018,713952491,509070004;1
+++318598393,1974965018;784267386,960353237
===630249540,58291648;1940226725,87906190;667988443,725159120,136218478,444665522,165153173,1048095002,919543732;0
===1222838493,1647905608;585565893,596309874;509848029,2060469751,919336597,2024598857,1214756058,644324070,1624580239;0
===425215308,300272455;1223066978,1286791246;1660030209,374678591,742246420,273958246,729217835,1267940857,90858274;0
===1248684954,1790630921;1847568011,1852746661;521310045,356023587,978319168,319613299,947688518,1321826609,167404212;0
===420834285,805371793;1369062942,1705650069;1242243292,1775735729,914470238,1312052559,250008590,66671080,125431822;0
===128599896,752379561;237695934,276235993;1567999211,230770043,1655035936,1066982410,1343560110,1472778008,1363055689;1
+801030689,1720703440;19330960,1591886420
++893649160,702764552;1517945450,1890344864
+++1623305414,560709968;590333490,600435937
===1596281691,1632931354;376122945,733952289;1008379003,445466966,2112034442,904390553,1602557053,1699169262,24566246;0
===1504591737,280231063;1310369559,1929420215;668126053,1019390278,334770977,2065254081,896013212,660092729,1918810088;0
===586481214,1476360821;1439745635,238528822;611903868,604400519,1493604254,1107010657,1199798231,1793832789,1121876962;0
===185064749,1273774856;1069448220,72537472;1379273449,1500723761,42046883,1475681262,2103182285,1798621478,1789298610;0
===1095798988,177308226;139381485,2051285577;446498395,1854751695,1130909667,1422929559,920478350,472310462,1751755544;1
+++361823112,1311351363;1832064205,161297827
===1529236384,687702719;351257998,1418894811;336572684,1260230720,896252052,1264628853,1416445787,1728140157,547319144;0
===1756296931,1152729685;30484306,445802151;1511658325,1123922633,1348975582,715602760,1328196185,1819855838,501645031;0
===1464445107,1076657557;590121088,30119434;1813120286,1284426861,596897167,1666688853,917263851,853874025,1622928340;0
===1955499178,24538411;1683758678,1697044095;760857876,1895489712,542781453,2024016450,1436353435,1119772143,1652644862;0
===927130243,267200323;719983780,186944809;1098598040,715846859,635922942,1061949768,1860421267,506037371,65121834;0
===1345313449,963587407;1259481111,1326463405;976414419,1030044550,1890321076,1505618516,2042125435,489829511,807906617;0
===1384955527,910524464;1514019497,1354667944;1328779741,998305294,254408575,2009451386,1464382365,1476036973,810613685;1
+++327116059,388266701;1887077411,1047948794
===545088774,1905515038;10118986,571487008;1298450204,152267290,2070063555,755791940,403992957,848637158,1638014011;0
===360074104,1126898284;1126986986,1748393660;1193623805,597557306,379330214,1749588799,885974674,953270362,258943620;0
===120750741,1657516100;2067843990,1883528830;111644015,643738406,121881093,1915663523,1890711519,217450322,1141843849;0
===1749244636,736544391;1940357408,1043971613;1251897051,138032825,1178098609,1159397189,1287095091,1797517670,391982470;0
===113288145,1685634023;1027303172,349247596;1396141672,1042436531,1994322722,1317957711,1632682004,7201535,359845548;0
===1529490463,859968573;1595159836,695036318;765534486,497115328,247791891,1879941418,130377313,1304197363,1039981761;0
===1662877169,1247414003;565080474,335938808;1355031985,1677732250,1835676879,1419143670,143705465,748555501,96827200;0
===1425596371,1085497404;1295049236,737452048;719870844,1123368697,795321753,1543226067,473656785,907089478,377560253;1
+++998846231,1478363367;1735902132,74400771
===2014545280,876739783;1609787546,1033788197;977545736,20064047,2129145085,198852011,894645618,249638814,697319187;0
===917654672,1341741811;1827361766,255557443;1470491937,660505943,2027996675,285095911,1625225861,583322095,827541769;0
===360634658,1530505918;262204237,1565007171;1559446978,1511032518,90711344,1794016526,1944463963,1731201,1625692461;0
===361939803,15474958;484160152,797989844;557857553,450941479,1630965378,550354700,1360434133,1704608213,442016523;0
===744216606,1320675287;1001970011,1036180435;1406385001,388608181,433485460,1824753690,36344413,417740443,861207365;0
===872758445,2105483616;781287742,836611715;2113567175,532848279,1833832484,52109940,1444152480,1828537177,1865974818;0
===705138809,135821123;736005846,1078315960;1244349300,343846031,1218263721,172529177,1226183555,1146522039,1609654643;1
++675291709,241224738;1459260989,1194785379
+++134747307,1583612727;530703853,621455661
===1722964208,1477039667;1061928867,1432070767;1357458723,664735247,1288923972,90545994,753356067,763098512,1783544413;0
===320121108,1296338274;165919965,358327451;928318092,178622630,1043820399,1684132694,1346751838,1418161405,1429381719;0
===344032422,1522917721;1091418936,1223602429;446274923,738153123,2036861541,2119060547,541102421,1782589838,122032986;0
===1414698209,2068756068;661147046,441303772;1516210588,228870274,1311903451,358181338,1404782581,1745261191,2040024499;0
===1240440018,403466076;781269598,74267492;943843358,1917613866,1242034749,1631034605,895435810,926104074,1804062107;0
===617775225,1932216004;698225318,1463247505;319576690,437591842,403310244,1082706848,1073284672,1011842806,412034042;1
+++2104787394,268177468;908299881,245080056
===1798832905,1802814808;82841489,1403176070;2071945803,875703004,1600130978,1541505346,320440818,488042860,1815512628;0
===991033999,100489818;987563615,827868563;207019184,1952637405,1143288584,589268262,274075434,983246828,1207544676;0
===1116916519,1993138622;823175459,720941586;1194998373,1311716093,1738411835,1809620293,1367509769,1787024644,1187047148;0
===423633755,2138398301;1961121608,405930051;1298240214,1609743824,7673156,1310737437,1477060600,1786609471,1350962510;1
+++1990262034,1570030193;531220172,1733220530
===1689073609,132731752;1309587740,1213291408;1150525843,759101823,1605030187,1600624561,737763276,722843720,2034071700;0
===1728774592,1937603278;419162223,1977689121;1239736522,1355482764,2013959250,727631732,1263705307,1192503046,1005923149;0
===1303445386,927962201;1504745495,1929378124;1614820112,129091523,1222741301,751040278,1357408493,357354792,1108069071;0
===1901250420,1697984406;793761124,1567584375;1797953953,1288116328,1400091555,1063012408,1915011096,2237050,1340130710;0
===1035475738,1603625461;1722907706,1709470326;1855862888,320860740,2120069016,1587615440,2133337581,2007595756,124600262;1
+++1880110657,171342716;961645407,493364342
===669596295,734337834;66563796,1490859274;774595546,84801496,568285006,2130710183,1833782426,67947410,1037587504;0
===1713308124,459129714;605968957,668194595;1314903222,504834483,674879569,159976870,1171084842,2075023253,1724872357;0
===2016389150,149147633;158733000,697811227;507177091,1373937653,1500557551,149133711,2018417116,1399998990,2111145684;0
===2023163960,94703287;1383993321,1371337762;226571182,1282713786,5548628,1099704458,250796988,1844519913,865652838;0
===1860964491,1267669884;401186976,989464666;1705653913,481707464,908769839,1891255233,306207317,1228682285,2072917533;1
+++74301997,1998855685;376356813,1185356480
===1612837928,2080135312;60748477,1629290451;185502288,572511308,1477942159,723255149,1322852501,213004111,1421560927;0
===1706880924,1387715752;2033155167,1260331860;1734927978,21491457,2067902034,64795788,1387279504,1972939125,464996738;0
===1442793667,718253495;1478139558,1064411391;599767725,1263838262,1597254671,668960733,2040991396,1032348643,2049767261;0
===658669829,1734572400;128140032,857089964;769396236,1204149971,274997798,1336411734,624319632,193896932,2051555849;1
+++779517125,1779529365;386079976,140223620
===1395869696,1111198996;1508538650,125032474;2069700245,1089192459,1251701248,1540072905,218461359,490019543,1981286116;0
===1596935679,971274150;1301457224,593733449;1115992403,1913630003,43279866,1078242744,63775244,917559969,1247275543;0
===390539266,1588706756;1695419136,1485057262;1777216294,529461108,1341970639,1313455772,1841074597,63602283,1616132796;0
===91605699,654940234;161876881,765906499;721839453,1950409097,60381230,73420962,1977180029,504737263,1559231997;0
===2122975375,399965135;1267303525,1573585099;208937307,2012949373,2013668684,966305794,197272433,2131776292,638196922;0
===18353000,625614419;960462143,228844497;1731729272,1052786346,911015125,89864293,1367694349,608166748,1675803120;0
===555154915,2061995534;1357652585,1290336288;1368373917,1107654741,1818007869,605109137,1649693717,203415639,1901716775;0
===113502996,325158595;535847438,1048012633;401710581,1613120623,35020100,1985803780,814606664,1692769684,1830787104;1
++358540479,458947008;1444920624,1598377149
+++1366265454,867614363;745981144,1631913355
===2057904737,798345520;1160357384,448986715;863816257,1744049456,1718493491,439648687,1325806461,990813265,101782961;0
===429689370,893118337;1248779144,1491450760;1152748451,815955630,2071848255,591828932,1209317453,1511200158,1356791903;0
===206283938,164149762;1159665877,1334186512;225043439,2115760619,100628109,1466326609,1549858572,1982193177,1373390855;0
===986462168,993267514;586073057,36943164;169305059,529451006,1584402309,1264593256,321478903,205975078,52583120;0
===26283741,1131796248;2125748199,1789461263;1728106274,1414887741,1674717495,868222831,2101702868,1595933407,1767787561;0
===1872897959,309079643;1142131459,2017151442;1056678953,514601966,1725341443,798674196,691697959,1228055322,1107095030;0
===20511775,13475704;400108372,918489152;1273081965,1109578975,1764923171,469769307,258140734,914167231,2079426209;0
===88342166,885668448;780997971,1976024309;2039403298,136974086,27781686,1363587866,2065276032,225642228,1465731248;1
+++152094481,2138930913;571918037,440895179
===646873430,1156449168;2083758243,901919733;1660248411,919689878,1444040289,1361702353,1919287293,626249378,1433197748;0
===1201125377,1761905349;262866192,1902709096;510533292,1431375716,35960412,646108625,1001064798,1871380575,1816741640;0
===1024389099,861104751;1829011239,260725342;305743553,290222934,847658881,1874238322,390446781,1912945750,294481407;0
===154257211,2088345911;1230459473,1617078982;1016529659,876938002,1218249332,476767578,596629939,2037202458,2142395572;0
===1375578445,25793209;1363649846,1241755929;1931126534,1955784435,939875691,1644545560,1285230179,552684022,934360406;0
===795071591,689722439;575583068,868729058;1740516190,1031278962,943746973,1536976242,31464823,526035489,508562862;0
===11869693,316500244;103534507,1126473873;202137069,297532552,474420615,608508561,1640265060,370250426,561489667;1
+++1217970054,12757848;848448035,487035176
===1939852857,341278096;1626030168,1240230460;2078583713,54870540,432823670,1670257024,1688482345,236606124,794539145;0
===754694351,469891453;841758923,607249426;857790875,1409414658,1132505410,1191034107,937087290,1730453155,674496449;0
===1578021975,1506739834;1332968998,867300335;65342420,433170590,1702857471,409614092,1527881085,1524029889,355195237;0
===1620825515,1674422413;731855772,1998723576;710113418,1738691833,684686142,1923000417,1893123156,476730598,758890825;0
===2096889858,1324038940;452416904,1380380503;1284572539,596063022,1339083333,124631756,473423744,876403248,127691952;0
===1456943689,1059502794;1082859072,752245020;948309610,160318621,1871966425,665005904,484311761,625509772,1902953281;0
===1173140163,1042187108;1529345686,1425077102;1451553228,593436153,693294340,1184947287,42724575,798692527,828860006;1
+++1884808555,2039036512;1769475929,1044782885
===772111482,119370946;1795834420,207408941;1331453798,1471032357,1836697508,2128172180,29066524,662385762,2072822662;0
===1020378945,330470334;586549174,866699840;1069023986,1807565137,51581978,1640842023,1668699914,1579761842,1189827887;0
===815362242,862524494;2026013249,173968427;746914353,745613377,401087446,1706789670,1966442351,562132799,2128642358;0
===1739023360,403508943;1659760982,805426826;2129472512,312941648,832670088,1930058385,645759261,949409259,368279115;0
===1388314056,1612702898;1889962772,1610624177;902423136,909429084,1867387613,778243207,211742124,763450801,477875497;0
===1367299159,2129692591;1514571383,785265065;1113179948,1461519214,600488998,1240789067,816025915,213278389,933635036;1
+++1118568358,62792119;254847841,1089272899
===1583688212,1319867092;46008167,1482378093;1462043267,56865200,1488647300,1800316730,679951069,1708075608,1397567397;0
===491818874,1046692600;329482777,834708839;1542593329,1933026169,1521543270,636047434,622402792,991087956,12005404;0
===1955642482,2032873650;884161554,1405105006;627809711,1504088950,788562418,353685222,293468464,885724566,931968133;0
===1678227130,294182676;1229573961,1729948916;1883740295,1834942788,129593753,264118970,173232725,1416145928,936338451;0
===1769304225,1680144361;1110002155,1720519714;1541881866,1152743379,64265884,1650049485,630608449,935089879,1180631891;1
++968742901,208928946;1592756871,280850775
+++1500681059,2063193149;1486668336,26017072
===2143914242,2090775381;2025185981,1390986555;845766986,288583706,95394912,1514447238,830471327,567051587,996157265;0
===790582994,214037040;1467431454,1721694464;2146814212,1541673664,1188495780,217015577,1989038916,1928905319,798693131;0
===1022498295,1990746391;619753796,1104542420;908779267,1728325198,1491697095,52223274,1134480397,723523070,1691560694;0
===1302067288,188526446;896739162,2140329143;1199941649,968465407,1392122816,130755182,1633774217,547087873,1291647954;0
===1659924801,752222843;404727625,1456506702;1285316757,518779810,882626991,930754106,926575066,1749811016,1337330191;0
===350273029,1675109291;1453033783,406173651;1128120677,946575901,365372966,985405465,418372539,1243248821,964355034;0
===483600802,1507227059;1546453964,410600464;284792201,444720105,938833122,964811315,1023560894,1909007322,2077741040;0
===1951422199,901918405;1480555619,347984014;1047039997,153355572,1486300531,2010834634,1517222162,246335685,1589651230;1
+++23372969,331605448;1277646023,1823274847
===112563996,1634027619;1514321793,2037226024;1785928807,389230156,1040812569,813796025,1736720644,1370085616,236497149;0
===252292027,78679602;1981613394,1470222526;1272198952,1396313075,149658288,1488184472,883037368,282483517,586450151;0
===590676674,1550769889;1197997466,40771200;914357644,33169460,970295915,2115051577,1142215929,1653517217,627557209;0
===1046048035,1949925240;647904656,1319721317;960027430,1570888863,1650865643,1303346089,538977577,619976001,362870009;0
===1049781587,1495989361;1015073511,1409341486;2119499595,1181662807,1844466816,827252146,281207182,607203410,649234213;0
===1808319441,211921342;931654074,50318018;387978488,348907420,1557460038,957485566,584022805,411932881,1955134833;0
===483601219,1431901357;308252321,589138692;1715478709,1323351474,88444318,536971685,1725688648,2078065706,1929104008;0
===1789700929,621994959;618611385,713229593;1179526867,763899451,102670310,1265072576,415327743,1568684085,2055050287;1
+++1311820016,1535483982;1579301238,1293954945
===218205117,2047410684;927266883,892467341;1099785560,1119463232,217937957,964537104,452169765,1863998654,1646286760;0
===2012984568,673824354;624412135,1920015394;1779039892,2099377565,1908179842,699901121,1289018692,1987629635,793186520;0
===201683513,1211363243;2125893646,2078485904;535659023,776254026,1417206692,1780713535,1859084107,571303044,573845629;0
===1297880116,497778413;408536218,390090223;705994778,841624984,771904089,398172234,1225091653,869727283,1882418699;0
===1241998163,1075419715;1153258933,1267724040;874466005,2041409021,1681393456,553312886,206598399,1414253530,408999337;0
===1804195358,1975267325;1519305097,1514779215;432735175,1027279690,122668190,822578439,108044682,1121662549,397818343;0
===261923400,1849089296;37504424,540434710;811188863,1751692029,633561123,449466809,1672138231,1548283429,163935252;1
+++420011768,1832169430;1882186777,429740591
===272811092,968587145;1569484336,1296394681;2055469710,1620530354,405099064,1765444205,2112069336,980099328,1216667135;0
===1940803154,2088529768;1358137753,127296593;1738818480,1058640181,1358883648,123446238,465782770,818183837,216945836;0
===1316505084,1484466387;239032804,135738658;1999306629,790043752,441609558,707017962,1246367584,1657081346,2110533332;0
===2095778812,75439967;1451774445,1233700490;633801481,948172436,2002609393,1423617109,257940533,354276424,1008221505;0
===2136370884,1815904271;1928740107,1261518960;1802606837,1678907164,6870950,1667099381,2119143346,242861178,985227619;0
===1203628690,120727228;1044972414,1364281705;1764600098,2013313624,1540467842,1464239751,1337542176,1363751371,1957493680;1
+++866522949,1670396490;436458991,1012729530
===594265069,1521818001;280686988,1512789556;926698125,964169662,2051492863,952676171,1141763336,2072819383,838744719;0
===974106553,1940943663;1914274498,318700687;937990106,212839815,133259,58537002,1985182651,441540441,1040182440;0
===1393840511,873217921;906318629,250652514;201416610,1386912515,1854766323,1237051400,183685698,145852468,2110357688;0
===600432027,386140684;1735409177,2016183342;2132085811,1122186214,378413910,2123833973,961195500,731878701,1542631690;0
===2020696485,1428536871;1530093637,761684812;1693414228,1487405763,1568739771,1559725231,50229903,2060519955,1304028227;0
===372504895,1962709392;1653303877,498470679;1997699543,1822384337,375712142,1624979816,339720243,522416982,2019615526;1
+++412744301,1414219509;1961402042,1756447885
===1044393650,1541291918;161243717,1499029336;856395294,704129782,1836080428,1085988258,1045599780,1035603161,1468781900;0
===392507106,765692365;534292182,1967838101;1372677456,57790084,1377171542,1314278928,382562003,586624344,377085150;0
===1169366080,256411993;2035010845,1408903630;996321913,1438089750,1162238466,515955515,844293808,1905560373,1605435424;0
===903466908,1481170921;464957515,1386228166;1666640218,1546019202,356440942,567005813,1494135331,221160157,461710861;0
===998286523,1236551499;1645223494,2047935359;1501802334,161041213,26034054,813282013,1337338839,681073862,1173136472;0
===627276989,1184434894;2037610797,1057641898;1306477612,485070792,1873205748,203981051,1031879432,771304434,1760437262;0
===31552471,1730286119;238378778,171066023;230501717,1301425437,1558893921,565329601,127727763,219624359,1554198307;0
===517373145,717636475;1943539389,1529027041;1678054391,240257842,1528163951,230900263,1006293161,316406075,653258969;1
+++1902391218,1077047226;631846563,1521557683
===1603743963,1431075798;1748180700,2128728759;515400961,420907899,594096687,415489300,1556604453,952242546,503679682;0
===678561444,630090818;1849926340,484425769;621501386,141701778,818795269,109991348,594694522,1301357198,1027978762;0
===576668047,1966960873;596591319,675498062;1543235388,755578707,1854102663,94083746,186862560,290473845,1073456225;0
===1601547640,786067647;1099414465,1579273014;191136000,2041937325,347830775,1971833045,687203789,726971396,824617940;1
++1978038026,1418298554;1981885176,1204893642
+++1659310594,22942872;828140350,1705079568
===795427939,811827043;1253177071,1127963141;937051926,916905216,38245623,1854364021,1810884610,1223367873,632365633;0
===1110792678,673722826;235973847,1444126579;1704903857,674748426,2105202664,1888481220,1423055126,147688461,279468160;0
===2082347716,944274832;1156111308,1551910821;1037378302,990510488,372253767,2008002391,513453674,1479192156,1773473501;0
===567025105,1936870400;1983626192,501416625;86708782,2036658691,1083213186,916594176,1655442165,1232555369,1239408769;0
===339423683,731640330;1909916236,578440753;151523375,1321406480,369909339,1035706219,1533193996,617126693,230663365;0
===1095052220,1726019988;1752038627,1358423497;545453790,1186882916,1655260896,398123528,887418795,553062891,1164217195;1
+++1390438930,882354191;6087589,1537102783
===2117654191,1135234566;1277372116,391374814;2127211632,677082431,625204571,1292638055,561492898,1582125497,220914176;0
===661073833,900574207;1197579080,1262782811;980246567,592153037,2069942566,294446708,1583797463,518956261,620616151;0
===261499298,918568593;894257393,1369297088;1897475205,1661800777,1131286207,2081931315,1283967369,320994237,820992314;0
===571001081,2080114855;1032886567,1816717451;142624778,30171506,1700437861,1553188977,65294627,1893704615,1575028087;0
===882941845,42429033;2141816757,504591269;778362984,1352885112,796744883,1060085108,746960854,2024707536,1425703041;1
+++860531813,435482900;1393469228,1529576243
===376611138,1194306228;1614963401,796490488;1705274990,144492193,1826692639,1963689429,633107699,750214570,366870558;0
===387697599,1248590250;1619568793,1942236275;316542104,1525176851,2061768519,2073648635,1202020337,1524411313,1765717537;0
===1285492169,665615086;1027198243,1858446538;139910191,483814885,476467394,1735522847,298909009,418148014,373738721;0
===1379975969,1865121386;787947782,1001796053;205273001,579571025,1881439384,579897895,972008599,801980300,1281119482;0
===1576475952,345525375;921668277,1171406069;1298768688,2115980173,105078393,2143111280,1088866811,1023375857,1604235173;1
+++2068326040,1674057363;142287284,896878173
===1479450817,763691150;1216107614,89211383;18735818,2119709756,69603351,1613535338,1242818601,1011475400,629030748;0
===630257306,1162027229;1329414679,1217953734;1363430024,474412001,2142364448,937123563,2044018638,580355010,1326330796;0
===1098254094,228164374;906127698,216940008;608460785,616561257,819891650,1029233182,1372801454,704254429,33506068;0
===494298277,976239325;1847260852,864775831;177383004,1924015927,180914796,891174710,774426646,262181133,1028980090;0
===490342410,690915420;2136341947,1546559494;195230982,1362696152,857803009,1697474208,1539251483,1237645415,2103806161;1
++550502565,2057231044;1790979438,122045401
+++381034979,25068977;1164655214,1446938784
===1802351475,98605308;931762181,2072959133;554860921,233967788,344963563,836391037,678689774,2068041280,1880298700;0
===1381540645,985552368;1495411160,540528825;1275218924,239171623,380169130,784082170,2129484365,581556326,2089855378;0
===1560879370,887746231;367028582,1720786934;564445122,1934155177,859096969,213145263,34181594,1793764649,1741629399;0
===636906842,667311429;1024272520,399840434;652483303,1579515932,1571224519,1114512736,1388748482,54438194,1818421639;0
===1079496881,1390142209;1198337847,712047099;880909785,1787324822,1495413053,342011322,708514451,415979607,344870330;0
===1962003843,842623859;1921341819,697973767;1918713067,1654295226,438494081,1204848736,1027285899,1364591489,2043450412;1
+++1898936230,2119227724;918674865,1485511256
===1516211787,448262614;2045077899,1019018089;547411260,486984644,325423387,2096280650,1270009535,21400524,1664054365;0
===1185875750,618218550;1713587230,791211864;1938292765,1623605131,990712112,638289722,260892313,1537335541,489331506;0
===1769454846,536945359;1005932334,2016205606;885686949,1156055361,1283228826,1828140231,54866751,345096047,1033586609;0
===1633515396,628013892;13062895,1952907224;877818414,108855223,1023038939,536914669,216331172,1215945545,1043870513;0
===2072887442,261615570;826151917,1505003090;333717190,872456577,564128757,1633774635,1097114873,832965930,1804338353;1
+++591564165,1197167995;478988723,276653579
===83818328,1396303105;314561228,668318195;1889148082,2054499993,1977645335,1574911470,127187133,206723818,1473458150;0
===73911715,2027078215;2083782312,1818043853;1478685034,899057770,1607105599,1086171454,898782776,1930955693,1192378030;0
===2073304673,549471729;1799759834,484502429;902801643,19631764,655589574,980656157,740997551,361608619,342438992;0
===442793567,291851569;78006425,209630913;1861183380,806291049,452027861,1121508573,806905770,14117620,1588217305;0
===995717638,1038592539;220147526,1079234453;817805945,698535559,773855710,987457443,937615965,563263765,1405647780;0
===845840505,1380639087;47032613,278995775;917327788,1913180548,1155080494,556941446,841037925,1498339182,1197700040;1
+++391542446,78530860;705271571,855498703
===1409787523,1649845522;2054169495,1360919766;1816822093,1608251285,1937704145,433934368,2016943602,387091945,364199642;0
===372954552,1156818505;1809540998,1829034904;1362322748,1912048353,751580728,1576245224,888678051,1114221761,1809081196;0
===1035643137,728341335;2108446185,850009743;1040285078,739214637,1149684184,1543724637,1267450513,1780634632,284706025;0
===68066559,154414858;726816096,130996395;2088795239,783490282,646135180,455331408,1288364103,415931205,646466176;0
===2042473246,1194918410;1871565027,130524942;1531838645,1875350020,2136237737,960468234,1444749663,2008310443,545804550;1
++1803790823,1217016449;540849139,9950451
+++317130130,389518692;1679164766,382961142
===1528381194,892182229;300476076,393684003;1628139264,1728660443,854034108,1432580324,240386760,96910585,731856488;0
===1309213026,1708533460;1366433889,444964003;1492865688,1070654166,1151336393,1156901467,112932929,1997913090,293055842;0
===180671812,678163422;86594251,1954786005;779425252,1217458710,755995692,649116460,1837409413,726728708,1710356391;0
===1989266630,1378861322;836164491,2129175860;1088532430,2089457807,2146418811,677755325,931719667,157419143,1980435351;0
===2098082503,1186584958;1645459671,1231375876;1830526657,1837554337,833570234,602281714,874717108,451101631,398532496;1
+++44764406,889799690;659672995,966839293
===1354737586,1505314983;1766833672,1016599111;1410888372,1361448439,568678258,2112432151,912398530,285519792,644380764;0
===498749551,1257918541;1412541544,1184564032;1322422219,1366551450,129384050,137345287,1102380665,1517709296,1057002203;0
===520945565,1766926407;1769107746,1820143090;982848466,148804652,1027599257,1992442683,1453620421,1112691797,1869661290;0
===1711948075,1847811726;497232479,1333268766;932759206,851416784,210258582,565807049,1166528437,1093459430,1008655530;0
===1185624716,1745654647;1756120397,2055371038;637391934,663610096,1609120480,1938602129,400247416,811710087,1347702293;1
+++2095429604,1454969333;887055725,243822532
===1897485859,1642162938;1803192105,548034926;1468231364,1388900023,55178018,2049721731,1303202353,1965830469,1737988050;0
===254609696,1820704140;744529394,1162080898;1929344477,639642994,1615166899,1036192670,596769510,441792306,61438270;0
===1712703779,931608861;567754780,475659754;1364148886,366267398,217514585,1030627759,1198630794,18060228,2069341011;0
===196653107,255259832;1638087119,591781951;892985106,1993021790,1131350530,1636772773,1529709278,1938706158,1999972014;0
===1029694540,1100780115;250508907,1532377404;1768471459,1324103425,1824116272,532604194,621518806,34998564,1033105152;1
+++114520198,2008960578;212631641,758392482
===1213697839,773146556;1838601131,371847293;741919821,956239266,847155673,610378613,1033402464,241157362,1998631045;0
===1646460974,369392148;287362995,606561105;2129325878,411238078,1743616453,1566462497,1155435475,871251444,1646924981;0
===159248771,1327395564;747592547,1375336922;674197134,69088181,1022936777,1000085024,55772082,603152681,53380653;0
===1233406139,1332141070;74589780,1768730049;303356321,1360556608,2076832919,408715930,268338176,1333851274,1449941675;0
===291502743,824098239;1618444646,474311624;1138411725,833517042,1878012479,1012297250,250780971,2100649628,273641808;0
===1915660603,374299079;549958937,948594055;1839695414,2125983783,2065612142,718041301,1136815188,257832805,1353762036;0
===694422465,371711785;1207835707,1251210568;761635171,56217500,555294603,1793386203,1632317894,1816892588,340366861;1
+++1219506797,1238580234;2087471816,1292775277
===474664217,1088638273;997098266,883261758;1701986578,621217924,1629118919,2050750905,750751218,1197314734,347536730;0
===1568030500,704540317;1677945945,1978160125;867801655,394161675,218060567,1679275935,937305115,906962987,1418847404;0
===1927107009,1636830521;92717892,1641856866;1842558307,6293514,1794229053,630561268,2074076474,618920262,508352758;0
===285523216,506658563;216629213,126279343;551737901,871863807,1780152200,83339462,704960295,1698589570,1822294479;0
===333258601,1644823833;1167268687,718460937;1854351991,939592534,613655277,304302118,31313751,1758893097,1356480585;0
===637873230,1074179633;195979263,2141988126;2098096705,1774471875,1595179099,1310171005,136361725,133619978,1895630923;1
++1316421293,1688996564;495777447,906952654
+++1896120625,1458759238;1875979712,739288656
===1550438809,862395435;1116057186,23908096;950667052,1157963960,1056638506,1203904297,614981560,878232585,388109872;0
===933254521,1145453615;1780328359,1088359939;1505341497,2120783506,1528309070,1130500216,102663962,1263427519,2004332827;0
===949657464,1787891015;80572876,1736783138;541020610,2090046549,1804305916,1222824125,347118338,382865530,1611283634;0
===1204942756,1160840766;906398896,1549480757;2123969314,843239884,850403057,1828493511,695145618,1869532855,65159448;0
===1375118057,43234873;1806707437,1691533918;874276625,110898415,1470343229,424579604,948380218,943181237,227882524;0
===993075852,914981454;600951523,1849492371;417786285,405748115,728182396,438761304,787912775,1872332315,1374220758;0
===1410639585,1516565934;1473831913,2109082491;1385251274,715660294,1903640893,1454928190,1294596512,422178944,1968864771;0
===185570230,952239405;617560102,1200152024;2031356179,551727507,576334552,1166547143,623041134,1320769343,1206951432;1
+++446765968,1364434310;1735738530,831673329
===422766854,1127134867;1299514626,1534185466;258941102,305528201,1101440713,2049414447,498320353,1632694514,1760015459;0
===575276268,1445042024;279544832,1562823194;1641768048,1657997727,91589625,477578541,513103626,197733751,1542353109;0
===19266239,1986179650;46548354,2053810884;1794481610,724741835,1785241672,882226944,1803747277,233658554,1723523195;0
===1897170163,665433651;383285906,1156229310;1688894111,1211823529,1479040870,739628441,912412461,937317808,957095175;0
===1449620908,344279401;2104300324,1261745955;1008931763,939027592,947479016,574350874,878154420,2667242,1184778960;1
+++1824426864,869669038;292211067,969307172
===2027320457,948515402;1071351708,942118647;450563228,1321250600,1521134274,804607619,535600853,641709754,948052787;0
===1106016419,1190192950;927975875,1401121013;1872385880,616687889,1577038649,1826097491,1827660488,1046380493,1990439017;0
===5608096,297727444;91270537,365394432;114644472,859290374,490883564,2080414863,123716271,957016210,1453100110;0
===167749359,276714039;709950979,975881085;979061383,1001733062,533360912,462393462,948009138,268014470,1653671201;0
===2085744210,2074019994;684238387,1168450105;493135335,1811003866,6252564,1642074518,207690299,1110836680,1984123208;0
===1362226921,275828938;118839511,1462040456;1243045676,86832222,611752995,62972763,1057828799,183046296,1525936274;1
+++1500022655,2018738594;1541420796,187156484
===1906577006,335770078;2070585574,1554099177;681759927,865697580,1180698967,1980335519,1025551409,1765416480,2104020122;0
===42682279,1083289116;275376258,732037575;1945459838,217727168,82503297,624218162,151910007,1434985419,1074233972;0
===1613541855,936134410;1484138704,1521096257;2007901946,1883572304,986682738,699164712,942354228,1439579776,164786978;0
===781970022,1187383031;2013494072,671404999;1842763414,354521696,1450422071,112098396,1237875590,2128419186,515907881;1
+++252846564,2047101040;1944887703,783650622
===1803592581,1641175035;1431429407,1270999851;519198096,143089199,1252143562,1434620902,1216526796,1753308362,1560772272;0
===746673924,49923004;955805007,1200474339;752948780,1135109612,1539980724,1178975623,1048602550,593785028,1157896686;0
===394417804,1516789246;970266141,1731716401;88868232,380485210,1005056627,1119605440,384936609,1107829623,839644109;0
===1998668305,638508833;1055800927,833678701;1462528410,1226209168,1342582461,686648840,1050237969,1426160369,76230444;0
===897132619,1566895655;535868962,1505412498;2084129353,149038484,164649635,2086991205,1445237666,1499050299,538807473;1
+500420929,912865968;1640047949,1175116588
++434417804,1025853751;1507727764,1734261426
+++1946450616,747459930;1645547221,176212191
===140724011,1240357037;691045807,256266589;631718982,1440541406,1286684535,1469653190,1843538254,202692228,97375455;0
===1070286132,849075197;162464482,846429439;1399757727,1268581980,927450262,419213443,1879039160,145042213,1264797809;0
===853310197,1271746404;1026078833,1884494814;441699854,99547358,1559715086,443300074,277219272,1305153323,979584459;0
===1691474426,844606217;411705627,1683811453;1119263177,761618713,1689903856,1447950973,1147633481,882356193,1046004837;1
+++1726557135,1715721238;115123075,938568712
===1616628258,1377361695;1727048750,425972526;1332357699,780388686,1278319436,1047354391,2008599583,381595228,1846004752;0
===1127993985,2064844580;274491806,2031725171;1890617947,716113455,1125428206,192183480,1477127643,7647650,1489502725;0
===344198612,939069693;862130696,1355548135;1468694808,1262999883,2123364822,67102077,1064446502,1315647437,2050067302;0
===1066682825,992388539;1600599654,472489372;251481273,1582472675,1494802790,460658143,2109380608,1762793056,949291079;0
===1585226282,1900394493;822029685,713681823;1290562726,1236067755,1563917228,1786917704,1631768667,1248933487,1203345328;0
===1181339732,849569551;714399508,908746352;1486743570,1364283565,191474430,1964017518,53267887,86204299,202530704;0
===536151704,1883203355;42476618,256129560;29398081,1960928541,1773501914,615721568,1022045974,75723675,229791213;0
===399606929,1338641387;448168431,912137433;294839108,1322330386,767255768,1001567391,1198127787,648133590,1264485211;1
+++965903134,1605580049;1840249318,1628432207
===1090878744,53461120;1003458084,148158032;1733742599,143318555,1420806590,1344196706,1844017923,1657334681,286023582;0
===1128981052,581134321;195339962,536184766;1317492411,1698351779,589730160,551719978,1763415171,1070561161,1118124427;0
===432498081,949448695;69854817,481448860;585196271,1328428235,1930263423,1176506189,811225841,1909378439,44920469;0
===2058422995,1137712502;1266029111,457014174;1573972136,546773681,1366547792,2106802992,45950766,2092488780,1773702165;0
===1490783003,81651138;1503815549,421254260;494048214,758736945,1068165055,1641485061,889718297,1697704227,2061222432;0
===1253158587,2016115040;1008038181,1079379690;2112147930,1717597418,132872247,853111428,1453198404,1438883287,1775453467;0
===104426746,322334941;658835069,135485569;796940783,147597226,292381252,1689119661,1447817576,61587522,214330006;1
+++1855292481,910793342;1700217896,944222222
===504392396,591271240;369162760,1985914085;2106384840,68775185,617431546,410950231,14735915,586680220,948745661;0
===1591181108,1927716303;470750290,1753573968;133293909,1255523866,1837730920,690244713,1156500443,526690247,928050576;0
===1194928743,1720678852;1541727257,2024341591;1937048384,146403775,1264340735,1209226098,1095761940,254472323,1209324986;0
===2135633314,2079607086;776762573,235049017;1244922696,527511860,1320147128,1108936915,401612407,731302190,60804934;0
===1017686155,1898140331;1299554571,312344817;372620931,1542691147,1060319938,42513841,24718977,1564011257,1653557618;0
===921882063,1817304614;1882762747,1619423065;534851655,1626689343,202094533,1334704779,830160496,2041146942,812751712;1
+++2032157342,341603674;1864738809,580787152
===224946614,1940472267;585595006,537165276;1326874246,1464809565,1378664651,1183602467,903716812,2029830348,320229845;0
===1204886358,1892356176;796039941,324914386;847212008,960638714,1957350175,1935218929,1787182251,968460231,1097353497;0
===1167709215,1177233124;101349667,264372497;1156610298,432816496,526397547,321586358,1481120661,565632829,2065043201;0
===1047605113,889313220;807818098,2108587438;2100958990,864653601,202439077,651125167,367439759,1838153675,125171582;0
===386563321,290658007;1354584319,1665162452;1432576940,1319969838,1573632911,1173707990,215691046,1643957833,818660631;0
===459020027,389456868;452385781,1152473638;1994928167,774762715,1618411679,261140786,1166287399,727966168,776306699;0
===868677201,1116196280;1365482597,2048898903;1807250814,1379828683,709341816,398573073,1868974193,1171163389,1321926833;0
===2103514470,343656595;1527811406,1317351481;2146572655,217359643,426005215,1270981417,1820120562,2125339853,562063356;1
++1304266132,1467304924;1672547011,1936716784
+++1861517490,1249019922;956353752,1303324154
===154061689,1230778441;273171092,1387919153;96982329,1701254721,489428516,291782808,1228229092,515772922,309074136;0
===1839765045,1608974166;2054311159,536205084;2058108305,1149585841,1093998115,558756394,1462489981,1161984025,2080973626;0
===1076535324,870982380;1498744993,242703047;1096322117,1891082711,1909076784,1953154352,432403009,2012019775,1643193819;0
===2069942304,1898775315;1419895364,219147949;1476525391,1849425669,622072283,1271983298,132511755,1895987823,452078015;0
===358730573,1460309358;1835345996,966590790;1616073187,137536144,2137551745,8467151,1533516795,593651011,1964516592;1
+++1485574999,1656544024;831160899,1536668411
===1511208465,168988336;1892430949,251196248;538590661,1829213490,1036212573,2140079885,1572726521,546975320,15319007;0
===352270360,610307238;759581655,805869773;12406457,1779470339,1901958644,1162065164,19699973,344523331,1638400765;0
===398163560,1583055859;1285071160,2018933060;2083713326,1222918106,536235080,2064144050,922643278,113393569,1492969008;0
===670734757,1425996346;1028790582,1900526697;1256814378,42677138,586570147,1123561503,1951548842,102446293,876246886;0
===371442413,1603956072;1478675234,1930638669;2123633736,79926532,762110424,429770922,334803701,1570868676,1999951309;0
===1400085400,501514439;278702010,765133007;567473121,494356123,19080233,1800131680,144115554,2098524092,1982287467;0
===1826650482,841105913;1651969856,155348743;784761910,1589035341,969576522,267566351,2120161412,51399888,2031491824;1
+++1821687714,1618457262;674401855,2109261538
===612349833,1975924543;548762664,1041579604;1610843351,1577010616,499012973,1268626059,1793325440,1684784433,1769568179;0
===432495163,1968026659;485533442,1507769877;2097366599,1973979284,1767481788,459067270,1118617907,1862423812,2108619711;0
===599699064,908175890;1569587721,797068753;354594789,933448081,1340272364,750169929,1367879348,1965623239,291294048;0
===536659808,866081273;548774257,1699385550;1845386065,1812261053,690731312,1247419093,160752582,1880977098,1383026160;0
===1050925650,537249979;337187348,1457866713;566413274,1372588296,8738538,1188788303,1745891839,134322259,2091424459;0
===460050634,401377042;1352229777,498783933;1486829885,281421999,1513861649,1054825353,282387376,853827979,1699409577;1
+++215806380,1453082747;1623536769,2052872149
===1793276680,1110190844;630796047,1091947518;810219889,1071573958,628302921,48896204,1978141611,1438405625,876177397;0
===1236478576,1415673502;189301197,1947974838;206600780,695518914,935983075,1448074192,933016488,1574447634,918383242;0
===9363096,1850571629;1865019412,683041062;1393823002,1151220270,739494093,1191553746,1052752079,1793245596,1467395925;0
===1997300372,1472708414;2109113669,1465951418;1478830530,542878207,1321077965,1062211954,1531041027,1697742293,707650902;0
===1272750639,395860910;387676680,1627775501;1814651092,1020171742,1046957068,288598690,1012833312,506500098,746601246;1
+++314348612,1285773803;386902319,1823875274
===1034219305,624029703;487856261,1215501059;114379714,2052706504,1377693315,2016282901,539369062,1625405350,953989987;0
===1870609877,1450436455;8068214,843803857;2121227697,833385230,1043310314,622999166,1054736129,555896317,1447780777;0
===1813752165,1612517057;1221630166,1778701453;548813384,1578679092,1262761620,326280860,402727182,1415395343,1333588153;0
===1185687208,607267889;2001665593,1868438341;834333829,1519388892,1096562493,2089685417,162307872,1834038154,1316566140;1
++1309686956,884192805;183559368,61148661
+++721858596,1969179620;1103919262,137329954
===1751893494,1301155140;1269894551,1497515813;875313673,895698501,1467461239,1345150358,1386985908,92826199,157645326;0
===356410256,1855262252;833109285,588322735;206662112,1690591047,67331170,1832652215,2073978984,1089744093,70938707;0
===1339992962,1177815335;1286709606,533943465;2003060738,813163228,1163146341,60568766,1988578185,1357896223,233858039;0
===607504237,600248745;1992732302,1996610249;1790636186,511879206,1863231628,1171805061,1309447012,1270411355,657817733;0
===691895338,1997275310;1563958037,92801314;1437415091,1368718608,1690005502,1292680914,835072844,1873769716,1614599787;0
===1149835232,1135251829;295586621,502110622;109961853,89356600,1062118875,1347192820,1890287891,1033981341,1088329320;0
===1810811152,1477390070;361414523,1121256697;1303352540,1576101376,1408272832,742078945,1669217833,2123407861,304976921;1
+++1673696685,974280470;1008000201,1887364613
===1779091933,2057694932;1172869756,1589464490;1772305581,1751437483,464419226,151372200,800306236,1256295077,27486255;0
===1827705397,14974974;1117268321,960700492;1152297194,866655613,1821127047,1241282519,1289547226,987444360,1019231704;0
===1156573720,698619270;2083413311,1131481285;908039885,1788612912,705124656,771163302,1595862204,1105485164,1933766208;0
===549294150,2134864887;1019340416,25921452;459581585,1334628973,113275261,123141853,2099152939,1644095220,247432502;0
===1380342806,797640279;560531339,300114459;1990394677,369883328,587829581,1982311723,1673062818,1141877239,1153167756;0
===434253258,1149127465;2060355019,767640110;195856580,1034268750,1522516755,925141144,1711353405,1079450914,632183061;1
+++2025723579,595879724;766813206,491579892
===1314966852,1340168297;942695114,654662961;1341676446,674473155,881317843,1212598436,769864603,1774905793,1901002303;0
===2102864302,126174853;2137005469,35371056;124243207,1374114735,836206376,2101221226,828087388,2052551437,663526401;0
===1544842444,1754625902;1427639835,2036215878;1685913997,1133476091,1648046906,1635383783,188377147,2065460782,1838712236;0
===669947191,1099439418;2135402809,378426458;263885646,1058814969,1636111576,1640812138,1446724076,1457652553,1360514629;0
===1317327636,1983512850;282659633,417615057;584082007,1553087572,316799233,1106520870,582628492,386213259,793361053;1
+++1830052256,396009020;666726661,940520038
===847632737,999229628;581294857,1713722867;1734611718,1169116394,1466455803,872083560,4904804,591852463,1146067756;0
===1746490010,327479584;1753577269,1927292332;880250501,1089819586,6670305,180544279,799338717,242283035,1140620260;0
===618282064,1865133786;1380068089,1450928603;393698201,647729005,310049226,1938325299,367796237,1390598604,470015493;0
===1396036152,1556255666;248189461,323924204;207584586,46718438,1316964190,2125342743,657383286,1278496319,678640011;0
===1013929840,1675026847;2024056666,1476952177;1997151258,653183925,1677289817,542224251,1156236051,1238719056,2035270626;0
===2084454601,1724034117;1687438110,1749217356;1757707803,1186631994,877022475,1973472864,485246269,1897713903,473546057;0
===1200029633,1110891718;109948967,1399952484;502659324,1444477560,514009178,1781704625,1529006232,415065785,661015880;1
++1840157181,1337704396;746832416,734656915
+++1441903832,1302842085;1509070766,1883178275
===1035457250,1293776590;480570346,57383828;211553361,1810273625,1677304876,166491842,1285111393,2092859536,966921601;0
===1437635447,1426806989;14702224,24022870;169302095,1390550246,362369804,1102481682,599443511,1312615000,533054523;0
===1287124994,2067233279;175185307,272951131;2060743473,1560466538,1376926370,1288988300,346080312,1091346648,1270190602;0
===1170148672,2116104831;1452983644,489229739;261265350,1419967970,1597421411,986574938,428691542,2110802127,142154855;0
===1620836991,1988739277;1856825413,1722260494;1502240844,1127512247,301704155,362677443,1676465274,2090804445,901022283;0
===2008753720,396885148;691089793,112715817;1239441017,464486799,1015685290,1123517307,1714315906,1565121888,1456669890;0
===660413641,1473471915;295616806,2031743549;520040902,1274403746,49750557,892490678,1127762386,886935305,1088639665;1
+++129871627,51021341;834806018,1853919209
===2049600974,642929581;2023211211,1796309845;866731084,741543308,1183655037,523254883,8195483,717825453,903537713;0
===1756577081,468080987;1663259584,1316530511;1351731492,1969809653,1516076954,141409838,487194762,1696181144,1423886176;0
===1865218823,1390497002;1831427200,1262235511;1174611603,2077081456,1680205982,452712814,489489115,844421469,273369399;0
===397115935,1587498669;1150817042,464594505;214243056,1696798372,704237241,343898248,188948696,980301529,1557520410;0
===1106364958,1219076961;166650909,1208155246;51621446,1390354726,1754543527,536191222,1074006401,665791206,824253447;0
===1135686829,1196068439;1305622046,697667213;1860413762,1661174839,2079532381,678750062,1054181574,1628522766,1477783547;0
===1141324134,443508188;1378279680,1998234767;724478065,56768979,2014470238,464403196,840365449,1214913007,1707060388;0
===426282081,961687903;1282937538,1775930642;48130044,11532100,1760411654,1975009248,1661445487,1374913481,1675920446;1
+++2045470596,513660552;1818849944,1620265112
===1788525724,1338249192;1511121119,444166892;1967968031,326266189,319324476,586628576,1354277215,641219893,981053580;0
===2005806478,1843709125;385498577,1902672310;681818359,186394135,1869694863,1571224538,235461965,611983033,1813393046;0
===1095423834,830516170;1384215459,542193648;87685987,869889246,1189972893,1396353038,1238952600,1798235300,429341112;0
===2059850603,1683385157;218386556,457985132;1166687766,86604487,730441332,1961219550,1860071630,1826701899,1814294294;0
===2004897962,1327168305;581502782,1482999014;1400897223,1154294666,56143404,456924726,1455375062,130879055,885819855;1
+++36362452,22129148;631423699,1039818322
===3186799,1847177216;487981243,1143761114;1378122596,1187993609,239696903,2138167687,126776224,79785154,323497816;0
===1708100476,198425800;809468774,263651251;1291741647,304074398,201373507,658632815,1799898177,268723185,344181296;0
===283818548,1739352185;880641249,211106606;2072949795,84397172,316970023,68859962,3661386,542211651,1642491874;0
===760851181,34659685;1960289685,1178886442;632904273,1657382239,498544215,668238375,1172451550,841801793,1981735554;0
===1928480313,1121619079;1550365649,2059798944;1913677384,1735725127,1614644181,84047119,1155824954,1346219080,1338313352;0
===450615305,651614294;1567726819,1982503833;1290861183,53212562,2130860520,509917733,531520832,4282705,159935001;0
===2010256328,1055952725;1542893716,1864175084;268672209,1626181197,215384470,1776300455,1485723539,1172101210,1769444296;1
+++1121098814,1025786382;2085107151,1884760039
===1628287763,1875863731;362542818,1192108104;1528360847,1347523801,1014126532,2008618104,1747802027,1178182911,1900216637;0
===1441415921,1166586154;1029171621,1023262403;407295446,895010630,211341828,827417996,1819625393,1941053230,557986969;0
===1924412551,1290414588;1719539162,355322296;792456114,1635395361,555689098,606552133,461959708,2122723186,146436100;0
===1513522490,500449561;614340342,1609166106;632417406,1600935543,1763218450,1942766061,2026444869,995108786,1164913888;0
===1800734464,1323542478;1411654787,941034992;1569771106,2001340007,455163953,1113005039,662778159,1475393918,2008692638;0
===61333381,964836686;1999755991,1661624218;727251802,883020316,1867753937,411678277,1153269780,65678828,362338346;1
+++807989214,455428327;1537040802,456563
===222421800,522661379;646563291,17660608;1386216687,1602767643,1707162882,1141340673,416275448,544888128,1392507826;0
===1174484025,922964835;1223398815,184518061;1975429666,358210699,1401500313,2014940213,122983565,301215340,644544564;0
===2141891820,2104813983;599975939,1848723576;2125212948,1013041930,574175263,1600896737,428774075,789226194,1695964296;0
===375724139,906878760;1275920167,689510576;1977352244,1834894932,2111442561,338288666,926699490,1135949483,43893638;0
===115073925,86218017;1005250398,2099385949;2139105044,1057505088,115986822,156969672,438592735,2017531004,773909255;0
===415798294,172659736;1957951871,936602030;971295521,774011008,1725820855,1122072373,1014651060,1445444424,1775074610;0
===833695577,1810620584;1124124294,1629552339;2039653723,1568809417,2085894287,858432782,380922062,870685077,714961135;0
===1327288025,2025634553;711459463,84396446;1750423581,556578046,1429579189,1492994450,1911022989,328433725,78018940;1
+++1340959918,1986841511;1555875183,583075269
===1939836542,946246899;1108662049,1394758398;1365746096,2139878272,1620459603,832180530,540630424,723914194,703622253;0
===1394184074,245252437;1797049397,652425378;837524363,345536482,993765152,261599031,1810595399,1603904208,495890669;0
===1909839935,64210442;788668435,1974117069;371724304,1470838621,735756067,105444051,1377283722,1245511855,1594601733;0
===792051996,1458559258;1770970783,1318596955;904695711,2108623836,569842302,850276530,425924108,68235123,922403494;1
++1848797456,921841598;421251227,1779976536
+++961470820,1475472009;1661359899,618476359
===643368994,851163867;782709504,1030097121;1837593908,1443679389,1617642950,1716471152,1992445090,695954847,1921024108;0
===270396129,306080194;1586777927,1188227984;1451704404,150958388,1182990559,1415756727,1172328266,1343758852,1240640964;0
===318438161,906135643;1136670750,307048149;953960503,463593292,1981687825,117607380,199432277,1077357826,285331195;0
===1127433063,926880261;720169203,1827252409;1316498352,349728873,2077244489,77791106,471721019,816433818,1499056802;0
===1492980988,135171861;239383454,1741808288;16971122,2027823501,134308422,968092586,1707867652,527670891,893931994;0
===793290757,670038815;410365215,1360722009;1179714654,876270249,1812289869,1663579488,2065407955,1159981217,330889442;0
===189617926,720788508;1721547698,666430816;898882728,24368454,377314660,517439654,497143647,432171664,1688398701;1
+++883448468,1666323540;860714705,1562609986
===246008326,394779332;1208215785,1029217769;1362145826,342268202,1655602800,1877762113,766516546,1391926858,846843353;0
===1494975935,564430213;806012223,172578890;385689749,1717639831,1504889039,1093502329,406799225,770668106,844106469;0
===1737104906,1643200077;252824868,1454376187;409301033,1556591897,1451797675,645449154,16243546,1305822577,1644043908;0
===69672463,201192583;714278214,209805658;889678346,1916555217,35630118,482513915,55130625,658269954,1366861726;0
===911598424,724390020;1256347924,2041582610;1127956425,1606593118,2042056851,278479279,1207967614,685006103,165028785;0
===1550377975,628612975;430488339,1196588388;161221938,1290244535,1653841754,1086320041,1217994968,583934696,2147088795;0
===68325945,924500321;1531283982,470586719;1310595436,129096451,1094222756,117758144,1046821131,364960877,1418791356;0
===172050682,1715047120;1519295360,1519589570;1605571594,1158405219,786321994,136554635,365600234,1818139623,1290020970;1
+++1613343997,890630407;960006137,433914530
===1628094585,2048000647;826877399,314401181;1403794884,992812200,1008855072,1709257476,1650850152,1872046818,138893181;0
===1490635671,2089530781;1573358573,628897672;701703231,650235261,1756082227,1325504425,1212748742,48751758,1899958375;0
===2006888855,1229863059;1677389515,326824680;732642576,985475172,537368394,1673955185,727470731,935023208,1851587762;0
===470410064,159199742;1659673365,1895447808;156460454,1459510269,1314301069,471199434,401464179,2136798240,653513621;0
===583966887,1659234667;346069719,2099375302;1789307509,1328201733,341187706,410319362,361399639,1998972298,781062846;1
+++1794229480,1702975010;198456968,1398002342
===542292254,134838915;1214817579,763359940;998510264,255688174,132325626,583124509,168602777,799520284,680735709;0
===1927215723,640719148;1442457493,1951103311;413884382,1595686377,91388855,1211222307,2123131269,698112064,1682066415;0
===316125781,48844991;603599592,1086192504;2013223170,2094470057,1166932766,1700655912,15062579,71345765,1659633565;0
===1335797356,1056922267;1533721393,1637542561;1513075520,1906020405,817066054,1355731147,458023580,1062309288,1237981251;0
===790668862,698466486;1415451098,1426690352;93139446,1890008756,500557260,1099676958,78486298,205004793,286689255;0
===775937467,1360244879;1577484108,634480659;1207179805,1387621443,128427731,511084020,69733991,1889581367,620818975;1
+++1092376715,523705580;901343284,1656519167
===1954784884,402244284;1888638086,681993324;1767514450,509754313,1945508699,1765634993,53034181,1889723377,1375850614;0
===289188713,1719375664;2116390970,14806875;1368411945,631520635,960021788,863137646,466725280,1954817502,1555998158;0
===837692869,221517302;1370224957,934863094;1385372797,726248203,741687262,2032395643,452008794,534507813,1121451919;0
===1208439560,1560128723;1862538419,375276607;766099236,1129307195,1532993995,1996209049,1280662799,2010617028,1359001879;0
===472820883,372406622;1952281177,1539445078;473629848,1059134568,1471613332,54013764,846188756,1192852884,1597741585;0
===193577446,779127340;1902580342,1282184112;1186936147,395135433,1880697538,1931836485,1265477072,630282265,1737469913;0
===37746006,2003465889;1870993480,1594208119;1191829560,477936978,192879051,1942375552,1452645718,1277104637,1691885699;0
===1260611732,1980786793;1164490928,1341741185;141529238,2031393928,373539457,1834139568,1160606573,405759468,1937490263;1
++1672706139,1509450475;1005742351,1295979038
+++1864023640,1602158409;724165181,129852270
===724842365,768756938;8892902,838945044;1447308759,1557823323,676463820,329092208,1655156905,2079823839,1094087750;0
===1903442831,1612772564;788969471,1635348636;2032703893,2111547679,71885864,1926304707,1701938492,907427770,1494828841;0
===675102567,499918269;206065174,2035845337;1853239835,696521156,315243608,852569155,1564752292,717208600,136352477;0
===716856489,1011070340;650217972,672037070;1343435393,429663213,1355888586,1625920128,2144372558,2121346457,709558750;1
+++156954867,1629823401;1434165518,772809529
===1375633960,1235009952;111989881,1986348218;1487038268,2101332778,1832086067,992066533,453577420,1245465157,28678180;0
===1465833115,1303047542;1183385140,1947107326;936210312,1345340784,1323541942,694389025,40670060,907802602,634245204;0
===438900787,1742765786;1240007607,1762995030;1909743356,1076900236,2125820901,685450170,160988495,153930679,1507080730;0
===1563044451,1466679256;1677385836,1246693562;1926707668,264149559,1147706807,290890919,1952795610,641489190,1953366169;0
===399895755,440445235;1469730832,206450262;1972066623,230908931,129542183,312664831,1689003812,1992482775,1565668784;1
+++962975723,884373672;1416941252,728289920
===1216527656,1604974310;243848462,1577903469;223045560,2102863223,1821704116,1488580317,1775067983,1283538639,578519589;0
===443838934,158455491;1130392042,1322902130;1429926318,1672544442,826188768,2059836721,1213572965,1492185767,222939423;0
===94040485,1212996159;1280697851,1241152314;842572319,416557764,276114006,924557651,948922909,1717531929,1743942106;0
===179335303,1347452946;559491006,140826416;1524462343,1494415973,931348835,952787990,1026940851,1888341948,1161269811;0
===2055842263,1728867236;1753578920,95087527;453445570,2030546087,834843812,1775729103,369534883,423423450,275811350;1
+++878363931,2087110723;806357739,815329967
===1079309783,261402174;1002794887,1309654966;962787068,1943257773,373712093,1723759474,326011934,721735804,1350700021;0
===1448345805,288676584;1248426416,300578982;1203147399,1487768916,682113338,32489094,1899485789,1800759629,1655165985;0
===1190209422,1820531223;431365069,675060741;512409460,248312483,671848764,202685719,1315717622,2090893220,1640403787;0
===1791937530,45003096;2014961021,502663436;266375526,502863002,1079268396,1757612069,1635503161,654722620,915502009;0
===1667729604,1736344141;1126395753,2113143219;1819455818,1844602994,88116366,894342624,325872450,68508562,256348095;0
===569739173,1725530252;111585309,1024227660;1205423118,1190578580,1345918171,1858771839,790230990,94659153,316060231;0
===586370646,1379531387;2072517799,1820652319;1564621066,32355616,369518663,1439516241,1178507865,1442119981,371302352;1
+++1739826205,1848502220;1157719175,526902439
===1648096675,1583213178;1971148164,1059599796;1803402364,11852111,1400397089,689198950,2001640031,852442775,1968740743;0
===762668850,1211130170;318440361,506584942;1766262694,428068985,1691307051,1851610684,1164883697,1080154586,1015976906;0
===248221904,2063393614;57338965,523583805;1161030173,1627262597,1458118608,856441339,136134908,738573956,1354608674;0
===241830542,1718437440;528883223,2057508098;898488262,1354217103,557611480,1258703662,879988348,973174051,574317405;0
===1806820193,1129121970;907244591,410928057;976022513,1224720786,1124223850,579375108,476768166,199661738,1941146325;0
===265634342,1039415941;1713901620,1745657985;1838596921,1003610614,1872670241,1117432971,883799966,1278352713,233083744;1
+++434469186,1933900503;1124550408,719436271
===613278796,2021809249;137521471,1795952976;1265257417,227933019,2032347731,479338289,1264130441,719062521,1511390491;0
===2115641048,739949775;27020015,190297383;1933416574,716474396,1953989482,1105709738,1588972388,1150383776,650966161;0
===1387735644,910811182;580703075,1089530087;851862339,1158414900,1634505663,500681130,1672273653,2072136250,946532483;0
===1550598012,1366384201;1149706740,883986739;706981614,414557653,121447751,29670559,887809812,1294175028,1379720863;0
===84981378,1951300551;411460895,1426004632;1159204173,697691017,371710351,1724950522,637166931,748595716,900099514;0
===1415879054,1511660278;1789860790,280736593;1611050848,512429516,352677003,636372264,252536902,742411105,284310446;0
===138604276,2136732412;47811056,1933055581;319650267,1298224140,1861554813,41831252,1068043534,1882711248,754292470;1
+++1511227389,999016936;807591395,94449254
===1723853946,859434971;345269251,107664221;43589793,567037954,1587406335,1299095544,2100057205,585899581,320127033;0
===793589520,547560814;701587988,502283632;1069157041,1449289182,2047214226,592408964,1721786796,1802687776,1973327327;0
===1010997547,637299623;613284275,1533107205;1399486074,1010002768,467319219,331872873,982204178,1816350768,1110508407;0
===1577247764,464441499;720714615,1510327499;1901207345,1408625724,1075456913,1628756205,379465538,711774015,1998170284;1
++846969902,1739050992;543864740,1410761302
+++1645908839,196244487;1456030759,1245616580
===1155807558,1788093211;411404686,961017114;227185027,61672520,1905671043,389593049,853733879,903644131,1907775751;0
===1161711996,1241582124;784769300,1055585855;960898899,599082456,1935647522,1679394088,1840095280,885682059,1070849745;0
===1518274381,1693131350;704964042,1417265694;705032882,1160859543,761588480,1090659406,1688295655,1656893640,1094426116;0
===727526429,1338826145;1785781562,1614456185;2022615987,2077698859,68394988,108259111,2003933147,932057751,92921413;0
===5304990,1862748337;1813398187,1409757385;1418060408,1668173882,223170013,809824033,776034860,1873993778,1556887159;0
===926789675,1450241440;1590283473,1884671888;1443120021,1920136938,1594848711,1080249520,354328250,137118861,842715215;0
===1692711797,2080077003;1962682331,2034027540;1058654289,1417619303,414984792,1446453016,1978384718,967329940,981301253;0
===147711209,1768855877;209580272,822750081;839309823,779215889,1354361378,282681865,1869669787,122996002,93088262;1
+++1403370300,1276378576;223067937,967231081
===1093472838,919641537;485236221,945879152;2085906564,2084981391,1735444815,1090358166,1509494823,1361155016,1503045826;0
===286640482,887056362;956741216,2061029592;86267730,1828649764,1348981553,222478968,1403360720,25287694,1579886788;0
===966271412,675886850;326732163,1933481232;1428316373,1671029028,1979082350,159914015,1236411154,1047166776,1130918276;0
===198185615,1122397210;18638793,493847354;1394215000,2099765235,2146058057,1131502593,1656340892,767776150,310381202;0
===233027523,256119035;2106659995,838016949;525615935,544638866,1867372931,2094823562,1357454406,2091451897,2079024577;0
===105021631,1376847831;119839573,933604673;1877770181,1009149370,1782121777,1049989333,501466956,644447753,834142536;0
===953705725,274523211;141397480,1173841264;1917440645,1633805661,2053797188,914989840,573995097,1245106312,39302507;1
+++278535020,1126478144;1075789593,410930649
===1049289249,1903222630;771860599,81765039;883504880,1442306799,1006669152,396340037,1224083904,1349237634,1324440782;0
===1231403354,969362374;1654265553,1600399366;67464218,1114522049,1181697539,235593444,13763358,1412705670,680879096;0
===882453433,2129039366;2007087580,2063263843;1712890373,229682479,166911861,393451411,1937499380,2038945874,1921324295;0
===759115586,1409846999;537971596,1093503395;1369707328,1893096416,1011591647,27999987,809926021,1617610180,118081579;0
===429829258,751113750;1891820646,1774075241;740929441,151204378,680180462,1861651997,2073370902,218256116,1652068139;1
+++1234033159,178419764;926685404,1532659417
===649528838,2078803449;1947856483,90028566;779009074,1851064018,1797234662,1302053052,1036773685,2077455202,1099758900;0
===1153242499,1404732320;2111127379,86721729;1073824894,641084282,1982436769,789421090,826301611,2134885066,675777068;0
===868082425,135470199;152610269,1401898864;235765385,2087272610,742943924,186781913,1035847368,371569212,1808208113;0
===102369344,778192431;934565966,776175837;1898423664,1814709382,1857861902,703682952,164416035,338146276,651005158;0
===233587184,988151579;1645322879,841403437;452455727,204389451,685135793,1774846410,1323500764,754066963,1442380035;0
===1784817028,21298418;402263474,1398756292;1680439756,1908655019,684214293,238974507,1760192914,313155542,675948890;0
===1165807708,1833724278;839029584,714031926;1656599689,1679665284,626372698,1578818468,504940616,1913833606,627563957;1
+++1724609109,1763758870;1724720806,1941458673
===1520369425,800954304;1766844734,2086607229;839864629,845290482,185494545,1846158084,930540940,1016121051,1092312844;0
===2046018052,1398007520;1178511247,1159356261;896598750,1579694363,303762407,1703820136,1236347145,1476774129,586020855;0
===494035568,1164090721;651074965,1140141492;1603929099,203634072,295817876,2079666625,542741239,723447297,1182274904;0
===232733149,1779595967;1481254984,697027166;144853950,290094385,1935332555,101762091,498211562,178999472,1980071529;0
===42182805,1169670974;1471309292,1928239301;2037831912,481329068,607132125,1233944213,1486958114,2080169281,2101147674;1
+++1281980731,395738876;1272663169,281261322
===1667206071,1172746116;1751222170,901640386;1912219508,910212628,1084679497,1052801849,560865568,498025461,262051321;0
===1835450158,1528434616;884271878,861051908;1489223499,2079667494,504105617,2060818926,573784435,1059085079,1693864127;0
===529296930,1168486145;148799491,1475481422;1508544730,154340005,1915014567,761935362,2047456551,186117119,1632380571;0
===307582877,201772260;320814933,753836499;437963462,1565460225,1681082820,487158368,415642945,1884715549,706744815;1
