7;3;11
+6949,0;20000,20000
++9616,0;20000,20000
+++12468,11258;20000,20000
===14655,11371;14982,20000;15410,12980,15314,14876,11410,15586,14438;0
===14465,11258;14999,20000;16098,11688,13728,13572,13054,15058,9646;0
===14422,12696;14620,20000;14686,15630,14986,16236,15578,16848,16014;0
===13827,12211;20000,20000;12376,14974,12648,10546,13080,11086,12726;0
===12468,11579;20000,20000;11036,12330,12000,12708,10772,12996,12206;0
===13223,11904;14655,20000;15410,12980,15314,14876,11410,15586,14438;0
===15392,13659;20000,20000;14686,15630,14986,16236,15578,16848,16014;0
===13112,11585;20000,20000;12324,12342,12266,13550,13224,11578,12232;0
===13768,13102;20000,20000;13636,15376,12318,14334,13892,12564,13020;0
===15496,12016;20000,20000;15410,12980,15314,14876,11410,15586,14438;1
+++12188,0;20000,20000
===15430,0;20000,20000;15582,11052,13420,14822,11400,14352,13820;0
===13411,0;20000,20000;14554,9762,8986,10266,11360,13286,8316;0
===12996,0;20000,20000;13724,12058,11834,10630,10468,15656,12188;0
===12778,0;20000,20000;13900,10828,10504,11764,10502,11048,9380;0
===12689,0;20000,20000;13624,12998,14806,6306,15106,12462,9236;0
===12188,0;20000,20000;15278,9448,10232,9406,11270,8472,8572;0
===15594,0;20000,20000;15910,11042,13282,9562,15238,9644,10620;0
===14384,0;20000,8704;13490,7960,15044,11958,13850,10478,15228;0
===15688,0;20000,20000;16098,11688,13728,13572,13054,15058,9646;1
+++10864,7685;20000,20000
===10864,7685;10995,7986;13490,7960,15044,11958,13850,10478,15228;0
===13918,9662;20000,20000;12558,9876,12802,9444,14808,9442,14490;0
===11420,9163;20000,20000;11184,10020,10510,13430,7386,14356,8866;0
===12887,9474;20000,10547;11874,10266,14302,12948,11170,11396,10916;0
===14229,9478;20000,20000;13180,9508,11924,11104,14756,10978,10654;0
===13784,10245;15594,20000;15910,11042,13282,9562,15238,9644,10620;1
+++10893,9222;14465,20000
===11470,9279;11527,20000;14554,9762,8986,10266,11360,13286,8316;0
===10893,12745;12042,20000;10184,13644,12168,12924,10598,11202,11290;0
===11652,10506;12468,20000;11036,12330,12000,12708,10772,12996,12206;0
===11826,9222;13078,20000;14554,9762,8986,10266,11360,13286,8316;0
===13228,11258;14465,20000;16098,11688,13728,13572,13054,15058,9646;0
===13752,10245;13756,20000;15910,11042,13282,9562,15238,9644,10620;0
===14205,13229;14293,20000;14686,15630,14986,16236,15578,16848,16014;0
===14161,13844;14205,20000;14686,15630,14986,16236,15578,16848,16014;1
+++12800,0;15496,20000
===15344,0;15496,20000;15410,12980,15314,14876,11410,15586,14438;0
===12800,0;14384,20000;13490,7960,15044,11958,13850,10478,15228;0
===14620,0;14754,20000;14686,15630,14986,16236,15578,16848,16014;0
===13309,10940;14741,20000;15582,11052,13420,14822,11400,14352,13820;0
===13213,0;14029,10717;14158,10606,13748,13014,11686,13286,12582;0
===12980,0;13768,20000;13636,15376,12318,14334,13892,12564,13020;1
+++14293,10250;15688,20000
===15326,10568;15688,20000;16098,11688,13728,13572,13054,15058,9646;0
===15134,13341;15392,20000;14686,15630,14986,16236,15578,16848,16014;0
===15068,10250;15430,20000;15582,11052,13420,14822,11400,14352,13820;0
===14754,12769;15134,20000;14686,15630,14986,16236,15578,16848,16014;0
===14741,10407;15068,20000;15582,11052,13420,14822,11400,14352,13820;0
===14293,13118;14422,20000;14686,15630,14986,16236,15578,16848,16014;0
===14999,10725;15326,20000;16098,11688,13728,13572,13054,15058,9646;0
===14982,11214;15344,20000;15410,12980,15314,14876,11410,15586,14438;1
+++9616,0;20000,20000
===10210,8882;20000,20000;8818,8968,8506,12794,11052,10174,7414;0
===9767,0;20000,20000;11958,3738,10688,8814,6114,10400,7190;0
===9736,0;20000,20000;10512,9034,8368,16308,7054,10258,13204;0
===9616,0;20000,20000;11656,8306,9790,10598,6922,9998,7358;0
===9637,0;20000,20000;10176,9540,9050,10614,10556,10254,6350;0
===9899,0;20000,20000;11602,6658,5506,9366,9956,9432,7170;0
===9920,10006;20000,20000;8238,10890,7268,9868,10976,9762,9576;1
+++10232,0;20000,20000
===11344,0;12689,13994;13624,12998,14806,6306,15106,12462,9236;0
===10232,0;20000,20000;12268,8682,7406,7458,8440,11284,4072;0
===11916,7002;12071,20000;11874,10266,14302,12948,11170,11396,10916;0
===10378,0;20000,20000;11658,6558,11478,8452,9078,8416,7672;0
===12072,7309;12546,7986;13490,7960,15044,11958,13850,10478,15228;0
===10604,0;20000,20000;12110,8012,11552,11310,12356,7620,9622;0
===10830,10567;20000,20000;9392,12452,13758,9112,12656,13420,11190;0
===10787,0;20000,7660;9306,6638,10624,9224,11418,11764,9808;1
+++12167,0;14229,20000
===12419,6623;12569,20000;13180,9508,11924,11104,14756,10978,10654;0
===12546,7259;12574,7986;13490,7960,15044,11958,13850,10478,15228;0
===12724,0;12800,7986;13490,7960,15044,11958,13850,10478,15228;0
===12550,0;13693,20000;12832,10498,11068,11034,11440,13374,8998;0
===12167,0;13827,20000;12376,14974,12648,10546,13080,11086,12726;0
===12569,0;14229,20000;13180,9508,11924,11104,14756,10978,10654;0
===12296,0;13112,20000;12324,12342,12266,13550,13224,11578,12232;0
===12418,8033;12419,20000;13180,9508,11924,11104,14756,10978,10654;0
===12574,5849;12724,7986;13490,7960,15044,11958,13850,10478,15228;1
+++11031,10130;20000,20000
===11901,15595;20000,20000;9902,16200,13306,13924,14146,15014,14006;0
===11031,13937;20000,20000;10460,15856,8594,10156,14826,11112,12500;0
===12042,12745;20000,20000;10184,13644,12168,12924,10598,11202,11290;0
===12763,10731;20000,20000;10248,12014,10442,11610,13570,11136,9592;0
===11313,10411;20000,20000;10358,12140,10298,11796,10026,12362,8880;0
===13693,10130;20000,20000;12832,10498,11068,11034,11440,13374,8998;1
++6949,0;11002,20000
+++9282,0;10247,20000
===9282,0;10023,20000;9392,12452,13758,9112,12656,13420,11190;0
===9927,6263;10247,7677;11658,6558,11478,8452,9078,8416,7672;0
===10084,12235;10119,20000;11036,12330,12000,12708,10772,12996,12206;0
===9728,12235;9768,13530;11036,12330,12000,12708,10772,12996,12206;0
===10056,10240;10187,10271;11874,10266,14302,12948,11170,11396,10916;0
===10180,0;10208,20000;10184,13644,12168,12924,10598,11202,11290;0
===9881,7546;10153,8404;12110,8012,11552,11310,12356,7620,9622;0
===9798,0;10039,20000;9902,16200,13306,13924,14146,15014,14006;0
===9655,6263;9927,6819;11658,6558,11478,8452,9078,8416,7672;0
===9422,7881;10232,20000;12268,8682,7406,7458,8440,11284,4072;1
+++6949,0;8077,20000
===7224,0;7506,20000;7504,11114,11732,10628,9422,9274,12014;0
===7905,7645;8077,8998;8502,8210,6766,11434,9786,9930,9258;0
===7230,9404;7930,20000;7980,13410,7440,12176,7328,8558,11766;0
===7161,12258;7893,20000;9132,14730,8822,11366,8638,8224,9592;0
===6949,9087;7672,9729;6246,9672,9222,10134,12034,7494,14746;0
===7359,10338;7479,20000;8238,10890,7268,9868,10976,9762,9576;0
===7903,0;8061,20000;7926,14682,7340,14184,10756,12040,11884;0
===6991,6379;7941,6848;9306,6638,10624,9224,11418,11764,9808;1
+++9860,0;11002,20000
===10834,10356;11002,11172;12832,10498,11068,11034,11440,13374,8998;0
===9860,11993;10295,20000;10358,12140,10298,11796,10026,12362,8880;0
===10416,9315;10709,9524;13180,9508,11924,11104,14756,10978,10654;0
===10642,12094;10763,12993;12324,12342,12266,13550,13224,11578,12232;0
===10105,9499;10472,9891;12558,9876,12802,9444,14808,9442,14490;0
===10398,12440;10438,20000;12376,14974,12648,10546,13080,11086,12726;0
===10295,0;10980,20000;10358,12140,10298,11796,10026,12362,8880;0
===10153,6990;10473,8404;12110,8012,11552,11310,12356,7620,9622;0
===10393,7685;10833,7986;13490,7960,15044,11958,13850,10478,15228;0
===10240,0;10925,20000;10248,12014,10442,11610,13570,11136,9592;1
+++8312,6212;9920,20000
===8479,6303;8751,6859;9306,6638,10624,9224,11418,11764,9808;0
===9228,10624;9245,20000;9392,12452,13758,9112,12656,13420,11190;0
===8980,9391;9852,9524;13180,9508,11924,11104,14756,10978,10654;0
===8507,8647;8779,20000;9362,10214,6562,10788,8550,10242,7044;0
===9044,7216;9196,9655;10512,9034,8368,16308,7054,10258,13204;0
===8827,7468;8958,20000;8818,8968,8506,12794,11052,10174,7414;0
===8630,6212;8950,20000;9064,6456,11570,6184,9292,10098,8044;0
===8312,10006;9920,20000;8238,10890,7268,9868,10976,9762,9576;0
===8832,9870;9842,10933;11184,10020,10510,13430,7386,14356,8866;1
+++7262,0;8684,9045
===7262,0;7874,6420;9172,5782,9422,8878,8942,11824,5252;0
===7287,6743;8504,8612;11656,8306,9790,10598,6922,9998,7358;0
===7820,6212;8630,6768;9064,6456,11570,6184,9292,10098,8044;0
===7874,0;8684,6431;9172,5782,9422,8878,8942,11824,5252;0
===8235,8189;8602,9045;8818,8968,8506,12794,11052,10174,7414;0
===8301,6379;8307,6859;9306,6638,10624,9224,11418,11764,9808;0
===7425,7451;7745,8162;6654,7822,8458,9428,8274,7208,8828;0
===7941,6379;8301,6859;9306,6638,10624,9224,11418,11764,9808;0
===8003,5927;8305,8230;10654,6674,13178,7574,7748,10316,7686;0
===8307,6379;8407,6859;9306,6638,10624,9224,11418,11764,9808;0
===8407,6303;8479,6859;9306,6638,10624,9224,11418,11764,9808;1
+++8779,0;9767,9655
===9415,7648;9709,8404;12110,8012,11552,11310,12356,7620,9622;0
===8779,0;9089,6858;11602,6658,5506,9366,9956,9432,7170;0
===9196,0;9736,9655;10512,9034,8368,16308,7054,10258,13204;0
===9055,0;9595,8842;10230,7408,8764,13504,5608,14596,10168;0
===9117,6263;9655,6819;11658,6558,11478,8452,9078,8416,7672;0
===8957,0;9767,6328;11958,3738,10688,8814,6114,10400,7190;1
+++7291,7450;8349,20000
===8191,7645;8349,20000;8502,8210,6766,11434,9786,9930,9258;0
===8077,7645;8191,20000;8502,8210,6766,11434,9786,9930,9258;0
===7379,10526;7412,11446;8104,11266,8782,14508,10790,10304,11268;0
===7291,11398;8344,20000;9392,12452,13758,9112,12656,13420,11190;0
===7416,7450;7718,20000;9480,9720,7222,9900,5916,13508,8678;0
===7415,10934;7448,20000;8176,12082,11476,11624,9616,8932,13398;0
===7292,10526;7379,11446;8104,11266,8782,14508,10790,10304,11268;0
===7328,10934;7415,20000;8176,12082,11476,11624,9616,8932,13398;1
+++8659,0;10830,20000
===10023,9563;10830,20000;9392,12452,13758,9112,12656,13420,11190;0
===8863,6303;9071,7717;9306,6638,10624,9224,11418,11764,9808;0
===8684,0;10720,20000;9172,5782,9422,8878,8942,11824,5252;0
===9648,12326;9779,20000;10460,15856,8594,10156,14826,11112,12500;0
===9691,13732;9752,20000;9902,16200,13306,13924,14146,15014,14006;0
===9429,11993;9597,20000;10358,12140,10298,11796,10026,12362,8880;0
===8659,0;8827,20000;8818,8968,8506,12794,11052,10174,7414;0
===9089,0;9899,6869;11602,6658,5506,9366,9956,9432,7170;1
+++8305,0;9202,8612
===8655,0;8957,4459;11958,3738,10688,8814,6114,10400,7190;0
===9071,0;9202,7717;9306,6638,10624,9224,11418,11764,9808;0
===8305,0;9153,8230;10654,6674,13178,7574,7748,10316,7686;0
===8504,6743;8806,8612;11656,8306,9790,10598,6922,9998,7358;0
===8751,6303;8863,7717;9306,6638,10624,9224,11418,11764,9808;0
===8806,0;9068,8612;11656,8306,9790,10598,6922,9998,7358;1
++10075,8217;12695,20000
+++11559,8412;11895,20000
===11765,8412;11766,20000;11874,10266,14302,12948,11170,11396,10916;0
===11760,10073;11797,10717;14158,10606,13748,13014,11686,13286,12582;0
===11843,10971;11879,11449;15582,11052,13420,14822,11400,14352,13820;0
===11678,8907;11706,10677;13180,9508,11924,11104,14756,10978,10654;0
===11824,12655;11895,13312;15410,12980,15314,14876,11410,15586,14438;0
===11559,10410;11680,10717;14158,10606,13748,13014,11686,13286,12582;0
===11668,12655;11695,13195;15410,12980,15314,14876,11410,15586,14438;0
===11680,10410;11732,10717;14158,10606,13748,13014,11686,13286,12582;0
===11793,12655;11824,13312;15410,12980,15314,14876,11410,15586,14438;0
===11738,9286;11765,20000;11874,10266,14302,12948,11170,11396,10916;0
===11695,12655;11793,13312;15410,12980,15314,14876,11410,15586,14438;1
+++10075,8494;10727,20000
===10515,8494;10699,20000;14822,9908,5558,15146,9782,10146,7726;0
===10075,14922;10278,20000;9902,16200,13306,13924,14146,15014,14006;0
===10406,10475;10727,10717;14158,10606,13748,13014,11686,13286,12582;0
===10412,12094;10642,12993;12324,12342,12266,13550,13224,11578,12232;0
===10187,10240;10417,10271;11874,10266,14302,12948,11170,11396,10916;0
===10372,12094;10412,12993;12324,12342,12266,13550,13224,11578,12232;0
===10281,12124;10352,12993;12324,12342,12266,13550,13224,11578,12232;1
+++11191,8907;12406,11449
===11191,8907;11271,9524;13180,9508,11924,11104,14756,10978,10654;0
===12041,10940;12271,11449;15582,11052,13420,14822,11400,14352,13820;0
===11706,8907;12387,10763;13180,9508,11924,11104,14756,10978,10654;0
===11910,10940;11981,11449;15582,11052,13420,14822,11400,14352,13820;0
===12167,9644;12406,10717;14158,10606,13748,13014,11686,13286,12582;0
===11981,10940;12001,11449;15582,11052,13420,14822,11400,14352,13820;0
===11732,10410;11760,10717;14158,10606,13748,13014,11686,13286,12582;0
===11631,9567;12066,11337;13900,10828,10504,11764,10502,11048,9380;0
===11543,10971;11843,11159;15582,11052,13420,14822,11400,14352,13820;1
+++11532,9122;12217,20000
===11989,10766;12017,20000;12376,14974,12648,10546,13080,11086,12726;0
===11950,10512;12217,20000;12324,12342,12266,13550,13224,11578,12232;0
===11832,9122;12057,20000;15278,9448,10232,9406,11270,8472,8572;0
===11695,9279;11826,20000;14554,9762,8986,10266,11360,13286,8316;0
===11532,9590;12217,20000;12832,10498,11068,11034,11440,13374,8998;0
===11915,12655;11955,13312;15410,12980,15314,14876,11410,15586,14438;1
+++10789,10971;12695,20000
===10937,15183;11028,20000;13636,15376,12318,14334,13892,12564,13020;0
===11879,10971;11910,11449;15582,11052,13420,14822,11400,14352,13820;0
===11419,15183;12695,20000;13636,15376,12318,14334,13892,12564,13020;0
===10789,12440;11976,20000;12376,14974,12648,10546,13080,11086,12726;0
===11298,15183;11419,20000;13636,15376,12318,14334,13892,12564,13020;0
===11462,15503;12573,15743;14686,15630,14986,16236,15578,16848,16014;1
+++11271,8907;11950,20000
===11271,8907;11678,9524;13180,9508,11924,11104,14756,10978,10654;0
===11367,15595;11901,20000;9902,16200,13306,13924,14146,15014,14006;0
===11465,9285;11832,20000;15278,9448,10232,9406,11270,8472,8572;0
===11278,11124;11950,20000;12324,12342,12266,13550,13224,11578,12232;0
===11895,12655;11915,13312;15410,12980,15314,14876,11410,15586,14438;0
===11346,10318;11652,20000;11036,12330,12000,12708,10772,12996,12206;1
+++11976,8217;12418,20000
===12391,8907;12418,20000;13180,9508,11924,11104,14756,10978,10654;0
===12080,8217;12108,20000;12558,9876,12802,9444,14808,9442,14490;0
===12017,9356;12167,20000;12376,14974,12648,10546,13080,11086,12726;0
===11976,10816;11989,20000;12376,14974,12648,10546,13080,11086,12726;0
===12185,12655;12306,13312;15410,12980,15314,14876,11410,15586,14438;0
===12271,10940;12392,11449;15582,11052,13420,14822,11400,14352,13820;0
===12387,8907;12391,20000;13180,9508,11924,11104,14756,10978,10654;0
===12217,10512;12296,20000;12324,12342,12266,13550,13224,11578,12232;0
===12057,9122;12188,20000;15278,9448,10232,9406,11270,8472,8572;0
===12076,8267;12080,20000;12558,9876,12802,9444,14808,9442,14490;1
+++10828,8267;12167,11530
===10828,8267;12067,9891;12558,9876,12802,9444,14808,9442,14490;0
===11097,10019;11504,11172;12832,10498,11068,11034,11440,13374,8998;0
===11603,10693;12165,11530;15910,11042,13282,9562,15238,9644,10620;0
===12067,8267;12076,10947;12558,9876,12802,9444,14808,9442,14490;0
===11797,10073;12167,10717;14158,10606,13748,13014,11686,13286,12582;0
===12001,10940;12041,11449;15582,11052,13420,14822,11400,14352,13820;1
+++11072,9590;12691,20000
===12663,10370;12691,20000;13724,12058,11834,10630,10468,15656,12188;0
===11072,11661;11112,20000;13724,12058,11834,10630,10468,15656,12188;0
===11709,10370;12663,20000;13724,12058,11834,10630,10468,15656,12188;0
===12165,10245;12556,11530;15910,11042,13282,9562,15238,9644,10620;0
===12217,9590;12550,20000;12832,10498,11068,11034,11440,13374,8998;0
===11955,12655;12185,13312;15410,12980,15314,14876,11410,15586,14438;1
++7430,8101;9632,20000
+++7430,8617;7878,20000
===7506,8617;7540,20000;7504,11114,11732,10628,9422,9274,12014;0
===7430,10846;7550,20000;8380,11906,8436,9192,9600,8774,11748;0
===7448,10934;7560,20000;8176,12082,11476,11624,9616,8932,13398;0
===7546,12234;7617,20000;7926,14682,7340,14184,10756,12040,11884;0
===7617,12234;7789,20000;7926,14682,7340,14184,10756,12040,11884;0
===7706,10526;7878,20000;8104,11266,8782,14508,10790,10304,11268;0
===7540,10016;7578,20000;7504,11114,11732,10628,9422,9274,12014;0
===7479,10338;7773,20000;8238,10890,7268,9868,10976,9762,9576;0
===7635,10526;7706,20000;8104,11266,8782,14508,10790,10304,11268;1
+++7914,8740;8288,20000
===8156,11902;8213,20000;7926,14682,7340,14184,10756,12040,11884;0
===8150,9744;8245,20000;8104,11266,8782,14508,10790,10304,11268;0
===8016,10064;8288,20000;8380,11906,8436,9192,9600,8774,11748;0
===8061,11452;8156,20000;7926,14682,7340,14184,10756,12040,11884;0
===7945,8985;8217,20000;8238,10890,7268,9868,10976,9762,9576;0
===7914,8740;8028,20000;8176,12082,11476,11624,9616,8932,13398;1
+++7578,8976;9085,20000
===7646,8976;8496,9528;10512,9034,8368,16308,7054,10258,13204;0
===8901,9538;9085,20000;11594,12018,5364,8540,14156,9424,9326;0
===7578,10450;7692,20000;7504,11114,11732,10628,9422,9274,12014;0
===7969,10000;8507,20000;9362,10214,6562,10788,8550,10242,7044;0
===8170,10450;8353,20000;7504,11114,11732,10628,9422,9274,12014;0
===8245,10194;8302,20000;8104,11266,8782,14508,10790,10304,11268;0
===7924,15465;8941,20000;9902,16200,13306,13924,14146,15014,14006;1
+++8302,9331;9441,20000
===9334,11930;9374,13372;10248,12014,10442,11610,13570,11136,9592;0
===8302,10194;8303,20000;8104,11266,8782,14508,10790,10304,11268;0
===8539,11993;9429,20000;10358,12140,10298,11796,10026,12362,8880;0
===8356,9628;9366,20000;10232,11846,8208,10892,7348,10786,8728;0
===8327,10240;9264,10271;11874,10266,14302,12948,11170,11396,10916;0
===8376,9331;9281,20000;10176,9540,9050,10614,10556,10254,6350;0
===8813,13881;9349,20000;10460,15856,8594,10156,14826,11112,12500;0
===9366,9381;9441,20000;10232,11846,8208,10892,7348,10786,8728;1
+++8344,10624;9228,20000
===9114,10624;9228,20000;9392,12452,13758,9112,12656,13420,11190;0
===8344,11398;8906,20000;9392,12452,13758,9112,12656,13420,11190;0
===8906,10624;9114,20000;9392,12452,13758,9112,12656,13420,11190;0
===9161,15465;9201,20000;9902,16200,13306,13924,14146,15014,14006;0
===9141,15465;9161,20000;9902,16200,13306,13924,14146,15014,14006;0
===9070,15465;9141,20000;9902,16200,13306,13924,14146,15014,14006;1
+++9201,9831;9632,20000
===9201,15465;9431,20000;9902,16200,13306,13924,14146,15014,14006;0
===9604,13732;9632,20000;9902,16200,13306,13924,14146,15014,14006;0
===9420,12489;9423,20000;10460,15856,8594,10156,14826,11112,12500;0
===9517,13732;9552,20000;9902,16200,13306,13924,14146,15014,14006;0
===9431,15465;9517,20000;9902,16200,13306,13924,14146,15014,14006;0
===9552,13732;9604,20000;9902,16200,13306,13924,14146,15014,14006;0
===9519,9831;9606,9891;12558,9876,12802,9444,14808,9442,14490;0
===9423,12326;9480,20000;10460,15856,8594,10156,14826,11112,12500;1
+++7481,8101;8291,20000
===7513,8943;8197,9045;8818,8968,8506,12794,11052,10174,7414;0
===7560,10934;7914,20000;8176,12082,11476,11624,9616,8932,13398;0
===7481,8101;8291,20000;8386,9122,7028,8168,9472,8070,5936;0
===7550,10846;8016,20000;8380,11906,8436,9192,9600,8774,11748;0
===7878,8332;7992,20000;8104,11266,8782,14508,10790,10304,11268;0
===7893,12258;7926,20000;9132,14730,8822,11366,8638,8224,9592;0
===7789,10040;7903,20000;7926,14682,7340,14184,10756,12040,11884;1
+++8214,11763;9101,20000
===8278,11994;8506,20000;8176,12082,11476,11624,9616,8932,13398;0
===8214,11902;8644,20000;7926,14682,7340,14184,10756,12040,11884;0
===8506,11993;8539,20000;10358,12140,10298,11796,10026,12362,8880;0
===8845,12235;9101,12870;11036,12330,12000,12708,10772,12996,12206;0
===8392,11763;8984,20000;9132,14730,8822,11366,8638,8224,9592;0
===8654,11994;8689,13406;8176,12082,11476,11624,9616,8932,13398;0
===8941,15465;9039,20000;9902,16200,13306,13924,14146,15014,14006;0
===8419,12635;8675,14187;10184,13644,12168,12924,10598,11202,11290;1
+++8303,8189;9282,20000
===8328,9331;8376,20000;10176,9540,9050,10614,10556,10254,6350;0
===9245,9117;9282,20000;9392,12452,13758,9112,12656,13420,11190;0
===8602,8189;8659,20000;8818,8968,8506,12794,11052,10174,7414;0
===8496,8976;9044,9655;10512,9034,8368,16308,7054,10258,13204;0
===8303,10194;8532,20000;8104,11266,8782,14508,10790,10304,11268;0
===8608,10514;8739,20000;8380,11906,8436,9192,9600,8774,11748;0
===8427,8536;8699,20000;9202,8850,11298,9476,8396,5946,10566;1
++9745,9179;11709,20000
+++9745,9315;10307,20000
===9752,13732;9798,20000;9902,16200,13306,13924,14146,15014,14006;0
===9933,9831;10105,9891;12558,9876,12802,9444,14808,9442,14490;0
===10066,14922;10075,20000;9902,16200,13306,13924,14146,15014,14006;0
===9771,13440;10307,20000;12376,14974,12648,10546,13080,11086,12726;0
===9852,9315;9917,9524;13180,9508,11924,11104,14756,10978,10654;0
===9745,12124;9914,12876;12324,12342,12266,13550,13224,11578,12232;1
+++11068,9279;11709,20000
===11068,15183;11298,20000;13636,15376,12318,14334,13892,12564,13020;0
===11602,11661;11709,20000;13724,12058,11834,10630,10468,15656,12188;0
===11287,9285;11293,9617;15278,9448,10232,9406,11270,8472,8572;0
===11504,9590;11532,11172;12832,10498,11068,11034,11440,13374,8998;0
===11293,9285;11465,9617;15278,9448,10232,9406,11270,8472,8572;0
===11329,10441;11559,10717;14158,10606,13748,13014,11686,13286,12582;0
===11527,9279;11695,20000;14554,9762,8986,10266,11360,13286,8316;0
===11463,11661;11580,20000;13724,12058,11834,10630,10468,15656,12188;0
===11580,11661;11602,20000;13724,12058,11834,10630,10468,15656,12188;1
+++10472,9179;11070,20000
===10472,9336;10489,9891;12558,9876,12802,9444,14808,9442,14490;0
===10634,12235;10697,20000;11036,12330,12000,12708,10772,12996,12206;0
===10840,9179;11070,9524;13180,9508,11924,11104,14756,10978,10654;0
===10783,9179;10840,9524;13180,9508,11924,11104,14756,10978,10654;0
===10709,9315;10783,9524;13180,9508,11924,11104,14756,10978,10654;0
===10626,10356;10666,11172;12832,10498,11068,11034,11440,13374,8998;0
===10925,9442;11065,9774;14554,9762,8986,10266,11360,13286,8316;0
===10618,9903;11025,11056;11874,10266,14302,12948,11170,11396,10916;1
+++10208,9442;11631,20000
===10277,10586;11160,11337;13900,10828,10504,11764,10502,11048,9380;0
===11368,10521;11631,11337;13900,10828,10504,11764,10502,11048,9380;0
===11007,10223;11313,20000;10358,12140,10298,11796,10026,12362,8880;0
===11282,10693;11603,11530;15910,11042,13282,9562,15238,9644,10620;0
===11374,10971;11543,11083;15582,11052,13420,14822,11400,14352,13820;0
===11103,9442;11470,20000;14554,9762,8986,10266,11360,13286,8316;0
===10278,14922;10828,20000;9902,16200,13306,13924,14146,15014,14006;0
===10843,12094;11254,12993;12324,12342,12266,13550,13224,11578,12232;0
===10438,12440;10789,20000;12376,14974,12648,10546,13080,11086,12726;0
===10208,12745;10893,20000;10184,13644,12168,12924,10598,11202,11290;0
===10460,11671;11022,13994;13624,12998,14806,6306,15106,12462,9236;1
+++11052,9727;11463,20000
===11342,11661;11463,20000;13724,12058,11834,10630,10468,15656,12188;0
===11052,11661;11072,20000;13724,12058,11834,10630,10468,15656,12188;0
===11230,9727;11344,13994;13624,12998,14806,6306,15106,12462,9236;0
===11200,10521;11368,11337;13900,10828,10504,11764,10502,11048,9380;0
===11198,10475;11289,10717;14158,10606,13748,13014,11686,13286,12582;0
===11289,10441;11329,10717;14158,10606,13748,13014,11686,13286,12582;0
===11431,15503;11462,15743;14686,15630,14986,16236,15578,16848,16014;1
+++11025,9286;11346,20000
===11025,9286;11053,11056;11874,10266,14302,12948,11170,11396,10916;0
===11065,9442;11103,9774;14554,9762,8986,10266,11360,13286,8316;0
===11319,9494;11346,20000;11036,12330,12000,12708,10772,12996,12206;0
===11053,9286;11264,20000;11874,10266,14302,12948,11170,11396,10916;0
===11027,13937;11031,20000;10460,15856,8594,10156,14826,11112,12500;0
===11028,15183;11068,20000;13636,15376,12318,14334,13892,12564,13020;0
===11160,10521;11200,11337;13900,10828,10504,11764,10502,11048,9380;0
===11254,12094;11278,20000;12324,12342,12266,13550,13224,11578,12232;0
===11112,11661;11342,20000;13724,12058,11834,10630,10468,15656,12188;1
+++9998,9315;10634,20000
===10199,12235;10634,20000;11036,12330,12000,12708,10772,12996,12206;0
===10119,12235;10199,20000;11036,12330,12000,12708,10772,12996,12206;0
===9998,12235;10084,13530;11036,12330,12000,12708,10772,12996,12206;0
===10238,9315;10378,9524;13180,9508,11924,11104,14756,10978,10654;0
===10378,9315;10416,9524;13180,9508,11924,11104,14756,10978,10654;0
===10043,14922;10066,20000;9902,16200,13306,13924,14146,15014,14006;0
===10401,15183;10570,20000;13636,15376,12318,14334,13892,12564,13020;0
===10064,10421;10626,11172;12832,10498,11068,11034,11440,13374,8998;0
===10417,10240;10538,11056;11874,10266,14302,12948,11170,11396,10916;0
===10189,11982;10445,20000;13724,12058,11834,10630,10468,15656,12188;1
+++10570,9336;11230,20000
===10980,9399;11007,20000;10358,12140,10298,11796,10026,12362,8880;0
===10925,9336;10952,20000;10248,12014,10442,11610,13570,11136,9592;0
===10727,10475;11198,10717;14158,10606,13748,13014,11686,13286,12582;0
===10614,11982;11052,20000;13724,12058,11834,10630,10468,15656,12188;0
===10570,15183;10937,20000;13636,15376,12318,14334,13892,12564,13020;0
===11022,9727;11230,13994;13624,12998,14806,6306,15106,12462,9236;1
+++9773,9315;10332,20000
===9842,9870;10332,10933;11184,10020,10510,13430,7386,14356,8866;0
===9917,9315;10238,9524;13180,9508,11924,11104,14756,10978,10654;0
===9773,11592;10180,20000;10184,13644,12168,12924,10598,11202,11290;0
===9805,11930;10240,20000;10248,12014,10442,11610,13570,11136,9592;0
===9914,12124;10152,12876;12324,12342,12266,13550,13224,11578,12232;0
===9927,9831;9933,9891;12558,9876,12802,9444,14808,9442,14490;1
++8958,8882;14161,20000
+++12821,9222;14161,20000
===13759,15503;14161,20000;14686,15630,14986,16236,15578,16848,16014;0
===12908,9644;13213,10717;14158,10606,13748,13014,11686,13286,12582;0
===13078,9222;13411,20000;14554,9762,8986,10266,11360,13286,8316;0
===13756,10245;13784,20000;15910,11042,13282,9562,15238,9644,10620;0
===13505,15503;13759,20000;14686,15630,14986,16236,15578,16848,16014;0
===12821,12655;13223,20000;15410,12980,15314,14876,11410,15586,14438;0
===12880,9644;12908,10717;14158,10606,13748,13014,11686,13286,12582;1
+++12556,10245;13752,20000
===12556,10245;13752,11530;15910,11042,13282,9562,15238,9644,10620;0
===12797,12655;12821,20000;15410,12980,15314,14876,11410,15586,14438;0
===12573,15503;13220,20000;14686,15630,14986,16236,15578,16848,16014;0
===12691,10370;12996,20000;13724,12058,11834,10630,10468,15656,12188;0
===12695,13859;12873,20000;13636,15376,12318,14334,13892,12564,13020;0
===12883,10940;12907,11449;15582,11052,13420,14822,11400,14352,13820;0
===13220,15503;13505,20000;14686,15630,14986,16236,15578,16848,16014;0
===12907,10940;12970,11596;15582,11052,13420,14822,11400,14352,13820;0
===12873,13859;12980,20000;13636,15376,12318,14334,13892,12564,13020;0
===12970,10940;13309,11691;15582,11052,13420,14822,11400,14352,13820;0
===13165,11258;13228,11914;16098,11688,13728,13572,13054,15058,9646;1
+++9281,9168;9773,20000
===9693,11929;9773,20000;10184,13644,12168,12924,10598,11202,11290;0
===9349,13881;9420,20000;10460,15856,8594,10156,14826,11112,12500;0
===9480,12326;9648,20000;10460,15856,8594,10156,14826,11112,12500;0
===9669,13732;9691,20000;9902,16200,13306,13924,14146,15014,14006;0
===9281,9168;9637,20000;10176,9540,9050,10614,10556,10254,6350;0
===9374,11930;9542,13372;10248,12014,10442,11610,13570,11136,9592;0
===9606,9831;9639,9891;12558,9876,12802,9444,14808,9442,14490;0
===9597,11993;9765,20000;10358,12140,10298,11796,10026,12362,8880;0
===9508,12235;9708,13530;11036,12330,12000,12708,10772,12996,12206;0
===9708,12235;9728,13530;11036,12330,12000,12708,10772,12996,12206;1
+++10952,9474;13165,20000
===12406,9644;12880,10717;14158,10606,13748,13014,11686,13286,12582;0
===12392,10940;12883,11449;15582,11052,13420,14822,11400,14352,13820;0
===12071,9474;12887,20000;11874,10266,14302,12948,11170,11396,10916;0
===12066,9567;12751,20000;13900,10828,10504,11764,10502,11048,9380;0
===10952,10160;12763,20000;10248,12014,10442,11610,13570,11136,9592;0
===12306,12655;12797,13312;15410,12980,15314,14876,11410,15586,14438;0
===12168,11258;13165,11767;16098,11688,13728,13572,13054,15058,9646;0
===12751,9567;12778,20000;13900,10828,10504,11764,10502,11048,9380;1
+++8958,8882;11738,20000
===11264,9286;11738,20000;11874,10266,14302,12948,11170,11396,10916;0
===8958,8882;10210,20000;8818,8968,8506,12794,11052,10174,7414;0
===11006,15595;11367,20000;9902,16200,13306,13924,14146,15014,14006;0
===10697,9336;10828,9891;12558,9876,12802,9444,14808,9442,14490;0
===10489,9336;10697,9891;12558,9876,12802,9444,14808,9442,14490;0
===10445,11982;10614,20000;13724,12058,11834,10630,10468,15656,12188;0
===9639,9831;9927,9891;12558,9876,12802,9444,14808,9442,14490;0
===9264,10240;10056,10271;11874,10266,14302,12948,11170,11396,10916;0
===9743,10421;10064,11172;12832,10498,11068,11034,11440,13374,8998;0
===9011,10421;9743,11172;12832,10498,11068,11034,11440,13374,8998;1
+++9243,10586;10277,20000
===9545,10586;10277,11337;13900,10828,10504,11764,10502,11048,9380;0
===9765,11993;9860,20000;10358,12140,10298,11796,10026,12362,8880;0
===9243,11930;9334,13372;10248,12014,10442,11610,13570,11136,9592;0
===9768,12235;9998,13530;11036,12330,12000,12708,10772,12996,12206;0
===9342,11960;9572,14187;10184,13644,12168,12924,10598,11202,11290;0
===9572,11929;9658,14187;10184,13644,12168,12924,10598,11202,11290;0
===9690,11930;9805,20000;10248,12014,10442,11610,13570,11136,9592;1
+0,0;20000,20000
++0,6212;11668,20000
+++0,9870;11374,11172
===10666,10356;10834,11172;12832,10498,11068,11034,11440,13374,8998;0
===0,9870;8832,10021;11184,10020,10510,13430,7386,14356,8866;0
===0,10971;11374,11083;15582,11052,13420,14822,11400,14352,13820;0
===0,10475;10406,10717;14158,10606,13748,13014,11686,13286,12582;0
===0,10421;9011,10691;12832,10498,11068,11034,11440,13374,8998;0
===0,10586;9545,10856;13900,10828,10504,11764,10502,11048,9380;1
+++0,12807;10401,20000
===10039,12870;10043,20000;9902,16200,13306,13924,14146,15014,14006;0
===0,12807;7161,20000;9132,14730,8822,11366,8638,8224,9592;0
===0,15183;10401,20000;13636,15376,12318,14334,13892,12564,13020;0
===0,13440;9771,20000;12376,14974,12648,10546,13080,11086,12726;0
===0,13154;7546,20000;7926,14682,7340,14184,10756,12040,11884;0
===0,12974;5311,20000;5946,18374,9370,6468,12616,10568,13166;0
===0,13881;8813,20000;10460,15856,8594,10156,14826,11112,12500;1
+++0,6212;7820,9045
===0,6212;7820,6757;9064,6456,11570,6184,9292,10098,8044;0
===5709,6295;6926,8716;8500,7410,7254,9784,7230,9894,6658;0
===0,6869;7287,8612;11656,8306,9790,10598,6922,9998,7358;0
===0,6421;5709,8716;8500,7410,7254,9784,7230,9894,6658;0
===0,7747;7611,8356;8502,8210,6766,11434,9786,9930,9258;0
===0,8943;7513,9045;8818,8968,8506,12794,11052,10174,7414;1
+++0,10240;11668,17287
===0,15465;7924,17287;9902,16200,13306,13924,14146,15014,14006;0
===0,10240;8327,10271;11874,10266,14302,12948,11170,11396,10916;0
===0,12635;8419,14187;10184,13644,12168,12924,10598,11202,11290;0
===0,11671;10460,13994;13624,12998,14806,6306,15106,12462,9236;0
===0,12235;8845,12870;11036,12330,12000,12708,10772,12996,12206;0
===0,12655;11668,13195;15410,12980,15314,14876,11410,15586,14438;0
===0,15503;11431,15743;14686,15630,14986,16236,15578,16848,16014;0
===0,12124;9745,12876;12324,12342,12266,13550,13224,11578,12232;0
===0,10963;10550,11530;15910,11042,13282,9562,15238,9644,10620;1
+++0,8298;9669,20000
===0,11930;9243,13372;10248,12014,10442,11610,13570,11136,9592;0
===9632,13732;9669,20000;9902,16200,13306,13924,14146,15014,14006;0
===0,11395;6785,20000;8380,11906,8436,9192,9600,8774,11748;0
===0,11483;6478,20000;8176,12082,11476,11624,9616,8932,13398;0
===0,11802;6380,20000;7980,13410,7440,12176,7328,8558,11766;0
===0,11993;8506,20000;10358,12140,10298,11796,10026,12362,8880;0
===5626,8298;6588,20000;5296,11416,7426,13628,5866,10300,14158;1
+++0,7227;7646,10130
===5938,7227;6240,9648;6524,9274,9812,8822,6770,10124,8032;0
===0,7440;6431,8284;6654,7822,8458,9428,8274,7208,8828;0
===0,9232;5337,10130;5894,10066,8518,10610,8588,7212,13966;0
===0,9209;5461,9933;6246,9672,9222,10134,12034,7494,14746;0
===0,7353;4721,9648;6524,9274,9812,8822,6770,10124,8032;0
===0,8976;7646,9528;10512,9034,8368,16308,7054,10258,13204;0
===4721,7227;5938,9648;6524,9274,9812,8822,6770,10124,8032;1
++6450,0;20000,20000
+++6786,5927;11191,20000
===6786,5927;8003,8230;10654,6674,13178,7574,7748,10316,7686;0
===8506,11994;8654,20000;8176,12082,11476,11624,9616,8932,13398;0
===11070,9179;11191,9524;13180,9508,11924,11104,14756,10978,10654;0
===8675,11994;9302,14187;10184,13644,12168,12924,10598,11202,11290;0
===9382,7648;9415,8257;12110,8012,11552,11310,12356,7620,9622;0
===9270,12235;9508,12870;11036,12330,12000,12708,10772,12996,12206;0
===7926,12258;8392,20000;9132,14730,8822,11366,8638,8224,9592;1
+++8197,0;14356,20000
===8197,8189;8235,9045;8818,8968,8506,12794,11052,10174,7414;0
===14029,0;14356,20000;14158,10606,13748,13014,11686,13286,12582;0
===10473,0;10604,8404;12110,8012,11552,11310,12356,7620,9622;0
===11346,7317;12072,7986;13490,7960,15044,11958,13850,10478,15228;0
===11766,0;11916,20000;11874,10266,14302,12948,11170,11396,10916;0
===12108,0;13918,20000;12558,9876,12802,9444,14808,9442,14490;1
+++6450,0;20000,20000
===6687,0;7425,8162;6654,7822,8458,9428,8274,7208,8828;0
===8779,0;20000,20000;9362,10214,6562,10788,8550,10242,7044;0
===6450,0;20000,20000;6944,5736,9388,9874,7174,7232,10354;0
===10247,0;10378,7677;11658,6558,11478,8452,9078,8416,7672;0
===10720,0;20000,7232;9172,5782,9422,8878,8942,11824,5252;0
===7718,0;20000,20000;9480,9720,7222,9900,5916,13508,8678;0
===6588,8407;20000,20000;5296,11416,7426,13628,5866,10300,14158;1
+++6773,0;20000,20000
===7194,11726;20000,11866;6008,11826,14212,10274,11508,8832,16062;0
===7076,0;20000,20000;8196,8222,5976,8978,7788,5898,9802;0
===6773,9926;20000,20000;5894,10066,8518,10610,8588,7212,13966;0
===7672,9234;20000,9729;6246,9672,9222,10134,12034,7494,14746;0
===8353,10450;20000,20000;7504,11114,11732,10628,9422,9274,12014;0
===7183,14359;20000,20000;5946,18374,9370,6468,12616,10568,13166;0
===6804,0;20000,20000;7652,9786,5886,7324,7598,5944,6554;1
+++6936,0;20000,20000
===11509,0;20000,20000;14822,9908,5558,15146,9782,10146,7726;0
===8291,0;20000,20000;8386,9122,7028,8168,9472,8070,5936;0
===8087,0;20000,20000;9694,11264,8850,8458,7536,14648,10810;0
===7837,0;20000,20000;9098,8796,7930,6976,8092,7474,5786;0
===7477,0;20000,20000;9602,4398,7692,10372,9970,5128,12576;0
===6936,0;20000,20000;7296,8180,8884,5020,11178,8182,8232;1
+++9085,0;20000,20000
===9595,0;20000,20000;10230,7408,8764,13504,5608,14596,10168;0
===9441,0;20000,20000;10232,11846,8208,10892,7348,10786,8728;0
===9165,0;20000,20000;11754,14990,8866,4696,13814,12320,6754;0
===9153,0;20000,20000;10654,6674,13178,7574,7748,10316,7686;0
===9115,0;20000,20000;9132,14730,8822,11366,8638,8224,9592;0
===9085,0;20000,20000;11594,12018,5364,8540,14156,9424,9326;1
+++8576,0;20000,20000
===8689,11994;20000,13406;8176,12082,11476,11624,9616,8932,13398;0
===9076,0;20000,20000;11576,9906,10988,5572,12744,7518,10724;0
===8644,12448;20000,20000;7926,14682,7340,14184,10756,12040,11884;0
===8576,7563;20000,20000;8502,8210,6766,11434,9786,9930,9258;0
===8739,10514;20000,20000;8380,11906,8436,9192,9600,8774,11748;0
===8950,0;20000,20000;9064,6456,11570,6184,9292,10098,8044;0
===8699,0;20000,20000;9202,8850,11298,9476,8396,5946,10566;1
+++7050,0;20000,20000
===8532,10771;20000,20000;8104,11266,8782,14508,10790,10304,11268;0
===7094,0;20000,20000;8836,5968,7676,5858,7912,6058,7292;0
===7050,9096;20000,20000;6524,9274,9812,8822,6770,10124,8032;0
===7930,0;20000,20000;7980,13410,7440,12176,7328,8558,11766;0
===7303,0;20000,20000;8650,6916,6608,10168,7344,9312,8260;0
===7864,0;20000,20000;8420,10344,8988,5772,10410,8816,8662;0
===7745,7451;20000,8162;6654,7822,8458,9428,8274,7208,8828;0
===7409,10706;20000,20000;7166,11626,7264,9638,9622,7046,10840;0
===8420,0;20000,20000;8960,10276,7942,10616,4728,10136,10010;1
++0,0;20000,20000
+++4931,5458;6774,20000
===4931,5458;5862,7965;6944,5736,9388,9874,7174,7232,10354;0
===5544,8626;5593,20000;5894,10066,8518,10610,8588,7212,13966;0
===5650,8503;5680,20000;6008,11826,14212,10274,11508,8832,16062;0
===5720,9209;5769,20000;6246,9672,9222,10134,12034,7494,14746;0
===5599,10112;5601,20000;6008,11826,14212,10274,11508,8832,16062;0
===5557,6701;6774,20000;8196,8222,5976,8978,7788,5898,9802;0
===5324,7715;5626,20000;5296,11416,7426,13628,5866,10300,14158;0
===5461,9209;5513,9933;6246,9672,9222,10134,12034,7494,14746;0
===5593,7040;5623,20000;5894,10066,8518,10610,8588,7212,13966;0
===5394,11355;5599,20000;6008,11826,14212,10274,11508,8832,16062;0
===5614,6891;5876,20000;5272,8602,8378,7492,7052,9614,12426;1
+++5769,5458;8170,20000
===7692,10450;8170,20000;7504,11114,11732,10628,9422,9274,12014;0
===5784,6048;7001,20000;8650,6916,6608,10168,7344,9312,8260;0
===6148,5458;6450,20000;6944,5736,9388,9874,7174,7232,10354;0
===5769,9209;6227,20000;6246,9672,9222,10134,12034,7494,14746;0
===6108,10286;6244,20000;6008,11826,14212,10274,11508,8832,16062;0
===6307,9406;6773,20000;5894,10066,8518,10610,8588,7212,13966;1
+++6244,7747;8214,20000
===8213,11902;8214,20000;7926,14682,7340,14184,10756,12040,11884;0
===6244,10924;6292,20000;6008,11826,14212,10274,11508,8832,16062;0
===7611,7747;7905,8998;8502,8210,6766,11434,9786,9930,9258;0
===7442,10643;8087,20000;9694,11264,8850,8458,7536,14648,10810;0
===7412,10526;7635,11446;8104,11266,8782,14508,10790,10304,11268;0
===6478,11483;6683,20000;8176,12082,11476,11624,9616,8932,13398;1
+++8984,7546;10843,20000
===9658,11929;9693,20000;10184,13644,12168,12924,10598,11202,11290;0
===8984,11763;9115,20000;9132,14730,8822,11366,8638,8224,9592;0
===9542,11930;9690,13372;10248,12014,10442,11610,13570,11136,9592;0
===10152,12124;10281,12993;12324,12342,12266,13550,13224,11578,12232;0
===10763,12094;10843,12993;12324,12342,12266,13550,13224,11578,12232;0
===9709,7546;9881,8404;12110,8012,11552,11310,12356,7620,9622;0
===9101,12235;9270,12870;11036,12330,12000,12708,10772,12996,12206;0
===9039,15465;9070,20000;9902,16200,13306,13924,14146,15014,14006;0
===9302,11960;9342,14187;10184,13644,12168,12924,10598,11202,11290;1
+++0,0;8655,20000
===0,7017;4095,20000;5272,8602,8378,7492,7052,9614,12426;0
===0,0;5324,20000;5296,11416,7426,13628,5866,10300,14158;0
===0,6967;4819,20000;6720,8502,6466,8988,7438,6026,8736;0
===0,6174;5784,20000;8650,6916,6608,10168,7344,9312,8260;0
===0,10999;6142,20000;7504,11114,11732,10628,9422,9274,12014;0
===0,7049;6464,20000;7576,8918,8348,8788,5734,9240,7068;0
===0,0;5575,20000;5194,8398,8384,8804,4722,7206,13268;0
===0,0;8655,3876;11958,3738,10688,8814,6114,10400,7190;0
===5213,5067;6430,20000;7508,6120,7896,6368,8338,5872,7820;0
===5877,4991;7094,20000;8836,5968,7676,5858,7912,6058,7292;0
===0,6045;7260,6858;11602,6658,5506,9366,9956,9432,7170;1
+++0,0;20000,20000
===14356,10184;20000,20000;14158,10606,13748,13014,11686,13286,12582;0
===0,0;20000,20000;5956,5180,5254,7146,4450,5240,6284;0
===9312,0;20000,20000;11328,12522,13004,5224,12432,8864,13510;0
===6918,0;20000,20000;7880,5398,6538,10194,4666,5370,8790;0
===6766,0;20000,20000;7576,8918,8348,8788,5734,9240,7068;0
===7490,0;20000,20000;8500,7410,7254,9784,7230,9894,6658;1
++0,0;20000,20000
+++0,6358;7837,20000
===0,6379;6991,6848;9306,6638,10624,9224,11418,11764,9808;0
===0,7927;7837,20000;9098,8796,7930,6976,8092,7474,5786;0
===0,6358;5113,20000;7308,7284,5396,5580,9662,6282,8038;0
===0,6827;5557,20000;8196,8222,5976,8978,7788,5898,9802;0
===0,7450;7416,20000;9480,9720,7222,9900,5916,13508,8678;0
===0,7619;6936,20000;7296,8180,8884,5020,11178,8182,8232;0
===5271,7449;5573,20000;5190,10884,8254,8326,5962,8068,8746;1
+++0,6352;9382,20000
===0,6352;3802,20000;4686,7272,4662,9150,7244,5872,8968;0
===0,7483;6502,20000;7652,9786,5886,7324,7598,5944,6554;0
===0,8101;7481,20000;8386,9122,7028,8168,9472,8070,5936;0
===0,10351;9312,20000;11328,12522,13004,5224,12432,8864,13510;0
===0,10000;7969,20000;9362,10214,6562,10788,8550,10242,7044;0
===0,8814;7864,20000;8420,10344,8988,5772,10410,8816,8662;0
===0,7917;9382,8257;12110,8012,11552,11310,12356,7620,9622;0
===0,8536;8427,9318;9202,8850,11298,9476,8396,5946,10566;0
===0,6403;9055,8842;10230,7408,8764,13504,5608,14596,10168;0
===0,7837;8420,20000;8960,10276,7942,10616,4728,10136,10010;0
===0,8482;9076,20000;11576,9906,10988,5572,12744,7518,10724;1
+++0,0;20000,20000
===5575,6789;20000,20000;5194,8398,8384,8804,4722,7206,13268;0
===5014,5794;20000,20000;4676,7574,7478,5912,8906,5936,9086;0
===0,0;20000,20000;5352,4014,5814,5080,4880,4172,5068;0
===0,0;20000,20000;2918,5432,4088,4804,6596,4258,6596;0
===0,0;20000,20000;6208,8746,4290,7984,7620,6102,6528;0
===0,0;20000,20000;6480,10022,6688,7392,6390,8302,4598;1
+++0,0;20000,20000
===6227,0;6411,20000;6246,9672,9222,10134,12034,7494,14746;0
===3797,0;5014,20000;4676,7574,7478,5912,8906,5936,9086;0
===3802,0;20000,20000;4686,7272,4662,9150,7244,5872,8968;0
===5113,0;20000,20000;7308,7284,5396,5580,9662,6282,8038;0
===0,0;20000,20000;8196,7080,5418,6172,8172,6176,2360;0
===0,0;20000,20000;6576,7058,4334,3450,8022,6464,3462;1
+++0,0;20000,20000
===5649,0;6261,20000;5946,18374,9370,6468,12616,10568,13166;0
===6260,4206;7477,20000;9602,4398,7692,10372,9970,5128,12576;0
===5312,6308;5614,20000;5272,8602,8378,7492,7052,9614,12426;0
===6240,0;6502,9648;6524,9274,9812,8822,6770,10124,8032;0
===0,7891;10072,7986;13490,7960,15044,11958,13850,10478,15228;0
===0,0;20000,20000;4780,10194,3652,9652,6078,5330,10258;1
+++0,0;20000,20000
===5982,0;6108,20000;6008,11826,14212,10274,11508,8832,16062;0
===5623,0;5925,20000;5894,10066,8518,10610,8588,7212,13966;0
===6338,0;20000,20000;6720,8502,6466,8988,7438,6026,8736;0
===6430,0;20000,20000;7508,6120,7896,6368,8338,5872,7820;0
===0,0;20000,20000;9436,5148,11202,9746,4804,13254,5144;0
===0,0;20000,20000;5292,7186,4042,9472,7678,5258,11350;1
+++0,0;7262,20000
===0,4898;7262,6420;9172,5782,9422,8878,8942,11824,5252;0
===0,0;5271,20000;5190,10884,8254,8326,5962,8068,8746;0
===0,5776;5213,20000;7508,6120,7896,6368,8338,5872,7820;0
===4095,0;5312,20000;5272,8602,8378,7492,7052,9614,12426;0
===0,4206;6260,4915;9602,4398,7692,10372,9970,5128,12576;0
===5862,5458;6148,20000;6944,5736,9388,9874,7174,7232,10354;0
===0,5289;6918,20000;7880,5398,6538,10194,4666,5370,8790;1
++0,5584;20000,20000
+++5311,9209;6347,20000
===6235,9406;6274,20000;5894,10066,8518,10610,8588,7212,13966;0
===5311,11194;5649,20000;5946,18374,9370,6468,12616,10568,13166;0
===5513,9209;5720,20000;6246,9672,9222,10134,12034,7494,14746;0
===6142,10999;6347,20000;7504,11114,11732,10628,9422,9274,12014;0
===5601,9506;5650,20000;6008,11826,14212,10274,11508,8832,16062;0
===5342,11355;5394,20000;6008,11826,14212,10274,11508,8832,16062;0
===5337,9232;5544,20000;5894,10066,8518,10610,8588,7212,13966;1
+++0,9285;11287,11056
===0,9391;8980,9524;13180,9508,11924,11104,14756,10978,10654;0
===0,9285;11287,9617;15278,9448,10232,9406,11270,8472,8572;0
===0,9331;8328,9781;10176,9540,9050,10614,10556,10254,6350;0
===0,9442;10925,9774;14554,9762,8986,10266,11360,13286,8316;0
===10538,10240;10618,11056;11874,10266,14302,12948,11170,11396,10916;0
===0,9831;9519,9891;12558,9876,12802,9444,14808,9442,14490;1
+++0,6503;9422,20000
===5925,7623;6051,20000;5894,10066,8518,10610,8588,7212,13966;0
===4819,6841;6036,20000;6720,8502,6466,8988,7438,6026,8736;0
===5680,8503;5982,20000;6008,11826,14212,10274,11508,8832,16062;0
===0,6503;3797,20000;4676,7574,7478,5912,8906,5936,9086;0
===0,7881;9422,20000;12268,8682,7406,7458,8440,11284,4072;0
===0,10382;8901,20000;11594,12018,5364,8540,14156,9424,9326;1
+++0,6263;12168,20000
===0,11289;12168,11767;16098,11688,13728,13572,13054,15058,9646;0
===0,9327;10515,20000;14822,9908,5558,15146,9782,10146,7726;0
===0,6263;9117,6808;11658,6558,11478,8452,9078,8416,7672;0
===0,11982;10189,20000;13724,12058,11834,10630,10468,15656,12188;0
===0,11024;9165,20000;11754,14990,8866,4696,13814,12320,6754;0
===0,11074;7442,20000;9694,11264,8850,8458,7536,14648,10810;1
+++0,5584;20000,20000
===6036,6841;6338,20000;6720,8502,6466,8988,7438,6026,8736;0
===0,10934;8356,20000;10232,11846,8208,10892,7348,10786,8728;0
===5573,8032;20000,20000;5190,10884,8254,8326,5962,8068,8746;0
===0,5584;4931,7965;6944,5736,9388,9874,7174,7232,10354;0
===0,5700;5877,20000;8836,5968,7676,5858,7912,6058,7292;0
===0,6053;6786,8230;10654,6674,13178,7574,7748,10316,7686;0
===5876,6891;20000,9312;5272,8602,8378,7492,7052,9614,12426;1
+++0,9406;7359,20000
===0,11075;6442,11446;8104,11266,8782,14508,10790,10304,11268;0
===6051,9406;6235,20000;5894,10066,8518,10610,8588,7212,13966;0
===0,10456;7359,20000;8238,10890,7268,9868,10976,9762,9576;0
===0,11668;7291,20000;9392,12452,13758,9112,12656,13420,11190;0
===0,10186;6687,20000;7166,11626,7264,9638,9622,7046,10840;0
===0,11355;5342,20000;6008,11826,14212,10274,11508,8832,16062;1
++6261,0;11509,20000
+++6364,0;7050,20000
===6431,7440;6615,20000;6654,7822,8458,9428,8274,7208,8828;0
===6464,7049;6766,20000;7576,8918,8348,8788,5734,9240,7068;0
===6502,7483;6804,20000;7652,9786,5886,7324,7598,5944,6554;0
===6450,8747;6483,20000;6246,9672,9222,10134,12034,7494,14746;0
===6483,9087;6706,20000;6246,9672,9222,10134,12034,7494,14746;0
===6364,10924;6587,20000;6008,11826,14212,10274,11508,8832,16062;0
===6442,11075;6647,11446;8104,11266,8782,14508,10790,10304,11268;0
===6615,0;6687,20000;6654,7822,8458,9428,8274,7208,8828;0
===6411,8365;6450,20000;6246,9672,9222,10134,12034,7494,14746;0
===6502,0;7050,20000;6524,9274,9812,8822,6770,10124,8032;0
===6587,11726;6652,20000;6008,11826,14212,10274,11508,8832,16062;1
+++9202,0;11420,20000
===10332,0;10708,10933;11184,10020,10510,13430,7386,14356,8866;0
===9202,0;10787,20000;9306,6638,10624,9224,11418,11764,9808;0
===10378,12659;10398,20000;12376,14974,12648,10546,13080,11086,12726;0
===10072,7685;10393,7986;13490,7960,15044,11958,13850,10478,15228;0
===10307,13440;10378,20000;12376,14974,12648,10546,13080,11086,12726;0
===10352,12094;10372,12993;12324,12342,12266,13550,13224,11578,12232;0
===10708,0;11420,20000;11184,10020,10510,13430,7386,14356,8866;0
===11225,7317;11346,7986;13490,7960,15044,11958,13850,10478,15228;0
===11070,7317;11225,7986;13490,7960,15044,11958,13850,10478,15228;0
===10697,0;11319,20000;11036,12330,12000,12708,10772,12996,12206;0
===9779,0;11027,20000;10460,15856,8594,10156,14826,11112,12500;1
+++7260,5919;11509,20000
===10699,8494;11509,20000;14822,9908,5558,15146,9782,10146,7726;0
===10828,15595;11006,20000;9902,16200,13306,13924,14146,15014,14006;0
===10550,10693;11282,11530;15910,11042,13282,9562,15238,9644,10620;0
===11002,10356;11097,11172;12832,10498,11068,11034,11440,13374,8998;0
===7260,5919;8779,6858;11602,6658,5506,9366,9956,9432,7170;0
===8383,10514;8608,20000;8380,11906,8436,9192,9600,8774,11748;0
===10995,7438;11070,7986;13490,7960,15044,11958,13850,10478,15228;0
===10833,7685;10864,7986;13490,7960,15044,11958,13850,10478,15228;1
+++6261,6701;8278,20000
===8186,10152;8278,20000;8176,12082,11476,11624,9616,8932,13398;0
===6292,10924;6331,20000;6008,11826,14212,10274,11508,8832,16062;0
===6647,10644;7292,11446;8104,11266,8782,14508,10790,10304,11268;0
===6774,6701;7076,20000;8196,8222,5976,8978,7788,5898,9802;0
===6347,10568;6992,20000;7504,11114,11732,10628,9422,9274,12014;0
===6261,12716;6621,20000;5946,18374,9370,6468,12616,10568,13166;0
===6380,11716;7230,20000;7980,13410,7440,12176,7328,8558,11766;0
===6652,11726;7194,20000;6008,11826,14212,10274,11508,8832,16062;0
===6621,13277;7183,20000;5946,18374,9370,6468,12616,10568,13166;0
===6331,10924;6364,20000;6008,11826,14212,10274,11508,8832,16062;0
===6274,9406;6307,20000;5894,10066,8518,10610,8588,7212,13966;1
+++6683,8425;7430,20000
===6687,10064;6943,20000;7166,11626,7264,9638,9622,7046,10840;0
===6683,11052;7328,20000;8176,12082,11476,11624,9616,8932,13398;0
===6785,10964;7430,20000;8380,11906,8436,9192,9600,8774,11748;0
===6992,9808;7079,20000;7504,11114,11732,10628,9422,9274,12014;0
===7079,9808;7112,20000;7504,11114,11732,10628,9422,9274,12014;0
===7112,8425;7224,20000;7504,11114,11732,10628,9422,9274,12014;0
===6706,9087;6949,10649;6246,9672,9222,10134,12034,7494,14746;1
+++6926,0;9616,20000
===6943,0;7409,20000;7166,11626,7264,9638,9622,7046,10840;0
===9068,0;9616,8612;11656,8306,9790,10598,6922,9998,7358;0
===7773,10338;7945,20000;8238,10890,7268,9868,10976,9762,9576;0
===8288,0;8383,20000;8380,11906,8436,9192,9600,8774,11748;0
===8349,0;8576,20000;8502,8210,6766,11434,9786,9930,9258;0
===7228,0;7490,8716;8500,7410,7254,9784,7230,9894,6658;0
===8217,0;8312,20000;8238,10890,7268,9868,10976,9762,9576;0
===7992,0;8150,20000;8104,11266,8782,14508,10790,10304,11268;0
===8028,0;8186,20000;8176,12082,11476,11624,9616,8932,13398;0
===7001,6048;7303,20000;8650,6916,6608,10168,7344,9312,8260;0
===6926,6295;7228,8716;8500,7410,7254,9784,7230,9894,6658;1
