7;3;11
+1477611935,1240975702;2624532472,2150410572
++3052880363,2847239319;1946913859,1498268094
+++2606129220,2811163146;1857881003,2098052780
===1409126240,1591866780;2015429198,2263893222;821958298,1836337841,2020090392,2236324285,4168381210,1602162330,758900801;0
===3316498332,1593902058;1835278863,2649210592;229277928,2052024181,2728532106,586831110,3239633705,1419273588,2183856220;0
===2387115782,1742042911;1446056023,2037965368;1765783779,2612285937,2598469918,2486791560,2194645250,1524800865,2381182608;0
===2543359597,1706224199;3048710154,1643219353;2541107335,2478090621,1046486393,3854636344,2958353860,734240127,3162594784;0
===2666664657,592161601;285564789,1025385539;1998000214,1015199142,1432115555,1435609562,2241738329,2776440363,3037706418;0
===2157846133,2401807139;1877025743,3140045760;1848020170,2448708032,2321994744,1120922958,1979176207,2177465327,919692793;0
===2655691084,481701142;2498138512,3885857723;1151526403,1528291183,2885372950,1939151411,982775646,497398356,1256482374;0
===358171763,2446786736;3052475051,2823218687;1773840812,1382969969,1057596081,351336947,1574754441,1966753078,1033188137;0
===3411562670,2608620523;1971770759,1069394375;2338804120,1607234713,3813800796,1228412656,3238337139,3365531933,1394061688;0
===2017194313,2825447758;1240717833,2040690888;1334517012,2935217651,1658689883,1391831413,3474028064,1939353451,3470116731;1
+++2709874156,1974557508;1350079510,2718921229
===684458816,3603189410;1992233068,2400899860;1558174484,1796231181,1460979673,1286720689,2601257684,1057566999,2137440846;0
===3758609328,1144777193;3404261939,1002872267;2149993459,2770254325,1971584877,3652910006,2279048196,2764946210,2708889988;0
===1598727145,2796408664;3153465924,3206240390;2394394681,2206736391,1747081097,1127376155,978037820,1135619507,3933657420;0
===799431906,1826251207;2878834064,3108391755;1735753227,2831153871,4113579221,1629673164,2343710458,2192339154,984064213;0
===3125233451,3016826932;2972796717,1337319239;3288847023,2230367338,2381454786,3308215833,2318221886,3264561525,3589054593;0
===2556223771,2074679718;2562772086,1797059802;4151020436,1057157293,2129651339,2174064403,2449188118,2582157871,2622840927;0
===2114745683,1757912639;1251232633,2695366815;1686786565,2888209691,1155983005,2562854859,2755722666,1490328559,2367327622;0
===2144154051,1040750320;3916297324,986185472;130136695,3539111181,1632010566,2707127248,1797748815,2148567064,804206610;0
===2989903407,3073242254;948611001,3857898158;1617798070,1097868578,3182140916,792773031,2842632327,2135608171,1898658839;1
+++684198849,2795338932;2621754296,1991381863
===2107859214,2065356170;2198667040,1848980294;599217073,3834526320,4047404545,1127947781,1266185405,3464879827,2826731168;0
===2259500530,553503224;963682804,2751967577;747468851,2606897865,2786708164,1109601259,1616483009,1976781263,632373096;0
===1608745350,3455202395;2553166785,1050886373;3514349486,1244346566,2021645596,1863935748,2333132712,2165776858,818259234;0
===1540321960,1004200112;1784621037,1277294984;2218234497,1617191811,2426154348,2093970893,1533826147,2211743348,3000816932;0
===3468541883,2445517787;1414111563,2058272081;2078267750,2237959186,1253091032,1828738829,3290600754,2517081531,2004634500;0
===2151306345,2676974095;3750374996,1370295545;900516619,2206645449,881913125,1947527733,2948024468,1130717376,1705960549;1
+++1629360486,388960169;2044380126,2263134609
===724658976,3381499091;2698721481,3186255519;660736378,1230431410,3009168959,666183455,870364346,2855308034,434103373;0
===2494759196,2263938787;2908995017,2168488417;783215531,2488528778,3031859886,3746624849,1685686899,1537351406,1486859736;0
===3415342356,336894153;970143838,2658078543;522407821,3237373232,951548729,1563353098,3454634764,2282765259,2526411335;0
===2291399792,1225607777;1998106522,3161825163;604102696,931743698,2687662267,1998968025,326270687,1528641490,684097299;0
===837713500,1845219837;1859667865,1391829380;1314652083,2792438899,434175781,2466465717,3214408106,3668054576,3041644213;0
===844945936,2278144965;1536391321,749279424;3709863453,1932481704,925361389,1971401767,2691130733,2779408301,451053661;0
===1878322136,2936250406;2644077789,2748206151;2919464417,1711604413,3994661425,2812013317,2275749666,3807638089,3956028705;0
===668202522,1237557674;2609105262,2112085942;1187318880,790053572,1222790474,2288881728,397467946,4029291677,2306312139;1
+++1592951040,3213136185;406562855,2339784280
===2891388061,1526081533;3837176906,1025796687;2078435856,1262016623,1835575187,1418461171,2924802773,1971770261,2075594087;0
===2080235526,381384500;603960394,3492452449;2428754584,1620704520,1967414656,1786390213,2208763825,795165552,1865463681;0
===1056522615,3019474564;2057738587,1946190319;3998031428,1389938882,2378053475,2155256632,2847351079,2222832680,1181019265;0
===3378026696,2034445816;1287244913,1979403975;1775335104,567282812,2661427015,1529536075,2746275960,2219851337,1536312053;0
===2192025344,3590519220;3129041440,2359780691;2634355164,510256273,2249836605,884654127,2278553020,2968179671,1759492466;0
===2724053338,1480077178;1749962962,1084990678;1289054081,3029831903,2582345194,704785702,3503530147,1326254923,2464511596;1
+++3174000957,2805263310;1363169990,2852241384
===1207818196,2348710495;1280547677,1690094341;3620609002,2005213789,2429730540,1698625061,3833221377,625084666,3860076352;0
===1630929693,2320623745;2563345289,2969145701;1980840361,2597252915,930462425,2856209431,1568825299,2181274579,2682991248;0
===2587057030,468205894;3127627715,3532167682;1800765078,1884094719,2364974182,2427518298,772898283,1224458621,2456384762;0
===1355123396,2093768196;3282354440,1981489373;2328284223,603775191,2451992186,2296889371,2566242603,1104961493,3056767715;0
===2763983471,2370242628;3662403653,3644508421;1879449123,3501786738,2300433798,2731010544,2947671246,1893450344,3529971480;0
===1629853937,1837962515;2811450690,1980396299;1817951772,1076456780,2347186054,2573141718,2611641826,3519216807,1232531387;0
===2371278162,418159068;2888435001,2687779590;2975878918,1854150756,695253991,2310361988,1524133675,1643311590,3165011774;0
===1055257671,3275192553;1287810384,3203124332;402644976,2876162555,3741485803,1651291720,1988692981,74071573,2345220687;1
+++1274129609,3863980078;2907721536,3823850283
===4032159250,2420542326;4085908141,4044659361;3450724443,1863346743,1084621013,1387554740,1736034872,1241973241,721262621;0
===2016573229,1327001788;3228897705,3495183315;3376007039,2094098905,2735202454,1753656708,1435550094,3199760029,1325038403;0
===654496164,686762501;1722513181,946537455;2180414303,1637496822,2634976990,2487289686,1957574536,2754088971,3677875744;0
===2485509928,2352598386;3172699681,2216664971;1728707084,2128180627,2136059942,941448897,2830784829,2952484444,3221890366;0
===3024349714,2252749030;1951771876,364621710;1788049499,2697777053,2873556137,2793677960,770477189,1223975671,1628787240;0
===2620349484,191643380;3239536801,1558544307;1421615529,2391118544,2747828264,951182849,1895546020,1959440502,1981544420;0
===2514728922,1816433531;1772891246,1912078780;1403165168,3356660599,2873664207,1535371608,1410875822,3072260319,792661295;1
+++2014331429,1589099024;1579510770,1877716543
===2602574785,387845330;3048934309,1478183017;2185022593,1494882970,3558003775,3241618720,2737084616,3411537446,4001140765;0
===1361723668,2905159389;3720541717,3004309361;2169664734,3064802842,1457213147,2122421692,1695299250,1770399271,966491350;0
===2262254036,1558740181;1496419526,1734144751;1003890380,872448808,1433368936,871735197,2138616535,2364490130,1649698993;0
===2324663447,2234591759;3079560273,3203282528;3641553331,2334905145,3028286340,1152475231,2148348164,1513069812,2046336483;0
===1255188257,2902092309;1878100095,2488093935;1032376956,1393228344,2690286430,3290196146,2805988818,2057575934,3096587331;0
===519364591,1296151547;2128013561,2262331234;3387801108,1230737829,2700347617,2222706384,3165208797,1424984131,1671271693;0
===3272893550,1882661173;2527872158,2709778894;3167470144,1698754000,3191544115,2059386622,2636753655,1994605505,2263676963;0
===1032035103,2609164987;812273475,1363889296;2966728111,3268295750,2093356126,1502889750,2762384006,1056001062,2075703604;1
+++1457087814,1404909621;2072868091,1411940011
===1881366013,2040178278;1958597748,1649128720;1435186103,552832472,1967836635,824816786,1121719293,1693653678,2189812555;0
===823226219,2046865262;1404197464,3071837937;2920226117,2866719543,3290551948,941186561,2011445687,2677313352,2545838176;0
===1739653413,2431897659;2320954892,1723117233;2183272125,2373956131,3190213613,504075746,1709054668,2068833527,2713037120;0
===741468898,2196510407;2727732707,2519282721;1215115895,2421822175,1961085641,2437251412,2030385811,2654054675,3771445328;0
===857600517,1877387884;2970297083,1017835086;3234041927,1376736414,2227937285,2219723649,2912510762,1229753478,2344857068;0
===2295503343,2179326647;2366276435,1091446188;2553567828,2279033127,2871472923,2546469726,3545627212,3126985297,1418080993;0
===2266122416,3385901357;824489713,3002644269;3568083694,1951778697,3357654430,1396281538,704055899,381121316,879954407;0
===1611457802,2714898194;2112820702,1816642039;483180772,3312248988,1948520364,914987099,2930894451,1400225906,522444310;0
===1153826545,1132170445;2192640690,2345135930;727371508,705709318,2459876629,2257673081,2570979081,2515938806,2735494268;1
+++1386655611,2219460550;1414731311,2044818482
===758229931,2769828214;3218298753,2456182002;676494467,3757034015,2131807724,2246193877,1702911054,1783028117,1491861096;0
===1005290508,778785829;3874608946,1532225248;1895107157,1439780877,1903542703,1615324855,2581909010,1694792873,424214403;0
===2118820478,2151296955;2128249906,3789117681;2928044861,2763920796,3460868130,3268697266,3136147699,2160576872,1788594267;0
===2027062468,2060781713;1625062207,2148909540;1427433530,2082447262,2141918741,3306227510,624038867,865698683,479791280;0
===3558595817,1672813948;2113447935,1729123232;1821276531,884715992,1960882802,1783169165,1920716049,1958014679,3216884240;0
===2377858459,1876721998;2770942909,1710060610;1148961716,2445504393,3008129918,3327538651,2063045014,1012838821,2305020807;1
++2685995046,882325500;1388627821,3466751697
+++2649577867,3454669551;1263822489,1751397550
===2392401028,1068774859;3130596810,2829331684;2383669793,2811931327,1200583652,3626846889,2269966836,3721868351,2487798720;0
===1457568807,2893663461;3066677584,2281709214;700440174,3120844550,2824137554,1707177174,1642615665,1301989525,313217530;0
===2635455877,1009792244;3267361317,3251140006;2279260935,1850319305,3504468204,2686083069,1028714333,3820668138,2252212869;0
===1562410592,392699477;2284762156,3054706957;2365531486,1193941419,1896003931,1424373974,2924119209,2732915080,1868700108;0
===2891924721,3398232055;3004708520,2456312113;1258222177,1928468769,2205910537,2426661568,2014329727,2521438517,2506363033;0
===2472679659,3515347600;475697157,1302924142;2281458221,1433273179,1487967044,3731661138,1598306729,1704891902,912923432;0
===2194213014,2218763609;555191554,1818448211;1871423402,988827426,2329356671,1823164098,1723652675,1432028331,2689390374;0
===2883987466,2259826504;563827863,2747817457;1215938380,3636776653,2033754731,3063437712,1541246270,1866491870,2268771310;0
===1177223572,2938899430;1058509029,1433094725;3136421081,1271386963,3092575662,2974275411,2755222180,3458233348,2781105679;0
===1207950263,2641983465;938973016,2445591810;1695372048,1854130979,1637547503,2200057199,2225566178,286647087,3479739943;1
+++1947705806,1038031267;2802767816,819791581
===1337925379,1294245695;1888272948,1426499568;2828310641,3037917894,3125569525,830243209,1643453549,1913199960,2146954695;0
===3470777585,2312640991;2138048569,3580578429;2607395810,3246579642,2980140951,831621093,953818869,704932227,3006164641;0
===1383573256,2387116139;1604476628,1830679502;1753342359,1350333643,2156890497,2308286015,2060333671,1406974420,3142181676;0
===2446713276,2233157875;2970923110,3354851944;2394775620,2811127488,1827261451,1597288045,1492198930,2911640123,1850368269;0
===3592608246,1401210764;2109867376,3328699095;2646039830,2021980273,3211051656,2106098778,1580145868,2012827749,997643216;0
===1954838468,2709091551;1954321333,1947639315;1742962970,1664173821,3370675868,1145518810,3463839214,3713834285,1442678874;0
===2257499877,1945954477;3173699243,2751913885;1277604903,2671847507,1671899280,3512660687,3555673711,2847068440,1521071690;0
===1326292685,3382178279;2660272757,2798088017;3226411578,1751036624,1623057281,1925548633,3081151707,1750515405,1239019261;1
+++2220880164,1648660248;1442880240,2575574535
===1362363653,3545597742;3118703251,640373751;1983121248,472725512,3183592878,2348989795,2747238510,1387150762,2713364912;0
===1026987051,2287010006;2293898853,3325508730;3491187277,1876999251,621266546,3575162931,3192966525,2213574410,2583567880;0
===107819769,2472312063;3348406095,1449823026;1376039939,1392368365,1452054628,3141019034,3846150011,1972376141,3826249297;0
===2555362315,127642735;1166002194,3043305261;2721355801,2179883245,2464292896,1793233939,1407877728,1698818723,2995874526;0
===1238943349,1541009284;2272492561,1440820327;1069465219,2160805086,2418634924,1761839370,3344175838,2482200427,2644690412;0
===1577790809,2431554576;3069500965,647827232;3631174204,438074055,2799649553,3348364648,920030837,3733092795,2725562106;0
===1868554948,3058644760;1510161605,2458729192;1275776203,2709653768,2791284180,2435704630,2011639325,2061742246,3287216876;0
===2170947410,1736580103;2401894555,2226908812;1488709524,3323351652,1088614321,1832664406,2617405630,2735079009,1659089244;0
===3540425956,2489136328;2829073000,1739870145;3168006863,3496150620,1991402396,3131597239,2691080400,3795178582,2454178858;0
===768194626,2313865151;1514638606,3031397214;2654502109,2193933426,2611218159,3455287352,2994825718,2721053823,2124009310;1
+++3556363732,2797210124;792616762,2037456034
===2670237383,1986637971;3173644923,1958034243;2230982367,4103959404,1532581704,759420093,3318073176,1041247275,1160516686;0
===2950861412,3793513421;2473942891,1154058874;1904826810,2090312285,2478812336,2098686012,1790121337,1532439202,1873904063;0
===1525125790,1373181979;1971088855,2507671722;2059624188,1656375168,3587066882,3190779720,941850888,1353549611,2962285590;0
===1311403822,594492186;2273290997,1156474542;3578917845,3527207878,1444078401,1661571556,1606399828,3119337804,3442595611;0
===1733617847,2547297218;2973638766,2734336516;1678016779,1759215672,1586694951,3006418862,1153430686,2823078586,2771191037;0
===1766379538,2244756017;2305014120,2441843404;2817554280,1121986243,1208358448,2162045571,1734467116,2397721781,2918300932;0
===2568398893,2193505277;3108107870,3163172939;2660176684,1730582286,2024564112,1794126598,2084075235,1804420518,2390276829;0
===2276393603,3117081159;2014905640,3159973698;2271551420,2930909450,2739470312,1984755827,1814243082,3243867509,3371423507;0
===2271735467,2222695497;1545053329,1683700499;1460021666,2804736567,1682985195,2137740764,3390138056,1861551167,473924303;1
+++2168452696,1497572735;390089823,2189901004
===3941637672,2039587714;2072086107,2194589595;849104018,2906467138,2451103525,2858544663,1983886297,1262360314,2616760141;0
===1825268749,3177306708;2971848657,3557007034;1495984311,2340480228,1314714695,2933519044,3488559452,2097108326,2417211695;0
===2889322766,2762619695;2583607172,2060745383;2220915221,1423413846,3622259601,2815296037,1283914450,3849797829,3398430254;0
===2557082487,2053320095;4176004316,1152630180;1705582318,1982379765,1774165082,1162023379,913443572,3402208622,2338958196;0
===715176273,2425994751;2490936087,2703829804;2367894127,3015261720,2176279263,3295412267,1513839543,3874715895,1009658491;0
===2685066693,1081101125;3650522351,2398320864;3812425665,2564918679,420728763,2457779584,2144835447,3285284559,1794448585;0
===3493886400,2237288629;3279378551,1145998787;3127614046,2225239736,3013406860,1774770854,1916622536,2389955947,755324280;0
===3346260868,1927380613;3148175229,3690634409;979441565,2354773318,2896384920,1523120572,1661027415,251383589,3108485578;0
===2105657019,1765361815;2011108963,1573833569;505801679,1266513587,2774816184,2324402485,845761631,2517252393,3826765044;0
===1526442606,2398235964;2127549861,1920847371;2621440696,631504894,3053511760,1472273813,2046852589,1750865678,512947376;0
===2824090348,1322151851;1417536622,1305064747;980407856,1858544931,2547034890,694181858,377264033,2101186175,2681097458;1
+++2850478034,2264743550;335609516,1373118793
===2152307880,651290725;2586917126,2346693346;1191392019,2053633448,1523345411,1278228288,2325246734,2819837516,3031203633;0
===2529647412,1943589277;2459540640,1013510914;1154791391,2163633099,900537968,3392527590,1985361224,2598899029,2353738859;0
===3287624706,1866869697;1699134983,1997209662;1631550849,2758559403,1609496394,1533145522,3810467123,1995293353,3610974378;0
===2329392060,2455419159;2031716214,2056196446;4005370253,3334796012,1990933908,3817972436,1717040225,2692821342,2380168056;0
===1726837199,3307434590;1626993103,2945791321;1969954137,2342031603,3226545421,955174390,2202967635,1250531068,1595356172;0
===3031360264,4065389061;1266621135,3102146286;1369224015,3378303815,2163165411,3232936992,2178799441,1864879336,1820973726;1
+++1979420361,2468261066;1181092631,1289148957
===1840109563,2004778736;2605470008,1964136239;2455506071,1560112465,2115777377,2445243836,3834182151,1087330523,2503228900;0
===1263628519,1528252802;1838095154,3574384940;775456757,3362488039,1567408435,2966991803,2603394613,3305808283,2559783409;0
===3278450802,1468557078;1145838432,2914085976;3538330882,2356780383,2420954881,2281083639,2816783890,2733707726,1742978528;0
===1807959972,2821182136;3364020594,1635330609;2840487957,2135222024,2100317934,2498594769,613627304,1605261996,2488336938;0
===1305174609,1562193857;1050180303,2663580257;2896320638,3555955133,2294151934,1975070905,1964676937,3052528189,3137852391;0
===2441029866,1059944744;2229655436,1602342227;1900583017,676729658,2254767838,2428100993,2199640382,3006479469,996043950;0
===1566795910,3109865511;2496770065,1498017410;1337221938,1984979175,2372663781,2827908008,3049517307,1761789568,2261690952;0
===2001089734,2762311867;1567833657,3036141514;3462417537,2208790241,3428581970,3260175923,353031289,2231674090,1881401520;1
+++1493757428,1162976167;1574964388,2044124439
===2934976509,1270306837;2708828339,2422493156;1888728563,2486775784,1111106454,2455464302,2285253565,2013885444,1758135965;0
===3687416532,2432552469;1117881926,2436037850;1827127529,1638579295,2076081768,631872642,1780018444,908310858,1493794989;0
===3020535565,684537806;2219747537,2153647936;675168898,1634226691,2625165309,3311863761,381975060,1147876027,2176789558;0
===1895962796,3045139066;1098849000,3823058172;2051321580,2281686009,2147044569,1743890209,758714815,849970211,459242996;0
===1526341117,2198383273;2022549227,1699467915;1642367454,2095618727,3648320319,1902450852,2035830616,2122794202,2159943395;0
===2524826454,2224816396;3632406363,617748978;842363322,1346380963,2406714194,2005505585,2229728535,2646644576,3728225416;0
===2331758143,1523158649;2818628978,403423468;2789239426,2100808265,1201761163,2966212556,1623486655,1716437742,2631031425;0
===1959469518,1609827716;2168221795,1180228484;3561383224,2999102549,1680934048,3894037171,1714717738,2685036838,1098294634;1
+++1375181825,1788326937;3016739480,3316777852
===3284340811,2110602984;1092523300,1593057975;2106205028,2416999451,3030554704,1295478682,3097501179,1762877702,987032261;0
===3271249934,2669138286;1402029969,3034651181;2876431765,1990588758,1492651536,411838982,3381182863,2650637637,2284971022;0
===2219842164,2165508790;2237226831,1210009541;1540962796,1239753222,2362070577,2357324213,2049464067,1873753906,682995938;0
===1395645852,3126069376;1920649900,2302993884;1964705635,1569754650,984469114,564025774,1488523571,3482104979,2092539055;0
===2789665090,892729402;3449915876,293267720;1346238610,1684598923,646798891,2140980809,2280064533,507957225,1419030457;0
===2249746997,3469267074;2278795150,2619452138;1499646201,3034514524,1876215728,2362195516,1241800570,1965791416,1746592173;1
++2372685496,1313189159;3164237912,2448503625
+++1976927239,3908687176;1459680400,1672194296
===2008939818,1906712441;2404798098,2781790541;2143584396,1088219022,3416201674,1936791262,2178566501,1612483903,2228208263;0
===2176869478,2956445570;2074253140,2491622009;2226037695,1766568055,1688689210,2696121069,1395505185,2689362475,2590712937;0
===1106346498,3119410463;2611192337,1525456736;1568341565,954390757,3986064054,3161496629,2903820117,1336387387,1207294036;0
===2284925299,429832607;2005194283,1719031558;2132178707,2554961772,3187037894,2183279169,864495265,2661378953,2678913688;0
===2110450518,445320092;300583908,3151807509;2312329943,2432092683,3639458151,1335985119,2365418865,2287687150,1815263212;0
===2381446621,2135376272;1884859786,1228583136;4071129341,2161184963,1519812796,1546188502,1952510672,1612981845,2598432485;0
===114231867,1789677014;1704877229,2615668496;1587971054,2142194759,1857460285,3440726066,1683997698,1386830020,2997146796;0
===3013436292,1345774330;1176399635,1369395619;2132217904,2815266595,698692529,3082037900,2005746604,2365364057,3130047544;0
===1459904979,3004169166;3165142405,2922177581;1675511289,1811264984,1328839218,1852539396,977855389,2096468855,1837869609;0
===2614133056,2981238970;2261939070,1593038518;3239081925,1705616870,4011894217,1627263954,2094205214,1071454304,1427775409;0
===1224665716,3035171495;2098147329,1837930275;2858518266,2395500762,1559567783,2298207203,2476013528,3504693968,2468652843;1
+++1620174983,1138823423;2310426465,132771203
===2245116762,3185488972;1835850383,2307785656;3449778698,1373637610,2055608739,128629602,2449651409,1724910280,811606555;0
===1344567797,1885756667;1677628873,3022523298;852767478,1574256494,2588909959,898259079,2252590431,1182411430,2027771306;0
===1220128742,3448510068;812542110,652843624;2081592909,1367237220,3085838997,1850233366,3183327786,2088078058,2086225360;0
===2246211717,2961876368;3102126125,1763460135;3335411890,1606593157,2697376617,2925369909,1121533604,2437836089,1633204273;0
===2862672311,3823363889;1549063558,3297827215;1220748888,1398936119,2782980781,1824223024,2652679964,2268686396,2694604530;0
===2835061929,2052608118;2335256272,2816218740;2737427905,2773616974,1751396019,3942027613,2141261259,2266071536,2928782520;0
===1277330564,2493886377;2021876256,3531977181;1651038904,2397211864,1982908867,1361106969,2417928602,2903952956,1396261771;1
+++518744251,2958508815;2118846135,2015211246
===3159060597,2228005790;2396788904,3794430678;1556203296,3113441991,1204192223,930716754,1081968551,738237075,1090373552;0
===3192395738,1289737530;902114981,3973168185;2107121354,2021616404,2375642642,3148133494,2766243308,2821428002,2424889804;0
===329187665,2525087594;2879070129,2700716648;576672858,1926728568,1992115520,3913474514,1836622126,1494242064,2000096403;0
===1002656102,1102933766;2667698763,3672009677;3349414389,1894841606,770135775,1451876531,3068434489,2146737287,3279215924;0
===2500276670,2310414405;2566132535,1015392223;3520536964,3096512736,1753843710,1592257546,2934688370,2949690184,1908327276;0
===3222261778,1487198282;3008986115,2016524490;1170888289,1456854317,3759910012,1476734351,2429805935,956629421,1988315811;0
===1939104453,2662021831;2457024460,3122290111;2834202838,1624158831,2311426475,1017259552,2784501321,2471144994,1943737842;0
===2545404183,1955799381;1346453516,2110089521;2896150248,1389451406,1268830815,449792271,989559603,1233962805,1358358836;0
===2730961329,2217052581;2394647909,3711759614;2066695531,3394422707,2186627060,1056986325,2853600750,1953027740,3483482616;1
+++2842012726,3089145249;2823262409,2102120217
===2328544329,1438073830;2728883023,2906012643;1748761348,2854725209,2189684846,1647095495,1741311662,3813427523,1899450404;0
===1966105463,727691624;3099490354,3814385630;898608100,1156381908,2454219248,1723249355,3345089921,3024310186,2454417629;0
===2885508849,1240460966;2301501102,1730772546;1904795894,3696850821,1903065640,928387217,2588707311,1163537178,2875311682;0
===2744370882,2854162900;3415011645,1482155961;4137915042,2800249665,2883005182,2967306297,2574179616,381163620,447054930;0
===1015942636,589747030;3030857540,1871660141;908710158,1878683786,3097641651,1503659933,2915952689,1772352394,3498241689;0
===2443445647,3127777958;3110305317,2448566027;2308669182,1790402041,3629543826,3292009755,2566908612,2467957568,2397314524;1
+++1536085056,3264253354;1398396129,1249673780
===2558714923,1685363112;2161375664,1974890529;2058860563,1079716978,1382377201,1362422905,2567882859,3163722006,503533133;0
===308511000,4144692866;904167683,2763598651;2738916589,1777372848,603038696,2438250599,4020594525,3325705039,2560805399;0
===2034585351,3132126461;982665150,632876569;2040788865,3005807377,1806382459,4060789960,2161271887,2344468980,1128077355;0
===2667684908,1280677524;2234487472,889225808;3255816038,409751212,2581659115,1068923738,2344659246,3250428326,3473680527;0
===1586135737,2897302417;534081745,3488688191;4034188795,2124622892,3085539704,2128060965,735922301,2509789192,3001931664;0
===1295532278,2885406200;1895874141,3376782522;2625561965,1123913802,2220448418,2516387815,3464184287,2225844949,1889052396;1
+++895826740,2152388907;2729560359,2537553510
===1410588153,1978399835;2482755905,1097652388;1947254346,2581004231,2710411894,2384771950,3476030655,1106306109,1246163294;0
===2134498910,2825738492;2303536886,3004881713;1519628696,1100271344,2120820013,1162437735,1620442087,1015821973,1942908344;0
===2896751005,3990713635;1479969381,3433025411;3571219510,1039690573,2832861594,2547104245,3018175676,2395906699,2156933618;0
===3872709419,553355673;2448433254,471857980;1811498611,2803360590,1188527884,3138064522,2557203149,3251961065,2247502257;0
===1163313354,1868642611;2337754662,481726241;1902933191,2060840262,4290591821,957438328,3575371447,2211818409,2747494970;0
===2221066383,2077697618;2992487200,1723988599;686797429,2648244247,2114747610,1708174486,1509730628,1463780871,409186951;1
+++1096131433,3693358836;2189895637,1431637516
===2737202462,2399653621;2151710372,158092373;1896451019,1482472698,3336645386,2873471020,2437988420,1468067574,3155019486;0
===2953380099,2872377939;1386954416,3116273219;1603337755,1534768936,2353575412,2860450506,2239297970,1916689685,2713369998;0
===2340290852,1698678033;2133589991,2429874393;1661431989,1341736823,1605278527,2308959746,2159856293,2332938704,2882231169;0
===2697346790,1493005586;1263455395,2491392789;2180823474,2978856457,2964484700,1961808229,1795632640,1676816908,3885595184;0
===3477324529,4144536840;840745792,1209220478;2358422171,3605251243,2425187866,3024412566,1379044824,1974424712,2503739732;0
===501538741,1480613286;2622196226,4011741631;2474569032,485276735,3297455702,3561706115,2497608869,1927419459,160819047;0
===1000211975,3894827255;1730321557,831220707;2635040552,1355916695,2217926129,2460356091,1499747752,2355111095,1528683177;0
===1949131831,1216762887;2341073450,3467999283;2292804504,2866616550,2162708996,3783773809,936799488,1153463726,2214607673;0
===1973224775,3134361250;3726473273,2087487658;1314541480,1649022807,2484582093,2397206491,843121930,1919304743,3058832336;0
===542455118,1443639325;1686826793,2192681830;937071208,1776381831,2124206768,2898285296,2538673369,678733992,2923799990;1
+++2293995237,3690891684;2984218643,1853483609
===2688738976,1565081086;3018311912,1627625679;3006488379,1873985404,2749360787,2060254026,1352225928,2311590004,1708608673;0
===116479943,2412418721;1789949354,1339750685;1537318595,2421526377,2398825985,2806090817,1183813609,2436814124,4040792946;0
===772925470,1317088226;3200910199,3191691325;2887024185,2908289675,1483176460,2244045035,2206814624,3398504615,3948160243;0
===892345564,3005170612;2800366138,2039688138;447108292,1320681103,2394623390,285317629,2647375193,2377401576,3829898398;0
===2453707812,3662308411;567290532,1870631089;2162337318,3620068131,128533324,2366927181,2988218598,2962452330,3191123537;0
===600705187,556302264;1727611154,2653512970;2430384007,2021307703,2786493599,751119322,2239613416,1866430693,1858695769;1
+++2491690780,1659157512;2585701299,2459177424
===2703504974,1624550928;2681275901,759869172;1462850733,3578331480,2191404405,3262660381,1822661420,1891235407,1178731061;0
===790413472,2141625650;2003677586,1314580053;3212979647,1917424472,3048656586,893270029,2202495911,2197704266,1543262104;0
===2048598847,2387657697;2008629411,2751802840;3179369376,1121244304,2801898023,3934420845,2579663063,1870151971,451198389;0
===2916287698,1380069076;586931478,1876534543;1972833733,3010936908,2676993220,3554760672,3532337216,1329919449,1814040554;0
===1756853720,2259531957;1422049713,3200358847;1957401359,2622960497,2451214696,1144835673,1743231060,1661571946,1721793345;0
===892187764,1646700885;3713114530,4011069952;2144143068,2251389866,2078793695,3343687330,419025045,1780911245,2920162245;1
++2669642807,2056817853;1825467082,3094987836
+++1553903502,1798345857;1780174258,2668653308
===1581505808,2100885887;2514050147,1013597142;2879529743,614059177,2614064090,2056868745,2126976143,1582474734,1807835263;0
===2180096148,3201894884;2740505127,3689279342;487710032,2878487704,2064833155,1416995147,2122703722,1071761071,1974052485;0
===3558971567,1499507686;3711409113,2633785208;2834328204,2352616187,1115790643,1150260234,3092161603,2345797650,1594268259;0
===1758024022,2054643440;1600247486,2753283330;1682985532,2272840401,2834279708,3068123258,1959043057,3297178246,2900837832;0
===1857169402,3451773970;1568266514,2406001617;2026932827,1479593425,1379533286,2284656253,2643962112,1624674283,1703562715;0
===3146378872,2411137676;914444776,2648023898;1708202290,2950852922,3096293204,1811810954,1497920646,1528071333,2843883184;0
===2027826831,2413668392;1390829645,1198875400;1242014573,1274237601,2070798761,2580493999,1876914731,2639701857,897247760;0
===1187715435,1975958112;1758879570,2047614886;2059243498,2283775295,1453108295,2744715880,1636240606,2420650969,3600905809;0
===2481836213,2257623105;1347046424,1384490081;2156533051,2090607402,3205860647,1441071710,3591789396,3538574592,1889348281;1
+++3319112733,941580004;353790508,1732839020
===3512753245,3812288354;3038202086,1895476292;1714480880,1648556675,2353875975,2903869105,2568067925,1654402842,1744895845;0
===1368370831,2623496492;468767856,1456080835;2643874627,2745047804,2022303191,1067736221,3359927653,1395907310,1529499566;0
===2394453034,2947928362;582694035,2609740398;3060079327,1092273874,3062937242,1776556578,1126260305,1454991538,2901545329;0
===3403924379,808661839;1429585429,1094595917;3590252328,2284566138,1462748450,1559119422,2273588549,2710585227,1808667920;0
===2180323114,3944794912;1715480303,2399951253;1761474393,1185777811,1956598465,2309800489,425106934,1159889232,3233516810;0
===978183922,1228012466;1667674510,2708519894;1733359478,3753152172,3151517111,3277925939,2136544880,2781037685,2176666100;1
+++2745663108,1649006142;3776783271,2245255931
===2365759327,3278235676;1165500064,599011980;2850324593,3584633370,3446299890,1679698824,2060555596,1796935841,1286520269;0
===3325316389,128400537;2291132526,2611935075;1028155697,2113730140,621469475,2174649854,2234081070,1674376956,3021023180;0
===3410796176,733389014;1140642566,2500381821;3072041923,742422164,2449802950,2160913859,2776497710,3880687388,1237474975;0
===3411153126,2511984949;1317362448,1311184925;3565447921,2574829893,887589225,3096742815,3683776319,1149898886,1452404776;0
===565867936,2097606383;1605062990,2219766241;2503687076,2646508440,1248675046,2140377797,2072003374,2719017041,1445372077;0
===2285430154,2569973277;3869065548,2499751225;2739388597,3095338915,674578760,2927726039,3757144893,2761231531,3133688943;0
===2512570446,2713561099;3969952677,3255757027;2516503501,3780456956,1833400603,2597143140,2999382845,589419633,792300061;1
+++667463931,2983469113;2391601897,1061943366
===3595391531,891285095;2796525620,1087963258;4111885973,2191969545,2898026564,3594260502,2537052272,3577041598,3026439695;0
===2885079795,2027952183;1051407065,2078656614;3240012978,2643137283,1540041329,1505311272,772493643,3217257398,1793753652;0
===389622517,2553734809;1927899352,3204093625;1984299585,2010041547,2543500369,2318310448,1016694328,1722813384,2013900918;0
===2276900469,3273560642;2866331387,3787689351;2398433859,1850612136,444316539,1837481104,2015429587,1548620551,3386231320;0
===2349326429,1834293460;1744206548,2518613821;3249149305,1216439910,1381735409,480142659,749200406,2667197068,1013227113;0
===2249303251,3046281240;2497122068,2679068437;1448936508,2346714306,1335359930,2685965521,2766977258,2863992325,991520182;0
===799292801,3305735353;828091655,2546376562;1031175520,2018090918,2232018817,1573891379,3229879265,3149274154,413086182;0
===459804776,2527657815;2826330611,3402954010;2513035946,1650749781,1379024426,2789583176,444318366,3081537498,2129282174;1
+++2343534991,3009010199;1031995819,2168711111
===3150985724,1087768650;2443652252,3464343366;2697561851,3588090272,2798005893,1995340471,3933902077,1469507298,3188305714;0
===2794402447,1640358249;2746107348,1565702915;1705581079,3232604702,1776283491,1336207504,2989452615,3217207910,3377289987;0
===3635892538,2422033216;1804899048,1592007738;3262617783,2523194861,1687499765,2599409655,1844296781,1962634513,2542045985;0
===3210313723,1691569282;2245222147,1355484563;400612497,4238545562,3754723339,1720808634,1839029216,1544758662,896986614;0
===2121271785,1462117847;2581794585,772454528;3311774007,1023472922,2216742190,1777321738,2726555185,1241135137,3132901974;0
===2022023451,3481620207;570130284,2993490030;2096793138,2908923674,2154553983,2495702955,2995486021,1584335564,1047905899;1
+++1128329790,2307622359;1512652969,2406053331
===568772213,2355297517;2292668533,1464337857;225257822,2875343755,1802447716,1002682969,1899325558,671481741,186917155;0
===480658641,2454682071;1678913504,1814490495;1824304700,1778199470,635141382,1010009453,827877525,4014896272,1922624167;0
===2156950793,2526841880;1985070944,1201146082;3482872055,1351912051,2222542508,2141126357,2089325685,1365097628,960511115;0
===1878310329,2305490194;3114192338,1963811937;3052339823,2358253446,3157617192,1908460239,2960844784,2232432950,1364747722;0
===2589843588,2955778278;3105140978,899941801;3783542353,2645173537,3078746829,3080755556,1980417315,1155855726,2965811698;0
===2455294155,1439716621;2702410151,1527522115;837458138,3259425466,1751550892,3551012784,683331437,2864630810,877372554;0
===596516662,1497012907;1551492952,4069885978;3436662605,2532425792,1287184597,2215245611,304349200,2761952854,2108317152;0
===1580636916,992957008;2961294005,1151157872;1492362038,1098780933,2748155095,1244695660,2551977767,3541177247,1808051352;1
+++2603496463,3884628380;3565467845,2775252088
===2621624109,1916917681;2485730837,2990201036;2064390436,2889369174,2996028417,2621631696,836979627,3764548635,1346135865;0
===1810595554,2124777426;1465580763,3141184256;402709313,1193352493,3284021760,3305164296,2885114467,1972947458,2310307907;0
===1320166261,1389143707;1718190807,2636477446;1995673315,1307332561,1359754034,2718476111,2046611381,2362518161,2116631416;0
===1285125114,1721095340;2925207570,2838466323;2821158235,3241752094,848413512,2303574117,2346342161,943729694,3145239086;0
===1556071227,723255520;844724879,3054872210;2559126202,3538459305,2261919726,2929521789,2320768282,1104260576,1070076467;0
===939827822,1970379653;2452566526,2012132188;909158655,726333536,2030025464,2683115984,2607044598,670350158,1550331542;0
===1566656246,2395904601;2439324256,2496735391;1345220534,2459311571,1692299203,3452730002,2363806251,943243719,1265844534;1
+++2234155085,2223896096;2817218240,3581290570
===3328882223,2073098874;1471649232,2816542538;2024557340,2977739836,3186452216,1896482407,1134214382,819403117,2693718733;0
===1283182839,212884699;4013328179,1523696877;554143212,3100776999,1917444397,2053428420,602003981,1454927384,2434837712;0
===3500093887,2005727411;1147469616,521139319;1640144090,1127025507,1551398523,2459143072,2554624848,1989402527,3213642408;0
===3665226013,1166067977;3198251334,1147502916;2440099000,3025413547,1792036214,2908081545,1822016891,386948663,1782467007;0
===2619602266,1771967351;370209959,458767542;3198538590,3385742699,2722177923,1742003414,1423827259,2478092842,2305074091;0
===2434056522,1194628861;2436694374,539617784;1995274065,3270485125,2353276015,1796536069,2568934780,1168112635,3794563534;0
===3254899534,1312170469;2176704995,4008995739;3193169130,2522219888,3685420621,1336838061,3186230154,2407505927,2160415665;0
===2510984417,1955314951;2271087847,2326490926;2832043264,757006033,3668413652,1073829874,2512780458,1963926198,2343201453;1
+++2096459210,1270690264;1719259904,1798027747
===1909932537,3049561783;1198982463,2129665512;2176379442,2828003119,2126853832,2928772319,814433056,1542849336,2046923680;0
===2661954501,492123853;2553685785,2100177286;170867387,1935860969,1988163542,3152695113,3181383035,1439384173,2417550685;0
===2153557519,1017719733;1542257759,2923647805;1839398607,628865442,518913880,2458445881,4005680791,826934335,2385991233;0
===1380252261,913014489;2034710545,3221670402;1447094189,2911301836,3686349061,2248130208,3089650706,2165481443,2494578944;0
===445418741,3994472416;382294350,2958157747;1837971552,1163743440,2194747806,986960070,3939447839,2062318329,839990400;0
===187080643,2212424252;2485440336,2734788954;3190200256,1741482484,1759488281,2446683464,2662826948,2366297126,454338161;0
===1886333005,2280534542;604289085,2630830199;2321474788,3606180099,1284036175,2531222349,3638688814,3249403238,1248039501;1
++3479165648,1626908617;1351041446,1852959441
+++2877206729,2528946899;2130368721,3706103685
===2134515296,2641202655;1911372329,674743336;2328235126,612689835,3346583296,2445524616,907009225,2469831802,1801070732;0
===2826294307,3173300322;3570747012,2050148305;1761264725,2792273366,1566180525,1143704496,3439442399,604808248,644718851;0
===2406437205,2185394150;1797325730,1896105578;1421878718,701418054,2239514201,879946827,2496067841,1203255058,3072588431;0
===2057596396,3343906837;1422623009,1983397407;1386946113,739470306,1544846203,1852664072,1215831999,2993892389,3066964975;0
===1111922124,1596716728;2271841180,781826138;2401701244,536163522,1738630485,967312866,1727240114,1967053691,1564186275;0
===1348275231,1485003092;1421224436,2357234252;2009621419,2189741423,1885728613,2480661276,2134750105,2298335222,1178274169;1
+++3964996683,3073059942;2957435278,2301351361
===2069056024,2835118821;3791890237,2102510344;2289320493,1145897040,3825918370,1619311085,1196294992,1626508211,3019043512;0
===2043489674,2129150444;1916261003,260256539;1903866765,1390309352,608382666,3369012993,3212445618,1626179538,3762066685;0
===2128975105,954311103;1812690501,3277561385;4017929189,3040461430,987493178,1935798748,2285857523,665649059,2488499301;0
===2243861662,2310523518;1965616467,1553677852;2018852804,2076809038,2133373478,2619333609,2401878204,944667071,2807688428;0
===968235674,984443562;3047051476,1783786743;1706922086,2456499996,2153474170,1748814964,3670931283,1918566836,2808690581;0
===2430726729,2234756857;2545717968,1903981751;1511619062,2098309210,1551408033,2140566600,1503348695,3964840625,2270951744;0
===1488845989,2473586196;2685993045,1615404350;1901085904,1847100102,3278048894,1757594983,847741153,2822174735,2115602866;0
===2896089472,1154041541;1618941116,1783212565;3552921392,1605784950,1068957159,900211391,3456012190,1444438962,1849519062;0
===1510781158,1954364296;2523704814,1278780159;3247505475,2704582027,2792957597,2371429549,1941619706,2839404465,3089624579;1
+++1972393509,3025718617;1513496192,3008639680
===2963468888,1482808820;2985923005,2153510232;1541734882,3290519666,2789454756,2068870342,620765293,2411949510,1304710839;0
===2903196945,1867059851;1800084495,1418606789;455424265,1686099544,2479829309,3612360538,1495674437,1345301072,2998416221;0
===2739905970,1411165740;2034136185,2787287107;96987110,3474579144,1062431082,1629009931,2548489486,3293346237,2196998157;0
===342888491,1716099651;2290143052,1798906173;3680686837,1951592026,1999921183,1113931715,1758357552,3534192698,2656485397;0
===3609892037,1659370106;1293179055,2160748783;1882017597,313800276,997586881,1057678675,1857024700,3042489318,2599057311;0
===1932961918,2388055475;1601475839,1847950239;2296543349,1588070424,2067823913,2220718317,2357865806,1975592895,2275078756;0
===1997100433,2722987317;2618496874,2234424184;1531454119,555829212,1200692086,1570407626,2006284874,1682717947,1740604055;0
===1916787095,2391661407;1806053784,3233271800;1274615021,2407822040,1653729835,2438558076,2526567712,1819921139,1274823474;1
+++2426299238,1024511414;1412052815,3418224980
===2892679986,2738101626;1419894705,1785482766;1319021935,2483207235,3416856472,615825171,2991926878,1937616548,4203873000;0
===4018667981,2579054103;3390097066,1220043825;347856367,1366693111,1452513942,1626375502,3225236336,2564908626,1309750450;0
===2108257688,2886760824;2257923489,3375339174;2082468372,2332795478,3037920785,1743644361,649360681,2909592874,2978588157;0
===573125337,3285282523;3288855308,2562014815;3820722492,1708432718,1127189626,3188404684,2217164539,1632034201,1536345595;0
===2831879219,2565216069;3471086190,1300739900;789593271,1729970881,2009035267,869598923,1339782386,2114039845,3040352380;0
===2678300544,3554175391;2381283658,1000006083;1721729924,2638434428,2248102007,1787422805,2591322928,1766786965,714655857;0
===1920197051,2147426741;1608077793,2977785701;1973972895,680285556,3492090390,3739365283,2134598976,1705428635,1108666870;0
===1843771092,1675028005;3095559394,431916702;1325122718,199125667,2998043930,2909982812,3442237049,1484981372,2660287001;0
===2368533016,1804715957;2102488254,2294415438;2302143382,2811010653,1407037032,3428027908,1914363259,2293429714,1386264829;0
===2035749646,3078478986;459743103,1299377589;2877073193,1361115120,2569959726,2165839066,3032345036,1366852496,1390693838;0
===3022502254,1913751106;1600273164,2423791644;3099896383,735168533,3771995671,2231079766,3998681413,970167600,1922330516;1
+++3989882713,3091979741;4068526036,1563105895
===3533934599,1666775794;2932033373,1818326054;1840210266,1091113470,1741929532,2610859829,4073951234,2655629504,1606126049;0
===1294492171,3587291077;3569473161,3687912553;1708816149,529112200,1931074299,1978903698,798632003,1471597830,2586704296;0
===1505872482,2756619895;2327224194,1603271229;538174403,3849084694,2371062791,3196509379,2767963357,2327292567,857410996;0
===2110506374,1846861707;2139006057,2037771601;1549366939,1873904695,4104595987,1477828093,1320506079,3050645416,3363376625;0
===2394987697,2380865368;2223509786,1848028599;1644127090,2455089781,3097539571,2143207970,2709658229,2201111505,2210632690;0
===2786404173,745988643;492098308,1338509223;2335487314,1811821392,2319093409,2788593573,2933298162,2141904834,1232288897;0
===2924414515,3408224169;484610332,1418012372;3959817626,1748734640,1691621545,2028818281,113072908,1787215042,1437619865;1
+++1729990260,1847440651;789588624,1395269564
===1906362477,1872153366;3624911530,2778258867;1987562660,3050841488,2898323876,2111681133,2027575620,2879976749,2566315718;0
===2429415031,2462847218;2130098560,2568806552;1708128292,1690726222,625602794,2440233310,791981450,4028902720,993815067;0
===3537650280,3868477295;2053455164,1601093485;2087392514,3833732804,1627652580,2386425621,2139833818,2610780184,2236132955;0
===1801311076,2129807083;3319179190,2837850250;1832326868,2417109076,725748262,1958717882,2445063343,2803065717,1565711543;0
===1594422673,2316045820;2019036295,1807057037;2368213823,2790255453,1247894667,1743429417,2568412459,1856995725,2539872263;0
===610118815,1457836007;3343418639,2852463936;1818490658,3556298344,751377166,3809276992,2648288931,3381212780,2399788591;0
===1240604921,1082350141;1083027939,2549674411;149861739,1760445505,448860934,3957173777,3286566824,1152444070,1464932836;0
===3964610007,2138263637;956142605,2224043058;3397855696,2574941951,1478819200,1231650740,728526963,3737531098,1262003523;0
===2042756819,3316972201;3106833214,1712851858;2473173293,345997724,3162605137,2895467858,3913568420,1369721806,1289381432;1
+++1251920682,663287648;771324919,916706463
===2328124926,2718936245;3608179926,1549426898;562805128,2728130795,2014539198,826766538,2550363781,1944893774,2849535654;0
===500878998,2430133743;921190818,1738037790;2194022951,2323942476,2013933704,1724125700,2146160927,3440937823,2677793034;0
===1888554190,1786368377;1906330795,2684151277;1702592514,3185141798,808413751,660545783,809080070,2018287168,823423818;0
===1931634965,2830823238;2068437346,2801480000;1396534296,2009332293,2504275600,1421196291,2299374434,2331346686,2629172573;0
===2162835175,3459122281;2175244201,1956014502;3276227730,4229141298,4097250677,1887222885,2966935713,1855968037,1522666294;0
===908251721,2450853530;2214260884,2222999169;398263071,3108689522,2369142256,2622857461,3075964933,2282253289,2122134138;0
===2230594515,870042262;2176754963,1649233346;3584756429,2524500078,2423080480,1603029382,1116166487,1055215355,1642576859;0
===1181848350,3407343904;2049255156,1817550522;3125631749,2682122629,905622763,1663220977,815553819,3494233967,2923023147;0
===3159888967,3145352629;1372073006,3325841324;1967315907,1951056684,2541027533,2470840061,1644605727,746788847,3317221609;0
===2084674053,2182044356;431327728,1660290387;1317444023,1779263874,2681841197,1893227494,2779430492,1868382280,3602697199;1
+++1062375674,4091970346;3756703154,1775860749
===1743493274,3341309331;2281869980,3573548967;570744342,1102095094,2344445078,565582959,3548677441,599636363,2972414200;0
===383896261,1963755705;3969996098,2283548087;458119666,3641863685,1918690448,2204590384,3102070316,1452174696,1313001969;0
===1448657255,3343022856;1307191154,2909061448;3372466446,2629256855,3411053343,2445650124,1824021514,1373841809,3322694124;0
===3529851198,1129802637;930990762,3773261614;1348226463,812816929,1631466504,1393330868,2903000355,1848479869,923679736;0
===1755357033,2794318966;1986347277,1920360105;591475695,1344266442,532290729,3366431759,2538523923,1554535970,1295986285;0
===1884414986,2977899698;1246323421,1667134706;81900667,2920959706,1093504675,1076139882,2222724387,3122651616,2495303123;1
+++2685975660,2137084225;1451902491,2203301538
===1446086513,2168114700;2634752215,2143050946;764878225,805456370,1609120783,2621735164,2964864778,2832289010,1905011558;0
===3589350192,2174067155;2587104074,2598215770;1097431048,2240328440,1810934207,1768229881,2785751197,3213441902,3605688098;0
===1877130401,2416367133;1718316880,1018959056;1917412508,1853814572,3061568863,1746687354,952920300,2551358518,3163634122;0
===676869049,1218830894;4037500774,1349823962;3383011100,2500508903,2090186187,2534276961,2302544125,2457060515,1874138708;0
===1885837064,2358431941;620585756,2819399380;1970178849,3210109071,944977424,2311101609,1411642279,2172869864,1375316985;0
===3570611991,3838244099;2941449302,798289743;1462214017,1413973275,203640570,2956200775,1052305066,1193304905,2367167996;1
++2132203534,3467723217;2488669669,2532670359
+++2769065247,2042414950;1682455556,970715314
===1144747457,3166099570;1871642311,3037394706;1117226467,2958647956,2103242679,2939998275,2520991835,3132264273,3398361994;0
===2726846204,1003611380;2350342203,1814800318;311740719,1365433277,3528313528,2105980484,2476454379,2332757119,1977620067;0
===3376580928,1597465210;2264902238,707703464;2197027422,3148696314,2830695975,1749902250,571184221,2251259643,2657442154;0
===358882597,1951432917;1743116235,1140593183;3566378386,2244628405,1990760439,1300737603,1191591467,1907598638,2490244076;0
===2622060898,1519643992;3321359451,2802828826;2985483029,1486925200,1296562585,2206636590,1376784512,2553329698,1415123516;0
===906500966,1872958389;3554472397,3935621063;2726095391,1087375474,1710711972,908135062,2745947033,2299079349,1466273555;0
===3607551835,2689672279;3640694496,1195725779;2158713745,2941316206,838970757,2152666218,1893974669,1587449684,1075126735;1
+++3912465913,1479373471;2331153526,3092279580
===3654818412,2533385135;2644612512,4192539465;1681727342,2349650976,2290496119,1472669136,1561432793,1187768900,1758362231;0
===3015507034,2804154244;3899054746,1979687603;2624648683,458017591,2666620357,2887275099,2698103589,3088460043,1942347605;0
===1718959590,2923349646;1411613754,1884420783;2915321067,1810724259,3902644996,2818344683,2998598050,3559198593,3389560676;0
===1620022866,1823887278;1713275010,2042115624;2496662620,948926007,1119852543,2741049113,2752168143,1590868186,2858370007;0
===2045427744,1820886085;3033620442,2165588944;763700418,1497989466,2074519621,2138426058,1612401207,2646535194,1106684084;0
===2890304198,3104360447;1762835759,1776836582;1060760572,1839678172,2062514439,1994063141,2983435193,2607211606,1971052703;0
===1892635501,2465080620;2137021943,3440189907;2557304426,2178573754,2293562549,1928074578,1932710801,1706310737,2148445780;0
===2202481701,2941844585;807846786,2187927872;3877493337,3052975518,2701828290,2343838278,2459804636,1856759927,3482303971;0
===1454701309,1128158789;3004660870,2406351338;1847620210,3646589665,2363114939,1873013056,2397088111,2723562971,2213303462;0
===1930591097,1257721562;2500427426,1736800421;1651764685,1501252342,3037346318,2409882561,743796231,1937899257,2514954013;0
===1490196470,1159131747;2254777015,1548341992;3417694345,1984938009,1981497357,2706917368,2740027832,2004648155,340984470;1
+++3282665518,3269572974;1366176588,2109265452
===2031825141,2252647235;1016300628,2140146398;1846490086,1470828476,3773031796,1784621163,1271375503,2333830463,1197708921;0
===1464727506,903977877;2842558957,1648011698;2456156906,1698007213,1634828080,2556564791,2611529351,508027750,1733943638;0
===2375672874,663738792;2487865515,830727181;1248657912,2039600880,2562226069,2713902478,2821732044,3498892069,1693083254;0
===2282242199,2117174012;2184601760,1375495248;2047209183,2494326019,2057295261,2456266606,1663220431,1791943964,3372721567;0
===2822661343,1535335944;3177483889,2594176311;2454483440,3613154645,682333787,2299458901,1849524008,1619216426,2182897967;0
===1639914812,444325737;2034023353,1924330887;1003320326,1964946286,1016550307,1638279069,1423990500,1186825638,2211573335;0
===623234470,1008683510;3757347522,1965604194;2493970777,2989170795,1901349950,1756140213,1016302975,2947069204,2894281467;0
===869724450,2142516834;2590089771,2677583671;1528744564,2568045598,3473987132,2891637301,4145654296,863554847,2650908903;0
===315151004,2679126586;3347319391,2028914912;671977509,1541469049,2004863629,2923615380,2446489355,3910864306,3610389172;0
===2719782999,1856306217;3614931323,3391203620;1278408130,2723683937,1386067024,555950179,781064204,2682742131,2803518036;1
+++2737817788,2909096721;779703353,2508332506
===771380355,2078093740;2995463162,1206613531;691583603,3464531973,1723501936,3732555187,3001356305,3085264650,1306310139;0
===2043333450,3690549438;1969037491,2958679005;1056918814,2280422250,1355873997,2668548742,1967310011,181495923,2145429800;0
===2072128571,1466525768;2560265793,2307978373;2155783992,2497766531,1348002951,3759265533,1275368610,2684384855,1707098335;0
===2876758209,1302122845;1502343108,2966144798;1919594388,2945074054,2712942240,2941671752,2619865645,1686262357,1565996834;0
===1153329605,871970462;1872863863,3773408807;1983963157,2198696600,1639328000,3406484655,2707396171,2685935898,3932072336;0
===2950952123,2143985312;1180633895,2164261058;2336534455,3789526482,2059200655,2939752787,2844685013,1284004450,670074234;0
===1702770757,2256902478;2111651271,2584977952;3260414293,3172730791,687923956,3189311029,1217215613,786309537,3119617334;0
===2735938365,1718483789;2365634248,2970054445;2271994488,2842743134,1944998625,1245421306,1546817448,1955103453,1957822448;1
+++1336319034,3282584687;3344451627,827448684
===2360121058,2400568981;1978606422,1929958714;2949798495,2647093799,2487865456,1455080097,1367907837,1458824923,3081693972;0
===1665735215,3319767401;2575247233,1978510333;2071738708,1377663098,1048782488,1149377898,2282945639,3092107843,2815842858;0
===2955976948,889051956;370039484,2116167604;2385618669,3898868290,932497851,2249207915,1267391449,1689024800,3185574167;0
===2234801186,1660125368;2026195803,2274256601;999744367,1655093726,2609633030,1701269168,903772775,2257316317,2014838433;0
===3624644994,2917544725;2350492098,3156048900;2518118247,2997854049,1613575839,2823348412,2148935023,4005316044,1692740439;0
===3265417775,4007708611;1796557880,2197492106;2747988902,1685676562,2314199898,2875323460,1210694987,2510176080,2023703306;0
===985106736,2371682458;962258918,1024199392;1050845409,2791695421,2461618575,3619882179,961100517,2150978827,2747264599;0
===3421005303,1918066212;3118421906,2161691449;3053193978,2334764210,2656184426,1982073802,1788321402,3339803237,686872938;0
===2144445216,461997327;921381413,2839113796;1960694327,779457697,1036522332,2161473259,2447881134,2585307872,3026649362;0
===2673307656,1997132639;3344159493,3372032252;2901103022,412336444,2619327217,1910724910,2286024790,2811563910,2085124899;1
+++1386859012,2296833971;1385893172,2450722285
===1464557491,1803056356;1494421251,3007374337;771683219,3929902483,1467000251,2434212302,1392813688,1301707596,572328466;0
===3827776676,1805757013;1474875186,1899127084;1792939073,1374607597,3214096546,1908727333,3380653170,3229412530,1764304486;0
===714620664,3457619046;3052122979,2279670061;1936858406,3232902802,1408351325,3550384635,3343958338,1028780699,3476595644;0
===2428866810,878886971;3246320831,2618246925;2133781307,3455653639,1230188058,2311302781,1418720477,2051268468,2294911759;0
===2648693891,2430390262;1807267922,2523557224;2262499322,869941960,3655491353,1911049009,2556353529,2368094753,1458242854;0
===1318944936,1896139622;2387353628,961173689;2546947141,1933730348,701032283,2166397317,1851158709,1131570930,2976242046;0
===1777284823,3723111292;404745769,1998716870;3699258318,1726110169,2797107211,972650176,3914951664,2249177757,1269619800;1
+2128818765,2112425897;1723691585,2256979971
++513821943,1869130534;2641849824,1414340432
+++2201185663,1659614148;1914417805,3458320241
===1580769257,3058832483;1505106405,1115466210;1963959560,2759483957,1840413381,1273840718,161119703,3258841807,2024995874;0
===2176909998,2614879623;771828956,1490215816;2942260320,2353773778,3456399854,2568930990,1816344061,1438564585,2660061511;0
===3349667210,2460992916;3669104563,1399541239;1885453261,2577693143,3214848139,212445083,662260693,3359358529,2212618060;0
===2071372013,2721750011;1799402017,2528646301;2573744232,3406251010,2287385348,4013136192,1852826181,2734498025,2912254056;0
===1818395268,560674730;3006277510,2067464066;1683120507,500461629,3196979169,4079586857,1038213080,896817737,2669724357;0
===1300332945,3987649849;3530097608,922787522;872632871,2044470249,1016456863,2190841848,2664993806,2224869900,2834891706;1
+++1572888727,2022589544;2069283547,2621749430
===3423100841,1872842484;3074792919,1808052328;2008394215,1976006386,1343952928,2728371282,1092076571,2448791033,4189211767;0
===2775979443,999489640;579518796,1485259859;3708482433,3253613802,2252522225,339381277,1891340071,2083828439,1990351584;0
===1109239562,1627324413;3125621277,1892281177;3246403809,1141098991,2679518079,2278263926,1326990316,3310513535,2450892371;0
===2861979788,851217153;3286871212,1311582229;1739612472,1917919162,2422885672,3436222359,1302199688,2361558824,2073878404;0
===2595047194,2297594453;562054782,2001553425;1873251559,1961816212,1172500606,2010695010,2720131702,3023808402,1406970052;0
===2800253341,3416341020;2114354595,1212082136;2250353476,1974626630,3380033129,3903534588,3123352068,4041481613,2404680259;0
===3318986170,1086125522;1583255378,652625018;3907354061,2726413635,4138884617,2667702200,3278500019,1234334395,2426435227;1
+++806338680,3395447593;2066746266,2071298740
===2520108598,2197932973;2765368864,2065001646;1135200184,3410894650,3617903334,851638977,1625290344,2612185922,2361810354;0
===2724826468,1389707190;1458948388,2745180159;2280807512,2260814225,2154676645,2740651743,2866287790,1611693628,1099858799;0
===3961152316,873420293;2944009876,2406906462;2603135952,2288752785,3319261467,3182841365,1021380256,1948033949,2563434410;0
===2373479345,2070640186;968832832,2365139529;2352885284,2615142682,3099246110,1258929195,1393768043,2239651880,2849290188;0
===1124571915,3812114390;3450370550,223019822;1133529347,1575912422,916446215,2187621817,2653657266,3332128482,1724147638;0
===1425069164,1715542328;803205631,2041730817;2113034295,2041167151,969807745,1818752417,1428920416,1748455119,1374736971;1
+++1831527749,2231883462;3751901762,3093551693
===1700624974,3932065147;2575268984,2040008653;3100119314,1687035725,2502807603,2018063955,2404500834,2557818882,482839109;0
===2988483665,990195402;2023608157,2767647662;3649615228,1446029128,1011131493,295808423,3258627887,1689835761,2431801536;0
===623398210,3256513647;2228191957,2461124573;1717850756,3310577826,2978153368,696822181,564948459,306741223,1655522846;0
===1243468616,2594216120;2949225077,3335510902;1009987835,3295132715,1900206680,2619564295,1573515347,2490986579,3302791775;0
===718642157,1890878591;3001445087,2271414218;2839799831,3024236709,2661290306,4119240304,1941425697,1632770290,2931596307;0
===2384898761,1743429021;3253099529,1023025020;2566607338,579990445,694828524,2877309598,2234247403,2588913372,2718617355;0
===753918303,1417878089;2193963762,3272673632;2432058510,2151471106,1904150550,2219734736,2088002877,528794586,2805920044;0
===2892655981,2882637538;2272782907,2763076082;1225603323,3399319083,1283404433,2087279549,2028729147,2080313091,2915377327;0
===2170674972,3919729571;1328621501,2069467367;1275821372,2824598761,1874035628,3565572512,2583471550,3221657731,1210933015;1
+++3096263461,1801016996;2557237167,2011663559
===3823515579,2167081747;251645046,2131685780;2194710707,3547692621,965064770,2426383125,2698769924,276104705,2774772782;0
===2667279581,2193197904;1758363336,3602571110;2530166365,2413690175,1348508568,1136307671,3632750719,3284335753,1924771203;0
===3194976897,2531138879;2719102840,1815220674;1078635661,3542954244,2628618721,4145968277,1975333779,2194011980,2963651923;0
===2519558398,2547373327;1395353580,1772917689;2045128860,3162590399,1392961059,3634166643,1172778461,997602382,1630638407;0
===2687392048,2937648177;1244185639,1498414148;2628307224,2831883896,3542863699,1331240393,1889890831,1962401361,2213157378;0
===3138445972,1867957749;3633999248,2438957056;2574257201,2156383840,2460657730,2362089211,977322675,2176873354,2962358508;0
===1677322144,2547606617;2663106869,25359674;1033793401,2003801877,888612982,714766183,3089872398,2878389795,2234830537;1
+++1151585589,2949646489;2233180469,1156362465
===1406114625,1917611050;2003173217,2537734577;3154262697,4073208479,3436885988,3225977983,2663056645,1975880291,1433747682;0
===1796256462,1211097127;1660708582,290183889;3148019590,1434350755,1624873393,1068321339,3318588462,1277956687,2202941744;0
===528854213,1486201925;3757843441,2890601427;3618849027,2141610108,1270747018,2361387076,381434723,2781585083,1239222490;0
===1983622672,2997138296;2568645366,1022711513;2048997648,2651180603,3001713810,1941699241,1939113884,2517606952,2775522510;0
===2276647218,612888317;2037725853,3963348180;2981552537,2504535860,3125964545,1558719342,2292552538,2527457467,3578096876;0
===2585308856,2875923708;2005453531,1220393218;3840735179,1893618248,1114168673,847713977,3325049574,1533397580,3597179193;0
===3720991688,2975325362;1455912836,2374312423;1810408433,2809342300,3028105007,1690607025,2364186302,2048673940,2245839298;1
++1772612729,2231996757;1646017795,3113680708
+++3358863121,2835759359;2500225870,1665008291
===1268682582,1820295218;2889871237,2496876529;2013663503,3577179677,3402806955,3845844132,2211152155,1203608140,1633331129;0
===3484162782,1990089377;1433698109,2797608573;2846305445,3143698483,2693957453,1861139347,2392414936,1208183735,1632992005;0
===648462053,1464863996;3370910537,2173262940;3501602164,1906461839,2616072063,3136471142,2819800884,1364733387,2304388158;0
===2663315089,1121945305;2143823594,1020531070;3018029149,2778335303,2488439015,2386236271,2485047065,1259978073,3433978890;0
===1879107078,1293177445;1254632310,1672099089;3011469018,1626926947,3957212326,1460136818,1866803500,2677821991,2207141825;0
===901522972,3333165360;1097810466,2232161579;3159212613,3370965255,1683396963,2856162527,2174724423,1833655731,900202974;0
===2345257764,1976692252;1662150518,2130424659;3248171804,3878027836,2004129087,1061274122,3173952672,3796634390,2901034619;1
+++1962457228,3444337598;2822728108,2142969729
===2200065708,2203641339;2719205676,1643459322;2905447944,2606181309,3061652238,2266561543,2416261074,1344004181,1495988700;0
===2630111305,542714317;1723688478,910543895;2619763861,1449067434,2160827514,1783817860,2191233854,2698038259,3222107896;0
===2175463035,2666518287;2050399579,1931774550;2607954127,2449750873,2358432283,3194971422,2173146522,2073366776,3565386928;0
===966998786,297541544;3495030001,2055230049;2563644745,3041881333,2834521283,1684616660,2258949296,2058404275,1940442205;0
===3787946269,3408434146;2071887418,3032639246;3476661867,785454486,2045180387,1295656043,1469635774,1963722709,1697467484;0
===402229200,837305238;1758615333,1773112377;1834739252,2245510404,1973336678,605227514,1745507959,1223630317,3228989798;1
+++1237643068,2775284898;1949114703,3488364746
===2788580830,2113120701;3032655202,3391095984;3776568666,2613045013,609830532,1958437582,2659809592,1632309936,1069398255;0
===2247830350,995279437;3899124070,3049863515;3969893178,1768918088,35412676,2507175864,415364549,1017428670,1109350231;0
===2197165952,1793441143;4159776765,2908079203;2932339479,2103931358,1568153931,1743031758,156895863,2518812723,2255564713;0
===2777937462,2802972915;358750079,935144424;892469491,1667061166,1463671548,2250983210,2163035880,1012040613,1582737068;0
===1686534319,2335609499;2872912522,1216381568;2689561251,112635910,1862672413,177346554,2979692849,2457664107,956438375;0
===2013509259,1888659636;1536599868,3098257013;2243672717,3097469703,1495724012,2348670272,2155323291,514736706,667176327;0
===2153076984,1369129663;2337219920,1147047635;1759242612,3589750499,2943889112,2871493569,2260307104,3337837218,1243723974;1
+++3288878612,3175860356;1437653952,1603317639
===3669191217,3324859287;2985495128,1857675229;3730707658,2733880071,2650950351,2189961219,2708769078,2798054314,3256007994;0
===1075653528,2057462942;1573815712,413735412;2951895255,2118413907,1721816184,2688692710,3579177107,1694300852,1842688841;0
===2543458301,3197565022;2321306082,2496878850;488962303,3399598816,3376035255,747637352,1533108632,1455590921,2112907632;0
===410543258,1587993357;1818959490,1314102299;761652364,2385789795,2868604811,2128029035,1482109957,1323434626,1369423838;0
===2157106912,3697543917;1294355166,2804121291;2431868295,2740702052,2720994828,3735382670,1785186295,2802026612,2177657260;0
===463460747,1087293852;2209066134,2666566202;2237781723,3831877463,1268677065,1679397849,3097197734,2321758716,1475226298;0
===1224741218,1777644029;1979064830,2393347667;1416719124,2034607619,1927963169,1944754617,2836309259,2005349921,2003284306;1
+++2580840663,713194595;2608393055,1395596363
===2726728537,1881506857;2150831891,3454678943;1878526177,2393453540,1656164530,1687514181,2417808592,1651389899,2543484244;0
===522599150,1796599262;2443510732,1754843357;2399786507,2079407004,1586865672,2537468173,1342514574,563996639,929640903;0
===1697164254,3676381137;2007820971,3312491158;1679829390,900198428,2497901488,2220489977,1946269965,2814912601,709806751;0
===4043756890,3035393744;4028488192,1739935976;2627982472,1085354094,1766461838,2159914143,2468144877,3225033116,1232882393;0
===3669043638,982224728;1368117325,1966831367;2549962263,1990103146,3950915836,2072860118,1431344328,2434401089,605751053;0
===3494691635,2377101496;1777662234,2197726174;2234865050,1464437231,2150613397,1001844693,3761085686,547734011,2208529896;1
+++2830896777,2922796776;3504275510,1011913710
===1902396469,2762235060;1320161669,1370310144;1708171588,1088653235,3423912646,2113378908,2991113041,2299508252,2194914076;0
===1358827830,3291307813;332485726,3145894750;1249723206,2177763857,1282446856,2533942512,3537711731,2206276089,3297903456;0
===3547126400,1658096905;4112496502,2315216925;2416530398,2324569266,885195831,1919563611,3576219045,2774221984,1314573345;0
===1325864902,1932724190;1175563107,2885365276;1683797688,2176358078,2111254198,2380227316,3233159904,2094535232,3619219991;0
===2156390582,3623630097;1707473143,3643012216;1422915814,1473410394,1162589939,1807473487,3046181887,3953404396,1624982868;0
===1001752147,2450522592;1727071872,1982985302;3062662956,1547678644,2098959625,2084106485,1589879620,2119216689,2454761101;1
+++1437906253,2818977638;1459967338,4162619095
===819057944,2588644622;2900148462,2519618248;1907429583,743496845,2112506600,1670821666,2222715185,2853307038,1868143658;0
===2447377752,1059409282;3916743109,3672749760;2869737561,3452059907,2314227335,1260253437,2699051487,252167339,2207069417;0
===1503532251,3741942695;1129720091,2098566624;1571351655,1975834985,1878344029,2278489472,3038706550,1950410118,1365450134;0
===2612610745,1735420419;2873276010,3415671178;2978711290,1107380374,2886355760,2390432446,429070834,2867374901,1912088944;0
===2669941484,2970222081;3229588181,2386234193;1832361790,3511387619,2001499796,2465452809,598332940,718033791,2133293053;0
===2143002828,3474512123;1533698899,3866742687;1903074237,2787699818,785409315,2517389531,608519103,1128344997,3171645394;0
===2304929716,939745510;1815836539,2656207736;2233345478,2484571072,1886682326,1315058176,2234175025,1042694926,2123250989;1
+++1456278224,1510131782;3744587980,1951410415
===1814747626,1023788722;2339708232,3645363274;3399988668,1639024697,2775922032,2018102303,1734747357,3477696636,2100111874;0
===2427289274,3195754747;3776705486,228794644;2417385499,1661930841,1834042217,601294716,1026996979,2577167683,1018827441;0
===1937251672,1682598417;2220003424,1537306202;2518107790,2462795336,2971609709,813683903,2291494804,2457018687,2654967439;0
===2567418180,957542516;1177786165,2944869200;1733946770,850113041,2943526850,966326490,2620182749,2162564273,1858117881;0
===317955786,1306884065;1690215710,3138816240;203187844,2283736321,1194696181,1609584508,3979692964,2521146404,2498327327;0
===1450606167,900562711;1050313789,3408517962;365636012,3895734122,2804670669,1838620025,2735664376,2864039317,879761021;0
===2852715187,2467326873;657178425,3771115547;3044375848,1867607425,3065109487,1537534777,1127554907,2563305185,3743855227;0
===2364878144,1281639678;1947316058,1959931449;1704651739,3534225730,2146776158,3979043490,2836063679,1864898562,1443842738;0
===2128163097,2540894256;774779818,841689248;1780880561,2911533575,2866080424,3870081991,929820700,2765105516,1558893232;1
++2711936027,2257383564;2021477041,1395045743
+++853176801,3092512238;2447305041,3274603025
===1493146993,841953102;2650982607,2901865234;2823405829,3818363114,2184368966,1762013585,1887848432,1956252552,3183422390;0
===2424290925,1621966484;3311730006,2178245308;2662872304,765967581,4243498338,494704362,3203893551,1372337627,2252904260;0
===2575467220,3033784134;3326097088,1036179222;1527561415,271643024,2259574833,1847105682,2074145538,1909952923,1691346536;0
===3773207927,2062446808;2446171623,2595482391;2104480215,1364848968,2515107026,2532251426,1747908438,3299609782,2384191967;0
===1541576881,2311186248;2395606368,3732826855;1663800490,3044934795,3025628284,2007134126,2068133842,2401709180,998519067;0
===1927383128,1616152136;2354480785,2256334684;3084213765,2198170551,1776899164,1511411816,1792424296,3727032102,2842710479;0
===1935159709,290945451;3562932775,1318828680;2201044656,701283800,1209260978,2718711472,1759436970,2107727573,2491570730;0
===1471700664,2616082989;472985827,2867931220;758436319,2536880243,3745618296,3108686464,2736205468,2548505193,2973850061;0
===1113848674,2327484273;3273619370,1589928693;2552093197,1671322951,2889631098,3024367862,1060147026,1374841944,483932422;0
===2463161169,2466506785;2117414142,2466250215;2630520066,2644139457,2204452001,3058810884,1420780368,2103157603,3022231241;0
===2195586957,2034380807;3089822939,880320563;2598391463,2763462713,1594438059,3485954281,1856891438,836502914,894309291;1
+++1739325212,832985170;2539418387,998383247
===655782902,1572583114;2169948234,2308234012;2186678490,2595790653,2731831003,1347374061,2240098777,2320863350,1125330676;0
===809373002,1513482801;2418933783,2762188024;1445898454,3738366506,1913877999,1466224073,1501167598,1271728911,869987068;0
===2608704706,1677099291;3594771452,2242264591;2294860023,2166199874,2433139233,2406461404,1541817455,516955709,2851134305;0
===2128919128,1671002394;3405612934,2261325019;1762240044,1683974623,1951874005,2756423021,2208385182,2656943854,2567575979;0
===1177947450,2971352321;1009142457,867270320;1744478439,1632800518,585237208,828432388,2691327823,1081523171,2255460462;0
===2657667646,2711784718;2650402228,2677137007;3722572314,1569902047,3112766593,861356799,3057123210,3236750568,1674635045;1
+++1235350586,2652770022;2667646825,1972503865
===1506198244,1846202367;1678775227,715998070;3849592191,2539862253,2100429403,2115019950,1023367183,2443544234,2185095521;0
===845156419,3289856902;2049381627,249315315;1502503274,729047273,1930333195,3335747743,2354841349,3555089582,2908037345;0
===1322903458,896099223;2422317626,1933569421;1501492675,447638504,137103675,3016780780,3755246726,2052851661,1359775108;0
===2580520939,1731479380;2351497041,2509986999;3840715247,2606677626,177483432,2280425749,3396329635,2007541263,2192354926;0
===1579476121,957335282;2748408901,3257720861;1109011446,1450405734,1207176416,3871724957,1760431568,2056977279,3918451187;0
===1877702662,2774879044;2435636864,2072757979;683437361,1527480283,1041844169,2330858931,2668137589,1221189790,3501691498;1
+++2022604665,2099800168;1643799465,2097206502
===2091534389,856830852;2554220729,3408150213;3291484227,142164581,1494104152,1400882918,2198998805,1850306400,3135717826;0
===1658668214,1901043841;3454651107,3187909670;3240203204,1988204860,2275159482,1079547965,2760908936,2899342397,1432052272;0
===1825181597,608136688;3521272874,2231225673;3881931144,1733628573,3370492976,851101990,2967863534,3087792339,3001706340;0
===2594116408,1049987727;1954233049,3319380417;1349495178,3281358047,1423605688,773344438,2908096139,1567185417,2017602601;0
===1665426637,1198719840;938073962,2275288791;2914201229,1496439455,2129865178,1346949269,1497945077,2687594133,3315329098;0
===1147943124,1459229268;2953060955,2428284112;1311078155,2430656464,2903597310,138272570,2776088190,3393118180,2643119489;0
===3178712230,1349273593;2488345392,3588876207;655891640,2899450069,2220289809,2006180674,750165776,1909213809,1679863506;0
===2864128935,1860437354;3635910002,1723659432;2636754716,772618907,1417251331,804466802,1424538897,1908400287,2365637818;0
===2863400888,1932301984;3732905383,2310074354;2269446169,861050784,2426090514,916540125,3706051840,1391822085,2652774070;1
+++1377159843,2221154858;2176585079,2103000105
===2573989607,2167267742;2264514170,2349003599;2750279922,1203890047,1264835802,2308807036,871372822,1107716005,2054774217;0
===443901348,1807572257;1742323325,1903195613;2425461613,721230555,2289763788,3771368776,538774970,2641351550,2071290303;0
===2470270452,1876960084;2177292199,2242053950;2411132580,801837927,2745035158,1038559301,2155339557,2099197984,2227750518;0
===2111937197,3028029169;2242723772,2685763540;1455694315,816081096,1350337140,2435369045,3329489373,993605184,1073664222;0
===2716388521,2944667414;2197274560,2925578889;2928583635,1824296600,2305599355,2960440495,2584158429,2926302518,1818179852;0
===2008782654,3448856477;2598146410,2383600552;1629039323,901714238,3594091542,2276532938,1321926279,2766185282,2296918697;0
===2704135839,1812487528;2353301856,2323559211;1926450952,2512018843,2865942587,1804631985,2189775807,2099136680,1109228104;0
===3360573364,1655768155;3504692328,2158144137;1485531785,745658696,3886970487,614457582,1654732211,2062723851,2756355226;0
===4055669916,3074326628;3104880440,1407749187;2243943466,1857082240,1563514751,2713054446,1896830203,4057437450,1426711090;0
===2569230991,1163883212;1611845835,1884444111;1387803000,1174763938,2271064655,1858363467,2421078927,1253936266,2476297469;0
===1973586854,2145825145;715357217,3025965170;2055832236,2050813131,2084444485,2881348567,3990140941,1495787856,2150512194;1
+++3992162344,3014380747;3621470324,1120812529
===2311234253,2543516304;2618202669,1560228674;4110129041,3902203885,1624527377,1381132458,2099775353,934646964,2519782876;0
===1337130374,2776881238;1058888301,1875893078;2151722031,3595324942,1984044611,1416869562,3094351566,1531279847,1290813952;0
===1800705468,2580645996;2348857596,3545957351;1651601111,466834119,3048629215,1465914986,1297205243,1307272451,1149288517;0
===1594135518,1419113810;2222248605,2208798616;1915627387,3190611390,2764248261,3405308744,2816165556,742397028,1535212826;0
===2277979939,2146171293;1963460874,1362849805;1304864640,2537368824,2552924767,2031994536,2819256499,1560563551,651225286;0
===1992740593,2568262245;2105324342,1498181048;2107825923,2502571000,2104767878,1320218404,1738446076,905189520,1314723870;1
++1241391417,2434026608;1629293736,1235749475
+++3305926054,1497256882;917272664,2283460536
===2939252983,582837779;1388684272,1679222840;3039985380,3101024876,3912416364,2626887288,3189124836,1340195959,1840357639;0
===2381853891,2842684061;1692640303,2877502075;405272681,2825404636,1529226598,1331807320,215951061,2795999406,963039969;0
===2177387372,2458790931;2472096693,3695296287;78030047,2017963991,2290137947,587249429,1636154774,2581974606,2227252466;0
===2331468666,1480651223;2338939866,2928022587;1753520707,2035878885,2429842872,820122704,1195370517,2205303334,2526013000;0
===3471862802,798040176;1659866837,1259818191;2791684286,1660041625,1798055950,399739227,2593043260,807123708,3016797473;0
===2375314787,3266383881;2230008966,295659124;2486317967,2286760759,2237763885,769480640,2400005115,2034837351,2352036342;0
===3381058972,2721155953;2556172001,857597935;3470124505,1733661167,1514850484,2864273248,3030242080,2713205110,1765692988;1
+++957858330,380973109;2670400178,3692353238
===1485325762,1943620069;652392143,1264377195;1628137417,1934923883,2033000922,2119811829,989843306,2949619277,3754137223;0
===2242824962,727049721;1284165749,1506126566;231258430,1669565314,3780940368,2438889031,785999830,2997054485,2072657403;0
===1786560182,2406228439;2896530304,1527349225;1865057942,2358107087,3913114298,934046194,2751290321,1804364524,1490199936;0
===2626632182,2069162526;2691650720,3072532194;3138677063,3808415669,682809815,2192329942,1268321206,3768025487,3654087337;0
===764160984,2802226862;2214535961,2035849812;2158730841,3172527000,1309488964,3083486936,1047753073,1368920506,2096507252;0
===1984520184,490121565;1492509506,2264043406;2319033027,2071608886,2615504890,2355082471,3068130638,3013776796,2102312526;0
===1064090232,2878342688;2011637937,2270819264;2288390893,3075100059,2967784733,1895299244,1004928580,1838935376,2220523757;0
===3498798979,3033393959;2018197694,1084533853;2584146279,1427047820,3202429953,2360327082,3685667734,2327086278,2031079309;0
===862281978,2679205835;2442186370,826386717;1481425816,1787423595,326842565,2278596282,2366111953,857746409,1453075385;0
===2951305600,1088948819;525386154,1650739615;1391297679,2039754405,2242119671,3058051955,1627800551,3388253320,1313027797;0
===345290922,2007434358;2524442619,1772921345;2466600317,1911267583,3786411422,1550177402,2091507787,2442662318,3402410602;1
+++3364695946,2170280434;3724538511,2304851448
===1720917465,3710780704;2377910141,2451883285;2719321313,779363666,3000360361,1862327285,3127040625,728195477,1442994097;0
===2057745527,2486929433;2365325484,3528078425;2139899020,1624865479,923941833,3131493278,534748342,1734095140,2385973378;0
===2070462474,3133350989;3118004519,1201398401;2715699706,2710985180,2285123444,2145032725,2497604082,2753454240,1520342590;0
===1951167274,2659733865;1337497832,2739478877;762485208,1327104414,1279948512,2141009735,2910574588,2078196841,1438590220;0
===872789236,619731966;524096517,3046910708;2044664595,2947576418,841880064,1313985114,3833590074,1066925583,2865930538;0
===1985791422,1869597381;1028396811,2746196552;2114860036,2779290394,3340104421,2478825688,3073771797,2540298882,2337865374;1
+++450929431,2419499156;2283190101,2565917752
===2292813999,3304344744;3261156766,1549072796;1869816329,1949518171,868601167,2322816406,2731668962,2333543629,2696443436;0
===2675494044,3385196662;1478875819,2386143519;2845086943,1128953899,2046334198,1091986701,1985542065,4038882658,1490829535;0
===1839127153,2053570860;2175222903,2618253649;2265867386,465700048,1487028762,1832944608,3297941551,2289380005,2483307479;0
===3363727589,2735084486;1178415432,1369000984;2694097958,3606101596,2434826173,2121219522,2153236928,1382069424,2275907215;0
===1295522630,2666515041;1044581297,2268525438;2040246374,3029708181,1018571401,2847330744,2907909352,2568961107,929951680;0
===331391161,1665700249;3452548614,1068058328;631582665,1565659065,1997353243,1749265591,1297825936,2212994645,3457579352;1
+++1506729124,1979877877;777427312,2405744244
===3938164338,1364202067;2834155308,2281049827;2294159168,1650177526,2919301197,2650741561,2688464125,1406689379,1542709004;0
===1561251695,1780347438;2994776528,837488961;2080836182,1131571188,2590634658,2147783226,1399698906,2128590050,2764079073;0
===3063515103,2804853989;3294851715,2652835863;998009538,1369916974,1836276024,1916168213,2124726131,2072690996,3267971058;0
===2673333241,3347583653;1850668075,2488707077;3071805438,1636372634,2617976966,1637997453,179047255,2528817389,2762502403;0
===1646447667,1699621066;1330197686,2127091995;2094354453,2506071125,2842778916,2289384150,2822347815,2292232900,3113514685;0
===1726871750,3284487103;1137956831,1940277778;3206722188,1429813565,3427885870,2869168167,1477799935,1879881371,2439429972;1
+++691474771,2574531298;2171754195,1360794025
===1971105455,3157112762;3662114634,2887259690;1488441086,3132544397,1247886734,1098354826,2234735706,2397886901,2642914164;0
===847201194,2719851752;1871780650,1816845210;639549934,2008135058,2809902809,2709320854,1724178222,3625684636,2932787566;0
===2355355599,2332121768;547508778,1343568529;3063900657,3429928228,2403602222,2901861697,1024011074,3887576040,2472472396;0
===3215857811,366816210;2104768234,3136329236;667409457,2102748753,4004380207,1152719722,3357091251,3453670199,3145439173;0
===2346202855,1203758489;349454923,974336068;1836658308,1095371325,2479239248,1029114751,1023248330,1714034074,2260402041;0
===1867633103,1525302753;3910249548,1732276864;3889999212,3313063308,940250897,1038771405,4083614715,1603070789,1965354023;1
+++1295428310,2249029424;690556732,2328145626
===2528198567,1498519489;1836985954,425425955;4242198664,3323865768,3475698443,1214945872,3281654055,2183032019,2077574680;0
===1373897614,2099585487;2325203935,2307395337;2307501232,2068188443,687621387,584316047,2214792941,3296821276,1256616574;0
===3168649883,1455515680;1089927048,3849019633;3429232389,2700469072,2059201541,1222940290,1898934646,216035603,1153728293;0
===739716524,458372648;3791013032,2777637802;1932460269,1817337430,2503363480,2463139317,1162633369,1836302930,2046008093;0
===1263913428,2606163529;1195445015,2915098794;1920161390,2298619894,3542942201,2377445803,1847316262,3356830999,2854492752;0
===3680240680,2130771265;2183166055,2051811321;744206214,2518286092,2488268309,2774666607,3401784901,1127811806,1607388820;0
===2154675852,2365116679;1080077445,3144887189;3371246878,3499563049,3165456874,1725433130,2053581757,2686979667,462549874;1
++3210583684,1594974122;1379001879,1086458812
+++2884456262,725364616;1819090195,3115957360
===941838941,2161183821;2000721201,1186927617;1019632408,3705004779,2385492398,2085896808,2715915479,1563725162,1904027101;0
===2180365343,1471176728;2754200614,1911659603;2489494807,2745629449,1669410221,2963705682,2389056495,3444799052,1403965973;0
===1819139050,2959002659;2185697513,1297533932;1478732056,733361844,2390747694,1233356347,4023289628,2625840872,1028159498;0
===1584036866,1193414556;2077034024,998087240;3264443490,2939421680,1895670591,2900394467,432551201,1251070727,2237680199;0
===2300384622,2303948466;3747332300,1723738688;1659758643,1928012284,492784180,2178003981,2359124041,4146423617,2314370036;0
===1476855627,2390717547;2910952291,2550954952;3229385052,1696259693,3649772791,977328223,2199874077,532599166,2938056502;0
===2048079657,1299938842;2509118082,1209323525;1624015939,1122192544,1859775402,1319142749,2530297838,1500434843,2831118797;1
+++2765319513,3574354849;2102137756,2537866947
===3192605538,3044001933;1869746409,619964722;3024359911,924561230,2241079589,1756332147,2081608634,2144217265,1731809697;0
===3707944110,2341813122;3080873567,2859345971;1352346308,1398039086,1838008474,1652069241,2146811996,2763669244,2642824741;0
===2431476521,3237902261;1852423974,702158103;1461848584,1713903865,1027294522,80981383,2190448833,3436612164,1966653644;0
===3476892534,1409225617;2166671544,3192301295;3061970545,2421173503,1134299116,1680000913,1378249095,1423288850,2176147209;0
===1627912903,347112796;1363011380,1944701840;1742778928,437833690,2068198675,1589690248,2435414099,3628624101,1442999839;0
===1520494894,1647345439;1804584557,2256794015;3039976746,2316596450,2861632361,1869119688,2514252401,1816393254,2998244140;1
+++3289868612,2880247081;2838460685,3385857498
===2621399937,2380059084;1917384168,1875212670;1809665339,2417614770,1852491729,3947073115,1010835635,2074007799,3197409228;0
===1897150539,1984984100;1269686329,2574514466;1243658207,3265172144,1280071825,2186742698,469743984,2054225965,2141772137;0
===1973682876,3329066782;1579236837,1862835168;921283232,2786014617,2959371696,2070894107,1564976564,1475606093,390665823;0
===2457842980,1188064566;1675031642,3238337178;2683917489,1422082481,1454136958,1978520772,2872919145,1294232429,321464317;0
===2119551163,2814982077;3802157642,384807316;992721156,933911286,2107828420,1087815042,2986350735,1819162509,819225899;0
===2416229416,2357270425;1549408692,1760307856;2730030037,2251585928,3182588467,2297593600,2893390458,2217960812,1487547459;1
+++2208037133,712989631;1966048386,3634889974
===1861038958,2106476667;2042445800,2665618710;1020769086,2201672291,1954767056,2927202052,2905620349,3660729655,52042697;0
===2118408227,635722811;1731515467,2126877225;2535251640,1956313251,3291852679,1179779313,2127285699,2581517030,1436926377;0
===2385907879,1967271658;1790734041,812396704;1682667040,1738860563,2641585116,1024194223,248564318,1560183000,2024365056;0
===405653582,3534250061;1136330821,601786117;2367880151,1832901538,459750378,2639125997,3577011240,2830937823,1772461844;0
===944258765,868711146;3104760656,1999939474;2782717021,2063224253,1038842741,2285384535,1231166373,985392545,1503370922;0
===2564118147,3439862199;2477522795,2779109557;2667095539,2493557839,1300900764,2170218487,2054952065,1641576442,2893988744;1
+++2228649741,3327389674;3353192894,2453336890
===2176096448,1147322134;1991980140,1713593802;1551580851,1913804077,977691548,1479222478,1649015782,1557954657,1846428806;0
===2963394677,1964696881;1764953827,2161558053;2135775744,1748689434,3845597968,3549585282,2505215937,800515078,2634511811;0
===3099449638,838018429;2380874591,3488185079;2638679599,1868344631,2112176352,1717884403,2285929191,3042230036,2395434546;0
===1277499353,937794076;3290519534,2745283701;2747980462,2007547423,1689508326,2928182348,3210136216,943036831,3052725829;0
===2053076787,2777799108;2284025557,1971256588;3061186176,1243125536,1843317918,2310379276,2522784868,2030869855,790404806;0
===779896588,3280453403;2883690605,2214471142;465427809,894997159,1231019369,2471652200,2356968320,3715982796,984332827;0
===1726761197,1774295523;2843011851,2823761009;1887700903,2725657907,2491187158,1895025125,1292471441,520258552,1062285002;1
+++3954077778,2920984781;2428818490,3178910540
===2212612657,1971711331;1519015486,2020247789;684129507,1848733880,2302244009,3655979055,1280255092,1678394488,2364566552;0
===2846143862,2622728385;1629612796,4084097349;340942358,1614351675,2460762511,533598329,1671765637,2771453977,4025165101;0
===1832825429,2011516068;704091081,2541203838;1668089741,1315655124,1361968006,277451252,1928627154,1623283913,1983306118;0
===2190033405,1524921926;1157987876,1959143672;2832812866,2782174770,724996296,712863303,2351355646,1462075581,1665784198;0
===1633331984,1572220476;791985795,1745380910;2672245089,2225515379,614171060,3470576495,2602956170,2899767306,2143521805;0
===2314428317,402824321;2048803457,2792992167;3365121779,2563676415,2877126989,1068912104,1139002059,3084437830,3052950730;1
++1057083486,1254659400;3295979731,2016695291
+++3008600575,3834878310;3251689749,2538073429
===871471740,1763121971;1758067761,3626595255;2523210076,2455179291,298973243,2049932580,1973476995,1508323797,298534453;0
===3773913044,2141733086;1103111468,1120089555;401915030,2045861162,1531195686,1095996975,932294980,1760127346,296174673;0
===2552512185,831066946;1701593793,1856002333;3205458996,2820201362,3164736182,1999087932,3069233252,3871834909,2723213369;0
===1272186617,2525272776;3196683645,2701374559;2657393082,1064036658,2759378156,1480353226,2966297566,1463739326,2584120601;0
===2890841292,1321764024;1621728512,3155667248;3953898386,3282384330,3268214473,2447200898,3704243512,2390464882,1034404492;0
===2555132009,916790161;3905149385,3898230302;1983666332,932952821,1428848971,1484732113,2621814714,2027813144,3195921436;0
===2219241133,2718721383;1892391331,1907986325;1951923435,2986059798,2925353538,2448715529,3237354368,1581372673,2557118698;0
===1457696081,2715117311;3524798808,2337047385;1465552347,1684946826,1577761609,2663755561,3736292569,1470821026,2275517693;0
===1278464163,598546938;2202825114,3856815212;2289231014,2157320225,2008725698,2920771311,3429238509,2898494172,573005734;0
===3138356833,3385844263;2997289298,1927930176;2430820062,687857739,3321916922,267741227,1096057074,1902487315,1415798484;0
===2043373279,2495901564;2588731421,2256535001;2024017489,3636426664,2823081212,2024749709,1601454031,1868881490,2167633819;1
+++1998038982,2857335160;1724327588,719062654
===2118321881,1319029033;3251467784,526060518;2563012442,1998808161,915540993,4044931762,2985632398,3558921958,1493748242;0
===2937872211,2124798038;1114576706,3025332376;3777119187,2000656271,2151444125,2842460402,665600534,1233541729,530592559;0
===3427765916,1806498337;1526820654,1777696119;1712941554,2332755370,2283868461,3568972756,2867952027,3847490582,337406009;0
===1238351993,2268933032;1367042806,1289344421;2481293015,2163447207,2057733952,2807064942,1262684702,3799987449,707847791;0
===2315912058,1991435368;407494835,3541749451;3031644091,1162839541,1680848107,2560590052,1293556138,288939830,3099095272;0
===178300191,1373015433;2721483649,514163290;2707149353,2027584453,752428705,2837190410,3128202615,3019232616,3259552527;0
===2318120477,2294069361;1102084555,2322083754;1343481165,1185115200,3304139161,1011790936,3861496146,3243734727,1832356410;0
===2554206113,1589210018;2538330746,510147689;1861056778,1055681359,1727914707,2020748673,789615036,2851630666,1534008396;0
===1602622873,2396458302;2423966697,2058663105;2008169697,2214521868,1824197351,1978739918,1762356861,726053807,3102260371;0
===2341573573,1524329473;2400368183,1953629859;2026961772,676320562,3567044437,2600761318,2432619444,2838969953,1513229310;0
===3595390012,1657676369;1242984841,2354867229;2469894266,2651288033,1607033129,2605071623,1735519415,3279155938,1567927844;1
+++3221883820,2416976193;2164933162,2813480329
===2439262351,2154154255;2155253773,1356499665;1751029978,2705691875,1025395940,3353547532,3149690983,2026277504,1736618998;0
===2703256628,3612399608;2427004311,1390876225;2046278028,2952584434,2491811819,2593203153,2506467566,1206749679,1439377803;0
===2492190104,2552709075;1100156754,1289505504;2584121497,1685021047,4128970692,1258379985,1078700581,1499429403,2743664914;0
===2739723383,299489284;1285946941,2149477363;2503343504,2331029390,1745872093,3494706409,3783736056,187732473,2383761445;0
===1605012863,3398257713;3626350247,1783347338;1550873236,739258188,2697214196,2248012579,2521432622,941897758,1494056381;0
===1982873551,2075637808;2371252256,2627840269;3016769625,1615642289,1044912661,1693701351,3415922606,2573087086,1746086000;0
===2323186634,275644927;2245640514,2180053631;1336580952,3045549134,2201000884,2214454893,4003202928,1072533441,1793404635;0
===3931520504,1790423308;3312196348,3038446819;3215585452,2067177142,414762651,2167465467,2860419778,1025073797,2772787793;1
+++2772438618,2687707376;1891527714,624662588
===1864219797,2886238662;1583152870,2551578944;1043797759,3223170653,2590091395,744767537,2285824771,3208348956,1961289905;0
===3441335615,1471565146;2853037251,1665070856;2229150136,2295655673,1377323450,2155497058,2591769757,2518633801,2661192270;0
===2913381200,3763133368;1933034038,2990475632;1277240292,2262185757,2385512964,3206675259,2976263868,1503873780,1826171543;0
===3427139659,2667896350;2139390533,2241232195;2803723567,499045224,2585238957,2692522007,1130693623,2519493172,510780919;0
===2072413537,2526933544;2166308876,2513339132;2496036902,3429616689,2426929554,3962066326,617694756,3858457068,509059024;0
===1101299529,2195822296;3052304702,3926163389;963637391,3495134061,1772783280,2856271012,699692772,4006853460,3578850696;0
===975513591,1126762864;2320635877,1402850379;2603497467,2261879875,611435506,2519649012,3156279236,2266000364,2480181910;0
===1783674175,2696948836;2481538954,934159963;3588892101,1161349248,2142330664,1495262390,3687866926,3788264455,2244038107;0
===2160721032,2540980355;1937402463,721425020;1619372910,1377906969,2347224256,3235952422,2461602042,1260682317,1740137733;0
===2940225105,2173506826;1360107525,2459267328;2811676045,1546645511,1523579309,1325397704,2753079491,2522260743,2524453041;0
===2396218792,3095506740;1351612193,2495781570;1248974239,1200529375,1789787084,1381186985,1960042517,3150961180,3148210627;1
+++1351244372,742605662;3772996479,1619415725
===2923267270,2692119791;2428772772,2137985491;3488601404,2776035267,2970922075,2408498897,2351040490,2182071685,1871191894;0
===2340705558,410230011;1999345338,1488807404;3741064762,1647642843,3643031786,2290003551,2061815823,434949885,1338242981;0
===3257591864,3418153368;2462539657,3468850180;640884018,1225266828,3705337249,2002652652,1789429711,1955614461,3190577632;0
===1644932396,1799819699;1431426103,926478613;2214898967,3313143191,1087573921,912957185,2384290443,2834444551,3019204762;0
===1939508159,2038201849;3214725813,2499733478;2233970270,2593493271,1893975956,1470072577,2025022714,2710274945,2620730119;0
===1997955814,3024000183;1458448721,1647412625;3623921974,2761049780,1662596257,1172275049,2844444577,3523117885,3168845011;0
===2990626776,2578646908;3204985891,903300408;1622311380,2936230729,2638221755,2545486759,2019448298,68603552,3239331815;1
+++855836662,578692524;2306483354,2494602780
===2436300581,2620034226;2544668898,2264780229;2296706363,3322086252,2045686880,1672570668,4027643989,3542444750,2943864846;0
===2440340488,1207708294;2589504327,890076269;2897431094,940226733,1776910894,3637256642,2125469322,2120711711,2154179952;0
===336505788,1155641690;2322739164,1689431675;1639239711,1000893021,461890094,1789135211,2789875288,2804371585,2538469611;0
===1467262043,3005656405;2781532919,3222335015;1469176651,3185771192,1381072847,2299017065,2995776600,1018588564,1886031276;0
===2977300095,1918384973;1061331335,1914804573;1964826577,3829422186,1738651313,1762577187,1055481397,2190339797,1776402619;0
===2345110385,185191888;1739452835,2779125623;1916813356,3352580292,1477913074,588614127,2006525160,2098956839,2646767012;0
===3478116961,3066702326;1488485496,2364112269;3141853854,2032400024,2705477929,1106459635,2645730471,3771415171,1945756488;0
===3025673111,622603661;927831075,1780534894;1694336093,2272183908,2057397988,2647855153,2566714623,2490536419,1458960412;0
===2769045622,2469490677;2495316884,3063316085;3549665576,4056135873,3790707283,2307590840,4133685777,3941609471,3697994768;0
===1045362685,1314143815;2062904025,2631816372;3897585161,774402190,3862305949,1931360769,2596509163,2631788082,1752249194;0
===3402580293,2816454513;3277595070,2510288578;2012951525,2541145008,356958965,3141912163,839091975,1744471111,1811971653;1
