4;1;9
+877481779,1640560504;409575027,217719082
=795507466,1276004699;321372474,1798574738;2122042432,1644831319,1546993550,1710968729;0
=20577173,819601535;1787460078,1824158714;792551903,384905799,1374666152,568560915;0
=682050515,1568157339;919085751,1400377149;2040871577,844690845,1355388667,1366604163;0
=1675945602,1960664506;1271584539,2103331358;933443357,416121939,590186781,459523909;0
=1167116346,1541680358;1844879854,1635720332;763583249,797617829,322642718,1595256028;0
=1064950455,24104979;1101473989,1534092049;74729803,1671749975,1511962146,758916888;0
=455360819,1429778424;104307065,439035034;964519464,1517880535,634062458,1568718111;1
+233306699,831813610;1751028338,1067674085
=2015579995,964815189;374815948,1366025316;535140156,1421600246,667489300,1842325731;0
=2004316091,562469804;1274942524,1157899758;325867371,368604238,1996339812,1110871802;0
=1224697314,1549457444;1281293884,617126679;290190675,1708098518,1744563246,1417844672;0
=512401045,748354070;1490623861,18214990;1237020073,779269669,1835298340,1095563442;0
=269832102,2139495101;223170655,1588289415;102269967,10430660,304757115,1191195658;1
+101389802,1514802016;2112216965,2016472055
=399934742,431960543;62088751,1049563613;1290225029,1678448070,719088582,210822039;0
=1155536301,1710283223;613021912,1162188553;276649199,297498707,164681635,1147768247;0
=2016399473,2141406721;1259356040,503285080;190226483,1992384440,1176316897,1980633021;0
=928124190,1342619666;728925210,1251790698;78383325,1632045122,142366330,1035997317;0
=1126402261,917979488;877645609,802217776;282682032,395848852,51797304,1294138622;0
=655420978,144488958;619398668,1500217983;184056641,914145065,1622478648,345470953;1
+987481293,1354364887;513441902,1900468617
=1554266853,1732067785;1861107226,1040547956;887360518,1201069687,1279583895,189856397;0
=1083274007,171045438;200307855,735721566;1258750760,1905488881,681236881,994761129;0
=956644845,535833588;527297004,1181123924;571326073,619199326,80867064,922243665;0
=1151340567,2066331143;2010519745,2046944211;936729850,1316026171,1792847951,391964535;0
=1640587116,756016391;1650637012,1352215471;357425424,2017790956,1714336965,2057860948;0
=321582215,402816490;1089148099,667697552;1414390744,557271036,1393892908,1574948632;1
