4;3;3
+459615610,20615229;871501430,925059142
++1403928335,1572385439;1469007481,201736728
+++301379918,227538454;386389694,1816335788
===337569176,1623419954;2107785414,273246639;1898204837,258450816,489486288,2064224073;0
===672037407,434049567;1496586243,2100312429;1517310033,525050632,2094839590,439321115;1
+++1442083106,1820761884;981123418,1572749512
===853920295,2136307532;1827605528,488488057;81427362,152215693,1931480820,334668902;0
===405375006,1157133032;787038716,713493649;1230782979,937056592,1902693826,125716289;1
++1853884532,759103162;979400918,23106395
+++246865073,617358291;878357452,1911019132
===484662195,1140661853;1638021297,953558772;559073474,1229806210,15366552,504296900;0
===100076505,567483789;2075715903,734252911;85615817,1801417537,390823042,123680023;1
+++21343586,2065498095;1294565915,269804125
===682459521,864042430;1963810159,1425790793;1759687183,1378348299,1001852226,588137876;0
===229961112,1027510336;615721171,1389609848;1514981194,1018939688,163415254,979199989;1
+1126031566,1697343604;1507557897,597268948
++901533499,1571881534;1559107901,304923492
+++348249399,2052633017;544054976,2040197786
===1657189868,687634651;72530079,1303014273;1495309927,1607127776,424926454,1795271866;0
===1750878626,40437446;1406662279,1655978462;1048917802,1369582377,1952187861,358967991;1
+++193340202,17505793;1868663100,842429264
===2115397999,2024634640;141999659,202749989;1323548411,335099553,1644860648,1865254910;0
===2107270455,553454049;895400682,486972476;1384699404,314897445,487168808,323500475;1
++234236996,455418560;466904574,1971810339
+++1688976338,968936441;1503132206,870747846
===536281551,664827481;840486835,1138131072;1962445284,1287522940,368507402,1855400857;0
===29370323,1493182921;1718441802,292726611;91462643,1305276288,776653281,1192507387;1
+++1987450483,1912223068;524078458,1789876666
===1092537035,555323321;137993290,1001130868;1357607035,984988698,1730214574,1106379138;0
===193744081,569046463;821953600,487143535;1370811729,1621592899,460676658,355631327;1
+356370837,688119732;841544853,799335338
++393299394,796360957;1099587021,1985706348
+++577728663,686934138;1501113654,356854584
===938411900,772924440;2083433681,854912274;583117659,49703607,978413718,1970192090;0
===956794115,1365914993;181608328,1957988581;1712870267,1118130454,999051517,657819847;1
+++1941972539,1925240218;1384596854,1830404053
===1065516258,788326554;1998314150,158001601;769995160,658467339,338882141,1557405472;0
===668941370,2029296953;377803444,1703093887;453146380,921995251,1730211419,1114355354;1
++284579382,140874015;251765935,2138028028
+++360514000,198457442;1337145255,1868914492
===1656455858,565327405;314531243,1558952142;1666916470,1734481819,1049085755,225218739;0
===1092233363,693750780;1590557205,1563200883;420459964,168027265,1592817735,1614129177;1
+++803089839,1680226565;2130564803,1832057894
===1640954572,2049428533;356957694,688654098;2012198145,966684150,1884641257,701485737;0
===1242780612,1691342356;946789005,982675100;313622421,1668865745,2014605985,1803126784;1
