4;3;3
+2761701192,2940848921;2052226087,1957514067
++2280779366,809959309;2055553246,3527454352
+++2690238410,3025774794;1967207565,1996518168
===2358736461,882333251;1200553694,3843065573;1864717687,3243126996,1674851983,1331981451;0
===2257681399,2965003519;2685178215,1253512300;637242605,2231990416,1279954888,2211378832;1
+++1197647814,1830534733;1508728668,1879079273
===2565108823,77932692;829650080,2571464245;4115702173,3323634247,574484008,3635505229;0
===2753432298,2291481091;2816843257,2782484526;1401608404,3087119530,892339904,2918058453;1
++1598142096,2399066695;1920752323,3598330439
+++3670989135,2678738089;2842494744,2020580965
===2714081342,1354131653;1571620153,3212353375;3480799638,1660770717,3126031773,2986098479;0
===2290767060,3700958911;2006536086,2576956880;3776152237,2284729347,2056294692,3140124527;1
+++3968320310,1725632734;911414485,3881790169
===2734972431,1634190782;2070843252,2576541627;2417564480,2206617517,2995681131,2947107265;0
===2474663988,1957343920;1723288483,1428422865;2409393545,2880366149,2254641284,2005032866;1
+2749392716,531695015;1255412685,3579939526
++1258818265,2265183219;904120676,3983955314
+++2204403419,758161298;3356726374,1435243989
===2316608964,2316918393;3036680857,1228808331;2425909800,669914029,2173243350,487271891;0
===935799734,2274929715;2623283166,2308485380;1723245884,1286590912,2106159140,2995908955;1
+++2902512056,2231854421;2364730319,2403632305
===1754255876,1732000467;2725825051,2535599990;2894278609,2117115411,1759573754,1687889795;0
===2124816461,2394434957;1872307695,2929145743;1194374459,3736950096,2765285337,2251616455;1
++2038084926,2312572107;1761674267,1904580632
+++558509115,3292342326;2560463858,1955079389
===3572342208,3403196362;3395074672,2217925259;1286225163,2441701118,1785486108,958712991;0
===4107417790,1123580930;562658274,3482876176;3952629099,2934696856,2862867807,1912779740;1
+++1749724914,1831390098;2616797422,1789105310
===3093292943,2604287931;2482242655,2710073841;1220998623,2061021440,909225136,1592032896;0
===3392539872,2957025606;2250903444,2487408858;2418598782,2015154446,3466570763,3759723209;1
+2047693588,3594678779;1451025283,1703831001
++3098480681,3020338618;2690518733,422576595
+++1682713600,2140255990;2175663399,2070233043
===1738241635,2910394160;273848433,1599939955;1640064699,4047135958,2422978110,1300087130;0
===1885061454,1210068016;3471462333,349288759;556299361,3041020413,1733682226,2358208461;1
+++2298825934,2291463684;2838330408,1357128886
===3033506485,2354452061;1769437597,2840474438;2015771370,2152098205,2297966628,1889406051;0
===2635495090,1923014351;3784009848,1113912746;2591631848,2494267099,1545849569,1693385738;1
++3055758540,2261704725;2331344143,1535392549
+++3385814416,4059036494;1467199720,328871435
===1794054503,2942722869;3917849943,1301713759;1492146453,1509140361,1145100632,2741134440;0
===1123186478,2249722889;2511921684,1943464235;2503246920,3806424883,2650978912,2414647831;1
+++3290853254,636386918;100186241,1605862884
===1939273676,565086655;3149614281,3325611815;485772555,3085066365,826566937,1737540904;0
===1176359304,639011017;2237340959,2787141851;2430199855,1141090434,1353717845,2449068030;1
