4;2;4
+1657371000,1841578375;2108099831,169760888
++170339171,1910807680;264652991,446130558
==1585129956,946760854;1833306541,2020881073;1875659990,929780120,1505817737,2140219607;0
==253254916,1307217158;2035312559,971761801;1293349857,62451579,287696158,1391419047;1
++2021203475,1397324560;676573716,1553573837
==363732335,2065076097;1872322301,1579746691;758075555,1385281275,519810354,393112260;0
==478463665,269502573;54086796,420005147;180567123,1023848148,420096841,992850630;1
+1822134893,1433835614;1272586300,1519943092
++1568565269,496942291;17704773,1462524431
==1598898653,153442719;1730402614,1556748558;2043425845,108240686,2101644991,172353315;0
==2063971204,747012998;916166585,127957726;1908628780,1516486245,503388461,942624023;1
++1324341849,331127900;2145480979,1444183555
==851442177,1396687314;1917232201,1816587325;645363376,2096021362,2044098328,1807394686;0
==1622537281,1975592853;196719109,1738093419;400112527,1576277650,98660554,1040727508;1
+1235075703,631885748;1551518587,493885173
++480236475,1123021029;836561807,163988904
==1673051827,1909628474;644557672,650338806;1439444815,1893974184,236569739,488831643;0
==1979429517,1649969730;1418987676,201165470;670250562,956447307,1676221068,1254767846;0
==1819003270,1878612997;402918494,2002271610;1449456186,1543688276,1640008335,1168036584;1
++1142642614,1340803473;1840971174,1606384816
==422639132,1207855647;1289743124,1951902101;1772726557,322645837,1762245611,1140503159;0
==997168086,518828046;1806763525,1153200030;677014148,173855539,726044541,969886834;0
==546639557,806006911;360086705,23729821;443156355,2056859691,972611308,1566230491;1
+1912346376,755576772;888276407,1078019008
++484321769,1243356904;1779878399,450233239
==1883089793,90379481;429219305,617692176;1341313925,1928395739,1499886096,517689819;0
==133942054,599483492;1365447066,1423561575;491659810,1100035497,334885545,1585057199;0
==1293655377,152510117;529362829,890247381;825200775,486035043,1974601120,314418982;1
++57030215,1202337710;1002075867,925078786
==1836609835,2002965601;2036687507,2040268123;351427513,1463750746,503494165,849678635;0
==1168395575,411171346;674856075,1396292026;489323811,410383590,1411081198,341127447;1
++1733074303,257633369;1069297854,280011609
==575016785,741564726;1410113754,648869606;891142690,1625474353,1120137634,1963837522;0
==1792938974,1264592386;1649623936,758531211;1973686878,915382482,506106293,1856084281;1
++1173473011,1084231391;1257069258,463986831
==1114845173,716011363;1136035912,217076590;687882212,2087375710,1476463817,812821570;0
==16985863,134897846;604270894,1926163814;2128619167,1177584629,1665461925,933483601;0
==769800491,614298600;1637964909,148055826;1262352044,397333220,917254740,443898584;1
