4;1;7
+1310750990,1042134629;873069732,1503170772
=1744334802,1364929907;925055402,903532133;1489053415,1229380168,1407448088,1837667878;0
=693814389,427400604;705003800,562182273;1476984995,862375415,1523011380,1561909528;0
=2044578798,1554499225;21928149,1286113025;2064074706,496687900,787996228,928386101;0
=589768962,464079184;781849631,1840635219;1726004728,1262774122,288259047,345793223;1
+1397205317,682043897;1120263838,1414883571
=231187396,849341147;188599109,1417703882;1539816296,1419396598,2125701899,163286308;0
=556364000,829028408;1433786508,2132699011;872383736,1232598291,1095829021,869282242;0
=1171708474,592588101;1867622824,54047532;664972619,2066088247,345960059,537825564;0
=678413980,861762979;966605011,2004888523;1504129206,364472123,117904452,568752123;1
+1701940080,1037695826;1117950931,1436841241
=81358835,1403171489;98076852,275025553;1065912068,558584954,305391606,904131418;0
=1488390506,2000534273;1587783925,1380672075;1232026644,1663250614,765355399,1759320897;0
=357645540,2078486015;1624844818,1910919067;355737040,1697146486,1571958146,122720558;0
=1978684056,287344154;1729051443,825665942;1365239319,1194522295,2099829102,178989259;1
+260777464,21135619;815526877,925639587
=1696974664,1223878356;1425539476,2064345833;677552417,1667834008,899803147,56276619;0
=850445393,975671237;1428806006,1903733425;1906207147,1670813136,619979200,2041742744;0
=1532182598,112767034;13318376,2091771761;1215532919,1536622924,1908057243,676659311;0
=711245260,733481148;908402969,1078693323;964192362,1060375640,1448910278,1024012926;1
+1092453965,1981267803;529071676,978787408
=1224809025,2098864766;1511013920,612021802;1845854031,341808455,988872615,958209860;0
=721410849,840990382;189043941,974499836;2038789151,1035803937,1104906626,76413045;0
=1715765721,57380040;1889707868,2119269967;527837906,844142607,707506085,399031136;0
=502965777,1473932572;1832355427,1017292803;262332020,1117738497,1035117142,1089023554;1
+1629804454,1516354582;864481418,1166485284
=1343211159,1885327329;1602324832,556636874;1490192956,1666359646,784152332,1024861312;0
=894143171,1353682188;1616652308,1836900699;775147112,1302659143,2120191838,668567693;0
=1075960139,175915774;1345036303,1103802452;2087268013,1162556007,492685919,1192085163;0
=1453145913,434570041;310663024,2135855013;1799354564,1133217124,1172669403,2099825569;1
