4;1;8
+1471837344,99073470;1755824897,1685992946
=1521793204,1970174580;1725148507,8553129;1722521504,1357831434,89031491,567401137;0
=2120622151,1468714185;799652098,1248072997;1478852919,1618755617,741629292,1126041718;0
=103098467,1986673168;494435351,1746331667;1836846990,1527912314,2114811627,112713310;0
=2009758577,411077004;54040809,1727403421;947190389,474339003,957059856,485788850;0
=811061235,1302113691;30983953,81037468;1228378459,2144707751,1681052699,651754463;0
=204782441,298048648;1575689946,1017226738;1423711566,156469509,1523818872,50302945;0
=353034094,621032293;1967768265,624587015;1425879442,1748687470,662774136,1597631792;0
=1558691821,131660523;129555457,538938793;1941708649,1722935866,394760273,1388083573;1
+1939449778,1754487967;788006556,124948346
=686459155,367151861;438932456,774327362;1957986811,1065738025,172525437,954557371;0
=1361456727,216743808;1697459648,266441140;16076350,375352600,1993767659,140226158;0
=2046223005,963358341;2024743702,183414026;469944804,1407781471,716365479,729426400;0
=456629847,584786919;21538189,1216058980;1702365111,1530563736,1910357762,1719367091;0
=414745089,762963728;340885110,1481888245;85749047,1198712482,1407862437,1500501406;1
+1811875472,368309064;1690534664,1774124576
=1193677716,154958543;728925123,1313237135;815044421,829263817,524137736,1563987089;0
=1690363023,1029543709;181930563,583908238;640436719,531660976,221790224,1153814892;0
=380667748,1227712491;305565870,618523660;849117829,574406968,1569970102,1206749214;0
=353830613,2051796299;747703739,1080239890;461721947,717965712,913496964,674249069;0
=840021644,1312748638;2077767342,1257646135;2101574229,1046517108,587525214,1302357783;0
=2026381400,166451189;1160977979,2113403076;1145447181,1989098999,701581022,1499130738;0
=1703011341,1432439454;1647199924,1780711200;1178435764,1796216394,279192050,188116463;1
+1559400965,1924035634;1272087991,858237959
=1517483461,907625640;571722454,977322125;1921258190,2008625096,333316330,219367812;0
=1342857278,513576011;2136182527,2109055505;1834446538,1385072206,420803423,985246642;0
=740401682,423493077;1067121163,1860998136;925946804,1732046683,590575959,433949938;0
=1536533636,1081454333;902784644,874322871;2055268268,102581394,624003305,1206496117;1
