4;2;4
+1481558585,964669837;1693975862,1209134350
++1728214542,2014944256;1709050361,1632033136
==566266964,100954804;1901222055,66262706;293864661,872868242,1975092045,295922665;0
==1907445544,1782057134;1941702239,114759197;1053743117,1977697275,448421005,1029786433;1
++1147981794,1789729872;1514244464,930403247
==1121818334,1561556926;1131218353,2138584067;1708956609,195186361,572963127,1112003398;0
==1280747885,320945742;1943120576,1679823504;1948676665,540942780,1639566458,415859261;1
+205113107,1398155317;490539512,353520188
++1390616417,2067490339;667345085,1512368140
==5949787,427726021;1180034092,680208316;906545751,404029313,1425544154,1060266048;0
==635632187,602453042;1002710607,187494305;396214693,941039409,851961244,1369388320;1
++491360527,1344347545;1382611028,1222874969
==1653894505,644313347;971162294,437304655;1383416921,2002487332,143744912,330264541;0
==1499360922,1209422384;1137264582,430138164;1170873206,369538110,463398202,1203096017;1
+2100673552,1275421724;1207187128,202390142
++973798360,996815811;461369501,460973444
==264509632,828825063;1651356144,1865988491;1134473903,1556783659,1848820546,1494120190;0
==1511471711,758596290;1057402313,936651536;290815949,1977227239,1209669336,363449704;0
==235255112,1360307813;1977910500,1418844588;1164414197,313092352,938269510,435971519;1
++388031094,355647168;577629331,2049392103
==187012907,539664976;1488444123,420502090;2095084036,399081898,1727174829,570741641;0
==149939855,699991513;1723023183,1656430098;313610796,1706117546,876345883,574163385;0
==1070025375,1783173967;686663806,1084978061;2108817482,1916914745,476284614,1009879575;1
+20687050,178989760;1093127807,2107305191
++171386675,145711171;1476348823,1061382163
==244578459,1934935833;498027198,1816088856;1483839976,1493162143,1466122722,548896997;0
==650119,124956883;1055876118,1311523408;317462356,280539380,385801983,2075596723;0
==1546967236,567478359;521531182,1264149;1393322275,1589202506,1607504394,1643023428;1
++8194958,106072503;730573606,1460500797
==471697951,2015037691;229109501,1632483018;393856686,1979977754,778829484,2024930733;0
==1249741662,1154543384;1717576358,368159448;1760322171,1375479855,1502458105,189164667;1
++1377530068,4326064;1769340828,966513933
==426520292,1785106542;175970854,94921541;62853444,1060970392,545007041,96130481;0
==1411317779,622375815;456596892,381065311;591501283,380459980,2004437212,1943693651;1
++2076829349,798607311;1234107385,80105438
==1154137167,1679851327;666156325,54383535;265352026,1312648821,1439042916,767861079;0
==460952125,223101322;2133001813,1020235130;366909511,1120625668,803503011,1520324909;0
==667075942,1444448878;1298304008,414376718;2096350694,1873963923,749774791,180052379;1
