10 6
0.838138 0.018682 0.238533 0.799182 0.195309 0.696962 
0.411384 0.637546 0.997581 0.283071 0.666771 0.379881 
0.445751 0.531881 0.396823 0.831191 0.496426 0.163318 
0.161267 0.930317 0.532840 0.083916 0.265081 0.102209 
0.123857 0.045831 0.462115 0.699221 0.321688 0.987281 
0.197777 0.159826 0.005962 0.436309 0.959008 0.201271 
0.133271 0.370392 0.838817 0.130852 0.653463 0.505589 
0.510733 0.099213 0.037470 0.907556 0.930405 0.533895 
0.070873 0.091671 0.464213 0.603714 0.175588 0.729294 
0.705923 0.299445 0.775125 0.168038 0.998666 0.096814 
