7106,5613,2175,2817
6737,6000,6411,1955
9442,7876,2935,942
2270,7127,207,9694
1198,6179,3008,9755
673,2159,9855,5554
3480,9001,3676,4436
2958,6304,5592,7551
7173,2915,6254,3264
8515,4381,3328,4405
3513,9419,5086,2015
1746,9344,342,8780
4119,5926,1949,9665
199,5500,9402,7570
4934,2862,3533,6537
7964,976,9203,771
7106,3332,6442,3674
7433,4024,2825,4112
5253,4307,9129,3344
2622,5058,5007,6435
4172,7828,4769,1146
2511,8157,5079,5251
5139,1841,6239,6003
317,4509,6638,7894
6065,3863,2194,6332
6076,5011,2053,7746
3841,775,4050,9097
2448,1530,5599,8332
6546,4101,7279,1720
3959,5427,3213,8417
7929,7493,4346,2428
4281,2591,6457,3271
8058,7633,3192,3480
2531,8768,7092,617
4028,4892,7634,2402
7013,3417,2579,7101
4966,7526,7787,1328
2992,5213,4914,5405
4573,9627,364,6397
8121,2702,7894,2940
6951,8468,3150,3843
5473,4768,3396,7033
877,5428,9712,2103
7583,5636,24,6724
5707,9488,1069,7331
9716,3267,994,5396
4876,4767,6195,3408
6538,1947,2650,8545
228,8165,5003,7085
2994,4219,7594,6418
9300,4976,4681,3640
1365,6443,6331,8429
5564,1486,9715,5285
9192,1517,7108,96
3111,7104,4699,6250
1936,8064,2432,7917
5174,4051,3153,8055
8096,5947,6877,517
1793,5432,9109,3510
1367,5947,7508,5592
1801,9319,2002,8205
8436,3844,3111,4557
5189,2774,6150,6342
2403,8932,8450,1073
4619,8731,930,4724
3494,1051,4599,9745
2246,4956,4620,8598
82,4932,7129,8730
7839,3079,2021,3800
4430,753,4618,9587
2224,6719,1007,8951
1258,1450,8882,6621
972,3957,9418,7235
4735,1280,9659,3381
6871,1830,5792,5834
5826,5504,5357,5258
6906,4180,7688,1311
9584,1350,1405,5717
3919,4949,5610,6043
8650,1523,1613,7088
5618,2940,7971,4432
6266,894,7780,7094
9265,3336,2882,3143
4894,6926,4737,4089
7873,4404,2899,5186
5440,809,9171,6411
4079,3893,7417,1985
8088,8223,1435,1564
4229,4239,2828,4943
9079,1070,3049,8465
5934,2371,4780,5720
8613,6371,5591,1504
5616,2239,4619,8412
2653,5487,9882,3048
5956,5118,3696,2562
5317,6912,7975,137
582,5587,7971,3737
3129,5060,7742,2071
8007,5184,3624,1721
3899,6552,9683,2709
4648,2124,6144,6405
1449,4469,4085,9490
9480,3886,5118,1372
874,4581,8978,6186
9332,7022,916,4122
9832,840,5260,1261
6678,2291,6431,2232
5352,5825,2043,4244
2927,7323,3922,4636
4922,5027,7967,3748
7414,857,4794,5500
4219,1882,7265,4019
4727,2069,8591,3314
9884,3018,5040,2162
6115,2732,1654,8149
7839,5280,1182,5636
5244,2964,6429,7586
3676,8090,3165,5800
6598,7360,1515,7556
8346,3015,5340,1027
1214,9425,8204,1306
3119,9968,2055,6760
4109,2249,2562,9247
9741,1067,8313,761
3731,6657,6741,4112
8963,5033,418,3113
8465,1644,1061,4762
2614,9738,1148,4830
4362,2880,7959,4707
7530,287,2410,9950
6724,2867,9213,1325
2482,2962,7686,8039
2005,6269,2428,6399
2960,5429,5487,9764
7548,6748,1033,5189
5496,6500,4725,6310
8692,5314,2905,1956
5028,4042,4633,6772
8347,3978,1088,4486
6432,4688,6525,1483
9820,260,1217,6688
7883,4875,5265,2731
8203,2977,7409,2012
2226,660,9507,7109
4934,6060,7857,1071
2537,8311,663,6374
9884,5092,4702,2515
5341,3225,6734,2932
9027,7390,1926,1661
6117,3771,3811,5072
7215,4907,2637,6178
5083,5922,7587,176
202,8433,452,8988
4120,9083,3286,2762
6466,1721,4308,7782
6298,1452,4200,5239
6304,2579,1734,8265
4927,1530,6906,7354
5347,8188,6314,639
3204,7804,3460,3406
3134,1230,7178,5586
4339,6512,8011,934
7480,8566,3612,1805
2668,8914,3276,5069
5035,2022,5483,5844
8493,8875,3673,414
6241,1248,9098,4720
5924,6188,3988,3193
6634,1469,7506,5007
9092,1087,4852,6323
5955,9007,3672,678
5443,5690,8005,4631
6993,6614,7592,676
1298,3208,7274,7202
5159,4434,6694,3705
7694,4334,6537,2997
6718,6885,4559,533
9496,1298,7097,3300
4517,5524,6590,3556
1632,9565,3561,5618
494,6856,7326,5959
6215,3817,5743,2683
2037,6701,2680,8410
4357,4097,4800,4302
4218,7270,7658,1246
1776,7866,4968,7439
8920,973,7790,734
4589,3595,922,8581
4313,5038,6911,3948
7017,5397,7354,2006
8051,6531,6222,1427
2164,4413,6198,9513
6650,5644,2813,2904
1741,3306,7576,4843
8813,2328,8159,2530
5430,6672,5528,1579
8073,7922,3454,4891
2170,4010,3665,9069
307,4343,8844,6407
8674,2628,9128,49
8052,2326,3051,5948
7399,4338,4407,3222
8814,2431,3010,4234
5071,1456,5437,7290
4152,3189,6900,9114
5888,2903,5861,6274
6759,4993,8537,1110
260,3213,5492,9156
5258,3912,3077,6706
1796,8595,2198,8663
8820,2390,4723,1817
5096,3014,5585,3199
5878,5997,2113,9728
5446,5576,3669,6273
714,8259,1887,6889
4199,7141,2913,6212
6294,2479,7245,3033
4170,4287,4702,8300
6014,1455,6700,8266
2686,1716,6947,8328
4277,6185,3466,5743
8529,2829,7931,1032
8365,5689,5761,4202
7465,2870,5189,2720
8798,827,7098,3942
1627,3685,9736,2699
3111,523,5592,7670
5019,7445,3497,6162
5352,8052,4633,4117
4782,2659,9845,4900
7159,1573,7290,5322
3032,5264,1767,8804
4019,8672,5352,922
6921,4650,2177,3415
3325,7684,2018,6368
5156,2876,6484,3028
1868,7263,2305,9842
6758,894,5851,6450
5809,796,5807,7308
5667,2526,4844,8040
6936,4685,2935,7515
3513,3676,4135,6227
7654,905,3981,8752
2021,3164,5199,6785
4150,7773,5976,2561
4271,9675,8392,1220
6556,2073,3063,6263
2168,9196,1811,5487
1360,8351,2313,7654
6555,4976,52,9693
6892,6923,7025,945
9327,153,5616,4120
6229,7167,5281,2749
4394,1441,4830,9688
8777,39,4329,8466
6412,4425,4026,5208
6585,2572,4905,5661
4944,6808,3888,6508
5356,4106,7808,2513
4429,5480,5636,4780
911,7178,6573,7602
4916,4951,2878,7476
7657,5007,4851,3545
8229,1739,3973,6514
4719,7163,4056,7640
5727,2445,9876,1361
5240,8288,5773,3860
4468,177,8231,7066
7344,805,9910,6037
1084,5460,3848,7356
2196,3817,4988,9798
4210,5143,2873,8850
773,6641,4218,8685
3205,5158,7515,3823
6376,6042,4869,2648
2423,7483,4117,9072
4603,6411,4132,536
2985,7900,3427,6004
364,9051,5590,3926
5420,9004,5211,1765
1998,2134,8304,4040
4116,5989,6610,3444
6995,5635,2297,2574
3426,7658,4850,3007
5263,4450,6663,5306
9300,4206,4882,428
7069,3053,9301,3959
8911,1312,5052,5101
5137,1450,4039,8750
4748,7180,4341,3994
3599,5768,5802,6514
6853,2933,3312,6330
5644,5068,4618,5894
5852,6925,3103,3595
4890,9435,4909,3399
5310,5756,3644,5977
9038,2329,3518,7432
3015,496,8746,5183
7215,405,7739,4677
1654,8674,7234,2491
3164,8610,3558,5379
8333,7518,2488,4601
2302,4622,6312,7408
5263,9106,803,5383
5919,5097,289,9815
6638,7533,6571,1598
8730,3454,3084,5048
9100,3702,2336,2845
5474,4325,3731,5388
2460,777,8174,9500
7271,5683,4753,4393
1256,6103,6846,1223
7286,4118,6123,2105
3989,1148,5828,8152
2435,2615,4793,8868
9411,2691,1534,8525
4624,7002,3700,4993
3933,732,8999,5576
5633,2462,6919,8750
5101,5561,3236,6002
753,5247,9931,6241
2005,8689,1912,6786
2416,208,8201,6357
2325,6473,1041,9030
4581,4437,6784,1748
300,1973,9642,6730
7811,6397,2612,6876
2672,6867,8640,436
6534,2814,404,8760
3108,2098,4843,8134
5404,7304,6626,1856
8604,7434,2757,3478
7765,1470,6246,3083
4103,5103,1826,7719
8782,4187,1431,2522
5348,1586,8670,1733
9066,1734,5388,5740
9334,3293,328,5660
2122,4857,8098,2856
8280,5022,6873,3045
4138,9274,1729,5289
2149,8088,3261,3623
4758,559,8384,5836
309,7115,4936,8578
5836,4221,192,8941
7703,839,3016,9665
815,5220,6526,8304
2543,6160,7907,4193
3404,2559,4847,4833
2631,6042,2452,6291
5229,8767,660,2142
6857,2494,5650,5299
5904,3820,7096,854
7794,9162,17,1888
2810,7565,5925,1427
7913,1440,5665,3283
7611,9958,1409,953
6404,4993,9764,528
8764,7708,1489,3328
7911,5268,536,6591
210,7303,7145,3392
6867,5100,3303,5048
9408,7044,1720,838
4964,9497,2998,3621
7450,7003,2898,2350
6712,3018,5080,4746
5328,2876,5622,8779
4672,5474,4707,7444
5235,2532,2795,8187
590,3372,9457,4792
5772,6829,3202,6222
8386,1577,1179,9266
7376,956,4101,8058
5390,8763,3102,6522
5555,5272,1661,5037
9464,6390,5545,1434
6914,535,5126,7900
5452,2328,2451,5943
931,8115,8708,4573
4652,4887,4230,6158
3722,5183,7514,6104
4103,5298,5894,4899
7457,6524,1776,6205
3713,6145,7747,3559
8901,3999,3325,3420
1976,7928,3810,7094
7453,2138,6414,2502
2,3755,3646,9575
4210,5805,8111,245
2035,5607,6927,4530
4782,7368,5531,3337
4648,6645,3969,2313
4701,7005,4242,3387
2622,7963,2734,3895
6941,6838,1027,3471
3705,6166,5176,7568
9405,2478,8820,290
6387,994,5096,7334
3728,4204,7285,4758
3320,8344,4391,7354
4175,4699,4247,5511
4417,4348,6389,3827
6660,6203,4568,3596
3184,7294,3101,9784
1799,8828,3241,5085
5044,9407,1637,4859
6608,4637,2442,9877
7403,3326,5717,3550
9849,3105,2716,5013
8394,5340,968,6147
6379,1741,5257,4881
740,6904,2645,6854
3651,4131,5949,2856
2872,5339,7973,5833
3306,1544,7956,6889
4432,5549,306,8383
1279,5687,8277,3428
8634,3150,3534,5622
2136,4002,9423,6099
7289,4442,6464,6526
1239,5450,5928,5786
8531,5861,3709,1515
7831,4806,3397,1926
3597,5678,5608,2035
4604,6031,4299,5588
3172,9688,6503,4127
6026,2402,9719,3503
6092,1198,694,8471
3918,3229,9648,3178
9089,3905,9177,2863
9066,4827,609,5762
2296,5586,2595,7911
1493,4619,9213,4742
4926,6622,2060,7636
5337,1257,6433,8772
1743,5381,4383,7415
9519,1300,4197,5520
671,9682,3329,9552
5049,5672,7805,2855
9256,992,5686,4350
9394,743,4569,4754
7324,5763,5375,4740
7988,3081,9911,20
9894,3353,5773,2877
6361,3636,7972,2277
9306,3960,4127,1863
5262,3675,4639,7303
5754,6001,5458,6117
9048,60,6699,3584
9110,2839,5117,3269
3595,9833,4573,4132
5640,3457,4184,7538
1665,7042,5711,5398
5123,1954,7908,7865
4903,8797,2862,3579
748,1720,7719,7613
7342,5862,2664,6222
1590,590,7159,8520
2306,5654,6211,5972
2540,655,7524,6965
4922,6760,1675,9280
5001,3202,3651,7112
4503,2198,9354,3528
6128,4061,4049,4878
6767,8171,2278,4041
4728,4136,9019,1267
5882,6172,6743,506
5868,5546,7532,2188
5833,1361,6194,4207
8735,7693,849,1998
7772,3834,5720,5136
3271,5444,5704,8907
5497,1176,7194,4447
3783,8344,1951,6636
7707,4742,3209,5007
8640,3907,3640,1729
886,8875,2967,5256
3833,6954,7472,3489
4246,9039,4307,1043
9811,3993,1676,4312
9766,4235,2990,6156
8915,5776,1976,4432
8424,2851,9929,2292
2967,4428,7143,4998
2539,1259,7689,7246
6347,7057,356,5948
1039,3248,9186,7255
991,5050,6404,7752
3162,9233,2790,4425
2332,5683,5987,6571
5,9607,7193,5223
6078,3207,8303,5189
9276,1572,4395,5750
8242,3729,2743,5279
3129,6292,2868,7267
5242,5242,5883,4770
4004,3904,3608,4994
3865,8044,3080,4605
4486,8626,4137,2060
7240,4124,4672,3433
1252,4182,5360,9349
117,5067,6754,7902
3708,3664,4679,6055
3470,4769,4048,8381
6156,1777,5706,5756
3411,5429,5203,5617
6588,5170,2282,6306
3700,5597,9626,4423
7714,2488,4617,5022
2758,4611,9346,5900
6898,6907,7567,1182
8205,4305,4619,2241
4245,7144,1682,8770
2629,9943,2301,7053
6465,5651,7710,333
7053,2306,8224,6795
5356,0,6719,8756
4898,3775,1478,6394
3511,6006,4151,5716
2330,9608,1891,6240
1995,2150,7200,9191
2212,6497,4520,5370
4756,4072,9229,4611
5180,199,2245,9874
5663,4892,9081,2476
3746,7685,2675,6983
5609,6386,2827,2454
3438,4407,8657,823
9499,4317,1390,4049
9800,4635,1184,4400
1521,9619,2743,4223
8495,4542,5968,2838
4887,5083,6674,4705
9193,5182,1615,4659
2003,5050,4385,8103
5567,3698,6058,4748
4098,2706,5340,8443
8455,2572,3145,4833
1245,4802,8789,8023
8519,5204,709,5381
9928,3515,3720,2822
4992,5329,3959,6446
8334,4808,18,4846
7437,1978,2902,8525
5627,2920,8492,6923
6718,3159,8692,952
3935,6206,5352,1434
3788,2930,8356,2397
3021,7128,6870,4081
3058,1493,6618,7047
4888,1730,6178,7381
7522,3214,1119,8624
4590,2167,2548,9049
4282,6580,1143,7615
3916,7179,4108,5003
7110,2627,1812,5623
8228,5045,2981,4519
5542,5305,3808,4919
5178,5649,7796,1961
2775,804,7774,9609
74,6421,6100,5589
8173,1839,3812,7494
5775,1442,7983,2267
3769,3995,7783,4827
9662,2969,1093,4194
3690,5064,4568,4326
7555,5796,2728,4230
4673,9502,1131,5703
5292,3448,9288,1676
4662,3371,4165,6514
5806,6732,975,7856
5726,3094,5924,5911
615,9820,1329,9628
2150,7219,8815,214
4000,8411,1853,6841
2312,9167,3982,5067
1419,3624,9954,4840
6254,6663,5309,3622
5129,2984,3445,6754
8673,3774,5386,2765
4392,4263,9100,3545
1254,8250,3625,6584
5423,3589,9463,3935
397,8560,6873,2970
382,4947,9985,5909
479,4579,8813,3049
2881,1393,9669,5397
3318,4067,7683,5007
6714,836,3204,8571
4476,6695,6722,3524
2221,5393,4746,6712
9130,3924,667,8227
9350,240,4192,4851
6893,7103,2219,4253
2041,2194,5975,8034
6099,105,8859,3945
4409,6453,5018,6419
5440,122,7830,9289
4520,4470,3411,7082
5727,7488,3923,4449
3992,6342,3136,6577
2279,6849,1753,9485
6856,5234,2755,5268
6410,1095,8341,3446
1967,5317,5201,6843
5811,7513,6281,2334
8508,3659,8080,2431
3226,4942,2246,9185
1907,8356,1488,9351
6438,4159,6807,436
3705,9702,6017,1399
6663,6433,6443,809
4573,9993,2856,4276
6282,7065,1813,5444
3422,3315,7736,7146
5532,5092,7021,3061
2925,3296,1333,9387
2447,7302,9775,1169
2605,3071,7541,7929
2871,2035,8343,6873
8753,83,8462,1476
602,8360,9282,4603
4826,9076,4209,3190
8173,4301,700,5459
5297,2747,5417,4980
3508,4991,5425,4412
3995,3142,6357,7009
5603,5117,4813,3070
3709,8973,6827,988
9668,1078,6479,2541
6498,4528,7310,5609
6753,3880,7332,3597
4013,8866,3895,953
7617,1368,4255,4981
3262,1861,6342,8286
8723,2059,2817,4421
8966,1351,3271,6230
4294,6743,4113,3875
4542,5140,4986,826
6004,4592,349,9279
7196,3044,7564,3040
1678,5864,7062,6770
1189,8225,5814,7384
2542,3333,6149,7585
8246,5295,3338,3876
1294,3614,5722,9805
7218,484,6363,9447
1985,6171,8064,764
1566,1891,6338,6751
9252,942,9977,1024
4022,3157,6324,6647
4216,9045,1906,3172
9164,8010,4113,52
1303,2912,5323,9733
3665,9960,4476,89
4565,8300,2098,3708
3694,3401,9126,3572
597,5075,6432,7437
7686,1619,3033,7426
6372,834,8336,5395
1278,8485,1916,5391
5008,1667,6995,3747
5308,5285,2374,9548
6681,2914,2122,6610
5008,3855,4656,5893
6320,5611,2387,4440
6017,7998,3458,2057
6090,1684,3764,9110
8765,5574,2584,5116
7195,454,8605,2861
6652,9373,4869,735
6247,4389,3039,5257
4854,8036,6748,1114
8698,4028,1137,5644
3994,2682,5064,7897
6125,9382,4210,1307
9437,1086,4028,4551
3880,3152,6234,8402
52,3088,8412,7241
870,9834,1820,6429
4557,4590,9319,1552
1107,4813,6352,5384
2278,5859,5642,8189
7225,5192,3938,4878
6600,947,2702,9944
4952,1772,8203,4229
7013,6033,5183,3748
2154,6608,1170,8405
5435,3953,1494,8903
9552,6645,3103,1619
6971,6516,4251,3049
7327,8584,5011,76
3159,6147,2231,8953
5574,9980,436,1333
4657,6237,7679,1593
4162,7816,586,5502
5066,4960,8292,2715
3446,4994,5503,4063
1332,3921,8583,7238
3860,2318,6297,9638
774,5874,6301,8644
5343,1351,7702,5819
7224,7288,296,4069
6462,4426,7577,1399
1628,7269,2553,6718
3595,4370,2898,9706
1354,4165,6674,7753
6800,5720,7051,3190
8123,3694,5774,2042
5762,2589,6386,4282
5702,4281,8736,1096
2418,5231,9612,4533
6319,5889,3016,4389
1815,8745,6533,3647
6938,810,4827,8026
4403,5084,1944,6445
9778,5330,4220,3039
9832,3274,6448,1926
4722,2518,6485,7297
3297,7201,6496,3250
3287,4143,3484,9381
7970,782,9245,2269
2779,4857,5789,3978
8998,4951,3994,2230
6700,4283,5926,1421
5272,9028,4149,3955
6504,6496,685,6451
969,7352,17,9074
3182,2595,6687,6190
4322,5050,9573,1389
25,9354,2618,8261
9095,1455,4665,4838
8162,5549,5439,262
7864,7074,1589,3739
5217,2378,6622,5245
5867,4444,394,8774
3874,8088,6757,1609
6442,3488,4075,230
2041,7146,3828,3943
5820,4444,9240,4612
7807,1155,7011,2739
5972,5278,147,7376
4600,7653,3674,3958
3597,8623,2938,2694
3957,7704,2401,6166
8056,1635,7560,1211
2687,3155,3487,9340
3117,4903,6586,6220
8577,989,6343,3502
6369,8773,7981,1266
5962,3176,2463,6387
4116,5247,2748,6694
6363,1242,8341,6061
7676,5369,4045,3747
862,7274,9714,4529
3900,4507,6114,4348
1018,3630,5388,7049
7919,4721,5699,2024
9726,5419,6588,1998
6729,5521,2865,6005
2925,3142,3635,8597
5464,4838,909,9632
7471,4219,2017,6547
3056,5015,3090,9238
5876,9561,809,4613
9949,7830,2460,1391
2016,8579,7797,2803
1151,7674,1352,8142
4966,3838,3040,5723
3376,6569,5753,3876
5476,2276,6288,5857
581,6339,2988,9528
2825,8382,4028,4055
6260,23,6552,6271
4280,6396,5300,3720
8084,6519,3299,2474
5486,9937,2252,1266
6164,2995,8158,3395
8369,446,6038,972
593,5248,5305,8270
5513,3771,4089,6859
5008,7584,3689,3678
4491,7637,1801,6100
8151,3768,3159,3621
4967,3756,5295,7665
1469,8462,8076,3963
7321,428,6194,3873
7077,5212,3308,907
4291,7833,1869,7102
8480,2406,2145,6270
4851,3368,4375,8711
4089,5743,2857,6238
6253,4950,8432,3429
8061,1383,7182,5425
889,3462,8406,4616
3898,3144,3583,6686
2973,7458,6423,2928
3175,6691,7800,1002
6771,3464,2625,3619
4173,7736,4555,4969
4907,6025,4106,5731
8716,8062,1065,1153
124,8884,3717,4362
3194,2978,8232,2820
7178,4177,4812,1688
6611,2745,7093,1474
5896,8052,1418,1876
6382,1334,5113,8106
3728,2763,5326,6014
8213,2336,6889,4862
5903,5827,5887,1143
4950,6138,2396,8548
4486,7360,9112,1482
655,6693,3351,7088
1887,6663,2957,8139
2295,5089,6350,5376
511,9248,5282,5759
5877,2863,7213,1039
2539,8172,7456,5559
2575,4918,8848,3643
7788,1142,3203,9024
1188,9001,6683,3209
3401,8651,5972,1471
2026,6462,3556,7677
1372,9277,2018,8415
6173,4474,8792,2316
6471,4081,2380,5024
6303,4933,2428,2493
3517,8722,2132,5661
4555,8139,2874,6994
4826,3913,8042,2847
7906,2085,8283,3909
6070,7617,999,5836
8978,3017,8384,1440
97,6639,6409,6463
1872,7681,6532,1818
4021,3186,5944,9330
4240,7287,1541,9381
5092,5476,6500,4542
7980,3502,1503,8033
3513,1840,7999,6904
9754,941,5369,4244
8043,2012,5140,4823
8273,3058,4437,3253
3592,7056,4860,2455
3808,5551,7309,2968
6304,1659,8704,2572
975,4322,9040,6069
5336,2929,6499,5462
5389,5479,2559,6349
5212,7639,6312,1732
7368,5435,3352,3011
7802,5270,6680,1203
4115,7348,1638,9634
3993,7896,5608,4592
7627,5418,5932,4435
2541,8664,5580,4255
8706,5881,4753,1745
6960,1,9111,4399
9475,2187,4688,4150
4900,1145,8677,6422
6593,3744,5372,2892
6853,5320,6528,3525
6758,3509,5068,4859
7026,6548,3804,4652
7531,3056,5719,5406
6155,4332,7676,5778
7870,1234,7674,7312
2128,7195,7587,2378
6359,4533,1975,4655
7270,8193,4132,4551
0,7575,5443,7947
5883,8005,7613,1141
3759,5320,6352,2794
4585,3852,2241,8540
3193,2050,9625,4670
2603,3216,4634,8983
3599,5129,3416,8556
6372,7369,2672,6807
9060,7250,1338,5101
6389,5925,4397,4673
8894,1800,7433,306
3045,4594,8697,5554
6244,180,8463,7284
1091,8395,5658,5984
4657,3944,4985,8813
2781,2295,7829,4512
1773,8546,3570,3340
2743,6656,3570,6155
3616,4681,4608,6735
4570,7139,5005,2960
8994,8184,1678,2526
7983,5313,2632,3844
5141,6421,2651,5990
7954,2372,4708,2468
5420,7776,440,5319
3890,329,6078,9460
4834,4215,8285,3862
1655,7916,3279,6674
4733,6003,7032,3631
2453,6218,8144,1289
5128,6550,6486,3166
6233,3130,5165,4413
7246,4085,7286,2232
7415,3692,3347,4680
6362,5414,4937,2153
129,2996,9858,3373
8969,2141,4042,6158
3098,7634,5772,1346
3124,3419,4515,7138
4163,6053,7963,223
914,9033,6475,3647
2557,4948,7407,5178
2920,414,7700,9382
186,4899,2920,9931
1228,6320,5695,6122
4037,4556,7830,5740
314,7098,4376,7644
8474,4619,992,7776
3595,4736,2596,7817
9191,267,5950,7505
3682,5909,1149,9945
7836,948,8129,3046
2798,1092,7619,7048
325,6109,8551,5915
9496,5176,6422,3207
5260,5094,3414,5394
4002,2647,9027,3894
9498,6397,3921,3824
7116,5939,948,8515
6027,6371,7929,3889
5916,9852,1393,3427
6380,6592,2812,2621
3048,7183,8937,732
8882,554,7190,2263
3755,3588,1998,7065
4521,2532,3570,9799
4812,3744,5379,6640
4792,4158,8791,653
3180,9483,663,8230
2830,9935,2627,8359
5742,6235,805,6622
5518,6444,9253,664
5413,4863,3731,6195
6085,6684,2036,5520
8258,2547,9283,3286
8378,4858,6541,1163
3018,4669,7325,7324
4915,4560,272,7882
8271,3737,318,7039
8992,918,6546,6830
8516,2127,3600,6395
6496,498,4778,6914
5050,5561,8006,1632
708,3578,9945,7520
9686,3587,1320,4258
4411,5893,3476,7678
6133,4424,7654,1375
4461,8407,7140,2383
579,5742,8235,4588
8719,548,7305,4234
6833,3875,7996,3149
8417,3504,5403,3975
2006,5167,6305,4359
5296,4617,3366,5657
2915,2402,9910,5971
2101,7399,8241,4852
6042,480,4993,6809
9043,3502,4761,2667
3103,5091,8615,5561
6601,3778,7372,2676
7166,7623,6234,1718
9277,918,8166,4182
6694,1232,2594,9478
7083,3246,8031,4012
3794,4143,8432,2672
8524,1792,1394,9634
4049,9227,3713,5498
5208,9927,2248,3224
6584,4677,97,6745
880,7905,4185,6681
5922,3675,6949,1659
8922,8191,3104,2013
827,8046,4379,7194
8287,5325,2448,3284
3656,6544,5346,6167
5708,8264,1354,2335
1134,6348,6849,7905
8767,5903,2256,1207
7555,2294,5671,1899
5426,6002,207,6619
3601,7072,639,7280
9469,6369,1177,1039
7807,4979,4073,2725
1822,6599,4451,5649
3740,8559,7452,1658
4795,1213,5958,6977
9445,6009,865,5454
8715,6099,3135,2734
3755,2496,7802,5787
589,6664,8793,6806
7905,3786,4432,1488
4362,6268,5905,2355
1914,8802,890,4399
1897,4968,6175,7224
6599,7127,751,6842
6650,4439,4105,5168
4924,2230,6698,7126
4909,5099,2139,5936
8280,3168,5704,2635
2263,8929,6568,3053
4900,3343,9757,723
1516,5819,5430,6664
1960,5713,7180,5957
3549,8961,457,2037
9268,3978,1990,5459
7839,7114,4174,54
4088,5849,5232,4720
2098,1042,8436,8242
3950,5934,1593,9790
6528,1800,5030,4541
3910,6677,7769,3962
4636,4854,3329,5852
3139,7090,8343,1533
5405,3852,5837,4510
4549,891,2303,9833
4747,3886,7875,3526
5312,6574,2231,8382
8558,9320,741,4278
3056,7713,5211,4044
5551,6354,337,7932
6989,5241,5197,3059
6168,4307,7759,2502
7198,3240,1688,7169
4849,7790,6315,2475
4857,8618,3387,2129
6603,6105,2134,7491
4296,5149,6255,3977
5004,2741,7259,7248
3118,3052,9194,5360
5834,2628,5293,6132
8433,985,3285,4670
3437,1946,7639,4614
6586,8306,4360,2241
5480,250,6497,8030
5145,2465,2945,7318
5066,8073,7185,2139
8031,1947,5368,6164
5167,650,4167,8788
4805,7296,4648,4757
4037,3792,8149,4127
4299,4457,6214,5984
4605,7666,8047,1185
6567,1282,7077,2684
9156,8167,1089,6419
3812,7828,3285,7653
1264,6375,3356,7604
3848,1801,3614,9197
5312,9576,3766,2039
5992,4129,3856,2400
5839,9415,5444,1349
3924,3669,5113,8631
3097,9655,2410,5783
2026,9611,3095,6233
5725,6006,4745,2994
3487,3999,1883,5980
9275,3214,4274,6081
1716,6609,2970,8313
8545,4862,231,4713
9223,5847,3404,2557
1752,5461,3626,8160
7200,9304,964,4331
6109,4014,4715,7567
9618,2034,7106,3134
6336,3965,4834,3453
3792,6476,7601,754
8300,4358,1605,5090
1338,9536,575,7635
5709,6349,301,7352
9238,5459,3791,149
3630,9524,4363,2703
5226,2174,6185,7428
3711,5411,1310,9635
7373,1532,7517,461
2166,1877,8903,7832
266,3343,8350,9903
8573,365,7059,881
2840,8305,2165,9298
6665,2106,7968,2332
3178,5605,5781,5804
6926,3574,1208,8098
5890,6863,6391,4435
7129,1627,1016,8280
8382,2755,8789,603
6436,4673,8445,1003
4071,6644,2380,3898
5364,4788,7845,3664
7272,159,6407,3191
4525,874,6390,5822
2926,4863,5019,8958
510,6393,4830,8085
8198,245,6935,4134
3225,6257,4748,5284
5176,5560,4679,5296
8482,366,760,7880
5088,6657,4996,4771
6520,293,7902,2363
1347,8136,7344,3552
4300,480,5951,9858
1018,6796,1753,7497
1892,7222,3118,5937
2894,4992,6538,4789
4791,2474,9914,3407
6180,2020,9318,2469
5427,2183,6291,4633
4665,4313,6083,5248
1401,7817,6645,1534
1491,4213,4741,7693
4324,1452,4410,8227
2314,9619,3499,3070
4603,4057,3471,7837
4026,7769,2350,3310
4735,2478,7303,7237
9251,1457,6110,4403
3801,2346,7061,6798
3667,8240,3195,7416
4225,618,7684,4583
3843,6765,3923,3162
8373,1522,310,6613
7984,8809,824,4832
4759,2700,9826,2379
9673,988,4735,4170
6050,5236,3038,6497
9693,1767,6944,568
1341,4013,5072,8013
3024,9003,1165,5667
3205,7685,5221,2874
7776,4104,3697,4798
8121,721,9184,2573
3647,1579,8757,5802
4834,4813,6420,5035
2802,5722,6693,5468
4639,3735,8221,4395
5600,67,5562,8727
4206,8331,2439,8133
5421,7128,903,5262
3501,876,5030,8823
5486,7006,6090,3216
8363,862,3591,8492
6087,6127,4163,1666
397,9904,8557,616
1850,3307,6539,7719
3265,6233,5276,7164
6103,2133,6746,8359
5751,259,8500,6109
6192,3997,4029,7679
5364,3229,5748,6169
4516,6354,257,4539
2582,6684,7764,2499
4794,7612,8143,856
8604,6318,3528,217
4501,8152,570,8102
3322,7344,2555,4760
4122,8662,768,3546
4235,4934,5688,2732
795,9610,4497,3965
8742,3490,4343,2338
1996,2977,9950,4627
7865,770,5820,5910
1336,8144,3327,7354
9289,1836,9197,44
6451,3626,4159,2697
4935,1570,7464,7351
6765,3946,5886,4738
5174,4687,6082,5857
6365,5082,3069,3710
6998,6848,1978,4708
9102,84,9438,2947
7416,4135,7044,3245
6761,4930,3684,4634
385,5551,7000,6949
6768,6594,4168,2938
2885,9599,1174,5769
2521,5839,6033,3869
1201,6127,8470,6091
8803,1039,6949,3551
4417,2353,9085,4407
6749,3154,7741,3248
280,8616,5070,5045
7251,7408,478,3576
7804,2771,6248,3311
8023,3436,3474,6026
7705,685,7589,914
9030,4261,3381,2912
986,8392,1998,4891
2001,3907,5527,9107
6669,3361,5300,3058
5963,8793,4169,191
607,5445,7043,5454
3468,7037,5428,4144
7070,4511,9940,629
8773,1160,6181,3490
4054,5655,5736,8536
1002,8206,3266,8395
3465,1939,8791,3897
1191,4675,2882,7187
921,4881,8117,3230
6060,228,5312,9471
5262,2446,3360,6861
46,8509,5437,3517
2421,4247,8783,6066
7476,602,3829,8352
38,4650,7606,8223
6095,1665,3094,7460
1172,9027,1637,9588
1025,8804,3769,5093
5122,6716,4455,4256
2523,7698,202,7535
3262,2913,5826,7403
3260,9038,3531,3631
9556,3455,2808,4574
6602,6785,3795,332
5654,1764,2752,9615
4998,1256,6855,6147
1820,5253,6359,9458
1738,8613,2016,7609
9741,6969,1392,3839
4872,368,4771,9546
3620,5009,1903,8704
5476,7607,7308,1997
134,4291,3406,7830
858,6919,4005,7433
1945,9027,2605,5854
6719,4630,5595,1414
3673,5772,5240,4753
4853,8544,3306,1673
6629,4820,3597,5747
6122,3545,6923,4495
1650,3912,9412,5272
472,6217,5683,8568
7295,4431,2408,7098
6547,6570,378,7405
9123,1261,7141,403
9022,4840,5635,2720
7282,6324,2775,3086
9112,5085,3087,1807
9506,3548,5614,1633
6407,6402,5622,1624
1180,2085,8342,8000
7926,7919,5327,860
5505,1918,5466,6987
1678,8587,6170,7156
9815,3983,3712,497
6584,848,8654,1077
3562,1491,6516,6195
9627,1734,3665,6808
5616,5688,8863,251
8000,883,8821,2434
4455,4912,2051,6613
5488,3581,2955,9988
792,5666,9566,2659
4713,5754,1165,9143
6429,6773,5842,2826
6304,6647,311,6312
644,5678,6050,6514
4799,7692,5918,5358
3073,3230,2954,9824
5863,1717,5386,7176
1749,9338,4111,5637
3025,8136,9676,1038
5681,4745,8601,525
6545,4289,5671,3450
2192,8730,2350,6451
708,9257,1393,8474
2412,7165,3609,5475
5041,5076,2799,4263
5831,4978,4027,5854
7655,6070,4708,2211
4088,6029,3473,8696
6039,4087,5234,7069
714,7320,5683,5744
1307,3750,5933,6850
7377,1627,9189,4160
2356,4801,5911,9089
7473,8237,2708,2772
1586,1892,7727,3964
5112,981,6021,8887
4214,3882,6236,6050
4370,7463,3111,4778
5184,3933,8014,1444
4855,3538,4595,4382
9648,3377,5120,1430
9024,6374,404,4772
445,7250,5089,8778
5652,4399,5560,4033
6487,3668,8031,1660
672,6767,7226,5206
288,5696,9794,4003
4907,6992,4909,3511
6553,6089,1596,8568
8547,3893,5749,1804
191,6519,6188,5062
2317,6832,7409,886
4659,3028,8480,4862
5604,6818,1353,2717
3666,7195,3343,4870
6239,7553,4182,4160
9163,659,3749,8294
5004,4293,4787,2744
3735,8771,4328,1330
4817,6137,4097,6607
4652,2691,9083,6116
910,2350,8544,5871
7936,8227,246,5242
370,8408,6779,3521
9115,2820,5162,5129
1234,4022,5162,9707
3548,8342,5754,928
4592,8392,5304,1270
2894,7601,4999,3093
8469,2669,8753,468
1677,4992,8052,2883
4424,1808,8527,4835
4069,7357,5672,806
8621,4799,2423,4228
6177,5944,4007,4782
5564,9054,716,6621
5411,3427,1975,9432
1383,4453,5972,7632
5163,9957,1830,5219
9351,2929,6834,548
4495,7802,2038,7255
7252,3451,1798,6710
4243,7852,1454,5743
9736,3775,15,4455
6016,1160,9939,2160
4408,2936,6213,7193
5208,3897,8967,5232
6044,1571,7594,4601
3831,7655,2262,9373
6585,4851,3587,4326
7267,2421,8209,3758
4806,4125,2367,5295
4641,6456,6540,3217
5374,3109,8481,4438
1499,4062,6492,8696
1855,5311,5948,6352
140,8703,3497,9912
1819,8793,2364,8628
2898,8611,4866,2024
7255,5215,1282,5552
4408,6939,3032,5970
4115,6455,4939,3319
1683,5721,6277,6960
672,8978,6029,6602
8430,1156,994,7171
2196,4615,8502,8612
5293,8064,4561,2922
7442,4814,7297,3404
7849,4698,2785,4958
378,5136,6250,8398
9050,3357,4728,693
4836,6486,1669,7551
1811,5239,7211,5015
8096,6151,2589,6181
4137,2098,5399,8316
2390,3835,5687,4765
3363,2263,5981,7292
3662,251,6530,7563
3591,2958,3973,7443
5014,4673,5675,5046
7067,2025,4950,7634
2334,6908,4373,9219
6259,759,8298,3878
4434,9849,5215,943
4534,8425,1492,4422
6286,627,6052,8692
6853,1873,7456,6422
7160,4807,8275,4440
7352,3592,6607,5577
2155,4404,3312,8863
6886,823,6972,5680
7777,1832,6043,3517
6873,8138,6205,778
9901,80,3625,4961
4652,5791,4005,3076
1300,6976,3613,6127
2012,2217,7759,6635
5770,5123,3489,7412
7040,7333,4095,4683
9663,5999,2635,4973
6066,3275,6234,5594
2951,7208,6958,4338
3420,2804,4517,7734
6668,902,7734,1782
7461,1411,6472,1100
2976,4674,8705,1547
7878,3662,2204,7889
5632,3171,9295,1912
2507,5515,1593,6079
4340,6126,365,9352
83,5755,8364,7675
8809,6164,249,5069
3266,5432,2756,7377
3548,4424,7496,5726
5562,4781,5573,3631
458,8289,6755,6291
775,5196,7971,3731
7300,2270,4665,6288
9550,4262,2021,3558
2422,6775,7305,4080
4884,2670,1000,7649
3443,8134,4957,6166
9097,4909,2822,3652
1799,5566,7520,5611
1191,4155,8817,5279
4709,6082,3581,5921
8092,1565,8975,985
5970,3229,5030,1635
4422,6934,3050,7818
7786,3731,4386,3169
4943,85,4899,8396
6520,1349,7381,2487
2187,3896,8948,4732
3203,7413,4156,6207
3820,988,9192,6253
1427,9171,3487,5531
3581,4743,6190,5399
4409,1144,8951,3866
5901,9225,1096,4625
9809,119,6543,2013
7059,4264,3098,3332
5266,401,3319,9667
4039,7516,3778,4745
6415,2530,7376,1134
4123,1291,6985,7961
8242,3371,7101,1297
3343,3986,4252,9650
6580,7817,3057,4159
5863,4418,1940,6825
3264,3873,4881,9400
5897,5023,8099,3367
8156,1479,2693,6982
7829,2466,8225,3745
8710,2364,4838,4724
3050,9873,374,7141
7523,3063,7053,3036
7211,9968,1611,166
2919,3755,9521,3657
4775,5406,4308,5150
4960,6463,3885,3447
8244,720,6001,4789
5964,1264,3275,9068
1754,4642,5056,9166
3355,5693,6323,7390
7475,587,4264,8509
7432,3168,251,6398
3750,7505,1679,9544
2506,5613,7160,4039
8876,4132,3149,2911
7823,3284,8222,462
6466,3974,7214,442
7232,1327,4663,8057
3720,4329,5656,5699
2302,9172,2808,2650
6568,7283,3564,3958
6314,8491,2564,2249
4783,5068,2897,6247
8124,4764,2217,4888
7978,786,8378,1581
1630,8988,1525,8649
370,8417,4104,6397
426,2291,9558,6336
3493,2538,6285,8178
633,6151,2549,8542
8703,1547,2440,5499
3479,9947,3331,4981
9948,1881,1483,8824
2141,2528,7758,5905
1950,8107,5566,4487
4807,8113,4347,5489
5875,4640,5377,4110
2708,4486,8607,4391
7359,3237,6475,6451
5195,1466,7144,6264
6373,4594,4596,4793
4592,6769,480,7468
2501,9032,573,9932
1875,3072,6915,7239
4472,3716,9107,3729
7440,5914,5593,1172
1078,8226,2694,8679
1193,6723,7990,2014
6244,3711,4007,3964
2353,5542,9016,2249
3016,4962,7249,6409
4465,1832,5491,9754
8640,5150,2661,4159
6104,6619,8579,1104
7832,4977,936,2843
7822,4580,5046,4618
6436,6009,3909,1967
5172,3818,6525,1992
7877,1411,2293,9486
6764,351,5564,6270
5528,5117,5456,2516
2919,3861,4223,8008
6367,1756,8357,4409
8262,7526,3169,3830
9165,348,9286,3953
1212,7686,3523,8736
6840,8391,548,5865
1241,6454,7515,5084
7609,5258,5040,2800
8590,5307,2445,3165
7920,711,5072,6074
3826,3329,7040,6058
1932,9015,2707,6105
2523,772,4576,8995
6368,3963,2094,7425
4725,2477,4665,6682
1875,7191,1798,8665
5234,8065,3904,2140
7643,225,6552,5227
6344,3936,4561,4038
6683,5280,4004,2679
5274,3740,5456,6939
2801,4159,6614,7592
4927,5577,5708,2941
9533,7041,2720,2210
358,6517,7801,6859
9458,1466,7446,3424
6125,2527,4223,4516
4885,5570,8075,3709
1129,4750,6958,6318
4110,2775,8009,4112
5468,3603,6881,4209
4583,6375,8559,546
8104,6553,3709,4789
8329,290,9419,3351
5356,7190,3655,2231
4356,8003,1637,6113
4100,3369,5327,9011
3448,4742,6997,7188
2607,9632,5197,4530
3863,4382,9849,3459
1845,6951,4996,5936
6856,9186,4532,308
2301,6948,4822,8022
1829,7639,5787,7475
7701,3302,6921,2593
9625,1580,3014,9528
4507,8656,2924,3372
584,6070,4938,6096
7586,9269,4275,1203
3104,4238,8900,4174
6970,4176,558,6070
8666,6480,3938,548
1957,5913,3597,6857
5567,5255,4263,3638
2662,2915,5799,5756
2458,8914,4986,1936
4771,7464,3655,5062
3095,5646,8721,2565
9886,3999,7993,1035
6874,1051,3101,9033
2734,2544,9117,6608
5450,7649,8113,277
4576,5914,295,7450
8016,3763,2557,3550
3695,8892,2603,7110
6916,6684,4819,3415
903,9529,741,5901
9515,1462,390,8029
5027,5740,7444,2126
9117,3737,4038,3337
6564,6392,5744,3635
9657,8682,2527,2335
5921,3303,6359,4549
2952,5868,1093,7710
8826,8455,6041,739
6771,5129,2124,6612
5189,6824,8458,725
6730,2136,4281,4201
4555,2270,6213,7417
5849,4944,1282,8269
4781,7315,7634,468
8632,4847,356,4617
7311,4309,5949,796
8944,4099,3700,2391
7032,4923,3903,2068
2217,6066,7010,5073
9082,4138,1749,2465
5291,57,2804,8621
5490,774,9492,5820
5543,1795,8388,3540
8641,1758,9582,892
4335,2178,3967,7585
8797,1677,2333,5868
233,7985,4548,6892
1258,4601,9292,2251
7454,5641,2570,4603
3861,1973,3767,9185
4502,1570,6442,4060
4349,7678,7953,2745
9570,1277,1312,5881
7101,3726,4794,5377
9555,2110,3691,3096
2083,5002,7506,7013
3826,4882,3646,9396
6557,8716,1729,2894
4147,5221,8838,733
8086,1249,3053,7930
4221,8114,4982,1831
5832,5119,1176,5780
5773,5372,3327,4341
3996,8113,5836,417
7406,6242,7227,357
9705,3120,1525,3365
3327,4215,6521,6934
2020,4861,6464,7375
8706,2205,7416,2646
6961,3953,5808,2178
7861,544,7293,4204
7317,5342,3861,5989
136,5771,3946,8968
8864,838,8816,3845
3599,8407,1415,7528
5022,5707,4451,6087
1125,8392,6021,6042
7268,497,8699,200
7472,4974,5622,3082
4792,7162,3142,5412
8726,4473,2196,3987
1056,8018,192,8604
1313,7896,2404,9032
9860,1270,5643,1109
5675,4152,6509,7440
6600,1480,6703,4996
7082,4888,7205,829
4494,2680,8410,3433
3254,5346,2401,9139
3009,5397,3302,8301
5571,4815,5503,5419
4594,2477,6680,7606
2805,7902,8354,3245
9309,3344,4944,945
1333,8689,3719,4452
4550,9734,4128,1036
4311,5296,5092,5221
7772,2876,5710,4749
3313,411,7787,4950
9324,1619,3143,5486
8793,5365,2401,4507
3377,7978,5720,1828
8085,4887,8909,678
3186,2628,5938,7061
5923,2559,5334,4024
3072,3035,5504,7131
4207,9908,3769,3576
2532,8126,6836,3220
3512,8706,5741,435
2685,8312,6902,2504
947,6878,9737,4619
4784,9711,3992,595
7650,7290,5061,185
4686,3444,7544,7818
5390,1828,2352,9969
5841,4202,2705,4947
3225,6895,7048,5250
6507,8672,2497,3130
3089,8816,8237,379
8253,4476,3334,1163
6790,5704,6086,130
6581,1218,3679,9924
5695,5494,6474,3045
4280,2436,5622,6705
3274,7635,2565,3967
5146,4159,8026,3262
5319,5108,4083,4618
4086,3666,8102,6866
6441,395,7346,4040
2514,6658,1721,7336
9213,4533,4590,427
4629,4027,3372,9113
3609,3165,8544,4894
1402,6734,5405,4381
9847,4599,3518,302
3953,6215,4740,6744
9388,3705,3884,4316
3842,252,9504,8088
6187,3785,7060,4208
7580,9601,237,4707
3480,3273,4974,8740
7394,4243,265,2720
3046,6156,7676,2606
4245,2320,9230,7570
9464,1598,3798,3772
4489,3494,3383,9043
4897,9984,2168,4979
3254,2994,9433,5286
7196,4733,3570,4186
7318,432,7822,5035
9669,2338,2391,7080
6859,2486,7179,6693
2176,6460,3575,9699
4790,5394,9515,3223
9729,4814,2000,3109
5124,2855,7254,4613
239,8299,6222,3871
8020,7430,2662,957
8827,543,6790,3659
2032,8510,2130,3816
1811,6359,2605,9350
7707,5276,992,4239
9624,2561,1834,2520
4923,4416,4188,7874
7367,5336,5466,3
6711,3755,5581,4650
5396,5761,6385,2489
910,8898,7596,4528
7954,8000,4984,432
3749,5043,3972,8433
8534,2063,3918,1960
5929,6839,1551,8522
5965,6803,5137,1701
2964,94,9709,7593
707,7887,1446,8963
5395,8731,2535,917
4092,6388,27,6549
3257,1568,7421,7883
4353,7720,3266,6100
144,8237,1468,9239
6479,6530,5611,1843
5515,6130,2100,8127
6669,4770,1862,4897
6012,3550,5524,3599
3168,2730,6061,8971
9972,3222,4975,1668
5794,4086,6383,3638
4269,5370,3842,7828
6399,7945,1903,5453
3814,2935,8155,4447
2886,444,4247,9793
9830,5904,2812,3184
4773,7508,4810,5175
9760,138,6296,6441
8702,1981,6591,7407
607,6975,6396,3910
8924,6376,28,5808
7184,6417,5177,1075
8387,3136,5823,2916
9049,390,6590,7240
2792,5423,7881,2811
9173,1920,747,9120
4958,3771,3124,7694
1650,606,9533,5885
6500,954,6822,6149
5979,4937,3602,5932
6789,1386,5953,6798
5810,1249,7471,4013
6925,2165,6281,4332
2432,7726,5504,4687
7377,783,9315,4281
6019,3424,8413,3937
2002,8530,2632,4656
9245,7223,693,2621
3337,4163,8769,5563
2455,2017,3967,9606
2686,5817,8289,2725
6474,1863,5754,7265
4671,6033,1072,6781
8680,2412,9387,4288
3871,7905,9676,40
97,3199,6318,9427
9124,1697,5059,2757
7902,3948,1740,3710
9293,2885,5565,5792
4280,4811,2331,4926
2930,2293,8664,4857
7562,6119,134,6925
5381,2687,7421,4898
8976,1333,8486,1550
1626,6733,9911,4285
6186,7256,4384,2339
435,9549,7509,2608
3625,9915,1233,5783
5391,4184,5866,3311
2293,6762,7022,5493
4688,2345,5599,8748
1508,8118,6377,4718
7055,4543,6174,3810
6031,7004,4932,3089
3233,1920,4450,6744
4503,8683,88,8528
2215,3754,5874,6672
1908,4268,5001,9769
4658,4510,2494,7365
3967,7593,7335,4127
4188,6491,6167,2794
7242,8012,6476,3213
208,6527,3919,7923
491,8067,2046,6844
2430,6150,4426,5542
3714,1696,7576,7699
5283,4819,4252,5644
7651,3698,6161,3612
6179,911,5994,5837
5870,3889,5295,8725
8646,2331,6641,4232
6151,820,8545,4248
2961,3845,6193,5467
6200,3623,7927,542
8672,33,3194,6973
2790,9847,2263,7713
7797,7856,1415,4549
7352,7123,791,7068
1193,8980,3730,6573
6675,3805,5111,2521
7190,1726,5734,7642
4885,8478,69,6934
5646,4566,4692,4136
6453,988,8153,3718
926,6595,3475,7726
7933,1826,6533,1635
6576,73,7103,8183
3796,5301,2885,8506
3370,7208,81,7304
2958,6770,7167,5366
5642,4848,7081,1342
2427,3838,4755,5851
2563,3231,6510,7316
5890,1353,6936,5432
3182,4496,6223,6779
1165,7945,3935,6795
2709,5411,7068,2468
1058,4684,3025,8841
4423,7963,4528,5816
5961,514,7420,5234
4675,1667,5945,7647
7811,3430,6830,3440
1400,9902,9358,50
6117,4520,7213,3148
2681,8949,5066,4621
2866,4493,7615,5067
5558,6558,533,7116
2482,4737,5085,4752
1862,6014,3931,9044
2072,21,9957,6644
3600,8913,674,9017
6147,6231,5653,2889
6925,7500,4175,2982
6609,3070,3009,8431
8848,4723,3013,5583
7795,5630,3632,3922
5292,9402,2860,2203
2783,3256,6813,6305
4498,6682,7938,1738
3822,1687,9789,3353
3861,4853,7203,2516
8952,3712,7391,2037
3598,3430,7807,4360
3236,4248,8425,1308
4953,3019,2691,9914
2176,6099,6499,4560
6067,6932,2311,4626
644,6861,8144,3425
5361,1399,7731,6727
9179,8081,2339,1272
9000,180,8120,599
3080,4310,5043,5894
5443,2197,6345,2470
4590,2184,3979,8534
6177,1529,6326,6700
7516,1205,732,9275
3058,9343,1936,4634
556,9989,3543,3475
2176,6893,2463,8408
9071,5848,1373,5263
3326,2875,7547,6283
2846,9340,3816,2310
5053,4017,6071,5922
7379,3070,5758,2962
8830,7420,3819,2600
3788,9817,4965,2516
2212,8142,8464,755
7294,1748,2440,9728
5559,1633,3480,8023
7007,2944,3874,6506
8193,3004,5947,982
5185,8003,7352,1581
6156,1704,2813,9988
2460,3826,7264,5404
1977,7591,1051,8817
5533,5763,6409,4667
5082,3136,7771,2766
6719,7634,5062,4107
7319,2272,5672,5886
923,5943,3836,9014
8326,3694,3724,2077
1491,9295,2742,9290
4855,9065,2576,2795
4494,2141,4323,6919
4014,7662,2396,7465
4314,1432,4822,7147
306,8809,4987,5098
5915,5414,4143,7555
8641,5439,2537,4936
9115,7275,1088,3671
7288,4606,6295,3645
7211,936,4115,6276
4959,5733,2805,6110
383,5669,6021,9686
9617,5938,4886,972
5013,5749,2355,7517
5942,7367,5163,1826
5598,6639,7357,166
5279,6421,3886,447
1133,5518,8482,5049
5076,8617,7601,1258
6726,3776,168,7982
9375,6296,1788,3848
9675,1817,2965,3799
4605,1900,6057,6396
4723,4977,4754,7937
8314,7490,1064,3193
9654,1203,418,7866
3759,2696,4065,7754
8102,7490,2393,4280
3811,3924,2709,9035
6330,8720,1342,4523
2219,2320,8118,6790
5360,9307,285,2420
1246,3665,7485,8711
9011,7780,1816,586
6949,73,5630,6967
3971,7465,5812,3706
4764,654,7587,6455
4439,3306,1040,8318
6553,3084,1021,7814
5862,4070,8596,3691
8475,2993,6806,3660
6019,2082,9363,1777
2191,2659,5371,9354
7906,3585,7045,1051
6251,1148,5353,8414
4307,5587,5198,7124
8776,8637,1026,1641
2518,1580,6823,7999
7186,1210,4708,7706
4774,5709,1084,6894
5182,2947,8495,3141
8290,844,7674,3829
3334,5765,3205,7129
2338,7186,784,9877
1337,9192,2566,7331
8862,5997,2118,3335
2048,6625,7034,6668
4547,6105,8059,669
6734,5914,5502,2418
6992,1881,6143,3488
3354,3632,4572,8727
2736,5840,8987,1344
3347,8290,7306,1462
3522,8285,7964,1171
1059,8716,1014,7327
1031,6782,4636,4359
4635,9234,5312,3252
7219,2712,8879,1158
8526,2827,5957,824
2301,6275,9813,3645
7660,5842,3875,1080
7338,2979,5360,4414
2360,2717,5482,5375
8201,3433,2139,5772
2269,5864,3371,9219
6068,2563,6882,3790
5871,1545,8410,3441
4612,5164,2183,2670
6186,405,4682,4610
4818,5621,3795,6286
6682,4957,1373,5364
6008,6326,2567,3985
5634,5233,9794,254
7631,1003,6433,2214
1051,6745,3267,5581
9276,2569,5553,1308
7515,2587,4443,5617
6282,4248,5537,2096
6150,7102,2547,4667
5982,4421,6794,3605
9339,3220,6115,2371
1989,5607,5666,7126
5499,5728,6521,2187
2387,4410,9754,3229
6847,2824,9515,1056
2649,4858,5852,6981
6945,8644,2180,812
6545,2402,9716,3610
7469,6953,4311,2943
7215,2964,2341,8208
7266,9367,703,2779
1729,7920,5398,5592
448,8080,5938,6026
1366,980,9453,8946
4615,7630,3842,4756
9786,2099,1298,6791
7291,3930,4127,4209
796,1636,9665,4956
5579,4008,8550,862
701,5491,5297,5883
2720,5143,7702,5363
7849,9852,3544,1253
6944,7232,3447,3843
7923,3692,4658,2606
4090,3083,5246,7884
3282,6903,978,8703
902,5295,7640,6617
1701,2869,7618,7941
976,6836,5867,6514
6140,6892,1595,5169
8802,2591,2097,7931
9493,2106,6885,681
7158,6040,2222,5896
6965,6453,6634,1242
2332,2920,7288,4922
8027,5870,4876,1704
6632,4206,4131,3934
5532,347,7493,7051
319,8060,2955,9658
9075,1237,7704,960
7398,4367,7929,3492
2295,6769,7855,1617
4697,2868,7573,4879
3567,4625,3196,5792
4742,1342,9501,5643
9925,3819,2691,1074
993,8852,5287,6494
1992,5780,5494,7266
654,8100,6068,6023
9036,5924,2375,4876
3863,8572,604,9812
8963,1930,4878,2458
3594,2129,9000,1933
9904,1070,5942,3367
8997,2959,5102,955
6067,3471,7484,1309
6897,7305,2238,4758
7039,3778,7211,2867
3957,6020,9019,1202
3013,9195,4088,4890
3318,7799,3998,6122
1594,3365,7437,7849
9127,435,7883,2094
9444,2289,5618,2299
7575,7486,3734,5373
5147,626,8051,6665
5411,5702,2148,8324
3497,6444,3433,7224
5686,9634,6744,254
3229,4406,8608,7026
5832,6689,3265,4672
6427,7458,4701,4492
4152,6707,5991,3693
5173,9331,440,7000
4726,4578,4121,5769
5433,6582,5860,1503
1501,2434,6097,7539
5982,2973,2154,8409
4483,1285,7536,6899
7505,3207,2817,8084
4101,6556,8768,1275
2206,6361,4670,7465
6527,5819,4747,7873
9067,9524,2312,3284
8080,5735,7843,1864
6573,2742,2908,9246
1976,7467,7976,1944
2698,2685,9852,4567
4085,7873,7125,4782
2969,6806,6963,4049
9217,3643,5313,2040
3783,6001,7743,6289
6025,3383,7740,902
4047,771,8991,6602
1993,7663,6225,6613
8881,1069,6501,1715
1694,6116,6318,3085
9061,2351,4801,3930
2486,9786,1213,5283
6388,4418,3837,6269
4945,1615,2340,8426
3560,2702,2695,8684
4320,1190,5153,9384
7209,7120,190,6087
4893,3484,7224,7914
9161,3067,2594,8369
5612,7391,3422,2335
7616,646,3069,5397
5945,7198,1492,7102
6748,8019,6583,4062
1592,885,9542,9382
8659,450,5108,6470
6607,3566,4045,5342
4027,3223,4720,3970
9759,7325,3328,866
6131,238,7775,4765
5100,4727,7662,3603
2488,6751,3043,7596
4139,5994,8925,2710
5078,5895,1564,5600
1027,7212,6652,3156
3535,4456,7260,3232
6353,2022,7673,1390
5251,8871,6932,1429
8240,7557,5270,1557
4616,7685,2508,1790
7416,7338,3464,2579
5568,7470,3618,4027
4259,3516,4078,8131
2455,7704,2454,5378
3772,3995,7887,6706
2938,4135,6743,4786
4906,2563,7343,6096
7459,5447,1112,3326
8259,6496,4266,3739
114,4685,8381,6610
5833,6658,4753,3968
6894,8834,3296,118
6102,7116,2106,5632
4369,1154,5393,6663
1149,7877,3695,3992
7080,4157,7119,894
2919,5505,6374,3077
9132,1393,9347,1703
4227,1393,9103,6371
4972,2460,8300,4677
6362,1499,5078,6719
848,6789,8872,3800
3718,5753,5875,1748
6278,5011,7454,82
2334,6296,5760,8335
9533,1691,3409,7648
4464,517,5733,6617
4256,1949,4681,9351
4164,7819,3982,2067
5240,6709,776,5515
3810,4913,6914,1942
3696,3111,7494,5148
2133,3777,6801,8285
1685,4116,8963,5580
1172,6849,7850,6177
9075,3906,3122,5919
685,4877,8306,5609
3748,1466,6737,7947
5960,6889,1168,5227
2313,8802,5996,4633
1552,7381,4490,5683
3772,675,6884,4856
9130,2887,5899,1255
5398,6117,2207,3979
3115,4071,7698,4983
6225,3562,6298,1300
6957,7508,1916,3007
2072,5674,8830,7249
6907,4803,7082,217
4233,5106,1695,5875
3760,9563,1756,3863
8472,481,8628,3099
3340,590,9008,8292
3886,9312,1908,2269
3763,2423,3640,8271
9038,3186,7354,2072
7868,5840,5154,1970
978,6598,6435,4823
8009,4179,6797,4117
8730,4103,4433,4726
9188,6536,2256,1929
9191,3024,1319,9530
6904,4500,719,7852
4866,9642,1471,5986
9617,1647,4214,4556
3284,2682,7316,2504
6658,3359,5509,4025
8688,4221,4821,1130
3937,6241,6237,8071
8771,1152,4746,5186
5127,6335,3011,2151
3918,606,9894,6382
6263,3780,2124,7374
4831,9011,3831,4255
6059,4910,3933,3760
3220,942,6958,8821
2976,4982,6252,4611
2484,5353,4271,7709
8664,684,5608,3661
3633,2337,8579,4553
2718,3437,9633,7700
3930,3485,9112,3975
9470,2559,709,6265
864,8407,3178,8055
6627,515,5136,7917
8265,2143,9241,1541
4835,7986,2867,2684
8504,3061,6980,4348
1535,6559,6578,4397
2389,3172,7526,3932
2408,7868,4897,4803
7641,4025,8344,620
768,2541,7663,6716
279,5410,5433,8088
5329,5269,1895,6846
7791,2567,2279,5588
1252,7806,5062,8008
590,8089,3356,9357
9177,801,6793,2864
5396,8525,2179,4931
6116,4572,5846,4355
9340,2304,6345,3786
2240,2660,3619,9070
5134,2470,4975,6431
2553,7331,5532,3969
7256,2289,7000,1926
7659,2659,3220,5392
8602,3555,7034,638
6703,2221,4466,7049
6667,678,4881,5633
8841,7990,5360,2386
969,6173,8507,3577
3978,1705,7442,5975
9600,5173,990,3381
8414,1366,8742,1511
1169,6477,3790,8929
4552,5557,3639,7574
6929,2196,3166,5002
6582,469,6553,4652
2466,5211,523,9501
7263,6934,2313,3061
727,8944,7350,2135
8853,3315,6516,1161
8104,663,1057,9777
9330,8109,1829,2709
2068,5941,3589,7817
4654,2989,5114,8256
8066,6928,4799,1541
3432,9158,4576,4038
4100,2566,6475,8648
4708,7174,1340,4898
5398,1320,5217,9677
1368,7540,7474,4288
2176,8067,4827,3594
456,8676,6280,4475
7599,4994,2024,4472
4483,3110,7788,2874
7013,2763,7111,4372
1420,5470,7898,8021
3085,8273,4245,6037
8216,9797,944,3439
7152,6380,6039,2
8936,1119,7308,4730
967,9697,6313,2109
9253,343,7485,2528
7490,5900,235,5033
9845,4947,5100,2166
1398,7967,5187,7157
4763,3914,9181,4781
2551,5895,5236,8495
8415,4155,3714,3351
8756,3081,3363,6631
8246,3314,7519,717
1916,4389,5318,7162
3159,334,8958,8377
5972,1645,5272,8747
225,5908,7157,5158
3737,5670,6213,5430
1892,9470,4482,4717
1218,7068,7760,3585
4120,2429,7071,6409
6434,3542,7331,3571
6288,2181,5458,7634
4955,5008,2630,5629
3545,5569,1592,6220
3637,2549,1243,9901
9037,5363,3905,343
3866,9265,684,7359
6197,7275,6260,3976
5870,6836,5737,2980
1189,7842,5837,7021
1884,1238,8350,8990
8426,2035,6617,1051
4113,77,4581,8372
3924,1509,8407,7020
1940,9303,3292,6866
922,9797,6078,5270
3886,3883,5071,6607
7091,7457,845,5344
9399,8301,532,2635
4434,8412,5287,2425
4247,8454,4307,3319
5011,3699,3947,8871
3973,7373,2477,9515
7515,277,6450,7140
3847,6100,8796,419
9780,7670,3346,1397
1644,3839,5071,5901
6510,7457,2357,6839
2309,1692,9958,7630
7180,745,4759,6693
513,2445,7096,8656
9517,3136,6602,828
3793,8437,5302,6936
5395,6490,3736,1353
9390,1101,9686,0
4925,5221,8196,1190
3616,5120,4815,6867
9996,125,6748,1152
8990,4373,1169,2057
3129,5269,6200,5032
6859,2977,1790,7340
6738,1612,6210,3664
3662,973,9596,4312
3882,4895,1433,8310
3221,4577,6048,6897
2603,7168,7493,3176
9099,1016,4806,4986
6134,8689,3746,3503
4308,4833,4765,7730
4347,6338,5572,1498
5584,5689,3316,5556
2338,5009,9330,3944
3578,5008,4960,8272
7296,3261,5616,1606
7112,3358,8298,347
5334,716,5721,3495
2960,4687,5696,7365
4305,5691,3710,9504
7047,2698,2917,4133
6108,4808,7907,1535
2201,2774,8005,6912
1141,4389,8009,5003
2039,8733,3631,3740
4153,3868,6355,6630
3004,5064,6908,7421
8436,9117,3734,632
8011,5816,1797,3457
4589,3938,5297,5559
9788,4608,956,4120
3007,7238,3902,6064
4641,3569,5663,5742
5902,1179,2545,9774
8648,1592,1892,5853
4379,8072,6117,3023
1605,4194,4633,8223
4521,4664,9639,1920
1403,6703,4138,8724
7078,8995,792,3466
4626,8319,438,5469
7467,6759,2128,5309
7965,6265,2398,3511
2111,5756,7779,3468
3088,5697,9878,1142
4650,3571,6557,4480
7493,4192,1030,6878
6471,2903,2792,8962
3785,3695,4239,5293
5351,1439,9400,5290
3697,5657,1361,9522
3802,7393,3993,4532
9872,3330,1302,5027
3365,6459,3906,6696
5722,6392,5599,2159
5143,8705,1396,6495
5551,2769,9954,1011
2460,9907,6887,651
2484,5710,9661,2477
8145,5798,5526,920
9922,3757,7403,667
5550,5766,5189,3860
6823,6470,299,5347
4305,9073,7463,2280
5563,6427,2409,6476
6875,2658,2555,5576
8155,6999,4007,2650
6110,2422,6025,8341
6271,2559,5311,1960
4725,8508,2440,4108
4602,5759,4641,6952
8131,8927,2766,296
7224,8865,1138,5126
5192,4779,5047,4999
6147,3110,4553,9021
9707,3808,4976,865
1386,9063,8746,161
2461,3069,5995,9487
6387,4413,3372,6825
1809,5728,7690,1917
4887,7839,3085,5974
3849,3815,6697,8592
6245,1938,3908,9354
6858,3075,3354,6981
4460,2713,4313,7573
1955,8198,8801,1408
4162,6642,4425,6670
3833,4486,6292,4047
5974,2785,6068,1985
4126,5252,5354,5946
4765,5167,2490,8821
4621,268,9063,6003
2423,7896,9448,850
3955,6836,3511,6566
3488,5509,4759,5502
4426,2794,6933,5513
8541,3340,6874,2009
4275,6341,4640,5239
6136,6281,6502,205
2117,6263,4277,2271
1356,7472,6531,6662
8466,1345,5355,6309
2738,475,8125,9619
6362,7954,1396,3540
3044,1191,6089,8634
5877,3952,5787,6991
5594,3584,5722,5367
953,3968,6294,6922
1544,5864,9432,1046
9971,3027,730,8579
8796,148,4451,5062
1826,4693,8047,4613
3775,9133,646,7420
2577,9595,2084,5487
7924,3022,8365,1986
5520,897,6469,8738
7613,1659,6896,3021
4957,1702,6744,9076
1570,7697,2817,5878
9314,2483,9038,1944
4553,3143,8824,8194
5793,6194,7424,3060
1923,6027,2237,6640
3979,4236,5480,5547
2765,2570,6183,3610
894,5585,7459,6300
2743,8221,9116,2088
131,2309,5537,7917
7847,3480,9451,1796
4337,9663,4224,1850
3450,3298,6693,5337
7379,4609,8429,2077
3641,1039,6229,6596
5117,5032,7865,1949
8605,1290,7989,1745
875,5518,9462,4573
3783,6091,7017,3259
8090,194,6050,3649
2705,5893,7087,7255
8551,7498,1301,5238
587,8149,9702,903
1703,3496,8459,8111
6705,5244,6239,2722
6431,6474,7706,2230
4803,3151,2680,7534
8920,105,9097,1915
3101,6828,3748,8056
7180,3053,3417,6093
8502,4147,4097,5685
2603,6990,9342,522
3675,6928,9280,1232
5151,3899,8309,1273
1878,5843,9724,4491
2709,5497,8896,3595
1622,4653,9512,4010
5460,6441,4465,3971
4647,9159,4092,3129
8218,1747,7060,802
2829,7751,3556,4972
4974,2211,8053,3648
4893,8428,5007,4437
7548,3350,767,6964
1556,7073,5796,4535
7156,8007,4266,510
4863,2166,7401,5477
2565,6171,6839,6641
2786,3905,8144,5234
1717,5756,6831,5369
8851,8202,2841,808
8683,5119,2334,2552
6233,6579,765,6001
3244,6770,2757,6288
714,6798,3847,8462
4310,9069,2456,4779
7077,4562,298,9185
5220,4983,2653,5976
8851,3731,2126,7425
4974,4446,3260,7688
4402,5679,7256,2527
3028,6463,7142,6038
7233,1799,6713,1555
6718,3313,3521,4861
7687,5261,8068,140
8522,1944,6305,2644
2475,7759,8258,2513
4594,3978,7516,6093
8884,5459,6905,1432
6048,2063,9846,1645
6326,8147,112,6669
7843,3945,3244,5156
6036,1023,6799,7516
2097,1584,5336,7464
1177,4507,7851,6110
2728,3428,5470,9537
23,4087,7774,9354
3079,4226,7491,5659
4404,2584,3228,8588
847,7405,9342,3502
4105,1980,7970,3825
8523,3340,1868,5441
4800,4322,8570,4138
9433,6185,644,6403
6080,7735,5320,2636
1981,3701,7114,5660
6287,6278,3452,4503
8532,1666,8570,3551
4335,6794,5999,2533
6645,5236,8778,1694
8121,3547,7078,4308
5319,2226,4864,6266
5026,7478,4850,2180
4666,9321,3903,2547
6826,3702,6833,2395
5326,8176,2786,4786
1601,6777,1502,8092
3278,7818,7350,2878
7694,5522,6994,196
4859,6068,5420,2649
5662,4746,1128,8617
7553,4146,4574,3432
4350,6557,8859,4235
7217,2225,7702,1073
4436,1975,5769,6878
5303,7252,6017,3651
1666,5507,7646,4915
7971,2332,7203,3292
3219,6734,1455,6278
6353,6727,2971,5656
4835,3842,5775,7438
2433,3249,3507,9952
6975,6722,449,4666
2217,3542,5010,8336
8791,7167,2038,3141
7158,939,6259,2398
4130,6557,6025,6749
6503,1213,5830,3908
4269,4498,9117,3740
1057,173,8435,9871
5974,2012,9478,4373
5457,888,4618,8586
670,6046,8368,6111
9358,4673,9349,1439
6511,2790,108,9734
6703,3982,4169,3900
499,7268,6580,3691
4444,2880,6317,8238
7988,610,7489,5718
858,7257,3777,8907
6932,7188,530,6170
4346,7582,2724,6515
5250,3123,2764,8047
7935,5381,3680,449
4493,8287,1854,2038
9029,3765,4467,4196
4929,2681,7509,4092
8570,4512,2290,2762
5928,6462,2241,3362
681,8285,4409,8701
9865,2604,8537,318
5671,1829,9136,3670
5350,4540,4141,5876
7597,5227,1771,4200
4900,7718,2021,5372
5232,8966,580,6979
7326,7856,2189,2483
4182,3879,9691,2868
4148,3828,2697,5969
366,6917,9541,4352
988,5834,3902,8655
1087,8485,2238,7511
9080,6935,2615,3037
5150,1046,6690,8247
3934,4467,3220,9201
2419,1620,8347,6848
4850,4933,8621,4680
9872,5551,489,5010
6108,4061,7668,4645
4782,4410,2868,7595
5710,6120,6275,3242
5717,1317,9077,468
4466,9524,2132,3148
9938,3656,5646,3368
2305,4496,5376,8833
1033,8068,4790,3424
1728,7842,5550,3899
4825,1223,7366,6615
7616,2051,2852,5244
7896,5189,6203,2155
6026,168,5438,7060
4006,4671,6508,6335
6528,4916,8130,1394
7656,2689,2919,2532
3683,8048,2762,6900
4186,167,9961,6684
3459,4946,5362,9151
1071,9951,5641,6099
2902,670,5388,9721
4147,3290,3518,6948
4102,3765,5872,6616
2034,7675,7384,3980
8333,2457,3388,5939
7083,7061,4311,1396
8890,3973,4326,2724
6363,3567,5978,2989
5826,2666,5965,4231
7872,3225,1830,3974
9593,2714,1797,5033
3914,5931,3108,6796
5548,4936,7976,3967
9727,1786,6909,1853
5217,5622,1716,2315
2627,5947,3473,3264
3760,3775,7835,7906
1954,3857,8884,7901
4741,1639,7056,5502
4942,5561,5069,3395
8436,3288,6464,2477
1191,7917,5732,4999
7631,2042,6587,3321
5580,1883,8537,5332
6910,5191,1963,9491
5623,6881,4235,1246
3936,5054,2723,7134
5161,3337,1860,6762
9064,1774,3264,7923
7147,7789,2692,4792
7521,3967,1311,6648
4500,9425,5154,668
6484,443,4901,5904
2319,4334,6031,8665
310,9282,216,9565
4664,9487,3152,4245
8113,1051,7876,2850
8238,2523,4968,7244
6518,2257,6763,7265
1307,9959,570,9008
6383,9475,760,4588
2999,3358,4135,9207
2854,6348,1989,5730
2120,5161,5451,4154
6844,2670,4178,4851
5956,6675,3826,1972
5116,9081,4673,2048
2173,8839,4064,5081
3090,3974,2556,8569
3208,7304,2670,8140
5512,5723,4711,5924
5993,875,9392,6495
4831,3950,6704,4418
3563,5001,4186,6167
7140,1820,6745,5147
6835,6848,8804,1651
8191,2832,2656,5989
5120,782,4523,8538
420,8317,1710,9020
4698,6823,5928,2928
8697,4487,5521,23
2673,7186,8041,4055
3214,5985,7519,4932
2240,6003,8233,2183
6441,3537,6743,2385
4983,3915,2432,6552
9202,4997,2363,4089
8649,9335,1247,3472
4904,7376,4962,3899
8714,2876,9917,2835
4474,6271,6021,3010
5173,6455,3742,3081
6717,6732,2916,3797
3637,777,5806,7688
7737,3172,8841,1538
6790,4451,4255,2459
6175,1873,6750,7757
5112,7755,4223,3078
3731,7413,2405,3800
6321,2960,5836,6827
4532,3256,7538,6089
4593,9887,43,6666
230,8635,4635,7132
5761,8697,2931,2713
8625,2864,6919,946
4584,2268,767,8314
8768,7928,2630,1888
5962,580,1452,8013
3501,5781,6155,1919
3038,9787,3516,3295
2271,5205,5221,5080
2631,5185,9094,4004
4406,8212,4322,3401
9375,3932,3618,2616
514,3424,7112,6768
4471,6446,5212,6653
5383,3858,7066,2063
1275,3810,7442,5708
1464,6960,2868,7902
7265,1947,3818,6298
7214,2636,4316,2229
1915,6991,6553,3043
3680,3972,6098,4243
4011,4954,2455,9037
8612,1185,6174,2409
2217,6691,466,6510
4862,6100,2884,7558
8600,145,8940,1566
8274,5445,4105,2355
7416,2138,5983,1994
4954,6081,3773,4407
2876,2247,7233,6537
2974,8296,6037,2332
9085,3030,7941,2612
5245,2933,6303,2577
3371,4747,7564,5819
5446,8093,907,6121
2241,1509,7302,9537
7915,2852,3723,5221
1014,5175,7930,5546
3355,6303,6535,7744
4085,5945,8481,718
2433,6786,4742,6657
5807,1929,8709,3085
7849,261,7974,2980
905,8634,7221,1610
4701,8503,815,8342
6009,3499,3564,7736
4917,6237,3405,5081
7466,947,4702,8565
6679,2959,5155,5841
5871,9389,755,3700
9601,2707,4092,3958
9260,2082,6474,2392
691,5965,5615,9596
2673,8564,139,5016
3493,5242,5326,5260
7432,2659,8149,3006
5291,6192,3421,5908
5911,5872,4637,7090
1516,5488,5761,7813
7300,6147,7345,23
4025,2697,9709,5377
5691,1345,9478,1543
4434,3938,8080,5374
8211,78,4198,9375
1565,3713,9804,3779
2170,5728,4636,7111
9373,5136,4249,1929
5242,466,8327,5517
4093,7172,4969,5588
5436,8396,2855,1667
3272,8349,5054,1071
9288,1972,6508,428
8893,6064,1831,1131
5072,7799,7973,781
5772,965,7046,5698
6627,4939,4193,4244
7882,613,3929,7147
2586,5355,5041,8882
5274,7993,607,4430
3023,2956,6163,6544
5901,2884,9631,2538
9266,679,7833,1435
2028,1346,8974,6110
2446,1554,7758,8715
6971,4653,4294,5670
5603,2686,2656,8537
6197,5255,2225,9378
7259,9024,2377,986
7503,2511,6262,7271
2015,6307,2943,8619
3741,4301,8219,2593
7206,3651,5457,5054
1605,5102,9504,3048
2505,5287,9859,3278
1271,7395,4109,2842
3207,8968,974,7514
7447,1935,1000,7876
8183,2144,5186,6832
3837,4115,3679,8796
1176,7739,5006,2146
5508,1112,6928,7004
3958,1406,4954,7638
5191,2990,6895,6681
5800,2324,4832,6372
3028,4556,5736,9429
5910,7810,3113,1879
5688,7488,1222,9334
7995,6823,3565,4242
2705,6742,9693,1364
7815,716,4653,4443
3619,3431,2405,7557
5110,7135,2934,4490
1494,9075,1671,9962
8904,814,2628,7173
7210,6043,6509,1195
4436,7863,5674,4127
9250,4425,4918,5542
5694,5234,7077,1026
9599,4164,6312,1046
1457,7939,7461,2988
8501,5612,6547,418
8159,3240,8421,1898
5832,3107,5592,6387
8150,128,6377,2764
7074,5091,3475,2196
4598,2100,7726,7897
5736,6531,4590,3394
9254,1772,8986,2596
5120,7112,1628,5097
2227,7722,9109,956
3978,7981,1935,3193
2967,1409,9182,7221
7984,1487,5277,5938
4235,2422,5699,4366
1047,4236,9119,5958
602,9506,4376,4774
5757,5339,7194,5245
8155,2646,6801,2960
4444,7276,4621,2801
1483,6021,7941,5297
4557,5983,1295,8616
7779,6465,2145,3561
4066,5340,8446,3343
5,9876,2449,6591
9341,2149,4893,4627
5424,3070,3337,9677
7117,2589,8974,1034
4864,5772,8198,3900
6565,5266,5856,1254
6984,5809,8932,413
633,3420,8650,6688
3987,4509,8683,598
9038,3915,2898,4820
4295,5034,3944,6220
7619,2156,5226,6838
1568,3249,8971,7545
6689,5538,4283,4056
4524,8928,5193,4711
7876,6095,8218,2190
5946,6277,873,7450
8405,1989,9191,2233
4862,5057,6796,4154
7970,4362,4829,3958
8242,1968,2867,7104
2763,7699,652,9360
565,4706,6606,5814
6043,3603,5793,5001
5683,4301,9166,2724
9939,2732,5576,2183
883,6153,2042,9493
6258,3264,7478,4378
7958,2800,5155,2215
8287,9397,2334,392
6282,9990,4309,630
3978,4813,6579,4339
7468,7335,1039,3667
7775,3042,3242,7125
2919,9058,4449,3488
2234,9134,8677,2449
6634,7410,1311,1022
1013,6458,8976,3738
5811,9146,5717,3875
5469,4655,2141,4659
174,8054,3469,5928
4203,5242,875,8476
2030,8554,4655,1373
3097,5519,7134,4616
9333,2319,2694,4875
7861,1517,6120,4794
4567,6143,6705,2781
9229,810,4835,4231
8180,2993,7284,3902
5665,7903,232,8329
6741,2483,3300,9643
5455,8675,5033,1778
4257,9598,778,4942
9014,5527,3659,3681
5780,1528,1659,6712
8429,2620,2137,8386
388,8434,5413,6380
1908,3250,3912,9736
9182,5951,1290,7459
6022,5376,2089,8733
4466,3506,6219,4632
5651,469,9720,5339
7269,1301,6401,4726
4626,5198,1578,7760
6196,6071,6548,808
4338,8056,4560,1877
737,6337,6857,5225
9514,1096,1376,7953
4607,7144,7232,1401
4127,2233,6944,4010
4442,3035,5046,5847
6993,1709,2348,8479
6349,7065,8861,2002
4547,7768,4903,5464
9513,5538,3526,4434
8930,4389,2636,5349
4817,3101,3511,9928
1775,5388,6140,8288
8030,5940,4882,2199
1887,1012,9050,6173
8075,4634,3376,4045
4627,445,5553,9491
9215,5412,5421,3332
3334,6837,5419,2416
4561,6051,3304,5229
8440,4182,1726,5337
5878,592,6489,6616
5126,9841,1646,4507
1602,7396,6632,5183
4248,9176,4329,3110
1021,7355,1545,9904
1818,5706,7753,4903
1962,6107,5209,5130
5312,2363,5483,6169
2526,7537,3614,7823
3614,8966,3081,1380
4219,3803,7220,5436
7596,6505,639,6145
5747,4336,1611,8973
5476,7987,3663,2339
621,6401,7828,5402
5385,2105,5833,7886
7730,3045,2403,3510
5052,5782,9284,218
4552,5048,7192,3109
9913,216,6845,396
1451,3336,9226,5266
5507,7615,4422,6439
4744,5902,4018,3826
1229,7646,8300,2558
7970,1909,5063,5888
4306,6815,350,8430
3398,5580,8070,2632
4041,5344,4152,5507
5285,8014,4849,224
2680,2505,8547,6351
6148,7119,6515,1362
7206,1850,6324,6387
5959,4365,5319,2763
6052,538,3030,9196
3837,2712,8761,3340
818,2167,7447,9225
5410,6127,3899,3843
5686,2881,3733,4660
4682,5820,5767,2790
4276,353,6413,8386
1316,2914,9586,3270
8006,4695,4139,2422
114,1115,7015,7757
3766,4190,4054,5893
7311,307,7157,3949
3919,4741,4429,3616
5362,4539,6600,4082
7344,2626,749,6324
3000,3585,7473,3253
2840,5514,5961,6107
6207,5910,4239,3747
7835,4204,3059,4968
7071,7772,842,2977
2063,6892,5187,5633
3304,7278,4570,2462
4113,4136,2626,8939
2989,8321,4159,3454
4411,6925,5847,1309
3112,3757,4119,7427
2002,1957,9789,5868
8913,2281,5448,2356
3424,7655,2858,6056
9791,2361,2216,4515
1199,6264,2807,7824
7143,2479,6068,4732
3231,5761,5453,7235
2917,4234,6174,5872
7942,3755,7315,3819
5042,337,7105,7617
3593,2704,8331,5937
1835,3895,4154,7689
851,7704,3208,9217
3689,5638,5758,329
7924,8488,323,4620
4884,2767,4307,6797
7726,197,7261,4757
5418,1536,6521,3879
