3000 3
0.335301 0.400335 0.410116 
0.475739 0.485481 0.451155 
0.733398 0.779632 0.708543 
0.597157 0.700536 0.447867 
0.476245 0.333865 0.589839 
0.616360 0.489867 0.363268 
0.775240 0.458142 0.605700 
0.320833 0.582494 0.519597 
0.707730 0.647819 0.656503 
0.843841 0.811823 0.793734 
0.285061 0.230734 0.278042 
0.725109 0.674806 0.369890 
0.893614 0.891353 0.827357 
0.208633 0.562574 0.601048 
0.352940 0.288179 0.186030 
0.405688 0.182420 0.295934 
0.470312 0.577431 0.540495 
0.152923 0.310837 0.288102 
0.325931 0.587264 0.215407 
0.274664 0.174517 0.218586 
0.385641 0.596788 0.457143 
0.732578 0.437313 0.267106 
0.630220 0.571192 0.661885 
0.738613 0.779946 0.381705 
0.195895 0.189901 0.252994 
0.772491 0.690401 0.682954 
0.402569 0.662530 0.547981 
0.782249 0.825753 0.742070 
0.621690 0.522523 0.384790 
0.245377 0.209822 0.303465 
0.432729 0.145868 0.245636 
0.350667 0.170135 0.244619 
0.287365 0.553446 0.419622 
0.547371 0.292001 0.562090 
0.714111 0.628260 0.761685 
0.721436 0.711500 0.613811 
0.925770 0.857430 0.892192 
0.164410 0.091732 0.171000 
0.470224 0.610104 0.490457 
0.396264 0.572752 0.700663 
0.298980 0.302873 0.175757 
0.546946 0.342115 0.559225 
0.698286 0.474033 0.408879 
0.276926 0.103072 0.327050 
0.110075 0.082242 0.106918 
0.749359 0.793437 0.382219 
0.816746 0.711010 0.756238 
0.536355 0.536848 0.177372 
0.577557 0.551549 0.694213 
0.845106 0.661478 0.817916 
0.651094 0.660804 0.579871 
0.465745 0.390539 0.419377 
0.427031 0.664486 0.700793 
0.666668 0.680876 0.701103 
0.341171 0.307889 0.433589 
0.417772 0.677383 0.666900 
0.623604 0.665761 0.616426 
0.490473 0.367817 0.621616 
0.587447 0.531178 0.839731 
0.250068 0.178644 0.235198 
0.424681 0.215585 0.181837 
0.717890 0.683343 0.570777 
0.204636 0.414762 0.186668 
0.400219 0.451997 0.498919 
0.118094 0.175674 0.193372 
0.522618 0.549404 0.835675 
0.429659 0.359267 0.372441 
0.722007 0.741511 0.394773 
0.387094 0.261156 0.261638 
0.731383 0.689194 0.764448 
0.370411 0.268117 0.418859 
0.346238 0.324305 0.484220 
0.527901 0.377571 0.780812 
0.470319 0.298433 0.372504 
0.178710 0.559629 0.496667 
0.418156 0.318371 0.356448 
0.745744 0.571189 0.316703 
0.538530 0.595134 0.766863 
0.197463 0.215802 0.185011 
0.650084 0.704364 0.541930 
0.787696 0.701250 0.719808 
0.394792 0.534872 0.388283 
0.744970 0.728977 0.804380 
0.617394 0.657933 0.523349 
0.352124 0.349562 0.336237 
0.486438 0.678160 0.549733 
0.661993 0.765119 0.680221 
0.886221 0.776753 0.715052 
0.420047 0.329408 0.240018 
0.482869 0.616417 0.706933 
0.778133 0.551404 0.791232 
0.485067 0.642383 0.624042 
0.708742 0.664022 0.491065 
0.490439 0.554341 0.548206 
0.464485 0.560282 0.540523 
0.687210 0.761163 0.832809 
0.711797 0.614632 0.360987 
0.566484 0.402005 0.369677 
0.338843 0.495830 0.787821 
0.153462 0.367775 0.193134 
0.590630 0.615529 0.482865 
0.195959 0.634034 0.667798 
0.909207 0.716955 0.752540 
0.757936 0.593211 0.688334 
0.234935 0.289219 0.283029 
0.659399 0.362562 0.254752 
0.794143 0.696769 0.755856 
0.608390 0.310272 0.205705 
0.623396 0.335518 0.677009 
0.248151 0.592783 0.459603 
0.646547 0.614998 0.429389 
0.384993 0.360062 0.291396 
0.525188 0.469773 0.553882 
0.186371 0.158767 0.212983 
0.309984 0.396846 0.268311 
0.363949 0.369450 0.240892 
0.116405 0.193929 0.083815 
0.700267 0.584172 0.463938 
0.787187 0.731201 0.399290 
0.421720 0.827078 0.635279 
0.604197 0.381408 0.456294 
0.614614 0.510678 0.721400 
0.699163 0.746363 0.646030 
0.262789 0.307874 0.739640 
0.510550 0.263407 0.458792 
0.566096 0.583335 0.511004 
0.192589 0.169956 0.371311 
0.689027 0.786823 0.803652 
0.603410 0.633463 0.788255 
0.556891 0.580667 0.494904 
0.265877 0.227631 0.289427 
0.543676 0.782990 0.723671 
0.515337 0.476701 0.598150 
0.780510 0.840679 0.809962 
0.830456 0.871339 0.783396 
0.652991 0.505149 0.276447 
0.736687 0.728979 0.738985 
0.664786 0.584987 0.736410 
0.654496 0.716622 0.635378 
0.539444 0.609985 0.487086 
0.618128 0.706705 0.634244 
0.486717 0.285436 0.229525 
0.335128 0.557926 0.340743 
0.472898 0.613783 0.192411 
0.620560 0.587540 0.627766 
0.494123 0.341147 0.590351 
0.488871 0.593614 0.285252 
0.416515 0.697620 0.371237 
0.436119 0.366742 0.473062 
0.577110 0.321488 0.550552 
0.201139 0.434380 0.450940 
0.199404 0.363492 0.394912 
0.528089 0.634698 0.479141 
0.862385 0.648257 0.589684 
0.701893 0.599183 0.659584 
0.745973 0.744139 0.636854 
0.446331 0.388093 0.500132 
0.635855 0.410523 0.674459 
0.483892 0.556269 0.759789 
0.143634 0.287506 0.164380 
0.461363 0.119962 0.435983 
0.425683 0.525648 0.513066 
0.280250 0.407046 0.225308 
0.366935 0.436964 0.390370 
0.735801 0.494652 0.370859 
0.449306 0.246340 0.470459 
0.649029 0.528261 0.623022 
0.309395 0.571638 0.570092 
0.658719 0.446524 0.505977 
0.287405 0.609253 0.400067 
0.508365 0.542426 0.466484 
0.510664 0.564702 0.557378 
0.590968 0.799362 0.559610 
0.653290 0.536304 0.713755 
0.524611 0.656169 0.524131 
0.720292 0.585802 0.602312 
0.773548 0.599396 0.691115 
0.369746 0.391151 0.348198 
0.674097 0.666023 0.519926 
0.465547 0.296671 0.498563 
0.553961 0.619025 0.521436 
0.527993 0.526785 0.232749 
0.151759 0.200188 0.109585 
0.376142 0.530406 0.324875 
0.570663 0.567595 0.586231 
0.490827 0.422930 0.501174 
0.797881 0.871628 0.848078 
0.345890 0.323852 0.302240 
0.205826 0.230958 0.168099 
0.148708 0.410310 0.335613 
0.238721 0.179951 0.276047 
0.851318 0.772588 0.733762 
0.553445 0.316800 0.707218 
0.425269 0.512754 0.516535 
0.172512 0.161811 0.162574 
0.498058 0.476942 0.081486 
0.824237 0.808568 0.917903 
0.672751 0.772738 0.732509 
0.468448 0.545190 0.465093 
0.358878 0.295465 0.388785 
0.488321 0.654578 0.726896 
0.172307 0.251197 0.345812 
0.319915 0.189018 0.420032 
0.485992 0.631239 0.496094 
0.420312 0.242986 0.402802 
0.395770 0.523815 0.663892 
0.499193 0.639723 0.273959 
0.626770 0.751426 0.868938 
0.538950 0.675780 0.829002 
0.156560 0.183716 0.120844 
0.660372 0.725104 0.692597 
0.312908 0.460165 0.558597 
0.587212 0.606781 0.552165 
0.431623 0.435240 0.395510 
0.715308 0.527662 0.638253 
0.561555 0.710096 0.497535 
0.342590 0.180340 0.544765 
0.558192 0.364109 0.437479 
0.691072 0.517407 0.605598 
0.694187 0.748230 0.683875 
0.271216 0.423763 0.377577 
0.529150 0.412925 0.469068 
0.352730 0.588088 0.463213 
0.381517 0.321312 0.440742 
0.567541 0.486116 0.633100 
0.424299 0.366138 0.561419 
0.695029 0.578401 0.483779 
0.162335 0.249849 0.393733 
0.645997 0.312308 0.663654 
0.661407 0.535343 0.510186 
0.248432 0.223531 0.257512 
0.272962 0.204529 0.178183 
0.627650 0.629773 0.331023 
0.561801 0.597426 0.588813 
0.193060 0.298591 0.479101 
0.707119 0.683828 0.628196 
0.680284 0.659774 0.527796 
0.575687 0.482449 0.452345 
0.084236 0.446113 0.328670 
0.404181 0.394474 0.359410 
0.829263 0.825145 0.687259 
0.618208 0.646010 0.755915 
0.683104 0.746763 0.666503 
0.729525 0.722206 0.481849 
0.351148 0.359385 0.489047 
0.532788 0.755877 0.466913 
0.241642 0.313796 0.404134 
0.688289 0.767614 0.806837 
0.413071 0.412547 0.479481 
0.434306 0.498790 0.371398 
0.579105 0.783657 0.382857 
0.500029 0.486122 0.446853 
0.455749 0.669235 0.617742 
0.624633 0.642090 0.581674 
0.472557 0.340461 0.506081 
0.633173 0.592091 0.549735 
0.217067 0.361412 0.245563 
0.677763 0.164856 0.467144 
0.765318 0.739238 0.781400 
0.354930 0.644676 0.660900 
0.709996 0.285945 0.267155 
0.530696 0.641622 0.526711 
0.547630 0.629425 0.527739 
0.306328 0.304804 0.415260 
0.561958 0.669875 0.797284 
0.658634 0.615819 0.660244 
0.263504 0.315144 0.254170 
0.498391 0.400737 0.637998 
0.262303 0.266001 0.410528 
0.543900 0.372182 0.481822 
0.241065 0.198772 0.289348 
0.628873 0.616634 0.800330 
0.588127 0.544900 0.445051 
0.564790 0.394674 0.500195 
0.811331 0.733611 0.774277 
0.441658 0.284710 0.578353 
0.584420 0.820721 0.602544 
0.438758 0.417951 0.664217 
0.358542 0.609447 0.623763 
0.524726 0.723210 0.445959 
0.252691 0.301045 0.147368 
0.273382 0.323423 0.180341 
0.504647 0.485637 0.451176 
0.690626 0.731390 0.689237 
0.401759 0.463003 0.441236 
0.568484 0.547244 0.627307 
0.245685 0.176276 0.267475 
0.457874 0.302048 0.156590 
0.183362 0.275730 0.203177 
0.154522 0.283236 0.223638 
0.650369 0.474087 0.332226 
0.429798 0.278746 0.419381 
0.509758 0.369816 0.734851 
0.435028 0.347415 0.421130 
0.866524 0.821369 0.847690 
0.055003 0.133866 0.150224 
0.117156 0.117828 0.114977 
0.654885 0.626784 0.682684 
0.279040 0.313844 0.268394 
0.352240 0.661107 0.257317 
0.869451 0.862342 0.822577 
0.174669 0.467097 0.327895 
0.575060 0.348678 0.420572 
0.249989 0.231421 0.267647 
0.331134 0.445354 0.467872 
0.598625 0.504887 0.438232 
0.595105 0.666287 0.550322 
0.449040 0.514492 0.657172 
0.496190 0.380497 0.438418 
0.357532 0.327525 0.307782 
0.510815 0.306505 0.314782 
0.297781 0.164423 0.364128 
0.938922 0.885057 0.905932 
0.631776 0.706599 0.495317 
0.766041 0.700846 0.803698 
0.580989 0.420458 0.318311 
0.487957 0.615497 0.598984 
0.481465 0.335171 0.241737 
0.578553 0.591889 0.638763 
0.188846 0.188146 0.273739 
0.302600 0.460131 0.493435 
0.603685 0.748731 0.807318 
0.780504 0.784052 0.682178 
0.804371 0.786922 0.735653 
0.520817 0.712111 0.456788 
0.778313 0.557087 0.540401 
0.684060 0.342896 0.450427 
0.967329 0.963339 0.974981 
0.115795 0.153189 0.201250 
0.232059 0.168388 0.220954 
0.660158 0.565312 0.648835 
0.371479 0.537351 0.388222 
0.691033 0.507016 0.820498 
0.252832 0.342284 0.256718 
0.261788 0.574793 0.312953 
0.710651 0.717844 0.507714 
0.275566 0.576055 0.574921 
0.282305 0.251738 0.328794 
0.581319 0.603436 0.773157 
0.487277 0.387394 0.491773 
0.782561 0.828637 0.714381 
0.035852 0.069843 0.066002 
0.443366 0.232372 0.360229 
0.545175 0.750222 0.541110 
0.466649 0.694328 0.556683 
0.824973 0.628786 0.484367 
0.672362 0.582110 0.598467 
0.446130 0.652221 0.482404 
0.401182 0.473867 0.742395 
0.787450 0.641894 0.645061 
0.200215 0.285981 0.451538 
0.668034 0.635271 0.775105 
0.463658 0.567920 0.415938 
0.273354 0.137385 0.271747 
0.518789 0.486736 0.529816 
0.488885 0.604959 0.515913 
0.741705 0.810636 0.804459 
0.607319 0.824133 0.705592 
0.744233 0.814401 0.851110 
0.707588 0.576850 0.439383 
0.468649 0.642446 0.627820 
0.213233 0.317716 0.347722 
0.619124 0.557083 0.540796 
0.405459 0.356699 0.391997 
0.368764 0.505766 0.222051 
0.712074 0.439453 0.601876 
0.594907 0.346034 0.514122 
0.477213 0.441584 0.570850 
0.494883 0.545732 0.750160 
0.372007 0.527352 0.428030 
0.697116 0.599586 0.744530 
0.145894 0.153071 0.199747 
0.784172 0.832016 0.682229 
0.527129 0.469434 0.379527 
0.842382 0.818218 0.852034 
0.436493 0.374524 0.456019 
0.907620 0.924264 0.882429 
0.600312 0.625778 0.481937 
0.250440 0.465830 0.429635 
0.354334 0.328827 0.425604 
0.636739 0.647836 0.567835 
0.511544 0.573169 0.399115 
0.116562 0.328737 0.328373 
0.522215 0.558766 0.707070 
0.257386 0.233064 0.297794 
0.838210 0.751093 0.841546 
0.515575 0.707097 0.689961 
0.467188 0.483091 0.535744 
0.345327 0.252437 0.539369 
0.340689 0.338453 0.409726 
0.653573 0.649798 0.581738 
0.347878 0.292270 0.333978 
0.342757 0.548696 0.601812 
0.669506 0.478347 0.690908 
0.369101 0.402414 0.349619 
0.549006 0.205366 0.806642 
0.095676 0.184870 0.119508 
0.745200 0.617725 0.573376 
0.631129 0.492910 0.494490 
0.714867 0.575904 0.602831 
0.706629 0.575114 0.668527 
0.438392 0.419580 0.571329 
0.254897 0.222738 0.230821 
0.398546 0.526999 0.456437 
0.205763 0.142387 0.102174 
0.177006 0.152715 0.211280 
0.397698 0.495614 0.626627 
0.378781 0.362772 0.413962 
0.476577 0.669333 0.406752 
0.563360 0.456001 0.398922 
0.166929 0.261859 0.355796 
0.546514 0.738018 0.785018 
0.601738 0.427476 0.701641 
0.503555 0.535670 0.603758 
0.667154 0.562918 0.492877 
0.599633 0.641133 0.704865 
0.680632 0.822786 0.782604 
0.323804 0.309577 0.342887 
0.387344 0.799420 0.261126 
0.503217 0.586540 0.700039 
0.510962 0.471188 0.297414 
0.134931 0.217798 0.214585 
0.153388 0.117373 0.226229 
0.405756 0.702834 0.582877 
0.783153 0.508646 0.503688 
0.477294 0.315384 0.337198 
0.229824 0.575990 0.627922 
0.864421 0.838339 0.852659 
0.553593 0.669306 0.766402 
0.653784 0.788837 0.694335 
0.234584 0.248604 0.264209 
0.243462 0.379873 0.224297 
0.488553 0.407086 0.620643 
0.327186 0.407527 0.409779 
0.562522 0.503925 0.477307 
0.415838 0.658515 0.546073 
0.705080 0.732343 0.646447 
0.171474 0.479743 0.613283 
0.560588 0.625034 0.467781 
0.198015 0.291243 0.273005 
0.557426 0.426968 0.312196 
0.711359 0.747327 0.708557 
0.533237 0.743918 0.417996 
0.809400 0.557089 0.402788 
0.764257 0.893983 0.844893 
0.119922 0.157212 0.207245 
0.501112 0.317401 0.443037 
0.550671 0.616789 0.621597 
0.517703 0.641269 0.484110 
0.124061 0.263660 0.237359 
0.740231 0.864936 0.811692 
0.676306 0.321596 0.662985 
0.504697 0.573666 0.468662 
0.869160 0.792225 0.823660 
0.328091 0.560127 0.600517 
0.380061 0.368301 0.411421 
0.874956 0.456628 0.588966 
0.405494 0.601860 0.475786 
0.123003 0.123810 0.220820 
0.449645 0.419138 0.456741 
0.789796 0.713666 0.752673 
0.195881 0.182129 0.219988 
0.716098 0.676335 0.624345 
0.638738 0.718144 0.719409 
0.814404 0.863026 0.835601 
0.244864 0.450587 0.754885 
0.728727 0.537046 0.386438 
0.712463 0.688069 0.720100 
0.353217 0.506875 0.754176 
0.521786 0.641170 0.542566 
0.452451 0.230423 0.457740 
0.526292 0.574326 0.676899 
0.549068 0.750472 0.779783 
0.631368 0.386434 0.421603 
0.523018 0.634020 0.814493 
0.570769 0.570530 0.630317 
0.713410 0.624582 0.666735 
0.232180 0.343765 0.321749 
0.343192 0.305223 0.549895 
0.791777 0.683016 0.633966 
0.757863 0.897055 0.816158 
0.285201 0.248719 0.339487 
0.516012 0.766343 0.520122 
0.653373 0.690452 0.814796 
0.552372 0.675354 0.303306 
0.228122 0.326542 0.439536 
0.552961 0.343154 0.402453 
0.665872 0.553110 0.549409 
0.427748 0.344010 0.456611 
0.668830 0.576332 0.546663 
0.333130 0.280577 0.333886 
0.325950 0.359929 0.305225 
0.166102 0.505558 0.313804 
0.197554 0.125989 0.148891 
0.820582 0.729501 0.792011 
0.127326 0.201050 0.104777 
0.643845 0.630356 0.170985 
0.586589 0.688286 0.680536 
0.255777 0.370823 0.453148 
0.543818 0.482040 0.558241 
0.281790 0.593414 0.515808 
0.574304 0.673999 0.369277 
0.616449 0.668808 0.502138 
0.343742 0.296783 0.222055 
0.817153 0.760227 0.866363 
0.442226 0.581215 0.281504 
0.817090 0.430616 0.444042 
0.318394 0.454893 0.417960 
0.528608 0.540447 0.465264 
0.550570 0.693918 0.760649 
0.563439 0.538524 0.527705 
0.625924 0.823832 0.575731 
0.721748 0.243517 0.459260 
0.768858 0.802703 0.787192 
0.530493 0.517062 0.515462 
0.548777 0.533477 0.429863 
0.296130 0.683848 0.560717 
0.404626 0.457424 0.344063 
0.446934 0.607849 0.587044 
0.408340 0.425858 0.423296 
0.832617 0.414697 0.512921 
0.607611 0.280116 0.350942 
0.666357 0.500995 0.522017 
0.431653 0.461542 0.686350 
0.641478 0.644252 0.620441 
0.277817 0.512524 0.568372 
0.298138 0.349134 0.423523 
0.463384 0.380384 0.405532 
0.515067 0.425963 0.498869 
0.257054 0.248459 0.330819 
0.175310 0.388814 0.302446 
0.194758 0.174703 0.189773 
0.709835 0.672836 0.762336 
0.407678 0.679361 0.542706 
0.575104 0.662506 0.480500 
0.606726 0.614154 0.413878 
0.091782 0.225120 0.204631 
0.288088 0.247844 0.206040 
0.641835 0.735082 0.685711 
0.472619 0.808582 0.618425 
0.570947 0.708232 0.683907 
0.397479 0.263825 0.406901 
0.621832 0.561608 0.538435 
0.740370 0.798804 0.798004 
0.578107 0.594590 0.747419 
0.457596 0.474903 0.292202 
0.315968 0.488387 0.428243 
0.641791 0.678323 0.507987 
0.630624 0.704552 0.747421 
0.543997 0.553612 0.374008 
0.685967 0.558570 0.577548 
0.641648 0.612769 0.658036 
0.299528 0.341076 0.266420 
0.324182 0.545528 0.610887 
0.055455 0.052411 0.066198 
0.349940 0.381138 0.451418 
0.486751 0.644019 0.667078 
0.671047 0.262076 0.629444 
0.395988 0.454422 0.454702 
0.490652 0.730081 0.752141 
0.662329 0.440528 0.675633 
0.420561 0.297978 0.280636 
0.906765 0.243442 0.333661 
0.373270 0.604086 0.213583 
0.228059 0.630025 0.383523 
0.801768 0.693394 0.822582 
0.507781 0.679217 0.402197 
0.357335 0.191364 0.478488 
0.235373 0.323393 0.607349 
0.877470 0.867514 0.905735 
0.135770 0.160285 0.181023 
0.418007 0.458289 0.352337 
0.400518 0.437855 0.287318 
0.555047 0.291581 0.671185 
0.877933 0.755584 0.772729 
0.090398 0.153175 0.154576 
0.439148 0.546041 0.402228 
0.751346 0.657488 0.723314 
0.656690 0.768528 0.283553 
0.459333 0.705238 0.554146 
0.266676 0.236576 0.131199 
0.523602 0.646292 0.864498 
0.514985 0.666712 0.528900 
0.581791 0.467968 0.731859 
0.434567 0.437396 0.582171 
0.574280 0.480804 0.481172 
0.420127 0.571659 0.354705 
0.210415 0.180962 0.294736 
0.333128 0.336274 0.300220 
0.681278 0.646398 0.609595 
0.293131 0.621386 0.470051 
0.957892 0.951388 0.961728 
0.782502 0.631179 0.637937 
0.231711 0.417362 0.488159 
0.531588 0.243100 0.520277 
0.647317 0.794733 0.477390 
0.657537 0.346659 0.409670 
0.527211 0.638911 0.628463 
0.622273 0.785221 0.545064 
0.313943 0.258192 0.285789 
0.661430 0.713249 0.752130 
0.734749 0.427252 0.722344 
0.497696 0.537002 0.357545 
0.411667 0.323564 0.108310 
0.645371 0.597513 0.434543 
0.453824 0.522565 0.482370 
0.603051 0.523807 0.688308 
0.750210 0.692177 0.756908 
0.507900 0.269985 0.517876 
0.260202 0.308901 0.277622 
0.179010 0.114095 0.198427 
0.205219 0.291660 0.209779 
0.314264 0.148256 0.345159 
0.747478 0.636982 0.686030 
0.521373 0.423377 0.152817 
0.425745 0.437966 0.444197 
0.492614 0.451570 0.290347 
0.597831 0.682830 0.571581 
0.707100 0.583729 0.531443 
0.303687 0.295446 0.270282 
0.461038 0.300470 0.429926 
0.132243 0.129293 0.170127 
0.367226 0.240903 0.245751 
0.690049 0.538071 0.683168 
0.201489 0.321527 0.221769 
0.568428 0.464818 0.468828 
0.429045 0.405599 0.641796 
0.284797 0.471731 0.553656 
0.627393 0.361697 0.519105 
0.379551 0.290627 0.417509 
0.843497 0.786137 0.707213 
0.339324 0.401651 0.316366 
0.589314 0.761977 0.583398 
0.715691 0.738578 0.565424 
0.343033 0.582035 0.398176 
0.413899 0.297577 0.607410 
0.412595 0.321667 0.514448 
0.669347 0.670111 0.553973 
0.522585 0.623256 0.376176 
0.494306 0.448288 0.565975 
0.358979 0.353781 0.421050 
0.436703 0.525429 0.577787 
0.428636 0.355624 0.242813 
0.499579 0.370587 0.473388 
0.721622 0.478992 0.524272 
0.408032 0.466165 0.506357 
0.285379 0.373905 0.221244 
0.485347 0.789796 0.524442 
0.622182 0.531515 0.336203 
0.423470 0.365097 0.409952 
0.279214 0.217773 0.275377 
0.385646 0.407595 0.560965 
0.896102 0.824062 0.913786 
0.274014 0.174192 0.382845 
0.837889 0.707686 0.764361 
0.561810 0.671958 0.580831 
0.587006 0.404143 0.453527 
0.738091 0.563477 0.721478 
0.504112 0.357371 0.258252 
0.727508 0.762180 0.668964 
0.426316 0.300289 0.213323 
0.335709 0.222139 0.366831 
0.666314 0.542377 0.545083 
0.562266 0.465092 0.537277 
0.752317 0.300011 0.452431 
0.195371 0.403309 0.370124 
0.799882 0.821599 0.784528 
0.526206 0.737656 0.827892 
0.704090 0.781936 0.678028 
0.708345 0.470449 0.451131 
0.583984 0.741799 0.454886 
0.786366 0.786955 0.774005 
0.394619 0.245656 0.419491 
0.468781 0.534125 0.800584 
0.541092 0.318707 0.476870 
0.454217 0.380981 0.521154 
0.573626 0.547357 0.614326 
0.674501 0.708203 0.754365 
0.527588 0.424634 0.685665 
0.250641 0.664751 0.461875 
0.345112 0.296255 0.311882 
0.509721 0.322118 0.465547 
0.639176 0.664308 0.657077 
0.667515 0.633659 0.690344 
0.492050 0.401516 0.634631 
0.639661 0.508641 0.373618 
0.320024 0.591384 0.699975 
0.362925 0.294740 0.266659 
0.223707 0.380876 0.336906 
0.594359 0.755512 0.389845 
0.849010 0.644813 0.656584 
0.674822 0.466324 0.342247 
0.227304 0.172067 0.172344 
0.416784 0.657294 0.590800 
0.662276 0.575572 0.719226 
0.474059 0.228401 0.393448 
0.399936 0.406169 0.303436 
0.492504 0.514019 0.566149 
0.421270 0.568915 0.533689 
0.741654 0.737722 0.648331 
0.629765 0.493410 0.535572 
0.407981 0.790538 0.352518 
0.721689 0.579678 0.514079 
0.570375 0.457192 0.521625 
0.774087 0.735144 0.544245 
0.845334 0.764786 0.646433 
0.618417 0.449987 0.755652 
0.348220 0.332793 0.596340 
0.223587 0.392816 0.483346 
0.796223 0.725133 0.797252 
0.816722 0.579031 0.657608 
0.714049 0.550898 0.560780 
0.803922 0.777671 0.883631 
0.670349 0.302771 0.440513 
0.187886 0.376676 0.414347 
0.440340 0.393415 0.452671 
0.584745 0.566635 0.615276 
0.752409 0.553022 0.628680 
0.255176 0.467595 0.470410 
0.218921 0.358847 0.500938 
0.312157 0.353742 0.177178 
0.652056 0.601588 0.515569 
0.290725 0.495060 0.314441 
0.155652 0.273108 0.361703 
0.239501 0.348715 0.298092 
0.450809 0.358462 0.592042 
0.724241 0.754950 0.613685 
0.549849 0.270532 0.403353 
0.855287 0.762138 0.919418 
0.598752 0.559586 0.355236 
0.199780 0.283626 0.205504 
0.593814 0.506413 0.597015 
0.601183 0.696739 0.559966 
0.303248 0.397386 0.366845 
0.432910 0.304140 0.225524 
0.324342 0.307065 0.166265 
0.871423 0.678493 0.780180 
0.830765 0.862660 0.759643 
0.582058 0.387872 0.683711 
0.771921 0.296133 0.630583 
0.404753 0.488116 0.271146 
0.231692 0.193911 0.231629 
0.478597 0.544063 0.482348 
0.698223 0.513064 0.566088 
0.291702 0.148832 0.325811 
0.525224 0.457476 0.589386 
0.600337 0.724616 0.548932 
0.341411 0.742412 0.683193 
0.342890 0.326359 0.462947 
0.284193 0.586593 0.550663 
0.616601 0.494967 0.419034 
0.477419 0.725173 0.678144 
0.714844 0.351857 0.503917 
0.649394 0.362309 0.420847 
0.543174 0.558244 0.559939 
0.563607 0.683192 0.688685 
0.491159 0.603942 0.721781 
0.650060 0.516283 0.555615 
0.616798 0.584750 0.770780 
0.440475 0.336567 0.338972 
0.838136 0.444335 0.531393 
0.350119 0.303022 0.165526 
0.394660 0.523445 0.497722 
0.545574 0.506348 0.488091 
0.568162 0.459031 0.265008 
0.557671 0.510324 0.453037 
0.686415 0.433829 0.634180 
0.509767 0.676749 0.607870 
0.288833 0.338706 0.484652 
0.777541 0.582069 0.506277 
0.396516 0.444971 0.352995 
0.456615 0.295325 0.526540 
0.228363 0.173455 0.256262 
0.486983 0.155463 0.405642 
0.501934 0.622691 0.652180 
0.417463 0.434032 0.560567 
0.500828 0.644519 0.396062 
0.707849 0.762107 0.765914 
0.652737 0.911869 0.710689 
0.778511 0.835342 0.793457 
0.566549 0.695153 0.527525 
0.694595 0.497238 0.078786 
0.779131 0.731256 0.578224 
0.377530 0.521287 0.350482 
0.331393 0.274992 0.157201 
0.152060 0.122847 0.231814 
0.784108 0.535141 0.264143 
0.713677 0.534971 0.682874 
0.418365 0.321134 0.370966 
0.767715 0.831227 0.922427 
0.453046 0.476260 0.247248 
0.784183 0.607551 0.692271 
0.540831 0.687245 0.680275 
0.836667 0.635484 0.646722 
0.168318 0.174515 0.177931 
0.573954 0.536121 0.458188 
0.339403 0.546612 0.583120 
0.326050 0.197262 0.215517 
0.716959 0.574613 0.638817 
0.226024 0.129806 0.243456 
0.293816 0.267969 0.264623 
0.697887 0.733593 0.789822 
0.633814 0.675290 0.214662 
0.438776 0.483242 0.401024 
0.546265 0.441266 0.265871 
0.429884 0.516478 0.266092 
0.859941 0.815535 0.806110 
0.306550 0.354049 0.361388 
0.664976 0.594340 0.374238 
0.758864 0.873871 0.846570 
0.362034 0.559580 0.486293 
0.312911 0.484613 0.669151 
0.676460 0.655313 0.745828 
0.522942 0.412894 0.378014 
0.750912 0.724988 0.571197 
0.377595 0.636860 0.624410 
0.251694 0.233305 0.214942 
0.526792 0.742877 0.696120 
0.421578 0.433872 0.455735 
0.517134 0.672105 0.588535 
0.710165 0.559781 0.517080 
0.670845 0.660745 0.802421 
0.685976 0.671279 0.559304 
0.335444 0.413907 0.398691 
0.637830 0.402747 0.659449 
0.909350 0.817796 0.888646 
0.668043 0.658343 0.433896 
0.513044 0.534330 0.400769 
0.515847 0.340189 0.467800 
0.523248 0.530895 0.387675 
0.575741 0.568143 0.446716 
0.347087 0.309320 0.279534 
0.463895 0.514758 0.345985 
0.814770 0.801291 0.773680 
0.710083 0.746162 0.712724 
0.231613 0.151438 0.245716 
0.839035 0.747791 0.655714 
0.764502 0.731810 0.715183 
0.863386 0.859098 0.850531 
0.450565 0.634373 0.586502 
0.514069 0.429587 0.379334 
0.608785 0.509712 0.335131 
0.355846 0.428050 0.450213 
0.680193 0.775593 0.772740 
0.663264 0.359283 0.492249 
0.703606 0.794617 0.654411 
0.291829 0.312242 0.469858 
0.469076 0.623012 0.415810 
0.732717 0.763658 0.781082 
0.717338 0.685227 0.845334 
0.269063 0.251861 0.438943 
0.724113 0.462667 0.590925 
0.607987 0.447131 0.562748 
0.501837 0.555647 0.680293 
0.469477 0.601312 0.502300 
0.609772 0.738258 0.139044 
0.240916 0.468403 0.250607 
0.364582 0.550672 0.103471 
0.421960 0.459227 0.542113 
0.256719 0.354615 0.229490 
0.800075 0.888225 0.652862 
0.587147 0.696692 0.584105 
0.618906 0.301619 0.263159 
0.277021 0.741775 0.710539 
0.311069 0.417090 0.515135 
0.455831 0.346000 0.658407 
0.627951 0.720610 0.548244 
0.801084 0.732687 0.849548 
0.383382 0.593774 0.455600 
0.485605 0.677968 0.708571 
0.673220 0.722312 0.781545 
0.335723 0.290215 0.226271 
0.587005 0.750365 0.604895 
0.423590 0.456099 0.421980 
0.555902 0.737713 0.439576 
0.400422 0.540092 0.347151 
0.563828 0.604862 0.357233 
0.347467 0.454204 0.599396 
0.793848 0.452409 0.408333 
0.563491 0.320605 0.517838 
0.601062 0.563961 0.721278 
0.588041 0.747555 0.695917 
0.653849 0.802627 0.739548 
0.528896 0.533046 0.738049 
0.292735 0.295757 0.262767 
0.452206 0.517656 0.635602 
0.311246 0.573802 0.514424 
0.471921 0.620792 0.236720 
0.259127 0.281170 0.253088 
0.555834 0.552407 0.390250 
0.566127 0.758623 0.712236 
0.477489 0.407019 0.658157 
0.342876 0.486745 0.432485 
0.431129 0.393477 0.600051 
0.543628 0.486247 0.329959 
0.553209 0.551687 0.637371 
0.603055 0.642777 0.701891 
0.209557 0.289097 0.346995 
0.674702 0.659376 0.629640 
0.586878 0.269905 0.597238 
0.326739 0.441202 0.505762 
0.118570 0.294746 0.245575 
0.690539 0.789527 0.748895 
0.324811 0.353480 0.240775 
0.708950 0.646440 0.734033 
0.618881 0.246932 0.561859 
0.514480 0.396511 0.537391 
0.438803 0.429695 0.361056 
0.818396 0.804902 0.721137 
0.534655 0.580876 0.498245 
0.794515 0.852562 0.870453 
0.398060 0.659210 0.363642 
0.548878 0.464485 0.782928 
0.445373 0.391159 0.507341 
0.662331 0.684767 0.907520 
0.593261 0.579876 0.537288 
0.494665 0.633813 0.629976 
0.533793 0.639295 0.506031 
0.422285 0.677823 0.320167 
0.762391 0.525962 0.693782 
0.421264 0.247646 0.602792 
0.501418 0.297957 0.542838 
0.566493 0.417225 0.829481 
0.581022 0.627381 0.536968 
0.606393 0.478021 0.802412 
0.285893 0.247655 0.108884 
0.398618 0.316420 0.348650 
0.359503 0.678334 0.451274 
0.846461 0.783342 0.834525 
0.567834 0.321597 0.606107 
0.612863 0.698843 0.760214 
0.605277 0.647401 0.710353 
0.277552 0.706306 0.379501 
0.679717 0.726273 0.532401 
0.618170 0.722167 0.689578 
0.559646 0.550380 0.707957 
0.286495 0.434466 0.412925 
0.869240 0.821709 0.941632 
0.452784 0.264897 0.451253 
0.500548 0.703227 0.565691 
0.283217 0.352452 0.333170 
0.669808 0.477899 0.543409 
0.446674 0.451421 0.396388 
0.040473 0.057065 0.061510 
0.540334 0.564000 0.512181 
0.211080 0.248963 0.194943 
0.347659 0.275291 0.399209 
0.724718 0.859242 0.655605 
0.301154 0.490997 0.475080 
0.662023 0.493388 0.672081 
0.545268 0.586067 0.462179 
0.474448 0.527136 0.525937 
0.473816 0.421251 0.490410 
0.486257 0.199098 0.490279 
0.562434 0.658790 0.668783 
0.546159 0.698695 0.399395 
0.755709 0.736978 0.780157 
0.818574 0.906714 0.860576 
0.162530 0.198294 0.036868 
0.355129 0.296935 0.310390 
0.747325 0.536704 0.688974 
0.493660 0.400751 0.417512 
0.547857 0.517917 0.446911 
0.557556 0.518388 0.614741 
0.456040 0.545306 0.368298 
0.752810 0.809930 0.803418 
0.268519 0.227477 0.303875 
0.531522 0.518000 0.810538 
0.458320 0.241740 0.326558 
0.305138 0.065622 0.291429 
0.716186 0.804135 0.668481 
0.512812 0.333346 0.586307 
0.683463 0.687417 0.663016 
0.391395 0.614958 0.523666 
0.589616 0.414103 0.530439 
0.387412 0.397244 0.378012 
0.223981 0.526050 0.512867 
0.416216 0.726392 0.452501 
0.339102 0.326840 0.257540 
0.217595 0.267480 0.336652 
0.479323 0.528125 0.680127 
0.456039 0.497629 0.588262 
0.400214 0.509186 0.461410 
0.702914 0.507366 0.547714 
0.286707 0.233944 0.481422 
0.702387 0.818136 0.791186 
0.176217 0.158319 0.446149 
0.610594 0.704872 0.150200 
0.311499 0.312519 0.371642 
0.588618 0.730591 0.547727 
0.251018 0.393781 0.483561 
0.318177 0.394578 0.327251 
0.686912 0.713589 0.559915 
0.293737 0.292658 0.319097 
0.448859 0.608482 0.664102 
0.582413 0.359196 0.836213 
0.537238 0.556738 0.473163 
0.190591 0.328803 0.283483 
0.354824 0.486554 0.532548 
0.269879 0.213090 0.214414 
0.175149 0.071745 0.097985 
0.626978 0.639486 0.651188 
0.308043 0.204936 0.204187 
0.720465 0.489557 0.415049 
0.537065 0.437099 0.525934 
0.346638 0.351031 0.238340 
0.493771 0.477655 0.657112 
0.706314 0.427021 0.541991 
0.357038 0.481229 0.641766 
0.328472 0.503800 0.529074 
0.284542 0.591158 0.593471 
0.433950 0.388099 0.321512 
0.416632 0.513731 0.692039 
0.735971 0.666486 0.790432 
0.504984 0.764037 0.484925 
0.422127 0.376973 0.288499 
0.700333 0.811559 0.818822 
0.576360 0.403370 0.511120 
0.879194 0.880146 0.620911 
0.349984 0.601748 0.605924 
0.479604 0.333752 0.297822 
0.284992 0.194499 0.356476 
0.452762 0.372450 0.368610 
0.786939 0.476587 0.618232 
0.454533 0.478859 0.346625 
0.709313 0.790072 0.829349 
0.452628 0.212217 0.534731 
0.651767 0.294957 0.479000 
0.650899 0.645861 0.717360 
0.692296 0.547770 0.260656 
0.582010 0.653796 0.524203 
0.482320 0.618635 0.551656 
0.586765 0.466316 0.504226 
0.485511 0.564444 0.549393 
0.580744 0.698104 0.793142 
0.291856 0.301792 0.356780 
0.717524 0.601757 0.721183 
0.813763 0.743394 0.608788 
0.832812 0.731211 0.727551 
0.638576 0.592396 0.673066 
0.366186 0.215101 0.234823 
0.355353 0.206155 0.393255 
0.700728 0.591502 0.694510 
0.351142 0.386049 0.336364 
0.302082 0.262445 0.215455 
0.400950 0.128688 0.368486 
0.534599 0.579824 0.725811 
0.567209 0.568497 0.644557 
0.677651 0.563028 0.202189 
0.544413 0.664607 0.612316 
0.463682 0.110020 0.459733 
0.429848 0.276754 0.329082 
0.310720 0.159127 0.134007 
0.319772 0.655089 0.389403 
0.505604 0.537980 0.385181 
0.291034 0.498451 0.416152 
0.467990 0.371167 0.224922 
0.705722 0.698002 0.663484 
0.447624 0.701226 0.566053 
0.564324 0.403720 0.492159 
0.348708 0.215588 0.331906 
0.291758 0.392749 0.535834 
0.855184 0.855249 0.897198 
0.721880 0.588962 0.541085 
0.696286 0.407515 0.234703 
0.195386 0.228654 0.281973 
0.631327 0.463678 0.608843 
0.515968 0.513763 0.526653 
0.553348 0.480479 0.448136 
0.307004 0.141063 0.286808 
0.869025 0.605508 0.664256 
0.627426 0.689467 0.783230 
0.702067 0.682192 0.602841 
0.114975 0.166527 0.181246 
0.432085 0.327303 0.369611 
0.573177 0.293996 0.283058 
0.622220 0.611363 0.608907 
0.379883 0.269837 0.327560 
0.420075 0.294896 0.358236 
0.385768 0.628491 0.590686 
0.733909 0.757390 0.614602 
0.690202 0.209017 0.607984 
0.517469 0.478160 0.435962 
0.536949 0.758120 0.602132 
0.395074 0.463415 0.331957 
0.302062 0.912063 0.510816 
0.383855 0.335896 0.560924 
0.603200 0.499101 0.753260 
0.418493 0.617734 0.458833 
0.642886 0.676319 0.629563 
0.560727 0.409944 0.559346 
0.701232 0.629672 0.493650 
0.547491 0.276549 0.410538 
0.440967 0.402932 0.326068 
0.871080 0.857497 0.928836 
0.469096 0.481565 0.412895 
0.565225 0.730210 0.491970 
0.796238 0.503755 0.644942 
0.473678 0.764772 0.388587 
0.675834 0.433176 0.704396 
0.617440 0.409370 0.439478 
0.611293 0.645343 0.774332 
0.125507 0.234596 0.354348 
0.604696 0.615928 0.577895 
0.539754 0.595588 0.397841 
0.356740 0.423310 0.587549 
0.328713 0.505952 0.496430 
0.363352 0.177045 0.364284 
0.367649 0.497431 0.426717 
0.166660 0.160403 0.280165 
0.805025 0.783858 0.819201 
0.271610 0.309058 0.319820 
0.559909 0.812614 0.510221 
0.571326 0.740401 0.392935 
0.756425 0.682462 0.619908 
0.257492 0.453947 0.416354 
0.518736 0.480027 0.478277 
0.560649 0.473833 0.583643 
0.890452 0.783373 0.800721 
0.761842 0.787842 0.715896 
0.265881 0.108748 0.293410 
0.538427 0.664445 0.495517 
0.800368 0.826076 0.803227 
0.332060 0.517755 0.336981 
0.388859 0.637952 0.162576 
0.761366 0.776605 0.676389 
0.699936 0.625979 0.816568 
0.581689 0.620531 0.779795 
0.482538 0.535230 0.545823 
0.497376 0.313897 0.731002 
0.471829 0.362525 0.687573 
0.342999 0.651935 0.261403 
0.460816 0.374026 0.487490 
0.431818 0.340433 0.228649 
0.519017 0.629112 0.424279 
0.345949 0.456882 0.288449 
0.509445 0.452904 0.690001 
0.660650 0.561624 0.704309 
0.722414 0.371608 0.571091 
0.344012 0.436202 0.531577 
0.293882 0.507968 0.347377 
0.331376 0.407555 0.312480 
0.681469 0.320001 0.319403 
0.613989 0.505782 0.438175 
0.576188 0.547738 0.445004 
0.437823 0.471998 0.340753 
0.476804 0.362613 0.679181 
0.719961 0.728801 0.688024 
0.289212 0.509843 0.239461 
0.717668 0.473798 0.742171 
0.551474 0.470558 0.246910 
0.307629 0.605208 0.277251 
0.552102 0.661811 0.622588 
0.309495 0.786152 0.429078 
0.575435 0.646028 0.304078 
0.435751 0.536277 0.434642 
0.765353 0.679228 0.571347 
0.234785 0.198274 0.140798 
0.595402 0.507623 0.484885 
0.733954 0.808749 0.707826 
0.451443 0.501753 0.749842 
0.465100 0.488038 0.524123 
0.276960 0.333666 0.340387 
0.353550 0.505758 0.671765 
0.700433 0.572258 0.589490 
0.695135 0.466132 0.574016 
0.565612 0.519419 0.348311 
0.557560 0.440571 0.518735 
0.273603 0.544539 0.526451 
0.537625 0.579506 0.498016 
0.390713 0.402810 0.424796 
0.203341 0.553155 0.590945 
0.668006 0.874514 0.603369 
0.356182 0.156959 0.376424 
0.315899 0.422477 0.569855 
0.349216 0.395312 0.408356 
0.205374 0.316816 0.415175 
0.596294 0.432816 0.469616 
0.521533 0.367771 0.292728 
0.221482 0.375937 0.261080 
0.332027 0.523031 0.475954 
0.617906 0.572959 0.321436 
0.777232 0.692957 0.736041 
0.404449 0.314852 0.292325 
0.250242 0.347094 0.346513 
0.479168 0.624859 0.287102 
0.807515 0.758719 0.678771 
0.332862 0.516239 0.443195 
0.324739 0.342369 0.688636 
0.527451 0.321394 0.454347 
0.535846 0.474929 0.455616 
0.316265 0.296578 0.324678 
0.833585 0.246238 0.507599 
0.326405 0.241459 0.062534 
0.334787 0.323089 0.231789 
0.432205 0.561701 0.204378 
0.509167 0.520267 0.835391 
0.626704 0.547604 0.615021 
0.586819 0.473893 0.481409 
0.297961 0.594163 0.581636 
0.353575 0.479445 0.499368 
0.606724 0.548483 0.452376 
0.367977 0.398178 0.446629 
0.701975 0.728947 0.634658 
0.356305 0.314796 0.191848 
0.600309 0.444094 0.555110 
0.339146 0.727487 0.454376 
0.400870 0.515765 0.275303 
0.522135 0.499170 0.270253 
0.612753 0.840118 0.589537 
0.168998 0.241549 0.287008 
0.366258 0.428864 0.694080 
0.613896 0.853064 0.613728 
0.347009 0.580237 0.633307 
0.812835 0.844642 0.801101 
0.378082 0.427272 0.591354 
0.160347 0.168152 0.154078 
0.470301 0.470271 0.596539 
0.457700 0.493543 0.096869 
0.518395 0.273199 0.482592 
0.739309 0.743027 0.731622 
0.718868 0.619820 0.744114 
0.527464 0.690004 0.571653 
0.472656 0.476364 0.382297 
0.563312 0.591166 0.510447 
0.594104 0.475234 0.480498 
0.511219 0.641250 0.347036 
0.556198 0.396132 0.498653 
0.143224 0.167866 0.170979 
0.393653 0.375395 0.464129 
0.333183 0.343396 0.333610 
0.418397 0.393276 0.320470 
0.404271 0.529968 0.338951 
0.547447 0.625878 0.541306 
0.432449 0.727087 0.360385 
0.735909 0.760765 0.716161 
0.704215 0.792063 0.794436 
0.391326 0.359925 0.445430 
0.386941 0.571476 0.702546 
0.192982 0.387918 0.600211 
0.189062 0.174418 0.190557 
0.303538 0.351648 0.414447 
0.256177 0.515707 0.449435 
0.785493 0.784083 0.734767 
0.378893 0.385898 0.271330 
0.131357 0.233488 0.434219 
0.636387 0.892771 0.564087 
0.346629 0.493298 0.323467 
0.594977 0.609724 0.434145 
0.716943 0.662069 0.599852 
0.341455 0.319774 0.379298 
0.455581 0.524945 0.645155 
0.542096 0.699253 0.658549 
0.252683 0.267088 0.240554 
0.492424 0.359306 0.575216 
0.367073 0.342890 0.477537 
0.359783 0.141079 0.535198 
0.618800 0.641676 0.543198 
0.354354 0.399287 0.333168 
0.130139 0.275989 0.217262 
0.291064 0.562297 0.387273 
0.688396 0.355369 0.601595 
0.616840 0.546353 0.571898 
0.766368 0.422761 0.698968 
0.491469 0.470230 0.581149 
0.308864 0.511771 0.376549 
0.365400 0.357678 0.560187 
0.705838 0.489899 0.522645 
0.414473 0.386452 0.478401 
0.491668 0.460224 0.363038 
0.732809 0.632106 0.818545 
0.402147 0.439455 0.599731 
0.331685 0.259856 0.218723 
0.375569 0.290658 0.261462 
0.763023 0.588143 0.627224 
0.488471 0.669314 0.496780 
0.271941 0.615145 0.660841 
0.767160 0.445188 0.208086 
0.625302 0.539049 0.544353 
0.671535 0.375922 0.624434 
0.529589 0.396566 0.315399 
0.425360 0.385325 0.310828 
0.535594 0.680889 0.589998 
0.626348 0.473000 0.455634 
0.325614 0.619605 0.755825 
0.600756 0.747507 0.626602 
0.425543 0.363947 0.487497 
0.304445 0.292787 0.324250 
0.260961 0.281745 0.373090 
0.517299 0.599667 0.747999 
0.428720 0.348673 0.424418 
0.784721 0.784190 0.811160 
0.679075 0.667983 0.525203 
0.346741 0.508391 0.465944 
0.144607 0.261702 0.149693 
0.794078 0.684379 0.842236 
0.223574 0.555737 0.509897 
0.083397 0.156837 0.100731 
0.630992 0.505021 0.589408 
0.424705 0.258708 0.355819 
0.819926 0.827124 0.850860 
0.314780 0.495131 0.229899 
0.387150 0.470768 0.243793 
0.567993 0.559833 0.557369 
0.771976 0.569708 0.541951 
0.682909 0.608221 0.632752 
0.312760 0.518183 0.321781 
0.295002 0.337313 0.242228 
0.935167 0.954661 0.954868 
0.440786 0.233483 0.445648 
0.829336 0.708806 0.773152 
0.426294 0.541298 0.413851 
0.573083 0.480224 0.488331 
0.518958 0.544280 0.309113 
0.284194 0.324483 0.298635 
0.842456 0.602696 0.701549 
0.732299 0.742428 0.598141 
0.348050 0.474124 0.511612 
0.189332 0.260182 0.339238 
0.427668 0.387673 0.648155 
0.581605 0.539971 0.472544 
0.385290 0.298180 0.295528 
0.573791 0.543276 0.788622 
0.429745 0.650903 0.404194 
0.543694 0.570420 0.319120 
0.621320 0.671600 0.354817 
0.545306 0.625163 0.694523 
0.462038 0.297999 0.334163 
0.517735 0.632131 0.777968 
0.392611 0.505460 0.274177 
0.754907 0.596886 0.501500 
0.379693 0.255947 0.176333 
0.412105 0.497401 0.475356 
0.546211 0.541532 0.622644 
0.658366 0.559001 0.599808 
0.485319 0.634514 0.563198 
0.591472 0.480150 0.513193 
0.221076 0.355294 0.264761 
0.613525 0.687951 0.710108 
0.650799 0.625260 0.628379 
0.553727 0.644286 0.758115 
0.280483 0.519815 0.202611 
0.692449 0.619425 0.707932 
0.814883 0.536304 0.504404 
0.368155 0.379646 0.237454 
0.666193 0.779405 0.774716 
0.195021 0.613538 0.483952 
0.356406 0.372779 0.307535 
0.184362 0.277270 0.326892 
0.727576 0.815092 0.714042 
0.500608 0.586316 0.388031 
0.405314 0.398057 0.346765 
0.587725 0.396971 0.716130 
0.710699 0.545220 0.525917 
0.290527 0.221078 0.305788 
0.451015 0.313082 0.522706 
0.574643 0.460529 0.293716 
0.698376 0.421905 0.203930 
0.356247 0.534626 0.439246 
0.279913 0.193859 0.268446 
0.456667 0.597776 0.567297 
0.565644 0.326966 0.454117 
0.372305 0.619674 0.368136 
0.699344 0.628068 0.169944 
0.766880 0.624410 0.605832 
0.628253 0.482289 0.553213 
0.541960 0.546727 0.392322 
0.685297 0.820348 0.524076 
0.816403 0.802415 0.739802 
0.370397 0.214001 0.330500 
0.520438 0.742274 0.380684 
0.632845 0.676020 0.680114 
0.332771 0.433140 0.587552 
0.477955 0.324456 0.697420 
0.579897 0.753798 0.634365 
0.591757 0.423776 0.430502 
0.362593 0.275700 0.355508 
0.275329 0.340944 0.219413 
0.454824 0.655028 0.499929 
0.665008 0.924780 0.681632 
0.639827 0.616726 0.678633 
0.453534 0.535573 0.342785 
0.846720 0.827833 0.773622 
0.701405 0.769583 0.665575 
0.655338 0.481986 0.728587 
0.536022 0.373942 0.384321 
0.558379 0.437446 0.592480 
0.612308 0.540147 0.588678 
0.160137 0.156423 0.116099 
0.793532 0.868893 0.781887 
0.458192 0.384893 0.523699 
0.276027 0.259247 0.538461 
0.735466 0.445582 0.646975 
0.513196 0.756925 0.689172 
0.662655 0.746725 0.619140 
0.585385 0.615302 0.559029 
0.529140 0.631559 0.634581 
0.305433 0.673827 0.456185 
0.676103 0.699683 0.502491 
0.407031 0.434962 0.416529 
0.334536 0.495044 0.394092 
0.746989 0.320125 0.449631 
0.335597 0.223704 0.590498 
0.280258 0.337349 0.205889 
0.748253 0.663140 0.747485 
0.338004 0.342197 0.364432 
0.667050 0.535581 0.572471 
0.847838 0.937228 0.835389 
0.481479 0.300265 0.534313 
0.294640 0.153103 0.266485 
0.238581 0.254412 0.239262 
0.704304 0.687042 0.743602 
0.608293 0.355808 0.397767 
0.714131 0.548518 0.658682 
0.377468 0.466555 0.311190 
0.571606 0.416210 0.626689 
0.405196 0.252865 0.282520 
0.714053 0.681083 0.810245 
0.278286 0.254699 0.381538 
0.254751 0.451713 0.316182 
0.193899 0.467871 0.433777 
0.543512 0.340257 0.555106 
0.671909 0.595607 0.588170 
0.722468 0.857706 0.712162 
0.149657 0.214994 0.239804 
0.650843 0.513779 0.628157 
0.647336 0.664268 0.555967 
0.071505 0.101337 0.143160 
0.219203 0.232580 0.266071 
0.627904 0.406063 0.427074 
0.151382 0.170444 0.132909 
0.294435 0.501175 0.450465 
0.421673 0.338353 0.471986 
0.437238 0.453965 0.570114 
0.803363 0.807955 0.714147 
0.690988 0.673800 0.628198 
0.258921 0.318821 0.279889 
0.699632 0.652689 0.685002 
0.632822 0.660161 0.685828 
0.914454 0.888144 0.843228 
0.252517 0.387382 0.412306 
0.470919 0.337532 0.467592 
0.259129 0.417731 0.393689 
0.562829 0.586482 0.358750 
0.398458 0.274350 0.360112 
0.692089 0.638009 0.608367 
0.441141 0.313903 0.751755 
0.482908 0.324406 0.279278 
0.533716 0.541059 0.645164 
0.469339 0.564108 0.363392 
0.361693 0.476703 0.190183 
0.614119 0.783039 0.239073 
0.622602 0.403041 0.630283 
0.547810 0.317874 0.338118 
0.297180 0.415340 0.443452 
0.269637 0.467480 0.617464 
0.731318 0.452008 0.409601 
0.261377 0.278964 0.339943 
0.557180 0.671303 0.594625 
0.328804 0.700407 0.376608 
0.750662 0.642420 0.746132 
0.492343 0.526083 0.770435 
0.564436 0.507966 0.712487 
0.488364 0.460361 0.425934 
0.434958 0.242472 0.386617 
0.590934 0.727314 0.494264 
0.508014 0.530227 0.411216 
0.623169 0.568552 0.679558 
0.541665 0.724402 0.709840 
0.373766 0.343234 0.228338 
0.731262 0.472734 0.615734 
0.632963 0.660042 0.423998 
0.498402 0.656614 0.700478 
0.445619 0.456495 0.224564 
0.665344 0.706286 0.535480 
0.631118 0.660576 0.490024 
0.378340 0.510077 0.396202 
0.425644 0.358006 0.318936 
0.523950 0.515011 0.756335 
0.729342 0.692171 0.667230 
0.298324 0.415381 0.398626 
0.754102 0.692229 0.588785 
0.388978 0.398722 0.395740 
0.640053 0.654778 0.598161 
0.475530 0.359196 0.314290 
0.409732 0.492344 0.615852 
0.526659 0.591920 0.632572 
0.312517 0.261092 0.350918 
0.839055 0.672227 0.764299 
0.384586 0.364209 0.216280 
0.344304 0.352610 0.328476 
0.667360 0.720984 0.632162 
0.600456 0.485162 0.513621 
0.450479 0.575629 0.733100 
0.236121 0.300486 0.369391 
0.413797 0.763611 0.450411 
0.342986 0.385612 0.573416 
0.475122 0.738998 0.633891 
0.485007 0.207022 0.385605 
0.679511 0.688935 0.699146 
0.407438 0.613175 0.437623 
0.630525 0.446890 0.465236 
0.651400 0.590460 0.687950 
0.821093 0.724532 0.641999 
0.464607 0.658539 0.373724 
0.225728 0.145183 0.501971 
0.437761 0.363093 0.414651 
0.307770 0.518366 0.342670 
0.341520 0.614480 0.430270 
0.196676 0.653863 0.632537 
0.238805 0.218594 0.314673 
0.335657 0.460093 0.332903 
0.634668 0.560838 0.595618 
0.278623 0.368953 0.390581 
0.333083 0.388153 0.568998 
0.593239 0.521909 0.434130 
0.622855 0.703353 0.455504 
0.413036 0.447527 0.415592 
0.672943 0.574544 0.377888 
0.545463 0.740738 0.659368 
0.761911 0.725923 0.808783 
0.379885 0.466191 0.540358 
0.324321 0.399380 0.224380 
0.621412 0.481912 0.344404 
0.481443 0.521029 0.131036 
0.683573 0.216162 0.328949 
0.649263 0.609716 0.661903 
0.366854 0.583463 0.377765 
0.160125 0.188688 0.266492 
0.417382 0.553200 0.371435 
0.262643 0.318209 0.204576 
0.156835 0.096862 0.153544 
0.421944 0.297717 0.462210 
0.245379 0.251735 0.419463 
0.139260 0.218651 0.301705 
0.493599 0.401268 0.286609 
0.562835 0.597337 0.757735 
0.615879 0.533154 0.632461 
0.526871 0.352994 0.512690 
0.477878 0.480273 0.508521 
0.735961 0.646423 0.697537 
0.693795 0.804169 0.419961 
0.255702 0.155718 0.340734 
0.472804 0.593926 0.720131 
0.352688 0.318063 0.306169 
0.248611 0.557217 0.582465 
0.205296 0.327983 0.357351 
0.838508 0.790704 0.734742 
0.770548 0.665184 0.395903 
0.532450 0.437288 0.445940 
0.784954 0.710261 0.805765 
0.065613 0.032198 0.030431 
0.498596 0.585412 0.477308 
0.440382 0.745959 0.513639 
0.563002 0.601466 0.545997 
0.417148 0.606249 0.512205 
0.705283 0.694450 0.664046 
0.489553 0.525035 0.343893 
0.735172 0.669750 0.721521 
0.476500 0.492391 0.584354 
0.144628 0.134116 0.165422 
0.562940 0.566574 0.638137 
0.456652 0.637643 0.307410 
0.449165 0.349766 0.363504 
0.374711 0.598020 0.490965 
0.745745 0.690870 0.689849 
0.173918 0.144756 0.224421 
0.210792 0.341447 0.233621 
0.483772 0.647397 0.546321 
0.265591 0.371589 0.179254 
0.415053 0.455425 0.368204 
0.248806 0.423548 0.240388 
0.607401 0.663728 0.549694 
0.714287 0.552612 0.727899 
0.767873 0.621102 0.711270 
0.733970 0.792490 0.594344 
0.762591 0.691991 0.729605 
0.391766 0.482912 0.418381 
0.139699 0.255678 0.235300 
0.402100 0.185075 0.349516 
0.685205 0.818137 0.590951 
0.771414 0.672623 0.634927 
0.552887 0.550026 0.502354 
0.555557 0.499228 0.631029 
0.613421 0.594998 0.488494 
0.764019 0.672575 0.756887 
0.478945 0.393407 0.427660 
0.559112 0.715797 0.403459 
0.315744 0.435722 0.398582 
0.277087 0.118958 0.544514 
0.696932 0.561222 0.690047 
0.683111 0.688116 0.661560 
0.517834 0.490400 0.402848 
0.727170 0.683217 0.450566 
0.440350 0.631142 0.324509 
0.680954 0.219273 0.568965 
0.315270 0.433611 0.413687 
0.322944 0.311089 0.334474 
0.627254 0.629991 0.522427 
0.713469 0.875240 0.925084 
0.618098 0.685876 0.596646 
0.436960 0.661842 0.312240 
0.573441 0.573783 0.482166 
0.494765 0.276761 0.445752 
0.416108 0.602324 0.352201 
0.369026 0.421820 0.456775 
0.810303 0.686327 0.632513 
0.817662 0.721435 0.736587 
0.615445 0.717860 0.592951 
0.324224 0.417055 0.268072 
0.181347 0.314057 0.482119 
0.691763 0.566853 0.693215 
0.332653 0.448532 0.597577 
0.464458 0.405258 0.632786 
0.407100 0.783230 0.671291 
0.492287 0.645719 0.669978 
0.298185 0.555110 0.372742 
0.492425 0.329029 0.265948 
0.232463 0.282042 0.412015 
0.437978 0.370065 0.443651 
0.596896 0.397320 0.651779 
0.604436 0.629655 0.642458 
0.665949 0.602962 0.667964 
0.495281 0.340049 0.566991 
0.692941 0.486592 0.629665 
0.636222 0.628348 0.565550 
0.349611 0.556114 0.359040 
0.771983 0.632485 0.688183 
0.381826 0.220451 0.327469 
0.631232 0.488285 0.395634 
0.114400 0.098393 0.096920 
0.668623 0.442397 0.451588 
0.283117 0.240654 0.400770 
0.340159 0.671468 0.632294 
0.781935 0.767266 0.743661 
0.353455 0.631921 0.299939 
0.461646 0.579754 0.576711 
0.457988 0.556686 0.387841 
0.687168 0.784779 0.633513 
0.361810 0.441270 0.401227 
0.644358 0.737012 0.800980 
0.279969 0.471121 0.637407 
0.567188 0.322176 0.580984 
0.574275 0.512088 0.435884 
0.318210 0.345892 0.360343 
0.463565 0.645078 0.841031 
0.810527 0.779703 0.686854 
0.376837 0.478508 0.599392 
0.852696 0.790859 0.850763 
0.440250 0.402248 0.602233 
0.651884 0.779419 0.594509 
0.645153 0.524832 0.290094 
0.521916 0.568740 0.573439 
0.469629 0.554197 0.683855 
0.761072 0.301567 0.406384 
0.359516 0.360305 0.401437 
0.505082 0.515805 0.726135 
0.638094 0.540480 0.569656 
0.194690 0.349397 0.214402 
0.852996 0.895496 0.813630 
0.058113 0.049761 0.057181 
0.679659 0.614100 0.633021 
0.576887 0.372320 0.334434 
0.511740 0.724621 0.743824 
0.374627 0.356123 0.431762 
0.681178 0.831133 0.681488 
0.688822 0.341048 0.700753 
0.729489 0.724006 0.729910 
0.585351 0.452001 0.742264 
0.364261 0.415377 0.219698 
0.573138 0.552095 0.754954 
0.627305 0.694066 0.804103 
0.681398 0.468469 0.634431 
0.874170 0.838125 0.887443 
0.511557 0.553928 0.480080 
0.282591 0.326979 0.521471 
0.478349 0.575463 0.662972 
0.649448 0.691102 0.724276 
0.465976 0.347235 0.258937 
0.454908 0.449962 0.647795 
0.489157 0.362481 0.480253 
0.481333 0.379588 0.516853 
0.402192 0.712793 0.500128 
0.419855 0.430768 0.478036 
0.614809 0.463833 0.640557 
0.702613 0.652489 0.474082 
0.543331 0.437128 0.322685 
0.512130 0.783723 0.688873 
0.656409 0.379143 0.585830 
0.592384 0.607168 0.590416 
0.164698 0.210859 0.312909 
0.291385 0.056837 0.397315 
0.744019 0.746265 0.736074 
0.232375 0.506474 0.423505 
0.467046 0.429237 0.336804 
0.366454 0.371545 0.391587 
0.114883 0.147787 0.187544 
0.608248 0.742000 0.458725 
0.365938 0.538565 0.667319 
0.637719 0.569925 0.523367 
0.533889 0.425107 0.460262 
0.362863 0.546055 0.389872 
0.531254 0.542022 0.562252 
0.408927 0.428499 0.375701 
0.452757 0.359220 0.386973 
0.661488 0.435444 0.267009 
0.355468 0.590097 0.643545 
0.552139 0.594332 0.735286 
0.838207 0.856296 0.894653 
0.789533 0.786995 0.736503 
0.430393 0.475079 0.648523 
0.449067 0.425984 0.525895 
0.338738 0.779326 0.457978 
0.688157 0.674607 0.618666 
0.463442 0.503789 0.532121 
0.509486 0.561241 0.707461 
0.335885 0.298368 0.428611 
0.736783 0.650204 0.463496 
0.465047 0.304169 0.390786 
0.472991 0.581530 0.257502 
0.462356 0.720679 0.672399 
0.582163 0.419725 0.378575 
0.644983 0.654089 0.578714 
0.521556 0.389389 0.462519 
0.721584 0.778925 0.913500 
0.319419 0.562937 0.877535 
0.724027 0.615750 0.721459 
0.825028 0.870967 0.885111 
0.439056 0.425839 0.274856 
0.343290 0.430296 0.300320 
0.551377 0.604085 0.682607 
0.517980 0.333124 0.379012 
0.430398 0.221111 0.354545 
0.461508 0.680562 0.310635 
0.446134 0.208248 0.266312 
0.490711 0.409944 0.549260 
0.321398 0.581703 0.349031 
0.456032 0.428832 0.684169 
0.660631 0.782416 0.720686 
0.388084 0.344346 0.297138 
0.839212 0.594681 0.709122 
0.507850 0.640710 0.747343 
0.500059 0.494296 0.435146 
0.387065 0.380985 0.469138 
0.506579 0.615350 0.391409 
0.558451 0.575898 0.516766 
0.599171 0.530343 0.621699 
0.502702 0.496089 0.686321 
0.543263 0.721699 0.448332 
0.644263 0.291646 0.694125 
0.249829 0.338319 0.279731 
0.597896 0.577331 0.565858 
0.457053 0.448780 0.692855 
0.294520 0.372862 0.214134 
0.444115 0.380868 0.366450 
0.401949 0.593014 0.311008 
0.504397 0.669390 0.442920 
0.508470 0.650417 0.445332 
0.491948 0.809742 0.271171 
0.553485 0.385787 0.348871 
0.689083 0.585292 0.599089 
0.485376 0.589145 0.292862 
0.201958 0.372488 0.213764 
0.687961 0.745415 0.640417 
0.495366 0.649689 0.695063 
0.822825 0.776965 0.799855 
0.850488 0.896067 0.813445 
0.523201 0.397613 0.475538 
0.724627 0.604523 0.637971 
0.563283 0.347887 0.487429 
0.669044 0.830961 0.509267 
0.520208 0.712252 0.656714 
0.573120 0.497739 0.405231 
0.719210 0.483460 0.473602 
0.568236 0.673140 0.562246 
0.192101 0.208700 0.157240 
0.177610 0.205215 0.170801 
0.235907 0.431563 0.415418 
0.391931 0.544970 0.571795 
0.630248 0.497937 0.549398 
0.759513 0.470580 0.584155 
0.443297 0.426691 0.739364 
0.421552 0.563898 0.376796 
0.178382 0.138662 0.159795 
0.355843 0.384838 0.465470 
0.431957 0.517292 0.483483 
0.386494 0.303042 0.357099 
0.598784 0.594897 0.355033 
0.382801 0.807689 0.697014 
0.658918 0.559527 0.798872 
0.261638 0.445444 0.456140 
0.612633 0.763742 0.654282 
0.604696 0.654988 0.493449 
0.187949 0.191462 0.199788 
0.772952 0.550156 0.628867 
0.871903 0.891596 0.957331 
0.356224 0.355648 0.340401 
0.717673 0.582685 0.560640 
0.409892 0.505403 0.381339 
0.441782 0.603320 0.684489 
0.383285 0.181826 0.262201 
0.586076 0.596933 0.503018 
0.559314 0.586786 0.589223 
0.566447 0.654949 0.352204 
0.634084 0.429907 0.262715 
0.729730 0.731318 0.816401 
0.678860 0.552594 0.757613 
0.472207 0.632530 0.503019 
0.726409 0.580428 0.524652 
0.357057 0.395452 0.378502 
0.527886 0.660733 0.579957 
0.270937 0.241879 0.224344 
0.208837 0.293720 0.516938 
0.397336 0.263971 0.696852 
0.840862 0.689773 0.488734 
0.387321 0.544608 0.485116 
0.347133 0.204237 0.363489 
0.497262 0.570197 0.238350 
0.271136 0.213641 0.307513 
0.267105 0.302995 0.265315 
0.454456 0.268437 0.402408 
0.151869 0.176341 0.188461 
0.414418 0.343703 0.455411 
0.688190 0.627873 0.826023 
0.631844 0.661755 0.647761 
0.672450 0.554393 0.599048 
0.373118 0.369306 0.720300 
0.772454 0.427202 0.818265 
0.482725 0.408155 0.337932 
0.432435 0.521847 0.207905 
0.533833 0.515886 0.710260 
0.417665 0.522166 0.466852 
0.418320 0.621645 0.530538 
0.492657 0.714208 0.506608 
0.715928 0.736254 0.704116 
0.834946 0.615132 0.719390 
0.512450 0.288660 0.297781 
0.619799 0.688980 0.655725 
0.172693 0.348594 0.370783 
0.523957 0.431521 0.317331 
0.384096 0.657125 0.492648 
0.367576 0.142632 0.378632 
0.248839 0.260815 0.243494 
0.156526 0.250740 0.282770 
0.371202 0.648607 0.487479 
0.457813 0.387862 0.575832 
0.632114 0.494003 0.517732 
0.561364 0.552230 0.557635 
0.288867 0.496576 0.580872 
0.213247 0.151137 0.310325 
0.573379 0.714199 0.672378 
0.552267 0.494294 0.660311 
0.161787 0.471935 0.484937 
0.519732 0.700960 0.382733 
0.730734 0.703969 0.603974 
0.637527 0.441931 0.463402 
0.224630 0.287917 0.307950 
0.589389 0.535869 0.287046 
0.220019 0.391878 0.345923 
0.623371 0.610606 0.548661 
0.446162 0.506776 0.299387 
0.631398 0.210450 0.258161 
0.860651 0.846874 0.945538 
0.381492 0.436149 0.357771 
0.890515 0.885516 0.901840 
0.461593 0.521757 0.463640 
0.442361 0.267739 0.496414 
0.250671 0.396457 0.334253 
0.692823 0.780162 0.862209 
0.378589 0.588584 0.267021 
0.344652 0.513324 0.381646 
0.446319 0.731717 0.433233 
0.180284 0.192114 0.125188 
0.500024 0.432448 0.465837 
0.222247 0.185484 0.301659 
0.257728 0.179343 0.249747 
0.662078 0.753846 0.668372 
0.464343 0.403041 0.477649 
0.064988 0.056415 0.063992 
0.446763 0.494397 0.295505 
0.460376 0.454615 0.673002 
0.822615 0.764179 0.720211 
0.630925 0.373783 0.594999 
0.467665 0.557425 0.631568 
0.124668 0.464222 0.720479 
0.454741 0.576928 0.423263 
0.322035 0.619619 0.570138 
0.651258 0.823456 0.732936 
0.737656 0.798449 0.808327 
0.169543 0.399942 0.325560 
0.361311 0.445928 0.593632 
0.658373 0.752145 0.574833 
0.702113 0.382178 0.181453 
0.551167 0.762090 0.691126 
0.773554 0.840975 0.800556 
0.472581 0.288391 0.516355 
0.473673 0.671784 0.564455 
0.655339 0.705167 0.637453 
0.687043 0.709205 0.630515 
0.602201 0.453864 0.459237 
0.469204 0.616841 0.551158 
0.200500 0.307422 0.396050 
0.406773 0.377536 0.554414 
0.302667 0.361364 0.275669 
0.628281 0.551163 0.588573 
0.227412 0.263306 0.397477 
0.681984 0.639854 0.317171 
0.541649 0.345373 0.378747 
0.321827 0.378617 0.423717 
0.190616 0.475236 0.386374 
0.409030 0.249559 0.594906 
0.264959 0.255614 0.227109 
0.267438 0.485460 0.377889 
0.750722 0.541355 0.435218 
0.176462 0.176837 0.331255 
0.433605 0.541222 0.568757 
0.653399 0.697902 0.344833 
0.485426 0.475589 0.393963 
0.641116 0.519698 0.373403 
0.276751 0.325503 0.445469 
0.301335 0.220726 0.244939 
0.897416 0.874039 0.837566 
0.199127 0.182873 0.312709 
0.653505 0.594140 0.414796 
0.636244 0.425179 0.382578 
0.384534 0.233016 0.452252 
0.543263 0.712721 0.738018 
0.223081 0.292604 0.395066 
0.587827 0.362405 0.349198 
0.674399 0.783756 0.764052 
0.542725 0.502199 0.626587 
0.567757 0.363448 0.346041 
0.412963 0.301810 0.336243 
0.701471 0.624751 0.474979 
0.287689 0.282460 0.217934 
0.686196 0.609147 0.604432 
0.518186 0.544352 0.272419 
0.632857 0.495124 0.671278 
0.369530 0.573435 0.374650 
0.643837 0.447827 0.621319 
0.696081 0.481092 0.495260 
0.587084 0.382903 0.596015 
0.408205 0.516055 0.659467 
0.576003 0.529386 0.525221 
0.791092 0.353301 0.544311 
0.540656 0.376256 0.533146 
0.680239 0.509167 0.367296 
0.102095 0.135441 0.117290 
0.842236 0.838079 0.844581 
0.772489 0.769414 0.747383 
0.528859 0.734961 0.741901 
0.660425 0.514601 0.681755 
0.481177 0.215551 0.213724 
0.508846 0.612444 0.543449 
0.684571 0.600565 0.596047 
0.968210 0.934424 0.927217 
0.456806 0.289974 0.560642 
0.541965 0.508995 0.596920 
0.185137 0.385068 0.257200 
0.423231 0.328260 0.396826 
0.663610 0.742773 0.581081 
0.760765 0.675796 0.649820 
0.153825 0.233551 0.154509 
0.840977 0.849680 0.815611 
0.649555 0.644140 0.377083 
0.346334 0.335318 0.465498 
0.544235 0.648445 0.710569 
0.318025 0.313998 0.473138 
0.456973 0.538151 0.703643 
0.212189 0.510918 0.423997 
0.728019 0.796785 0.826934 
0.688349 0.714464 0.704726 
0.446835 0.717089 0.408535 
0.811640 0.341695 0.396501 
0.416316 0.611815 0.779859 
0.914762 0.841567 0.829653 
0.578306 0.492665 0.568936 
0.422847 0.208322 0.223932 
0.297744 0.263311 0.309457 
0.766781 0.710952 0.411085 
0.294570 0.278404 0.396186 
0.643064 0.655518 0.579209 
0.497398 0.400496 0.457939 
0.303297 0.331280 0.115071 
0.682281 0.697443 0.569750 
0.358389 0.446288 0.304310 
0.797969 0.797215 0.741164 
0.274528 0.344497 0.411361 
0.279347 0.463368 0.369547 
0.799670 0.743543 0.668871 
0.391155 0.328860 0.457202 
0.552225 0.483414 0.549834 
0.725952 0.406117 0.842959 
0.813936 0.250426 0.465364 
0.563428 0.337967 0.636252 
0.470177 0.534795 0.186216 
0.550031 0.416312 0.328316 
0.561567 0.625043 0.591601 
0.537207 0.654950 0.336840 
0.584143 0.719588 0.690344 
0.547082 0.387509 0.451155 
0.602983 0.831880 0.738660 
0.308290 0.253548 0.252649 
0.613743 0.529787 0.728702 
0.524107 0.653658 0.573135 
0.507380 0.677841 0.557381 
0.467782 0.398330 0.408099 
0.605107 0.666270 0.590423 
0.698134 0.524104 0.698285 
0.872366 0.791217 0.872620 
0.232962 0.290975 0.159993 
0.771416 0.587238 0.648175 
0.813510 0.755290 0.735581 
0.748203 0.769998 0.751536 
0.392291 0.424752 0.313530 
0.560620 0.535008 0.417173 
0.333464 0.318041 0.301627 
0.219749 0.364449 0.461810 
0.753174 0.579844 0.536482 
0.591140 0.371063 0.548657 
0.801923 0.667343 0.685406 
0.281053 0.600078 0.523200 
0.554307 0.524558 0.403952 
0.862448 0.850794 0.761142 
0.453912 0.263774 0.409031 
0.322935 0.620578 0.741947 
0.491800 0.497362 0.434362 
0.758400 0.869564 0.626624 
0.698460 0.315931 0.581222 
0.647740 0.411472 0.398135 
0.670382 0.508015 0.456693 
0.656868 0.598432 0.524228 
0.378673 0.251249 0.237993 
0.870870 0.905995 0.856395 
0.409097 0.503234 0.384094 
0.536806 0.561962 0.498561 
0.498945 0.588203 0.525777 
0.483298 0.551794 0.723396 
0.574495 0.604587 0.776098 
0.577829 0.537530 0.715311 
0.173300 0.230753 0.155266 
0.715545 0.649867 0.493281 
0.518728 0.450824 0.743304 
0.070049 0.435588 0.667544 
0.376103 0.329041 0.271855 
0.702631 0.766924 0.600746 
0.740522 0.732437 0.619240 
0.454625 0.332409 0.436013 
0.414421 0.320327 0.349112 
0.668116 0.549632 0.389323 
0.726020 0.641302 0.745809 
0.581990 0.545639 0.459950 
0.448236 0.354185 0.321692 
0.538172 0.628734 0.567339 
0.501542 0.560493 0.402911 
0.483806 0.397255 0.556250 
0.890204 0.881110 0.867546 
0.583777 0.709743 0.664237 
0.636382 0.530720 0.734233 
0.555527 0.754072 0.787982 
0.395537 0.557667 0.690067 
0.400339 0.447481 0.512278 
0.306444 0.327999 0.239426 
0.655823 0.588076 0.592569 
0.208082 0.222291 0.196780 
0.409203 0.798308 0.541857 
0.389693 0.348451 0.217268 
0.580840 0.432820 0.374770 
0.632207 0.454678 0.479185 
0.538415 0.557883 0.364375 
0.538829 0.269183 0.322806 
0.747417 0.483901 0.514872 
0.436419 0.499596 0.471310 
0.717203 0.665358 0.708764 
0.298980 0.497236 0.254652 
0.337510 0.409726 0.284731 
0.714651 0.396581 0.742761 
0.517280 0.500439 0.567582 
0.098320 0.190424 0.182871 
0.689734 0.612305 0.820591 
0.797926 0.760829 0.890317 
0.331203 0.414967 0.567119 
0.303040 0.554339 0.331788 
0.565129 0.452119 0.376358 
0.578082 0.453143 0.496602 
0.807079 0.771235 0.912742 
0.354442 0.382646 0.217740 
0.352229 0.446620 0.209318 
0.675605 0.593779 0.614262 
0.240213 0.288129 0.167574 
0.722793 0.787662 0.664759 
0.674151 0.549498 0.705844 
0.851563 0.878909 0.792982 
0.674282 0.671247 0.461927 
0.230734 0.235398 0.311254 
0.238688 0.461753 0.237456 
0.503968 0.661454 0.427089 
0.395996 0.678360 0.460765 
0.403773 0.651203 0.658781 
0.804114 0.798585 0.800270 
0.524621 0.513988 0.679015 
0.582730 0.492971 0.638089 
0.595020 0.661117 0.481579 
0.265463 0.496045 0.335578 
0.374694 0.349469 0.408656 
0.307391 0.407142 0.399528 
0.568310 0.548245 0.700633 
0.472737 0.234839 0.630504 
0.150007 0.306784 0.228472 
0.453634 0.595668 0.383925 
0.792852 0.449786 0.335267 
0.312419 0.122007 0.203253 
0.574401 0.725484 0.740575 
0.596103 0.640721 0.421501 
0.603450 0.532014 0.467743 
0.449150 0.684940 0.315552 
0.493553 0.547796 0.806587 
0.656211 0.468013 0.769597 
0.706156 0.853857 0.821883 
0.430804 0.457127 0.500490 
0.473530 0.619059 0.220758 
0.394185 0.451567 0.621554 
0.308530 0.502067 0.772718 
0.139865 0.301336 0.308165 
0.399112 0.502417 0.432272 
0.432119 0.427582 0.702939 
0.167367 0.257209 0.239339 
0.889750 0.874884 0.905648 
0.544504 0.533626 0.329719 
0.502823 0.645543 0.655081 
0.538187 0.542059 0.358457 
0.223172 0.778693 0.496445 
0.405643 0.427435 0.453462 
0.584445 0.511873 0.702515 
0.525521 0.331659 0.518179 
0.708662 0.585030 0.438283 
0.680374 0.659751 0.473960 
0.771733 0.713833 0.774633 
0.562403 0.365070 0.384140 
0.141341 0.121999 0.122772 
0.773284 0.611191 0.636986 
0.371934 0.292471 0.200234 
0.626128 0.569656 0.495131 
0.860722 0.683116 0.673647 
0.731787 0.687052 0.788028 
0.571588 0.259062 0.525093 
0.289310 0.433091 0.384613 
0.751209 0.530072 0.590213 
0.481226 0.587338 0.442545 
0.728626 0.693956 0.721634 
0.333899 0.130337 0.272800 
0.332777 0.465874 0.449434 
0.661078 0.758824 0.715452 
0.332401 0.376183 0.438046 
0.590740 0.276795 0.665548 
0.218607 0.172188 0.317583 
0.404019 0.321644 0.376943 
0.504573 0.468153 0.432879 
0.523787 0.776467 0.744481 
0.772791 0.579882 0.779083 
0.549673 0.433079 0.377326 
0.842622 0.872165 0.808412 
0.192617 0.216270 0.202651 
0.427608 0.515131 0.422183 
0.344939 0.439364 0.368383 
0.517139 0.467952 0.555281 
0.368133 0.440723 0.234285 
0.462927 0.614704 0.729741 
0.659166 0.532842 0.528992 
0.097475 0.175209 0.201152 
0.201966 0.177738 0.228433 
0.432299 0.174572 0.497253 
0.610381 0.621749 0.764269 
0.592532 0.644552 0.503048 
0.699558 0.803633 0.783561 
0.773978 0.887125 0.746921 
0.853737 0.774411 0.827800 
0.700158 0.500494 0.663969 
0.680982 0.410480 0.686451 
0.365237 0.622620 0.609928 
0.292482 0.246010 0.119394 
0.511612 0.644538 0.724674 
0.510564 0.629919 0.553715 
0.523431 0.420761 0.482672 
0.336692 0.319916 0.559480 
0.317146 0.487259 0.350096 
0.510442 0.670047 0.569552 
0.605131 0.437494 0.592039 
0.657758 0.837041 0.700663 
0.444542 0.564655 0.639361 
0.199451 0.236427 0.159733 
0.888317 0.850423 0.925999 
0.493647 0.749630 0.700815 
0.529637 0.322455 0.538552 
0.621150 0.638961 0.458108 
0.868481 0.833763 0.882840 
0.768653 0.700492 0.651726 
0.575244 0.444200 0.531773 
0.172846 0.145208 0.213909 
0.318810 0.463737 0.727932 
0.499629 0.373344 0.364666 
0.505809 0.317525 0.455331 
0.735633 0.519141 0.531564 
0.156912 0.198371 0.198980 
0.658038 0.658636 0.674523 
0.184841 0.182169 0.163873 
0.091824 0.111286 0.119446 
0.316788 0.467182 0.745107 
0.175872 0.221545 0.187403 
0.604508 0.607694 0.415040 
0.780002 0.628327 0.593100 
0.396666 0.535844 0.295780 
0.379245 0.401099 0.666840 
0.338826 0.391318 0.673230 
0.159757 0.261228 0.178590 
0.504001 0.347268 0.297842 
0.239724 0.270071 0.410174 
0.848758 0.767394 0.805928 
0.679312 0.411143 0.676560 
0.470237 0.446805 0.341983 
0.559708 0.339567 0.384240 
0.336367 0.306164 0.318277 
0.274076 0.418155 0.604023 
0.282921 0.389304 0.303819 
0.492046 0.514653 0.782463 
0.453407 0.473124 0.196951 
0.398443 0.545049 0.538386 
0.435842 0.363366 0.476980 
0.779632 0.848140 0.751466 
0.681921 0.807848 0.810627 
0.590844 0.736594 0.403190 
0.610301 0.600153 0.302467 
0.627993 0.766655 0.762614 
0.348308 0.357240 0.446260 
0.570719 0.175681 0.272103 
0.746383 0.624093 0.732348 
0.674471 0.757818 0.532429 
0.499473 0.433861 0.423376 
0.361148 0.703655 0.590131 
0.365244 0.328258 0.260187 
0.436611 0.638861 0.482649 
0.753945 0.567105 0.442714 
0.387057 0.292202 0.327280 
0.223456 0.279335 0.222478 
0.400784 0.306340 0.207877 
0.564135 0.150334 0.436213 
0.399533 0.590713 0.355613 
0.272575 0.289201 0.464034 
0.571726 0.507947 0.824487 
0.511190 0.314642 0.427361 
0.381127 0.161270 0.364300 
0.117088 0.122285 0.137268 
0.698828 0.525191 0.688944 
0.059363 0.252266 0.179237 
0.695830 0.575813 0.818042 
0.612073 0.516794 0.682088 
0.546764 0.366319 0.548146 
0.245387 0.551019 0.591720 
0.574211 0.439699 0.734444 
0.615734 0.576569 0.456523 
0.448350 0.664836 0.255767 
0.534555 0.553638 0.450615 
0.775049 0.771253 0.680185 
0.627383 0.463541 0.302908 
0.670734 0.369684 0.344514 
0.313271 0.520346 0.482376 
0.783369 0.691189 0.715318 
0.885163 0.833864 0.810037 
0.805406 0.796509 0.739720 
0.179460 0.209794 0.204698 
0.252671 0.554823 0.436009 
0.844611 0.836873 0.879304 
0.405354 0.317461 0.434768 
0.623695 0.625087 0.575136 
0.716791 0.876661 0.652284 
0.124815 0.087132 0.174678 
0.522354 0.594475 0.368123 
0.438220 0.457264 0.361635 
0.168974 0.208028 0.217696 
0.406523 0.387475 0.524170 
0.435124 0.194013 0.548200 
0.266560 0.510659 0.448131 
0.101758 0.186757 0.246174 
0.503723 0.636599 0.221431 
0.739670 0.489019 0.426531 
0.457692 0.403564 0.317119 
0.717563 0.739022 0.592445 
0.704242 0.411167 0.394558 
0.641791 0.683379 0.485820 
0.487466 0.271873 0.351080 
0.591398 0.467936 0.320190 
0.750278 0.569927 0.554677 
0.773161 0.569710 0.807985 
0.664863 0.538158 0.613798 
0.360673 0.341404 0.545843 
0.414981 0.521591 0.308934 
0.358367 0.510320 0.567567 
0.400958 0.327710 0.303252 
0.701828 0.326332 0.651568 
0.726605 0.329721 0.457159 
0.549246 0.667018 0.421382 
0.566727 0.526466 0.728672 
0.313022 0.216510 0.225665 
0.385709 0.416829 0.279616 
0.654145 0.499532 0.549240 
0.629853 0.705437 0.711267 
0.376686 0.220117 0.233437 
0.112267 0.147545 0.167083 
0.406491 0.481972 0.511790 
0.824701 0.817659 0.614032 
0.385303 0.561092 0.439530 
0.632958 0.721264 0.725393 
0.591028 0.464292 0.466096 
0.441774 0.633858 0.739871 
0.461484 0.490930 0.568672 
0.375219 0.208078 0.272937 
0.413378 0.521563 0.446533 
0.752544 0.836184 0.833669 
0.342190 0.384460 0.258617 
0.591833 0.517062 0.423636 
0.457040 0.400210 0.415045 
0.660248 0.575375 0.718919 
0.477981 0.348728 0.233655 
0.933824 0.918692 0.901142 
0.461533 0.405240 0.517587 
0.652870 0.205098 0.693573 
0.362798 0.565869 0.575890 
0.680059 0.769040 0.600359 
0.341707 0.356684 0.240466 
0.494402 0.411131 0.360916 
0.539381 0.352066 0.262803 
0.445450 0.379120 0.308644 
0.441095 0.693575 0.305380 
0.725470 0.544881 0.367485 
0.759935 0.572651 0.550601 
0.448654 0.574187 0.869596 
0.108416 0.124124 0.086257 
0.565405 0.463505 0.885841 
0.712944 0.623256 0.580518 
0.505682 0.536548 0.641064 
0.073101 0.158444 0.175209 
0.677294 0.832232 0.687489 
0.338095 0.427757 0.607546 
0.388083 0.637174 0.605474 
0.775766 0.532963 0.596706 
0.540326 0.609711 0.495760 
0.513536 0.585634 0.676558 
0.373334 0.327715 0.382040 
0.571981 0.745453 0.701301 
0.588872 0.326471 0.432029 
0.172823 0.482359 0.337307 
0.582298 0.674449 0.733896 
0.415224 0.514386 0.334192 
0.843636 0.908666 0.857951 
0.495808 0.349215 0.433692 
0.223201 0.362267 0.352113 
0.385099 0.665921 0.443478 
0.497850 0.668820 0.683804 
0.597901 0.614661 0.583841 
0.295990 0.396038 0.255168 
0.395150 0.190072 0.721085 
0.480637 0.803471 0.295770 
0.706450 0.673096 0.766344 
0.321591 0.430913 0.336450 
0.489957 0.593027 0.395645 
0.332220 0.211050 0.223202 
0.684904 0.833755 0.811733 
0.636348 0.619678 0.541652 
0.493986 0.331250 0.701993 
0.388379 0.372825 0.354426 
0.353994 0.257995 0.299202 
0.803800 0.806147 0.875884 
0.644776 0.509562 0.732974 
0.375767 0.644727 0.464734 
0.593626 0.208253 0.648182 
0.362813 0.345464 0.248955 
0.696439 0.764482 0.707454 
0.683123 0.611769 0.706951 
0.820783 0.588874 0.553314 
0.854648 0.792297 0.892075 
0.210045 0.263438 0.174144 
0.125307 0.080015 0.086828 
0.707512 0.323564 0.451462 
0.875362 0.663152 0.708678 
0.449926 0.728277 0.453839 
0.658786 0.690961 0.556989 
0.434073 0.256599 0.332147 
0.618773 0.722763 0.597019 
0.604872 0.292046 0.457000 
0.728566 0.649856 0.773240 
0.382962 0.347559 0.352960 
0.297553 0.201511 0.488552 
0.622424 0.508920 0.687203 
0.363556 0.643005 0.449544 
0.478689 0.439122 0.477666 
0.356491 0.333769 0.635611 
0.274213 0.204929 0.301513 
0.263828 0.403611 0.508961 
0.597605 0.547057 0.613244 
0.648266 0.327889 0.631440 
0.349448 0.293130 0.303441 
0.814640 0.827397 0.804699 
0.668758 0.445636 0.457761 
0.263414 0.557129 0.472076 
0.471701 0.591023 0.580554 
0.268070 0.454573 0.512671 
0.511135 0.542480 0.444002 
0.309080 0.347077 0.410061 
0.660001 0.498863 0.266458 
0.630272 0.426849 0.493645 
0.566691 0.659699 0.457567 
0.546502 0.504408 0.731237 
0.347283 0.221672 0.113430 
0.152458 0.271395 0.291813 
0.694123 0.614412 0.888513 
0.238028 0.118265 0.116243 
0.203556 0.295500 0.257937 
0.549232 0.682070 0.574438 
0.587785 0.480473 0.294408 
0.665662 0.442483 0.508677 
0.534671 0.613519 0.540155 
0.590929 0.731243 0.557046 
0.284317 0.368549 0.244007 
0.720965 0.697236 0.480639 
0.841095 0.844379 0.843450 
0.444633 0.574162 0.712735 
0.793738 0.734558 0.873988 
0.515584 0.519900 0.395807 
0.399952 0.369564 0.432401 
0.292144 0.306400 0.375626 
0.510176 0.540545 0.737419 
0.278943 0.314997 0.115577 
0.347101 0.313407 0.426573 
0.474754 0.643554 0.556437 
0.867243 0.777403 0.758631 
0.298411 0.359559 0.417871 
0.757053 0.732701 0.630455 
0.226951 0.340858 0.275032 
0.419763 0.472562 0.569030 
0.499899 0.679019 0.667051 
0.652753 0.331024 0.623728 
0.351803 0.460170 0.540189 
0.311772 0.715409 0.537006 
0.688388 0.644260 0.794926 
0.719981 0.641741 0.617826 
0.382754 0.327540 0.140021 
0.611889 0.460307 0.259996 
0.785425 0.807820 0.566866 
0.557149 0.455603 0.331523 
0.375502 0.267035 0.384930 
0.319148 0.191109 0.363560 
0.321148 0.330429 0.213842 
0.590231 0.560347 0.560600 
0.661409 0.580287 0.507084 
0.516660 0.462393 0.706357 
0.289955 0.485058 0.301479 
0.140964 0.322785 0.274404 
0.415205 0.452350 0.554140 
0.454002 0.410455 0.712050 
0.178775 0.218142 0.088677 
0.072222 0.153352 0.145949 
0.434900 0.330977 0.429392 
0.619584 0.740347 0.506400 
0.158017 0.362914 0.305929 
0.633943 0.820162 0.759247 
0.460230 0.633246 0.711447 
0.767605 0.444272 0.622456 
0.289119 0.278672 0.476700 
0.433207 0.367901 0.731877 
0.647683 0.655481 0.771670 
0.357211 0.306914 0.321763 
0.384935 0.431735 0.406886 
0.423735 0.296839 0.464586 
0.145331 0.181034 0.082154 
0.553228 0.152548 0.302004 
0.313365 0.571565 0.400596 
0.668614 0.387411 0.338107 
0.651404 0.801787 0.833805 
0.296308 0.258229 0.149094 
0.768829 0.555911 0.639424 
0.402222 0.322401 0.495991 
0.515043 0.450387 0.610387 
0.198826 0.183959 0.147861 
0.332017 0.173709 0.338695 
0.684988 0.553043 0.702941 
0.713058 0.790290 0.828501 
0.443039 0.524400 0.615023 
0.792056 0.636395 0.716878 
0.658083 0.532479 0.531613 
0.761627 0.727814 0.739607 
0.703852 0.245733 0.352649 
0.458551 0.503658 0.451879 
0.609240 0.267652 0.342274 
0.665623 0.826110 0.284044 
0.413474 0.533943 0.584247 
0.558161 0.511430 0.620958 
0.345450 0.341308 0.408028 
0.655787 0.765199 0.574866 
0.449259 0.417408 0.423898 
0.361702 0.606895 0.590243 
0.314206 0.133927 0.236534 
0.204938 0.223308 0.314203 
0.684874 0.795630 0.677443 
0.647795 0.679113 0.490443 
0.453382 0.376351 0.484865 
0.318974 0.334074 0.410843 
0.539609 0.496050 0.612801 
0.765324 0.715967 0.665184 
0.365679 0.329203 0.269341 
0.548428 0.691455 0.672345 
0.551455 0.392241 0.420876 
0.258225 0.402484 0.367580 
0.487485 0.545558 0.458605 
0.447377 0.396166 0.545591 
0.751398 0.840269 0.834180 
0.527623 0.567850 0.728626 
0.574251 0.537372 0.296720 
0.564649 0.514438 0.594649 
0.224301 0.113332 0.223057 
0.373588 0.297904 0.378581 
0.518973 0.412108 0.677058 
0.746534 0.629790 0.661147 
0.913885 0.898543 0.834169 
0.796973 0.591469 0.465328 
0.882799 0.705702 0.544908 
0.369683 0.590125 0.409778 
0.201354 0.150371 0.162185 
0.648916 0.545142 0.594159 
0.609367 0.384350 0.332332 
0.273434 0.466813 0.252651 
0.808352 0.826005 0.795073 
0.126519 0.314720 0.341540 
0.640356 0.498510 0.453041 
0.794418 0.721786 0.672757 
0.403099 0.476137 0.298943 
0.505254 0.414020 0.834364 
0.842075 0.833555 0.867324 
0.178172 0.605463 0.455937 
0.696689 0.291817 0.476791 
0.741372 0.798575 0.853142 
0.605988 0.467159 0.339754 
0.786690 0.721574 0.644434 
0.661905 0.663804 0.500962 
0.407174 0.358786 0.536299 
0.751435 0.784430 0.767272 
0.420327 0.439526 0.643087 
0.510162 0.534240 0.330161 
0.410891 0.451175 0.291773 
0.818239 0.737190 0.737192 
0.734373 0.512004 0.634763 
0.254957 0.361968 0.210766 
0.462963 0.433463 0.709530 
0.565717 0.154983 0.498292 
0.778317 0.835531 0.796960 
0.527073 0.346658 0.551397 
0.927350 0.854908 0.853321 
0.139525 0.242324 0.272889 
0.230157 0.754836 0.443758 
0.307889 0.195598 0.354351 
0.259663 0.261562 0.341034 
0.225267 0.127790 0.303784 
0.635345 0.578906 0.477066 
0.216195 0.178217 0.179408 
0.531637 0.278415 0.416754 
0.567640 0.700706 0.640290 
0.161567 0.258384 0.272335 
0.446178 0.535740 0.589801 
0.835091 0.757961 0.722804 
0.345495 0.297437 0.288446 
0.216623 0.213774 0.221533 
0.698363 0.518005 0.532745 
0.663653 0.547061 0.587561 
0.207869 0.306009 0.299601 
0.698370 0.606521 0.654865 
0.608256 0.731173 0.198264 
0.647842 0.266833 0.552823 
0.377726 0.607577 0.575363 
0.556853 0.544985 0.550099 
0.622775 0.334378 0.401547 
0.436232 0.853659 0.543217 
0.285008 0.409621 0.493363 
0.496557 0.712516 0.648045 
0.501003 0.609340 0.628259 
0.834443 0.835736 0.755341 
0.662633 0.605542 0.724558 
0.632932 0.328470 0.367412 
0.466630 0.548086 0.645943 
0.511845 0.616269 0.698267 
0.509959 0.606303 0.721157 
0.653105 0.386622 0.619475 
0.267455 0.641564 0.433300 
0.661459 0.807217 0.642092 
0.545948 0.400396 0.555280 
0.679114 0.678866 0.470026 
0.425965 0.298256 0.288262 
0.434411 0.400041 0.507001 
0.379120 0.496090 0.491731 
0.483627 0.339458 0.518076 
0.315608 0.254519 0.325282 
0.615685 0.642056 0.486420 
0.530634 0.460631 0.517479 
0.669722 0.455991 0.494999 
0.753679 0.694798 0.508186 
0.609946 0.362572 0.487582 
0.411840 0.522724 0.452511 
0.921719 0.829274 0.819392 
0.441108 0.599928 0.363380 
0.175959 0.146064 0.090350 
0.855703 0.711113 0.799382 
0.406438 0.126131 0.465170 
0.638267 0.812826 0.627571 
0.545875 0.385779 0.472707 
0.567065 0.715222 0.622157 
0.342574 0.486951 0.311885 
0.394066 0.255427 0.664045 
0.397367 0.417654 0.540342 
0.157055 0.259065 0.417976 
0.619579 0.512261 0.590862 
0.560508 0.656005 0.376719 
0.543584 0.592305 0.480416 
0.279790 0.617955 0.313597 
0.160025 0.297865 0.254498 
0.624875 0.559059 0.379534 
0.539125 0.677949 0.436112 
0.410666 0.163371 0.350414 
0.389569 0.494546 0.724629 
0.627406 0.593614 0.450829 
0.859095 0.839832 0.874959 
0.241164 0.205940 0.169967 
0.628102 0.686747 0.787568 
0.764704 0.649323 0.499278 
0.372123 0.351459 0.402285 
0.670750 0.608481 0.540114 
0.289214 0.449800 0.493306 
0.412518 0.460806 0.219574 
0.724441 0.722330 0.731137 
0.596129 0.550990 0.619537 
0.340972 0.365448 0.290147 
0.732190 0.833666 0.663432 
0.446032 0.261770 0.623343 
0.438105 0.401503 0.544266 
0.482456 0.430058 0.537259 
0.237914 0.240016 0.327025 
0.836048 0.800512 0.730678 
0.245512 0.170090 0.233201 
0.134224 0.421007 0.370560 
0.493101 0.639240 0.430356 
0.682274 0.738842 0.625331 
0.616099 0.456383 0.580655 
0.368522 0.718429 0.457587 
0.204537 0.764257 0.591947 
0.409371 0.400012 0.397411 
0.520658 0.630583 0.469039 
0.291451 0.330171 0.185245 
0.349643 0.540141 0.551722 
0.600817 0.383813 0.485313 
0.569537 0.640671 0.700077 
0.405791 0.513755 0.338407 
0.246862 0.288351 0.334229 
0.354516 0.358381 0.568446 
0.525708 0.372171 0.416270 
0.633533 0.720001 0.876328 
0.534567 0.602188 0.690922 
0.341895 0.397669 0.435904 
0.640740 0.494784 0.378586 
0.292397 0.281228 0.343387 
0.346670 0.428055 0.264759 
0.535746 0.472282 0.470546 
0.706978 0.856749 0.662941 
0.264056 0.218981 0.440216 
0.142075 0.637704 0.511518 
0.380547 0.491579 0.459303 
0.313876 0.245204 0.494670 
0.397762 0.447298 0.403804 
0.274061 0.642002 0.523078 
0.759002 0.545081 0.536966 
0.699409 0.762147 0.796640 
0.523402 0.380783 0.517115 
0.364878 0.573133 0.650772 
0.531347 0.504927 0.631763 
0.344205 0.302460 0.288740 
0.670876 0.322487 0.788415 
0.892131 0.927818 0.891773 
0.556101 0.458122 0.748987 
0.706225 0.392008 0.731056 
0.125141 0.302936 0.254078 
0.453805 0.459866 0.403262 
0.619443 0.468034 0.589603 
0.564657 0.705046 0.447667 
0.559749 0.518879 0.218299 
0.611712 0.557540 0.693197 
0.559932 0.416434 0.236712 
0.715515 0.837686 0.715075 
0.684433 0.918874 0.554260 
0.639497 0.789909 0.695161 
0.767138 0.517810 0.557911 
0.871731 0.793123 0.872040 
0.352189 0.224489 0.327472 
0.920546 0.925342 0.842556 
0.374083 0.274960 0.471311 
0.487054 0.750562 0.357593 
0.618932 0.526334 0.526451 
0.484452 0.606953 0.346009 
0.321535 0.569179 0.575807 
0.576552 0.763736 0.797522 
0.380183 0.362948 0.193344 
0.417052 0.443555 0.659502 
0.492220 0.459630 0.299128 
0.746611 0.717113 0.750669 
0.605602 0.788385 0.790268 
0.860598 0.613306 0.521376 
0.272118 0.479279 0.505780 
0.437132 0.550998 0.600273 
0.452352 0.362334 0.683820 
0.487740 0.437901 0.607008 
0.735304 0.601155 0.792016 
0.467213 0.550382 0.697260 
0.644486 0.533924 0.259838 
0.470264 0.441426 0.411522 
0.484748 0.342588 0.436345 
0.487302 0.248846 0.708336 
0.532013 0.580394 0.630523 
0.107078 0.122057 0.107541 
0.468981 0.425034 0.456487 
0.295972 0.224027 0.336637 
0.731144 0.685657 0.603069 
0.624130 0.741835 0.534946 
0.417817 0.612277 0.446049 
0.754006 0.488861 0.434484 
0.629303 0.238783 0.540858 
0.168392 0.427862 0.452517 
0.831174 0.836636 0.864182 
0.583917 0.725684 0.696755 
0.517891 0.310432 0.588383 
0.191161 0.364216 0.237667 
0.493529 0.249688 0.524242 
0.177654 0.149934 0.086552 
0.615193 0.521313 0.546043 
0.495675 0.824715 0.664080 
0.360278 0.454635 0.337406 
0.711873 0.680046 0.751795 
0.275594 0.423457 0.568434 
0.543649 0.462589 0.320823 
0.258402 0.370360 0.369104 
0.304714 0.723046 0.477676 
0.775520 0.778557 0.840498 
0.330106 0.433423 0.417688 
0.577394 0.792546 0.595936 
0.450026 0.568890 0.306298 
0.393215 0.377432 0.355393 
0.235710 0.466622 0.537686 
0.375560 0.433464 0.708712 
0.580106 0.468402 0.531162 
0.701385 0.747504 0.828405 
0.374789 0.402027 0.516673 
0.242245 0.276203 0.259855 
0.715351 0.791875 0.718759 
0.691357 0.571743 0.550941 
0.414810 0.371793 0.582538 
0.597006 0.669241 0.360717 
0.534366 0.506248 0.352709 
0.622741 0.460825 0.478116 
0.356021 0.451225 0.102423 
0.247974 0.329544 0.251265 
0.598356 0.347075 0.483877 
0.506650 0.644231 0.718356 
0.538200 0.479728 0.495918 
0.608292 0.656510 0.843402 
0.772244 0.800008 0.690988 
0.359493 0.448411 0.581862 
0.213648 0.127641 0.228007 
0.676025 0.799162 0.729601 
0.459798 0.534999 0.221459 
0.099860 0.077656 0.189460 
0.462259 0.702593 0.570047 
0.763535 0.769309 0.743328 
0.690078 0.788284 0.720881 
0.440329 0.351122 0.420454 
0.494943 0.585046 0.754313 
0.488305 0.457004 0.254049 
0.321923 0.570113 0.440433 
0.487267 0.478836 0.584505 
0.474082 0.344935 0.648684 
0.370000 0.450313 0.583554 
0.263530 0.240919 0.361625 
0.756205 0.695422 0.789625 
0.295814 0.514462 0.483883 
0.349962 0.535055 0.561231 
0.671341 0.426492 0.365288 
0.659949 0.290637 0.422000 
0.480580 0.654696 0.225090 
0.669951 0.868806 0.694684 
0.676750 0.577232 0.619659 
0.390680 0.513600 0.587298 
0.324206 0.467048 0.395909 
0.460330 0.513471 0.553587 
0.352646 0.390946 0.287805 
0.723875 0.570958 0.585839 
0.724148 0.571184 0.396288 
0.272827 0.380313 0.409705 
0.171788 0.243956 0.218984 
0.503360 0.763590 0.271465 
0.543488 0.346911 0.487663 
0.344886 0.358886 0.383207 
0.507910 0.411424 0.356236 
0.917031 0.895605 0.914365 
0.699234 0.589689 0.616575 
0.750728 0.680914 0.652446 
0.490397 0.444147 0.597351 
0.610640 0.409064 0.666963 
0.328316 0.363773 0.247368 
0.335761 0.439611 0.582429 
0.682984 0.636749 0.565414 
0.259088 0.663038 0.667810 
0.562142 0.682755 0.802267 
0.683384 0.336974 0.537973 
0.402175 0.473261 0.368420 
0.507477 0.558304 0.491731 
0.815883 0.828873 0.808709 
0.539553 0.271390 0.432084 
0.357254 0.453126 0.707155 
0.563204 0.406857 0.468097 
0.565557 0.768151 0.635921 
0.271441 0.179681 0.366044 
0.324561 0.498658 0.301182 
0.671187 0.657620 0.501599 
0.671164 0.856618 0.625159 
0.419184 0.469327 0.561776 
0.419066 0.518470 0.358760 
0.470896 0.647606 0.530199 
0.754940 0.885563 0.848528 
0.279000 0.196416 0.362959 
0.451109 0.275102 0.542312 
0.437991 0.276171 0.563283 
0.883579 0.585113 0.588385 
0.166872 0.271462 0.245558 
0.387452 0.762972 0.454252 
0.672044 0.675713 0.546428 
0.698325 0.636907 0.701345 
0.459999 0.517368 0.546548 
0.492593 0.340192 0.492529 
0.711338 0.713633 0.724419 
0.875662 0.860502 0.796745 
0.676154 0.416366 0.365091 
0.438303 0.571470 0.566949 
0.494911 0.454247 0.663465 
0.227150 0.626937 0.255221 
0.228643 0.423895 0.342207 
0.635842 0.599252 0.514733 
0.451868 0.355914 0.664319 
0.484783 0.793633 0.662561 
0.270163 0.417993 0.562317 
0.436241 0.187815 0.396164 
0.286156 0.386838 0.424084 
0.666109 0.747648 0.574567 
0.569497 0.593969 0.618265 
0.543201 0.570738 0.705947 
0.594705 0.665607 0.736960 
0.802235 0.887568 0.878396 
0.495594 0.166777 0.732817 
0.743256 0.741034 0.701845 
0.528873 0.705448 0.452566 
0.351706 0.653672 0.219047 
0.690791 0.435920 0.400487 
0.477160 0.289441 0.467094 
0.430791 0.487143 0.498459 
0.261498 0.366473 0.199565 
0.675696 0.338266 0.540381 
0.408117 0.658257 0.496349 
0.639013 0.718821 0.387639 
0.681921 0.627471 0.529704 
0.680301 0.783701 0.643378 
0.737707 0.636916 0.822943 
0.766809 0.682833 0.440276 
0.514073 0.361664 0.502435 
0.347005 0.245752 0.329663 
0.755998 0.616943 0.661614 
0.338139 0.230762 0.277113 
0.476383 0.506610 0.388108 
0.669499 0.491534 0.360737 
0.359240 0.580942 0.355399 
0.326382 0.437481 0.171918 
0.472124 0.429102 0.650099 
0.296210 0.280444 0.265966 
0.175739 0.104791 0.234360 
0.577953 0.206114 0.616534 
0.757987 0.735613 0.825311 
0.325735 0.319270 0.431839 
0.547516 0.850626 0.808926 
0.271840 0.378296 0.432884 
0.246668 0.708109 0.607375 
0.408462 0.565360 0.506770 
0.334619 0.471941 0.457814 
0.201330 0.228877 0.241685 
0.240173 0.723909 0.529026 
0.466738 0.652589 0.451770 
0.641006 0.742332 0.655154 
0.490751 0.542356 0.574575 
0.396624 0.453554 0.560995 
0.303562 0.175750 0.335339 
0.472211 0.247125 0.262905 
0.293921 0.291089 0.400747 
0.623649 0.603263 0.685378 
0.628764 0.504914 0.702026 
0.360418 0.441112 0.498403 
0.035134 0.073284 0.038834 
0.813129 0.755509 0.754613 
0.360888 0.559997 0.746127 
0.578389 0.535625 0.450091 
0.578330 0.550667 0.665716 
0.398047 0.484470 0.381059 
0.472116 0.367449 0.266933 
0.546091 0.469001 0.786592 
0.640345 0.267504 0.440801 
0.455662 0.484886 0.496600 
0.631035 0.708023 0.739649 
0.600555 0.633508 0.665460 
0.262420 0.551578 0.411911 
0.496495 0.621317 0.610885 
0.455540 0.560328 0.371124 
0.452115 0.367382 0.558685 
0.676870 0.427485 0.386377 
0.412831 0.353100 0.400292 
0.267925 0.575695 0.486153 
0.789096 0.746004 0.775472 
0.829185 0.670627 0.768140 
0.719180 0.417037 0.597521 
0.267602 0.616828 0.554419 
0.405553 0.714148 0.601403 
0.142882 0.145603 0.269718 
0.626422 0.443701 0.853153 
0.339317 0.580697 0.441233 
0.876727 0.777489 0.864459 
0.274928 0.187477 0.139939 
0.567016 0.617188 0.561548 
0.406425 0.593645 0.472401 
0.626514 0.684097 0.713925 
0.322411 0.521555 0.561126 
0.498787 0.524725 0.534040 
0.116853 0.248080 0.242339 
0.350590 0.253181 0.393322 
0.178734 0.194284 0.245377 
0.494361 0.325249 0.430702 
0.362347 0.350782 0.398944 
0.615063 0.287761 0.622801 
0.337973 0.554770 0.421558 
0.759910 0.680133 0.929178 
0.570835 0.472032 0.607356 
0.498641 0.509645 0.681899 
0.270045 0.278014 0.195170 
0.689886 0.761442 0.864539 
0.549032 0.609535 0.654167 
0.466806 0.409661 0.449013 
0.435448 0.369037 0.388023 
0.531199 0.705358 0.770557 
0.638866 0.761116 0.818945 
0.705056 0.373908 0.710364 
0.405817 0.301565 0.436137 
0.160943 0.217146 0.274176 
0.795073 0.731550 0.729271 
0.570762 0.413274 0.329566 
0.408484 0.584656 0.260995 
0.319667 0.427210 0.300485 
0.255171 0.306383 0.261927 
0.685552 0.254326 0.696143 
0.275044 0.352458 0.454365 
0.814949 0.703941 0.823526 
0.646497 0.660787 0.524603 
0.371655 0.392165 0.313023 
0.345819 0.283084 0.446885 
0.396351 0.466030 0.705907 
0.073633 0.076843 0.042957 
0.540238 0.367563 0.332292 
0.530231 0.533152 0.368512 
0.679412 0.579620 0.331948 
0.290790 0.207786 0.269856 
0.381912 0.323813 0.576335 
0.816081 0.777772 0.764520 
0.573514 0.562216 0.716411 
0.634108 0.291923 0.558655 
0.589298 0.691733 0.554931 
0.120212 0.215863 0.192191 
0.689634 0.638322 0.541553 
0.367457 0.246298 0.498624 
0.381585 0.421605 0.357130 
0.263558 0.144093 0.253599 
0.642543 0.483203 0.529242 
0.374657 0.355500 0.240863 
0.912868 0.855470 0.912448 
0.629502 0.385126 0.496441 
0.650843 0.350887 0.730016 
0.659976 0.771848 0.834262 
0.763250 0.700024 0.653920 
0.436649 0.291074 0.220340 
0.796353 0.794888 0.899506 
0.685285 0.474154 0.728198 
0.559441 0.678014 0.488333 
0.458009 0.451799 0.632961 
0.307287 0.289210 0.223482 
0.318409 0.336891 0.480262 
