5;5;4
+384063128,1138427154;1997994646,1937843094
++506736870,2137903785;1811203848,1129931820
+++925932216,271601939;1763168100,634401742
++++789431363,214608502;455388411,2109742327
+++++1370704056,1334380625;464405336,1417851634
=====1497312490,865292453;1652312070,877884587;1047999611,1810643297,296550549,1111572121,1160564503;0
=====973295473,2004259349;199933317,598170467;1061373817,1309613727,535455568,1915923744,1513728348;0
=====1043616806,1531390378;978110793,1180473271;1430838196,1984848225,1565021673,94748802,2007767937;1
+++++1898527111,682509350;254927128,1960350360
=====1856572531,271152608;63280514,607155738;1769599571,1105276064,1110747149,1425889389,568138048;0
=====1057435987,1194124152;1517199639,1080666182;1952905001,1769658395,1110723514,127773565,1781132118;1
++++560099227,1672306335;1443927447,1998641220
+++++508898313,1586576470;2090307154,1961429466
=====1242726144,455651444;331608176,1535514590;1699571308,762931794,1196000713,925966066,1634152806;0
=====1487185287,1177030370;143894760,1184602509;286539620,752160716,1828848497,650962012,468280059;0
=====409839111,1478887504;2065077224,2137078798;101601006,1726576267,1598656793,302984402,1700523837;1
+++++952582907,445315190;356900492,487001587
=====1208208694,593341719;977055820,1180267816;1461055988,1589580142,1175961453,498867414,460381431;0
=====988226998,175288056;1492158832,1414261531;836458943,965549579,1062334835,1143030781,1223417096;0
=====1203657166,462480807;1154072035,585814597;69551553,662143916,1200634189,1419628004,934655215;1
+++++242179252,1387729659;1384692611,2082762073
=====1090208266,1673277840;2121630474,740544377;280617058,282416375,1413228055,1071854667,31373756;0
=====267520327,188403653;2083682765,998436773;1650699608,761554801,1117033756,39466952,1046424258;1
++++347341712,1232478478;2100292639,33748959
+++++223221375,425072198;591087594,2031796039
=====1726738646,2073088270;1338107236,531845257;16763339,118882029,29089382,1652870151,678205915;0
=====556088537,1586013693;1993009853,1788387757;285074909,1167252468,766963834,760689935,1828033621;0
=====2126432182,1719320453;1827253868,2009940759;1212574852,817884590,368562359,1975599990,1617406483;0
=====1865851939,1519483908;295052169,1210003510;653912410,399624302,57694254,641013334,1388149279;1
+++++1313352428,322322819;531384901,350133196
=====174198398,1171860874;596127651,819937254;1874003463,810713974,1780200854,1950566527,1216520434;0
=====1852586948,201434490;889804641,1635307056;1510552989,1742293511,2006092272,1127424960,584918082;0
=====218072539,506392439;317235281,1864175208;1218607274,134309492,1520237497,4901337,1214701328;0
=====229051634,1496455516;1873272406,1496903863;1441842305,2017612124,919263559,216372628,607957468;1
+++402447704,484604821;765932554,1579796715
++++1168104360,1597915284;1654476480,1882847090
+++++111170829,773555554;903970914,363457103
=====1002092775,1456676975;1891270740,1938293174;737177585,481388602,310101234,763267835,1959972792;0
=====1701245192,136843961;1081963865,891401626;301919983,1965515832,1467609640,1175874389,1310726028;1
+++++749361488,557744070;1857672217,1508694279
=====130997875,1475639114;407512261,1298864388;2064446918,956883641,1452257774,367364077,1147576649;0
=====1169840333,1412344397;741802434,280534203;265258228,953162206,2127519112,503205888,1929282118;0
=====263730274,843465271;840376364,440448059;319292693,1143415335,1932774400,460112093,657043366;1
+++++1345003003,2082082106;1713996178,1933051633
=====1103362275,1460599721;529413935,1791904491;113486083,488883685,1459240458,577276232,233651229;0
=====1065620085,1967276627;690262692,1396275045;1485048877,1433705537,1623997646,1694227303,1379989886;1
++++472665125,1978452780;151093869,1297342078
+++++1320868692,1425502754;722925909,773425058
=====1010503994,2105804529;159629459,1221482829;592500696,416556642,781740636,464417770,1551575354;0
=====1933575582,819235504;1055775585,1020325831;1464357125,1280311056,2099660072,731251385,994827218;1
+++++396823340,1527783000;247422093,2128311857
=====1820736119,553770236;1364643618,2069776817;196789364,499582828,1039236697,1215654956,336218735;0
=====1773060792,1979905726;1385915871,430196257;532671454,1455654083,853532416,914018757,1399800946;0
=====606944498,715920249;1598923123,689884355;53855763,742724451,1834691802,1299243316,745936435;1
++12905527,777616549;2113439103,1520318779
+++1272615149,516780027;1516793207,90220522
++++398340463,399915471;1083339726,2018297239
+++++1111847277,1915188536;1112202236,1059153426
=====1200185523,1119038667;1365055474,42303338;791188529,436255747,1840641069,928689067,42612999;0
=====315179981,609043;1993470122,359914703;1004809961,826515667,1213561302,1142726590,257763056;0
=====1013067523,227458151;781945235,727518679;975973838,799465089,779758267,1486105399,1290163970;1
+++++1208845358,2110040787;1833939742,1204099400
=====2049868311,1714868944;844211057,808638976;95098173,1471504360,2018543121,639503027,1188436100;0
=====1331425079,809688052;436589530,1093357321;711105191,1788877520,221581741,137186280,1187176454;0
=====983582077,1068640780;461180696,940163583;1496933794,1881350540,1687388276,1734558996,1641796402;0
=====1736018411,1890255901;1220990920,181023924;464462339,825686733,602535573,318472181,1673375074;1
+++++2146377324,904453855;2027959402,1450285716
=====581331046,672310981;708081785,1284343567;264733995,841805854,1886631661,629282539,232856643;0
=====373371188,1690374095;497751166,283791912;168321502,884912217,1830202014,943803301,130809872;0
=====1934097514,989339783;1380627596,1045684103;1471352518,1322992984,857776598,1710830714,1188797572;0
=====50361220,1012551078;404015364,913926750;722762998,714457424,1668048371,175766109,1461350084;1
++++1748644653,2055428128;1136782341,841969162
+++++1840606089,1176596246;1496007864,325048782
=====503434072,92324672;1672773949,1391705352;670317977,1457731114,337553308,1795244570,1821266976;0
=====121753294,676047788;789840164,1806953575;8100867,1166685788,1525125062,1843789839,1799912454;1
+++++1365961942,1236427328;1113660576,1667416448
=====739866105,2062211053;867727168,879359444;1870845906,1045315173,1088379356,765115981,1287766937;0
=====967655810,822401116;817001214,179192907;707298451,1190737953,1450161540,245437031,2069557351;0
=====2006088118,1053356868;353738786,285090665;677796285,1670210064,156361165,1102165174,893437317;1
+++1117840863,1441277704;1119984787,727007797
++++1123828482,1115928671;1996485827,736986581
+++++739840468,1086018680;1014804665,2129514639
=====1978789011,2114747433;1930649978,1894225367;2042759142,1523125170,398337621,1663589123,153775109;0
=====2086297162,1481864780;1602560309,1543096608;646814382,1454885233,1556556324,563547546,996494816;0
=====335033919,691141635;1614108828,1136830006;635328319,299166390,1389399033,1731093959,352569700;1
+++++1851822620,101171861;1354952955,121134365
=====1755191809,1463471717;1702353474,1306458377;1763326499,1267591411,693668430,1217364431,1433579780;0
=====1247724722,274930534;1530445895,1777241724;1772296015,1066008519,1974917830,1237390141,667718865;1
++++1575969005,1925818415;740224081,1641205723
+++++653089682,443074393;363821308,147951186
=====1044462362,242614941;690382555,2107370555;1433223919,1200715716,131955567,109320450,1522040591;0
=====1969714572,1555129058;1328216594,701954005;1324278026,576526925,1112299697,1763045387,1734093438;1
+++++77719520,414115646;28491426,237706092
=====197221245,2060108793;112644609,1620745046;584864364,257492746,1038546958,1065140199,1808761341;0
=====2042034643,902487033;791919254,1952506474;285224447,614910938,620148739,1403476389,566588220;1
+639666121,929726756;943581631,444841456
++1914214523,1196385846;104610693,540728296
+++870111665,533768477;814710630,1260786050
++++936984579,582371349;1275272109,1860372428
+++++449503220,117519839;1752423864,196860792
=====1197836637,1808657110;205208835,1832081857;2016727852,1768325238,820209999,1540003614,1251941707;0
=====1146420226,356473472;186379447,2036332419;155253287,346259611,838929538,1682153870,426159120;0
=====953916577,1930475750;848454830,1085065220;1814414646,941834733,218883579,434871392,2122788211;1
+++++1630895633,1386428840;752295987,341359339
=====112062638,1701544165;1061660913,1125942568;967896942,1580310547,2006303547,647266981,898747792;0
=====1516605503,1400876492;1153104886,148549910;515778708,721150452,783359284,826981028,1245452638;1
++++2028880583,262948088;708412130,550396004
+++++1842536783,912603170;319631484,479175127
=====1368640881,1533147175;343310277,965844309;809540849,264415840,1185350021,109418072,396279067;0
=====1842658260,175898530;1813721649,1357766837;978947930,1060291769,1525682357,633569985,282606990;0
=====260421873,599723731;553919814,218494026;1308156434,2004202885,25944119,1278380307,1822482929;1
+++++1528560765,1993402684;1613189301,995253460
=====336882328,419031546;2062259785,728064599;866598140,1787072354,489509617,1848739777,545968388;0
=====1727805119,162735655;1003120941,1122212746;164191119,932976167,460526187,827146368,1564054805;0
=====1931468329,1239301064;1235385713,137133314;415896365,863198481,1018675834,3489592,1285526534;0
=====948430960,2010267772;1922781853,502279799;1853335134,1036559473,551169761,505104348,273871439;1
+++++713380096,1945626127;1481819702,483239352
=====627092339,1941656865;748831327,1844607332;1048927336,170440139,1110513494,1736846947,984016415;0
=====690697248,1673206606;2143664014,1243911466;1140645367,113231710,1831624651,1081811488,1874593985;1
++++1287275107,1317981636;1660564130,1818057012
+++++1702404629,1081304924;1939167772,871292591
=====1111924866,1280325960;1219583333,684777236;842201698,711948030,799616896,1570970244,685377068;0
=====908547609,632342064;1218655889,2091095533;789924902,2062035486,12528376,1876799382,1185133303;1
+++++1044635411,1564872091;1919081521,523939991
=====3574752,655667665;186704104,21841892;262472702,815254959,401965232,479340748,2072858153;0
=====189923485,751735316;412832377,162997220;1681609146,1753747211,247827510,1586200706,379955828;0
=====973433877,1887775071;1593349607,340176367;507564072,1111594443,1219883021,2031173708,1979670985;0
=====440774497,704880072;1102699493,918639751;873006599,463501964,482447742,598021977,345805013;1
+++++1394426572,715261045;894035762,847996278
=====1884480077,1022790379;1540009279,1982037604;1539678294,731322016,1358725499,1784794967,693585693;0
=====829559408,217092874;696498826,1094291451;246646117,875989806,1503920553,1669410441,697759320;0
=====332127026,1551224395;1230050644,349895103;1890442656,1732445050,262695289,1578517129,446013093;1
+++++1475680906,1992879542;944216419,47416747
=====1431993060,1880610906;1649536363,1875712306;1275817243,1116700296,1394422990,204294311,941536982;0
=====1675410094,1749647412;1778033331,491785465;492720904,259486815,1466232354,818123201,2119843651;0
=====16712087,1570534668;395763708,1655473049;82116657,1754693132,749756490,463578056,1195947116;0
=====990433081,1701912076;1945528333,1139935144;430348848,45371611,1537531614,1907447989,340595886;1
+++308329700,450628974;1825401837,399005465
++++1540298238,189399625;1138077246,863535439
+++++1628261053,1647384998;1406822559,1994348497
=====1923798592,673159728;32092042,418401498;602159305,1790427024,365324967,426585333,1898667569;0
=====1564861044,1798380268;915733476,1477017941;1214624802,755280608,1466999312,1734167926,409330146;0
=====975413391,1566214337;1679424911,227004265;1667884799,1047914112,1790877615,1057241687,2079216966;1
+++++1140216330,146308497;771103680,97260743
=====1722357293,393309718;1727670799,1913795075;1906615608,260801548,64875991,1109186465,987159150;0
=====243516141,652317155;136226825,653094664;1001130793,141813805,1739266647,2020818003,198414415;0
=====654333452,595898434;830612289,979455903;1197419915,2137581118,1555268918,2115842180,258177949;0
=====1051845576,432432213;2039209433,682495414;74688562,244865167,1683616801,1844565394,537799319;1
++++906542604,1393267047;565854753,107314513
+++++721422219,1885132300;2040417678,737803396
=====207299839,1720017574;1299301662,793877792;1725508070,1181652128,1462436525,212223713,150092814;0
=====857550728,614515580;948237417,452069921;693704979,734977580,435838728,1200598034,910210441;0
=====2129916568,359629319;1377621370,408358476;1287087135,1799558686,362631321,1799103759,707010354;1
+++++291777238,701437182;971672488,1689866744
=====671458702,1819890320;2082196560,457413417;35961772,168294904,1792394670,1908542227,1697394576;0
=====111982768,336015600;631037438,749778612;1014347527,1023956141,159399511,1890119713,1287907491;1
+++++1156813447,1331384410;2093563442,1135114713
=====899161008,2067055465;384874711,881048289;1938904875,1628133343,1644913442,1071134601,1019336742;0
=====45647181,1999961731;1866010121,1297833247;1424838080,1348352427,83184807,1374136515,1889059658;0
=====973905040,192953992;703650886,610911350;1452563676,1429118351,999422391,730801540,176322985;1
+++++861610265,1096489244;1891601590,505595836
=====536067383,569821393;1620577399,1057680113;1394217795,265462968,105518645,1022193417,1400896182;0
=====552859730,273035913;470777043,426064637;462695351,1620681197,1512108995,1930790365,2047484488;1
+++115348165,808972277;1839689143,1569414700
++++1126866834,1569539808;569844921,1386052551
+++++2138769914,2024678136;875050564,2037080526
=====1824032456,1666350639;1372057198,1982642855;786598988,982480540,2011997309,37391034,188685608;0
=====679511548,889273406;1208149913,1573272306;1431148140,221265425,1948797684,615652911,705981062;0
=====67358988,236291393;1025216084,1047784361;213690246,1097807237,780808112,1095216613,773555731;0
=====204151985,798118085;339818761,1929209137;1376179421,246391046,1642864160,1233072879,282685615;1
+++++1699862282,1049615388;307335662,98570957
=====482755113,26902142;1458027447,1562482560;1211684379,2085385156,100776083,870701688,803574106;0
=====1463775569,1061098901;2130283801,2047690131;1121916053,735773893,1381950636,281781015,1523104297;1
++++921317917,1311074079;743806269,215418262
+++++1253337110,1209834623;580950246,289114597
=====56041046,1822847725;1140277836,1668622021;2029604620,12797463,725292539,1974944849,964180725;0
=====1874685110,1663816569;12120524,290491190;1858486682,1840974439,761403986,1375838662,1679575721;0
=====165484171,152406275;1097514370,1490795710;424048591,205532918,997028134,341328715,442048022;0
=====461686799,1721484773;258100498,436116243;1693501712,1772733965,1725540193,406099978,2141617337;1
+++++2025207027,1894985060;1187470983,1544051549
=====497939320,2033993140;1727958859,2020780077;349122829,247688242,2028614283,1349041435,2101430952;0
=====791471109,1262216335;840349178,427302050;803255055,1358517224,250189766,668578437,1177635706;0
=====1359150357,1482753428;709700701,1513854855;1144307624,1634365115,167550386,92950582,702214948;1
++676780865,409280829;1056473247,79428198
+++1014752972,562752359;1417333566,183722205
++++2045505248,1954590725;1821759624,1827215480
+++++274837469,1743996362;1354431810,90599886
=====1462446904,247803602;727422000,693748832;1520012093,1617914707,1248530750,1742021969,478832480;0
=====816513374,121540320;1362333013,655974774;1426893588,1108670403,1358068000,878852091,792257689;0
=====2042104797,946312171;1168880767,1365533978;2107858976,699323670,1365016087,503272785,122319488;1
+++++1750388362,204697194;2015848914,1360554006
=====324068701,580523972;191216165,1661604986;2075916659,470803177,250582032,45283936,1400758822;0
=====448116077,311850603;346615008,2022596455;517307347,1963684274,932545777,662286867,2043204617;0
=====682888566,109160980;1548405094,1438250136;1049927267,1647592821,1870012965,1999113923,687284056;1
+++++1519050743,1948910071;928361789,363801134
=====1296273415,595075363;1323308781,1611524717;777709524,1134776643,1055131722,1018456650,1814378933;0
=====1986830700,321799885;1989733560,1377996613;468231820,1473940379,1778984864,1195199158,1475497244;1
+++++294609677,1026588985;520200768,190908753
=====1786442410,1389598185;1806792687,963288121;443793044,1452219981,1923586961,41104514,909061996;0
=====1063198125,632348844;1075962401,15543328;434982694,1027427751,304678183,863235131,206392305;0
=====2032108470,1248203467;745760274,881335136;1692782694,1741579553,557859096,958144137,1829035537;1
++++1683743740,1677509565;1910300843,1194316639
+++++1991349635,592611206;1232874477,1385312087
=====791959513,2031358639;1291890576,1800900146;971190150,612520654,1121211178,603509352,595061470;0
=====983214641,907161158;347655598,2179224;410885820,1331295564,962821533,905956075,399883954;1
+++++223663711,245492125;195174549,695772734
=====238955486,1093392359;2013427457,1296643574;2036311395,845132162,493731613,1761069989,338211155;0
=====290873162,407527903;770697748,1443747760;1953274629,1317328168,516051323,1563698795,1244480771;1
+++1494357678,134546657;1289749937,1458783034
++++529303129,1318028978;1640373280,216017354
+++++1861116737,67833694;100990876,1996922863
=====835705266,471323113;1252397617,553459295;789439364,801722199,1024425400,798527256,1082436332;0
=====965528084,812921214;1060384542,470069587;242608487,1502023993,207413033,334397995,1877285752;1
+++++204156533,174946448;365334599,603587826
=====78724982,1527421522;380110659,1967760677;2131708046,178874373,869643914,932177210,959606892;0
=====1521963916,807518257;876301551,2118302423;985449691,55328712,1670387504,2090446419,448280367;1
++++664684332,858941437;766250591,425660350
+++++1562251291,1061539902;22567809,800957150
=====1846408108,1467863226;1276083519,95808853;1609118314,913852678,1847485382,1360000601,400783167;0
=====932567139,37967910;88747023,311416118;373539194,1678681856,1351573415,106689903,1975058038;1
+++++853781675,137810319;172117658,2095316174
=====2043127492,165197626;1130371723,1380948259;590179367,319808600,1458361192,1438154213,329413757;0
=====1970774978,1392698486;1310033172,705500813;1904033177,1458865120,695425890,186212099,1330196022;1
++553677186,1186701127;1400343558,2052854686
+++2068005378,15081237;695583888,840856760
++++1669006516,1098778601;1677454438,559377317
+++++483833015,143335283;372379502,2071219601
=====730040691,1227208427;783503329,689365095;904119292,506282932,1860533793,2007899883,392923237;0
=====2047621,1549174695;1169387088,998379656;2054268854,1285221838,1323774329,82428489,824509252;0
=====1564038410,1299307367;958742586,352205874;1270084010,1842845853,1339836008,674538960,1927610226;0
=====1241777080,657235281;2103846005,334342292;1095407103,1898023132,727094576,1354813741,1281547738;1
+++++1316813903,920052451;628471286,797316551
=====1355017586,900995744;145018471,1546371055;1095783645,853926564,1813922487,1712215470,2143774080;0
=====1111210581,884800807;1715462000,1393940106;1139656045,1892525948,2059396277,37798205,265816903;0
=====1948818842,255292210;618677435,1440278696;318241803,142748327,947724694,675140098,2098816398;1
++++211329904,1111106055;383078998,20789599
+++++2095724300,1345619674;128065403,34649054
=====1574346135,1593930272;1278368692,1661602962;379524315,854156146,1749581161,1046808684,660825315;0
=====47216654,1690216169;849045816,275569219;1970009420,1227666934,772790463,1594900951,1661263550;1
+++++1704531970,679084492;100007799,581740188
=====81970117,232047217;341645267,594709641;460755029,168428823,1868965057,293768391,794169585;0
=====856139171,805371821;986105705,1233870772;1039727941,44731381,1228270253,1150120163,533672474;1
+++++1583732349,614130535;195810664,759581046
=====1269590840,803204337;674746333,293700860;612573061,112504010,1039088221,1994961096,15067543;0
=====1396458219,2112322181;1313299135,182137196;48416667,999495131,972073553,1171020751,2049774273;1
+++++1467119797,1122256319;76751299,937014562
=====424310805,256593029;719931146,2061105774;1544721347,1383512821,1382633239,1695934820,443354618;0
=====290553424,1135059458;1070477901,1857457248;745599937,982358737,949618390,1592197831,1928277854;0
=====317817872,1299025834;1206535506,1734456672;989416588,1593915429,695445155,726749151,282479015;1
++++1449776496,188771095;1665961786,57860629
+++++540637551,996189870;1266047,2022613020
=====623875183,1391888208;369485528,281970865;654666331,1542617332,1263772542,1337513914,1676637596;0
=====928264288,432001974;404884534,829199338;1332562166,844826222,1797343830,563351330,1165749947;0
=====1078151858,520905191;413088092,289763040;899674282,1980888468,837273524,1519279149,482767842;1
+++++142787622,134128179;295025750,1462542140
=====1453460363,645453977;70201011,1110427590;1060546858,75585078,1400645861,1809110638,1714222012;0
=====845886690,893477004;174506885,112751114;2134371661,2146917616,1772119299,1812361823,2110402709;0
=====1517257004,1019098005;1329993752,2060607884;883648103,97924690,35447139,1352819584,187938948;0
=====755297199,1691016369;1172999769,1894083489;1204359581,760266635,1574147056,1035216890,1378967522;1
+++869502051,57746704;2141028376,1241684239
++++1763075926,1424745906;710852629,1484133033
+++++1929138391,437949574;1014595661,623927890
=====304722780,81789360;1023502364,251802496;588856966,783325420,2123902772,1807982755,849749556;0
=====41274938,618755054;82005682,2053716397;357426252,382399253,639614235,1115109353,1491144749;0
=====198788115,1682949805;1100338,468411793;795448977,1130279138,1668536012,153761674,1092646913;1
+++++1233952159,2016637979;263164723,1252937671
=====1335806691,64604871;123288352,1276158967;495352230,1568374469,1060232017,1641012815,581862357;0
=====43076514,1074997491;167726112,824215343;1749128614,1382088716,366866461,1048568666,1084743184;0
=====382797823,1969478431;1545731700,1052327929;674997922,900802991,1257415838,202845329,1964179902;1
++++2076730373,239043840;1733096591,794451840
+++++783449171,2091822506;1783375018,1546515429
=====29144993,1299046418;613188800,1893371739;648945650,1712156796,454433061,1622746541,201348046;0
=====902338642,1753135026;283521329,192798747;1691131570,32265022,483415778,1527285744,1316610197;0
=====332912420,27438123;874396028,47386472;132021496,1582913488,1785895700,1913308532,2033488948;0
=====1238529159,306406381;131961651,1084220546;591874328,1416157048,2020912319,1313184404,1863589317;1
+++++12404189,1314249877;921726759,118643249
=====1226073264,1374601126;291673402,212296501;745306364,2146700731,1164038757,1529562128,87769252;0
=====172538573,1819976938;1448318107,1433883828;2140516792,367848346,1295971778,992948165,1842753892;0
=====1440456083,1847053241;1702246498,1994925714;109241970,9986935,1113929238,1905987222,1380184767;1
++++1535681176,678371281;1590209868,1960282986
+++++824821589,1804917229;402300011,1855924408
=====1594719133,1306890872;209931235,1271093121;624125861,1700802351,295817315,430135888,117475730;0
=====1101018310,947197655;1912296241,1935732544;1019111201,2111935968,1919086156,101323826,1297698948;0
=====2047166551,760591304;206735609,1923076436;922631495,685566675,1752329059,542686032,213881284;1
+++++1119021025,1165038429;582177983,407306683
=====954991716,619677259;342344212,1241712280;60040764,1802853833,1350190165,1998562935,450949786;0
=====490508779,931530454;1080637957,1727435632;618500882,66935635,1840055504,608285893,1938221522;0
=====527253825,1090965972;433813227,620985676;1649181425,2032688009,1385302398,1662716964,2073622889;1
+++++968365796,600280140;2135621206,347170830
=====1294012789,1153415876;4473977,1594272824;893361715,922443540,434189785,632864078,964851134;0
=====899876307,593111297;45460760,1308445023;1394024721,1134096237,858555136,991212387,329817073;1
+++++379158945,1252422140;1361663841,1361922723
=====986240709,330712894;1617664825,1805818171;1173786949,756370815,224381785,502631533,837349777;0
=====1605572945,917457276;1910576061,668715100;1568230017,1991546626,2124236746,1596693033,1507552949;1
++++1409663830,124960109;742956213,1066300524
+++++893748505,1823542564;1395755982,1770140656
=====753360711,1072925831;1864727269,1650536356;1143347270,267523429,1843004006,453148440,1012068499;0
=====218588736,1152169614;930874397,515304960;1962930512,439326684,212867516,550546696,2146199338;1
+++++1772494588,1163444150;736439687,645880245
=====1687390898,1233787692;773834719,145298086;1373889789,178281825,264151293,949723237,1563723966;0
=====1425267427,1559316193;719626944,856692843;2082891740,1776426345,1291928960,465168724,1057414690;0
=====1241028739,397052854;86049898,132309666;302128174,609557641,698714012,1146712797,194505273;1
+++++1290751983,316832247;1480914327,39414155
=====1069195595,426822180;1630905770,200456835;422729916,724468231,1002389360,541958521,449152135;0
=====783445905,1778820099;196091679,2107105079;1988764623,1215553767,1219307223,344784436,333162509;1
+++1978405756,215073882;1465028704,1823802544
++++262235595,1061113957;1889978418,753123651
+++++1628340644,1288421626;674404275,1716144689
=====824953788,120316499;1315190761,1787019793;1629459270,472484422,27403296,1471963596,1961078209;0
=====579039076,1291418008;362679922,1334571926;176332890,1059839091,2039060020,1104245222,1737276402;0
=====436710742,666983774;509461266,1154752201;1489643748,625280985,1132584515,1226901248,697977960;1
+++++1465408857,1019171270;815007070,880816723
=====818358066,42623054;284767883,898063746;903426162,1253812449,765939045,1923311113,832797881;0
=====156887346,1414125626;837381783,1677944854;765853815,92276771,320474136,1268279214,366551041;0
=====1690418215,649228574;2088924674,1446181123;543159736,1000194005,883999582,1323229294,565812580;1
++++1229075270,390144130;830106329,833218319
+++++301208618,9894187;767464216,1972910630
=====1580686940,797081431;802906710,795478805;1321831223,1900412074,991316787,832947495,906435807;0
=====678446504,958598911;1577313993,499870398;1914474787,544024843,1578575719,1887107667,1194367241;0
=====1794648147,551368047;587974372,237350517;1164814521,1276122321,1235090239,16541339,390828198;1
+++++1405412213,1704601248;136284342,475765863
=====1469563109,623854126;491399414,311010125;380037756,1155690448,2079204516,1135368185,1475485817;0
=====343643086,375617864;1624648448,865967009;455406070,1999568968,440759736,281396389,1547762090;0
=====1921210497,1775173403;2112854955,1525414026;45807909,1160060602,1473101653,579250411,187123091;1
+++++174471789,1865835025;461057666,1885196455
=====346359146,1273046455;562267892,2073533607;1136972176,2054285561,706385606,253651480,1046157161;0
=====476970373,1449276254;818290452,2081012643;1433215632,1502159992,24322886,1740834820,1074778887;1
++++803996796,1465674185;2120208812,1862802978
+++++242885710,1211561063;2107853590,302024428
=====2029005811,1329018448;25373694,475982226;1864019655,979205441,89492493,673242258,558542935;0
=====161857160,756492566;1194252111,1211630137;141900766,1417864867,1202135902,2140378660,1366480354;1
+++++445714777,1648706017;389245683,761393639
=====1690829479,794891722;1057532493,115762038;1734097445,1940356310,1788221445,2082580051,2091486577;0
=====23861491,1619051299;604713983,481103033;9842185,1226259173,168580375,444785131,2138714680;0
=====174684474,918426970;907681999,1720779910;728954911,1032662557,626792409,1403465856,1909569159;1
+++++1874055340,1414684753;1676962366,996072955
=====650551121,968302295;2054579972,1787455783;948141448,1389333068,1586743797,557742621,863098395;0
=====1792003803,2073737650;2119174047,1309233421;694092190,1497117064,1285457911,134154151,142488707;0
=====1952382733,1137151005;1025624099,646991303;857906324,1849468955,1657303779,1433324830,755723921;1
++690221184,1985985446;1885741512,507831270
+++854585258,303170660;1371747908,1158197276
++++1827385078,712320244;5309589,94256470
+++++949787526,1469509984;166434962,39907580
=====1004385733,708163257;1623439808,1440960253;1222621729,1953498500,38260370,830472340,813702313;0
=====2058069284,1444939047;1232350062,1881077835;256256812,1184457691,894142691,1688758439,962898745;1
+++++1199796894,227650552;1934649872,392873185
=====1559195094,447484762;1785140208,1446881785;1247223688,1594632670,1428305101,610408424,407063514;0
=====2068971410,1737001756;748195976,1505485272;666269240,474640235,989157999,1611114863,1631661862;1
++++1454803144,60688480;706613303,429994421
+++++1206191163,1085237027;630522773,353838815
=====1461316094,610586076;186244044,1103928236;552730356,496056832,824966909,1030919351,1914160756;0
=====1760000721,380253140;188122947,1913167385;107356709,1866827709,941052938,1238753839,1996111687;1
+++++2060077856,1101567741;1096510585,746778504
=====1388074636,2061864476;2063694559,17687213;967126419,1808584884,1552876065,860751521,1047394470;0
=====666679491,83866927;1200139901,1201056106;566006267,1111521625,1284959755,1939022802,762535130;1
+++590788148,371926468;1575698192,862984385
++++707607986,570242992;472075115,150588099
+++++1190113893,1131739963;1694926215,1438885119
=====704626185,889844857;1301029710,600193552;196013264,918782252,1345044253,720952934,42723023;0
=====240490917,857612806;163692845,673595584;236777329,500233620,330301657,538375766,959259553;1
+++++378144043,1215126550;1707980977,953527466
=====1178751999,214887485;1432066962,836697299;1409747625,1400318669,671894194,1647141841,263510224;0
=====1701342669,1154477171;1978078156,2099534346;1197026230,711878991,509901036,622767298,296076496;1
++++1306777105,1939371102;394019949,197422481
+++++828417816,1343421010;135540187,84674170
=====1008683336,665542954;1605667233,1064308396;663882603,2111150085,959375120,104321720,297065496;0
=====1247736876,2079031529;1978922302,1550476726;691912898,522449915,1299424544,1530808776,57405575;0
=====1669556774,1570315639;1149888537,827475404;289722556,54888455,2014274984,1227090265,279763928;1
+++++801344468,1100887671;2125877326,98334500
=====609980798,1897495498;1058131316,440938754;1244771882,811835427,2032675318,1838140951,1658834026;0
=====1512955718,2034576810;1420866762,1890523058;1140751315,2130824157,1794553848,1537938118,668648052;1
+++501884000,624145725;816270993,1113902752
++++416873775,175002262;418316733,1858369144
+++++1342124041,1534675872;2113279702,1347994446
=====1207736981,428623602;283586957,370825890;868827684,158801936,110893927,647699877,1392900261;0
=====355752486,1460161021;1593136735,1344172997;1102178677,1377642017,18801235,484799193,753064212;1
+++++292259155,1681798959;1527305555,557020392
=====1818304397,815481435;1769236011,1266004695;1317360438,226610699,2005004241,144291133,869317518;0
=====494912582,1268162865;1941246619,653629470;411669635,713324332,1650121393,719554199,1755732370;0
=====289453837,283753295;389536334,1140497187;360465882,1011032761,183912390,453764119,1040227680;1
+++++1799600991,998481758;1802943774,727931485
=====1845717383,1951270255;1606745531,86116650;422980418,1315333249,1804574541,667246903,1958918469;0
=====1522859459,1457234527;1094617005,1092432639;1062787798,1584380015,559969846,1296562229,1181942317;0
=====1986851988,1721756594;1267905016,1034395439;78270672,2078850493,1950657867,1046790291,1802767342;1
+++++507434231,601583872;661390662,2131730287
=====1499456127,1729653307;246660520,501738296;1145329631,1360835355,1672880367,1151865371,1453960161;0
=====1176972856,1997265954;1059928354,1476288488;715887761,1690417018,1405314113,874661294,393710491;0
=====552715215,275622868;214424854,1614283163;1357543376,989465519,1735278093,197700962,1469722407;1
++++1861959444,714284321;66612825,618090096
+++++1772423315,40776736;1724352733,1870829522
=====43902343,932894269;1411564437,952926223;100953839,1110368714,664348990,1379124530,664521891;0
=====1521819516,109675144;1774009744,1271211553;1208320837,642746051,1364002218,1676230864,1588135436;0
=====343519589,828027164;1094116169,1465951547;540094328,234626686,399674682,1905979226,552742534;1
+++++1100500259,1744697197;1491310997,1508694081
=====1255551063,1671246984;1263549158,1564776133;225807487,216016216,1557368687,1977955403,417427029;0
=====957070660,636098562;224704518,1165469307;1704279570,663646225,990744596,12354078,348853040;1
+++1702170059,550836950;1780063136,1654433023
++++2062950178,103300645;527000606,1290240196
+++++1293443785,60226728;1326707825,711990594
=====1351454871,126990533;1358641799,801739415;502709426,1074059464,1666347175,1869862291,23014089;0
=====1107245388,1040285635;716437215,1732256577;1789047075,1597573333,1729982151,1866964283,1427143760;0
=====718959238,162220178;748864255,1199648044;709985540,1929295057,1649474963,116756831,1051975636;0
=====1066990291,130380500;393762829,709902996;453854829,1716878900,703575952,1359424005,1098533573;1
+++++1246777332,1851644634;2074019080,1138838057
=====773720475,141275858;774606722,367373557;1889401008,1392496874,114642533,57076290,782672176;0
=====1882461250,2049296664;1248943023,1822214397;1109411464,149371626,1081431835,1141616057,893119649;0
=====174503385,164682767;2111772552,1075167826;145791308,1662993000,1946842946,1385035827,1932442316;0
=====1845176387,559443853;483396224,2017078154;695058960,241335985,371024387,552069887,2028041769;1
++++523575301,191487493;1577563629,1573844168
+++++920579066,567264992;1343309390,316173768
=====1407576238,126320113;530738399,1445352286;1425052488,561141982,1541543396,1396464186,202480264;0
=====350213461,993843798;107837940,126632007;389198370,1589055204,1232086669,935633806,93767350;1
+++++475482384,700209671;107951095,1317123494
=====1032052478,376078790;907957588,48432177;1832764269,1950853311,281810690,1083662295,105823359;0
=====964840410,946970035;837730546,1038493501;1428191300,2090931252,1641905126,81844045,710868931;1
++++377261245,1975326483;1497235727,640651420
+++++1467522706,1672549317;796428358,841407649
=====2135734052,1378140960;1932208900,407984494;1985135743,820226096,2057406933,993437914,1056288036;0
=====25240405,1666760820;2013574677,1898756140;214662491,824188315,1990021667,1779482269,768117971;0
=====114946840,1482866045;1217725136,1396639481;612005922,258055310,1719920490,238361107,1003299841;1
+++++1630457447,588846122;1817804646,24350814
=====413387832,286271325;33645410,64927058;757891830,645684577,698234604,208060079,1235690369;0
=====17625120,1834065388;1318026973,1324609555;886445680,1862717154,1233974958,1066181179,1817177028;1
+++++897567427,1237480212;1584533129,443349051
=====670203812,1992838350;1960951679,2014553158;1612073081,1223781253,280382688,1274783982,109265473;0
=====528950961,884016144;1918667836,1943518718;1140241679,171323970,102589140,333679836,753904369;0
=====208416140,319678209;147109273,134746912;1268034117,402474873,216962401,987438599,482661730;1
+++++473762289,1283034055;170148990,1761847639
=====306427828,1562162929;1157510145,425349054;530170418,1900146992,194569146,1342718869,77642757;0
=====1457973627,1654866943;1855595385,1130434646;1129182260,1611427620,1655619189,1846657329,2104453971;0
=====86408091,287931564;1417196892,1629829025;2062378070,1086408417,1701349603,658568215,89524987;1
++++397216602,918141980;1687199997,979696164
+++++1329195317,1703510190;1776908904,1301771262
=====1264917610,905341853;1020980878,696860305;847952513,412898160,2015397849,675669466,1516624575;0
=====1111227817,368342725;2089171207,1986344104;434007003,409827274,1650653275,540635292,1400545098;0
=====1788854661,842866569;2052883492,1092773473;221311255,1731294064,360452007,1324736434,589416517;0
=====1548509875,666740769;1739814454,947767564;1223196054,623830845,1487277357,1692894329,1293709693;1
+++++1430274338,1469438742;1968276972,1845796127
=====1331040683,1813075138;1000897124,1841471037;1761251305,1153045237,648539548,1112285760,106355856;0
=====845013187,1124561777;1443184629,1008814861;1956135331,2034387840,1053634513,315289163,75924267;0
=====1669580285,346587152;795223835,941983050;467805106,1180247656,978122866,1215557928,1601420948;1
+++++1888672932,2135066947;269923372,1494982072
=====551833037,1589783603;1264079520,2095589378;710396164,718470015,777548777,1901347835,932291919;0
=====798175565,1066386867;1570078428,31385204;1156151868,1288758656,844550831,673337146,760324246;0
=====1505829782,1916640187;1358215167,875915068;457033055,1783148715,1552987508,1909199518,259565844;0
=====1551549276,2035528367;1085316017,2097714517;666367509,1290398356,1596355417,138563692,721894271;1
+2799348,583222706;1185199675,307248036
++274540570,902681706;1597372524,612444021
+++1852581484,910810743;444668824,440175939
++++405338240,1005654286;383056255,1883294118
+++++959163754,1602724527;254219742,792598596
=====1426783651,870487274;1052350308,106650580;1132600433,1781155581,109795729,2119363864,913118050;0
=====200297008,1583939035;1777917665,1099692668;67085952,140929821,1562572530,423429154,37172676;1
+++++494227397,1657591181;1578309044,1095312631
=====873292856,1066801041;1338050471,1536198578;348173702,190300478,1443262476,1230580356,1871762662;0
=====326910289,1196878910;1751861416,938235163;1388660597,1905543168,1747444190,1455853944,1535354774;1
+++++855458748,2104829731;99301113,1577741990
=====246000681,532537319;1147501215,461491355;1557375192,1025665166,612346235,2077907790,217466620;0
=====1326415192,1907791904;545832342,693890032;364196920,1606687530,1040655576,1917317514,2041796763;0
=====1451006970,2058016029;558114814,1082401892;170803981,51835293,288701734,1555294933,1710229432;1
+++++210839767,1260533221;590347229,634704725
=====239450386,577090175;77465891,573984089;2116108722,1668336549,1953558770,423543991,1661258336;0
=====1477732570,1876096300;1590580726,794371646;1990331856,1747457906,1309861696,1679960127,1220161899;0
=====675356191,543005372;305355107,456383410;465145876,278772123,1484245358,345406734,546478764;1
++++192595067,1349176755;120188868,882758457
+++++395574072,1168890452;804568121,403685117
=====441337913,1672907393;999664323,546618611;564381091,1821330071,2034388213,1736602352,1887559896;0
=====331482246,1659444898;1266106515,310852688;938304027,1862349683,1860060673,1638289872,1205611441;0
=====2138374475,1423609568;1604911899,364137023;2011849872,1416516704,1858534394,128535296,952412771;1
+++++1275478729,1697284433;1908358416,1374667952
=====677850937,2116633888;1386463046,1797603984;72254961,1055306864,264063009,1869975123,1067653376;0
=====885701220,1370548526;2029709846,330334460;2083717524,1676717354,1064473577,1417860098,542359785;1
+++++306180504,566939999;2107342090,1082047166
=====678406496,241521095;1973197893,1812772373;775938394,1151814937,1533686229,845179531,1932198313;0
=====1042965581,359345427;2116733820,1885643366;2074997624,2054693717,977038588,614701418,2032892892;1
++++1775344075,1196725085;140165512,1478078209
+++++1181353804,521158150;612075468,117482540
=====10974562,83398050;966796089,1339991247;987253480,1541176401,83379378,1559488452,1793237150;0
=====282673909,1014892504;904114965,1580871128;888226473,1773887895,704597642,761791779,1264315131;1
+++++217137221,1377021937;1097892212,170747403
=====944189288,1549813388;815953352,1947168506;1092051466,1145138312,56597309,751921707,1821086371;0
=====1213103991,233505103;375428348,996720482;1781810649,1151860067,623824233,1411406721,802176272;1
+++++1797426611,622801715;1460888,1411828294
=====171900023,271373145;648906210,997437363;2123758123,2060065443,1822610232,727083901,667787921;0
=====1995155598,462431342;983516777,766204382;341907530,398298150,1600589183,974908839,2073361860;0
=====520756625,1953608473;1245136161,1340696316;1681447158,1134998648,170739744,681167957,1260175773;1
+++1966832673,853626391;181921540,1965575995
++++316198253,1098667788;1118628467,1196471214
+++++1892818550,1296545346;878313625,454337114
=====1897647037,1305708584;1012094593,1184595018;1678988839,1832740647,316211092,978065400,48424362;0
=====1510326859,1667397083;543312891,1468445562;1813852622,1051292256,353257676,210759309,1069265122;0
=====2113699235,352525948;1363623396,1490889513;1819454512,153898916,1908260530,1973201387,1080072424;0
=====405143091,1101017768;1521046014,2029081714;1888329519,374604427,888284135,516648611,1980169567;1
+++++448295088,1748067131;102078271,2026173948
=====174431107,1248251644;1051737733,1982441293;915173670,998419961,264614815,2063006268,1906890832;0
=====1277375343,1697323178;1619732754,594939952;1459087582,1911000452,1403163315,687620531,1294191402;1
+++++951528996,206899200;230329550,911463118
=====1040372647,1803411329;354120766,1068592856;772773626,1624401302,1693764194,1869872389,1948684665;0
=====41697525,1958926295;546143819,1047315592;1158156047,128313888,78462027,923603382,318600789;0
=====709958232,646682490;1149778441,825669254;2137720411,1625705621,309807245,1873053051,547477111;1
+++++431374384,2011363272;1328216706,2048249071
=====170044544,2121573854;1184657216,681525477;469853108,1690816693,33462325,1116191087,343938167;0
=====990234448,1731119048;2131532119,1479270225;307474665,898029825,510616378,981066360,2007529824;0
=====744528745,530950370;85337671,1620595507;1415735892,2111153609,21202232,1261975979,111098802;1
++++30698465,1147691189;240184811,1635223588
+++++454315558,1299918162;657743181,1436040265
=====382078179,394757361;1752410574,6804730;332520456,1519819740,1312059827,1768848584,106689611;0
=====1304235419,2005693703;1455525391,1996272954;336814717,1081509407,625112734,672287907,1281397545;1
+++++523833898,188443009;1908494334,1670820848
=====129559477,2076346049;356329960,599752911;669753745,897763894,320912028,967255104,1421766868;0
=====1636764383,471890485;1982116595,142976962;1907273915,1282060970,1754864682,61802951,1680739407;1
++++1246222257,1071252982;1341376720,1114885759
+++++1553777748,643207939;960946431,1702937445
=====445147193,1980878797;242037052,1111429209;128921631,956297849,1519292908,877046672,1449288154;0
=====655268008,354302914;1088409923,107037669;269685601,1600442526,406911279,1684055585,1746454191;0
=====820154680,1860337673;260318022,1965152845;649587671,390284227,2054293021,481702706,601908840;0
=====1820865381,80343550;1479777827,752846204;886610693,483223277,4837245,1524832782,1616962019;1
+++++927334708,2089464450;2118116703,1941223453
=====1457014376,536702152;1492053905,541423574;2022315115,1238147140,637880768,429684019,1684155174;0
=====410037166,45841862;1433388831,1323289226;51219353,146885251,716582214,1395686690,2014244374;0
=====366377098,285119071;2110485523,1419634304;1656883862,771967287,2107171563,1929644815,572829356;1
+++++2016897770,161359362;173206943,1227921925
=====2084605469,196032285;1767172567,1372453120;581066847,1036790771,1351155255,695040318,1038777893;0
=====973441757,1783423425;362921358,1046765435;1622868172,1366181456,1518237443,1165859852,1084520291;0
=====288048641,1971793452;1234607556,1876924805;467553085,1444063948,33554236,1385953584,26784227;0
=====1449538706,1195582785;611268299,319744346;1364459208,1231857890,1277618391,409291591,561790651;1
++728770737,1816368837;1072360630,957644205
+++1828022385,1997553146;1481546832,2119880083
++++151128169,167823163;466737358,103073426
+++++148824238,1493097764;77767429,1908026464
=====1967742553,1032456363;1960889794,1029288095;1102250099,1369351943,1644318921,28752387,1680189115;0
=====1485500570,1402861041;1389167161,880145910;391898690,181401556,1023648155,1491450967,82946505;1
+++++490482184,1538131856;1231858927,1242136875
=====670442650,1607296638;1891785312,1196791949;1620124322,1784991462,847398371,421510685,1233775091;0
=====483095057,30802960;532694650,920327225;1207549705,137282004,68582089,434335779,1298098331;1
+++++658363821,583562375;1750215243,1830441369
=====1005307975,1823541737;700395921,1236176136;314162171,1061004838,385853352,797207602,1098964428;0
=====1401660817,579825266;469779534,361428913;526823627,992072357,402259049,1185314864,451567635;0
=====875006051,286585577;1434586012,1912526919;920775757,1483825388,1300970052,619163281,1967152923;1
++++1656224810,1962144768;445603165,1383480874
+++++578047424,762900450;1491954184,1787075107
=====953045338,687675188;594556250,1197160892;150351969,811996502,116801158,1222076813,1205817405;0
=====1438273860,95507157;1290168659,403112412;1668363945,179960381,1748529577,2103007317,259850515;0
=====307758910,809368135;922181575,635995111;2092169697,2095390106,1191686164,1976882742,810892676;1
+++++411223863,1277817863;63496391,1027926509
=====2082538025,1720585839;539899738,237950050;1380247495,1351806426,1942006770,1355258845,2045172681;0
=====1359092508,433742428;32865973,531415217;1523599007,141411365,52740467,908422688,1176959450;0
=====715061543,304203178;265549525,1783867009;1309401318,1407006847,1354808591,612862643,366494575;1
+++++2105724531,1861148416;2088747674,963290222
=====864783770,1128827844;968287877,1203948066;866245427,1225324521,2116780969,1966786978,770743659;0
=====610116254,843540677;1693975714,1845588448;1426646856,472634777,1722313346,1745906719,1421176437;1
+++1423757629,73036228;739175542,1100981411
++++106710191,842554010;625687628,1990247711
+++++997609004,1697292991;273800962,1192896903
=====766294068,1293675087;1339995011,736597904;677950886,1061586285,1417869860,373997271,1270768864;0
=====693362200,572238143;663892484,1001025085;1867258206,622665688,737784423,1304632994,412622479;1
+++++1491983226,801293903;1132144147,2083167327
=====319856971,1548769863;1887360594,1482302997;1768120414,155238592,87059694,63903594,575535137;0
=====1107768419,1450423104;948496888,456950635;1594493608,93953384,258125908,2022597574,196401625;1
+++++1956444255,1704418152;1379171455,2112383734
=====1111030995,31449668;1334796827,1020497239;850268850,2718390,198892933,1454784555,18413533;0
=====1139259625,1705391447;2076795990,1337278223;1981568152,945534644,1583944571,206199668,2139345876;0
=====1079447256,1901570646;227019963,1559185095;614104488,2181642,719141983,780974850,987912571;0
=====428660287,1029239531;33064033,51382657;1626260179,1769572840,1267106241,1380537975,1169685948;1
++++1867786036,1115036723;221572269,1639522087
+++++1294437273,547482716;1185646081,5706815
=====345926449,1781354706;271278585,1899920124;1780041406,1982688889,2050004768,1701234080,210779999;0
=====821686828,1388755504;1935052617,129233400;1165226127,608316226,1592890489,1103541943,1954163253;1
+++++1230051161,33691479;569001446,1494634267
=====1950496257,820842376;1640575400,1246364794;1416740894,1141649014,257233902,614184609,612983490;0
=====445247476,1271341359;1872793904,1025526990;201384879,1438674641,2093571788,1024369184,380566256;0
=====815289598,166130622;1586585198,1532679036;714748052,764481296,2035856510,156047802,2034756790;0
=====1023332707,102738223;1218315741,599590202;1150344236,1485239547,1511856449,38204165,1248214602;1
+++++280594140,1279005351;68818148,1995099161
=====67905825,1795921684;1160961741,1533173793;121431545,2000266860,769057291,70153214,632044942;0
=====650128689,1590451901;982373324,296020132;1676756705,2031314425,646796097,2144889114,1028967122;0
=====1784294496,1036009445;1092570521,472475179;2114300281,737703803,1564613694,1199901986,1609652843;1
++++1422757799,771516762;1103739566,1850438586
+++++1194401435,2016312084;34841332,513063241
=====1867140190,369088817;1071186464,1087123637;1830992782,1526443098,1235973312,1706206315,654686652;0
=====1721523450,1756562613;1531544441,399509564;838041908,896406767,1916122616,2020207833,416437583;0
=====186602662,153316057;941451047,1163926849;1600322318,2113753509,1754332886,35584740,32048710;0
=====807402174,1031926085;151306982,668391403;655029856,2076192816,747981739,1587717321,1434534622;1
+++++518291098,807913788;607534653,1290969529
=====1264307257,463938099;1495816911,1542557151;1277550554,595490166,1616226523,1460768673,788511913;0
=====531751527,2059744000;1179714355,2007435232;487927608,1859093671,801888950,452052667,396123801;1
+++++893700792,1780217944;779850794,101459020
=====1216147420,359338101;439131509,991277886;1517423407,404006287,1784469927,468370416,2050468539;0
=====1083554697,2011414279;1206679451,1111852297;238559796,1203887827,933257690,1399396930,520069109;1
+++++194602089,1341356825;510531586,1795192174
=====571454270,552074527;104506616,1582858426;485149947,1794391894,1245296336,1957156961,1720338488;0
=====435549587,1989188060;86244667,926605993;1221787164,1430713423,237666172,501266317,27278653;1
+++661097757,58618713;119792005,755711953
++++649329413,2102781539;1149776200,386226457
+++++434822040,2072746018;366485299,359404241
=====519773953,1630282295;677001078,1420659526;1309879672,922184704,81352624,1713733623,851041412;0
=====612286189,1866552453;41625167,951085755;1398534182,470218904,533154652,173972070,604421588;0
=====1568716942,1699721362;317336457,2126078720;1773365192,495696779,237714133,1415087523,759064565;0
=====808198458,2080859146;1192654085,2015609233;1739307374,53102148,1481831178,922906690,573984331;1
+++++944200118,885747036;1587076341,1618824034
=====185920217,1737458611;465989794,2021468638;1179608305,26228491,1715476023,1059801945,526116243;0
=====2131272703,407946524;1682034117,751179106;1407854608,840240554,263172156,1507916382,689245790;0
=====997947711,819288405;1811879816,124635822;467917562,895308536,1147437282,676385104,831682346;1
+++++1619201582,2010423422;1581788579,2146314357
=====1640205030,1258783210;1449871313,1408332731;1260377845,161216891,1923904758,240269769,1430000404;0
=====1617889722,1191609100;371491910,1251415018;1265240572,2095590670,2106658167,367881077,1149505549;1
++++468062140,297401797;183950347,1523287307
+++++1528858871,1948277507;1304008527,1830454341
=====608923317,1904151615;990052742,961771120;406936668,1013587995,434617139,898231022,1292012820;0
=====322605944,2061894939;197991989,1542195166;2089445577,46045815,1902290549,25925591,895811278;0
=====1698761866,1513846009;1538944446,845118669;1995212971,1128556932,1708691964,1031506298,1908546453;1
+++++1274542682,501122083;277178957,1518160054
=====1153679247,455013132;793991707,1054472423;231672568,1995668430,1505496350,1930240028,1045237349;0
=====1209234969,410941303;354556580,924971526;1019021370,1134529335,2091980160,1286630673,2030051755;0
=====1056993955,1139915474;1038692575,947360307;1244317653,1297435582,202359510,233494323,1984223393;1
++++157121890,377295428;824289414,1861699520
+++++1037084936,980566783;1874800632,766526367
=====989070694,463178374;402235609,470736761;1537284430,372047301,110095486,1089589907,295733152;0
=====617250293,1388892013;445101905,1541257705;1416251141,1331353744,2139003236,1164692896,159772468;0
=====1929362057,1797230175;69448938,1112545125;379645628,558316075,1276881335,544510195,434567750;0
=====1263097450,1791296202;665311948,456290359;592149440,1459903794,1757885417,733624611,1270982114;1
+++++316482545,1990060976;685457694,1665975369
=====1708790234,384969435;1456584468,806578189;2090900,260066232,1026843887,1103846303,1440176064;0
=====659042574,1086501850;1257488515,871490838;29860511,1611919562,1148665439,556849933,1351937129;0
=====2000596466,140543599;950981207,1016617902;20147851,1695391132,662544107,1490110773,1936901078;1
+++++942582746,1437920138;1249029004,1141472408
=====451992123,321658047;1710982769,2037668983;1748030148,1937595648,365868397,1179267586,2127366495;0
=====412344184,301718512;1069611901,32734591;477033597,1438023101,137368782,2045585379,1474836322;0
=====933334650,879934912;91801983,1702103076;1827294996,761207119,1080549848,269622196,1818300713;0
=====1318830752,1931845657;149915190,1218864011;1979953424,1350013421,935966490,1935763983,1973341509;1
++977808535,80560929;1808564254,1738650206
+++1789555690,31666288;1400617359,1821006203
++++1358477132,1117890344;469033076,771721799
+++++695768551,329298228;1142047634,365827603
=====330015943,630725509;678306067,194643146;634278360,999411223,904487379,1754398464,664763721;0
=====1206363487,1997144352;1922373025,1525139135;792708220,1930410685,104242806,743234531,981032974;0
=====1548775808,1510020070;905515360,1626919470;703974694,2079872574,480012762,1799309072,221890592;1
+++++1443613640,659621511;343380381,1564187492
=====1208975567,1413952015;638700840,1542633695;1877931445,116265409,417920972,271220434,1092450126;0
=====552237563,1222683316;1566628174,2122489159;528191807,103748138,2052013694,564935605,1382539603;0
=====1064024788,773767487;1406629525,25013133;759163156,1581100101,267860100,1676202090,1583553034;0
=====844526760,1607736624;1082131750,244364302;2124400670,577061256,205567099,958582277,1194785985;1
+++++1001851777,1516556081;229534759,1151669760
=====182591989,646989132;2105083348,468060562;1924648420,1528526885,102517198,1162168993,1470752269;0
=====1889641821,1915164162;958414634,993912170;356182780,751190800,1014636934,45162531,1825457436;1
++++68929410,1784611081;1391229778,2105131868
+++++2067419551,607895904;707382799,2060292070
=====926278227,296442536;538154604,800976613;694909119,955261411,1520476519,1813419774,1090430865;0
=====1531598165,546713683;836139002,1978156085;1541763216,582300476,1380449481,270417433,533273351;0
=====1175727605,233941804;1673128490,1490397471;286967836,132470879,380458173,1287577237,1441521247;1
+++++1171945208,1974733139;798896548,2059956825
=====787659194,1768561819;799374163,1276573647;140684924,1554334593,474385795,922498407,56437410;0
=====952376397,1677781003;946370413,1852980737;311306139,368316131,171693998,627710988,453090297;1
+++++337571751,2108097545;74927263,1345349610
=====1027010000,920841450;408869680,1498253219;2142077777,30183266,69487416,1079433797,1115386270;0
=====326220859,1818658298;2033238212,1066490184;80163231,1339699561,1798029363,1316100317,1898614040;0
=====1402374317,891394509;1325035778,2070961623;106151925,1383764174,1339855565,1820549041,1357247930;1
+++++1970679971,272876768;903558716,647418400
=====1521467611,1210349;314630228,957881252;1104647103,782787678,1894794984,369647457,642730214;0
=====1539838847,1398640517;290601085,1594918536;1249257434,1406050313,326199577,828615492,1532312529;0
=====1755706241,523932728;314235485,450821961;153139849,1078341730,1697634658,621769072,1280443271;0
=====785709840,1679267198;673650566,1152897830;8043240,17828225,1914296898,222733370,719875215;1
++++1831119975,781721250;1038493597,308292947
+++++126086698,155644933;111933272,1777653551
=====667219070,1736330247;955872896,1122779882;323864714,1919311766,856030034,1291728990,1427357266;0
=====818736385,744739209;1226395396,1013858048;2041938291,247063137,705063476,1688823192,793217898;0
=====56724895,328682024;125037283,809963593;2035756050,882615934,821823775,1766901028,316885792;0
=====2104998271,1959403264;1199148023,42703574;265337517,366062064,1593226670,35841538,305318144;1
+++++936710417,1468279565;273518977,659857316
=====536428191,2116814059;672180408,1445900291;1899361311,386738767,1518855994,665120885,1595229626;0
=====117096519,190864701;1871481548,524817429;1374211258,1320349222,1133335365,62596575,1879662257;1
+++97713221,2145239459;2142011415,1865839945
++++248143817,543198824;834417952,801540289
+++++698476510,1683598735;405731405,1096476601
=====1221798797,999423446;664460689,517962653;471413480,255744575,32050148,503450330,1589501473;0
=====2091602466,664638023;1012986168,1732948327;221204409,2002614673,1018559849,1957204109,1266767115;1
+++++1179045450,244281917;1954011732,494654097
=====1215517133,2052752197;785538900,420543443;735001321,169074360,1040797828,455030506,926172807;0
=====1005665324,1527665281;341498973,1939283029;1006971290,1657794966,1588609574,1687659714,845464907;0
=====1941660821,1972481600;1802355660,727534966;1021664453,501107885,1368536902,700258780,1813779074;0
=====1735848859,951859143;462551451,2051786692;433531595,215979877,2092451367,225771545,1810813973;1
+++++1069664256,608764047;1137380765,1606533825
=====290581057,805001097;719135495,1447485992;1962309435,169205139,1388190019,1921557659,1173684308;0
=====2002925742,1982047736;628705135,1447182828;322832673,1100882024,421322052,364539938,1428989307;1
++++554013032,666918916;1662037834,280302800
+++++276690208,409123476;144469684,541076613
=====1106529107,1753666643;498162496,653791615;1850689233,1924981381,1574237979,585841828,1162941416;0
=====1007146877,477482561;1353249647,194930147;1549019860,1353266270,1344837213,1449562473,1594167715;1
+++++1445093471,1495979590;1718001404,1318381619
=====1484979671,206672544;1388168890,554720134;1235624910,520449889,1743607313,823069614,710542205;0
=====370507812,486263470;1898514127,70435656;3114108,880419284,1593635658,1797599896,904708037;0
=====390412350,1197456044;2051418895,1120612807;444798837,567078669,297645754,1625824381,50429675;1
+++++522012531,62347945;339875171,1681609908
=====1042860573,1897301124;653863560,1780377341;1821969986,871475873,943480066,214499585,731450171;0
=====1746605552,483876498;1830712265,597410144;2076851335,865817291,2017731024,1394552420,1476878751;1
++++1439599619,1930069712;1049848034,792282145
+++++56146529,127830721;725574336,904038601
=====820342601,603470719;1130461742,1285229515;1450871725,2106400807,417630042,1581086281,1573531436;0
=====689622446,639194274;723739663,1834518380;295966363,519313956,1820874549,118187888,146934367;0
=====176144557,907698152;542316070,1486776153;1223008469,1164295153,423325845,1902317298,1766426778;1
+++++921032956,96417463;1008227563,704739408
=====294343261,1461819023;128049109,1143142855;579978479,871592832,1396634967,104195985,126988999;0
=====179689215,1056784592;761143644,1745531953;1193855670,2005901001,730455660,2133576180,2030597452;1
+++454266014,1908325097;1856415219,242441353
++++1281371064,1172533273;2084562761,484466323
+++++647427577,1795611612;1131879215,1563222364
=====238820892,368838510;998772941,2077706564;164276384,480400834,168283003,2087265009,1644223582;0
=====2018934764,2101767503;1474165813,213873218;1554680898,323229849,852841955,1316239458,1224752369;1
+++++839874560,2114436214;714470071,1805996006
=====227507647,115725327;946967127,297983221;69046972,2058375852,1329851615,260607737,278092202;0
=====875335511,700239204;1683633234,585781024;412681590,320642809,1738594175,363528668,2112263031;1
++++1646934573,525548499;1082413079,606481104
+++++1738462527,745568017;632698865,1091521949
=====1404862545,1466501446;918797685,491592412;132903534,402022165,1236274541,333893863,1723885516;0
=====310299414,233813101;1723623392,963309686;1171147346,2135748286,1695100067,1337164640,634695319;1
+++++291389972,83845034;1024988711,953971579
=====1311845114,1702587311;234828067,989991360;948327781,905425867,791629823,1265969544,1612280753;0
=====188381020,1499121400;527675944,1317458778;331051998,220241343,833692444,115209106,1329259298;0
=====1733079873,1573625856;628718138,413692202;336120825,1059200595,1768071687,900699321,939562844;0
=====1135769081,377904845;618449221,1554308492;219228586,1442573978,843277144,1439577684,859662623;1
+++++347876343,298069548;1200415196,354715512
=====1169051474,136943099;554275093,546116741;1922007265,1454570322,751775390,216770469,1834178926;0
=====1440599011,1088782018;354738225,1503975902;1553100640,1454104401,788785134,663923811,1900643801;0
=====1471521792,1211469468;460351738,918481172;347018191,1878311724,1954261687,203708314,1351986785;1
++++1056872534,1537400763;1685718329,357567225
+++++218904786,488199633;1148399190,1671665763
=====31210658,377174530;1454983163,1056810803;1427830237,1869680732,999166872,1263416488,289317389;0
=====166437765,1549211018;398878499,1531366716;1059162759,1260849771,2072842810,1654237241,16802745;1
+++++1551311418,1083169874;523535442,595277345
=====1741270120,68074123;489706173,478682573;959763556,350978656,1311726467,2147087043,752159267;0
=====105630174,557489695;1148123095,820994426;1159028917,868661847,1004895257,355228719,785867522;0
=====966011653,683319154;1218842251,1894325579;1769158533,1368410,1851196910,416058399,1637247458;0
=====436906021,126053840;1541402431,1472298012;941196170,442734351,1791544654,83486717,843378988;1
