5;2;11
+1486302509,2062092479;1495244201,1257600787
++967081109,341000349;103882387,1065902799
==873191345,69250522;1373312750,1756787152;1316233516,102792728,2121900287,332517120,400471906;0
==1193434078,249607497;1438726891,2012415453;357016089,1762495215,2068360893,636397268,634242208;0
==1759200262,1721132032;1846128806,1630935592;1042040371,1501436029,1126410235,1233715690,285008376;0
==982008969,1890680312;311575173,1999073777;1629310796,480430247,1829772117,640121235,1198303997;0
==2087763904,1173682178;1110001290,1200339102;1118158138,2010540153,1542037008,1128566973,1141712550;0
==399461508,859548595;2014729556,1182513326;730060105,1885526818,176913770,557315282,1292556903;0
==532536839,2115626660;2027139561,1238540948;493509336,1421949607,1148258412,542693629,991603202;1
++2041926378,627555125;1487203599,1418051432
==1276355535,1969894616;1347348561,897292684;1413896527,490650590,1845467567,1683114030,1154646943;0
==1291139197,516458884;1591673740,1696581217;930740324,859876186,1434985025,326822467,850968942;0
==630064563,1245912595;1249733121,1888587178;1468825998,343337951,618045862,692916581,1647667790;0
==182583402,2127716675;1526289310,739385108;123886700,1376495853,1379632873,76024825,1555249533;0
==1193656306,840898623;2133576827,2133658868;1278555886,721701249,1102197139,176091076,37248550;0
==481720419,1107886673;456785667,1523959558;1119020591,1148836229,1083767211,1402270960,1434620872;1
++367787,449555523;1629847029,154225678
==1872468390,1337597016;282854362,2141204122;366016423,792914340,265673466,210292164,1973132320;0
==1806273781,2008705167;522777571,131770857;1730452331,478717374,1338189824,524877279,1582330244;0
==1926372002,306564841;858812498,142620102;2024386444,1555957452,1311344806,809935881,1907751892;0
==864824282,874128099;950275764,1729006427;168169051,323806086,1151436896,1430419199,1548706280;0
==234394419,640648067;1371885264,1923695919;1358398930,2113311505,1158242798,1329340180,1958654867;0
==1789942317,511244193;1845714587,2080345170;1975712961,1353238663,1057322412,636667536,79255797;0
==1152756828,758629507;936269352,753016833;2058120427,731496092,1170447268,533770944,261595059;1
++755876471,943182493;244114276,420255385
==924560658,328645288;237909148,1101779753;606468275,1910732474,285888807,289995621,522486868;0
==654564001,81312565;1697550591,543124946;109268562,517964641,1796079795,584478014,398608005;0
==1398382758,1550991673;1272924298,103338321;609038561,173985732,1555806731,783012598,1730574331;0
==328126269,324108462;2048657419,1343808812;1091124978,2044422245,417744367,166883366,1269447198;0
==854437935,1132996897;1121778571,525071695;588245016,1360718688,589495829,1242104170,1426813062;0
==1671611742,963816039;1053851693,667775551;266263807,1228019971,753438231,606249959,1921555355;0
==1287579708,941996207;1940592208,50222915;1209919289,717455504,917452604,463531200,1537589863;1
++456691843,592806284;1627227758,1760808695
==687966706,988008774;2067129583,1893020630;229768631,1338293037,1347673603,1159701320,1192904731;0
==170500443,1380021078;689196330,1120124931;1663093623,349334366,957944101,1472202908,1028967721;0
==94969841,857322267;2042502915,1071506388;733382080,1956499797,103216019,18053385,1598971041;0
==76908083,1559391825;1354521958,1087451755;1030116382,1844903627,1945147839,890827857,673161863;0
==1922334667,86821320;1648587834,1117319798;1520760472,1923191583,1972511157,1511187059,387681848;0
==1523849167,1544115977;1929365057,271312222;591360886,1350233251,1100413877,1271995267,1684525136;0
==1652230402,250536874;815423561,178879508;1140830559,1097731587,1641173525,110363019,370086929;1
++389357194,1239885505;1312661647,1177146543
==828601392,530044089;1841219767,331381212;329809087,524151686,1547115871,1656360622,1039103780;0
==635226016,1307805816;550146175,1017861240;1913929999,294903976,497090026,1186262855,892468179;0
==595402767,840664308;220751373,413164408;1087781154,1119618813,1090821052,1039815181,636432546;0
==599802093,793394525;1518045530,326745147;1724396703,1753735051,244770590,184892783,1202187699;0
==1334047401,1692945242;1638249762,879105735;1357674517,1797033344,1128883518,1153164878,1115088578;0
==1870783421,1046378067;1989299268,615880410;2007220015,1007083755,307314094,170176340,803881847;1
+850060843,1263553913;1060011696,1411079850
++1136445592,1134433955;1865595124,663728896
==332274452,722738291;1255640542,399573125;268148934,2011775141,1898485979,1077887738,1122456610;0
==192974022,2125877801;403755131,1215103822;805050357,1833867862,844041190,169359960,629773057;0
==692119567,1648829947;609895795,966326100;1059176408,1701060050,36047412,1286490334,996715450;0
==1746599190,2052015877;962104287,218692587;613813282,1375507848,1645295300,1266125018,4282133;0
==1464872190,1075992534;2034650358,599540698;51630109,215876723,1731006854,311207416,1111204683;0
==1272300208,440399582;678771210,146866486;215589207,303931420,774466812,100210285,1632173780;0
==2092167116,644521993;2144335825,2085771905;1345321385,1769166809,844618444,536804483,8197137;0
==1380128474,335045622;1875479605,123108327;66862400,1913470905,220028945,1404699336,1741916912;0
==557146727,681408801;755719633,527077935;766309001,78481193,167612874,608653118,1706122521;0
==2078382003,1770522978;1527586638,348438949;1052302098,1252818645,73836593,1723222554,1587722303;1
++1548899655,1926419498;1977800127,1343919168
==603250234,986004780;1828827915,1345020915;665597089,657438435,1952380541,551401698,1158094194;0
==1532699537,1572935111;1500304128,2067487058;1349619586,1306486610,1282153424,1537451418,64455924;0
==811426946,1873837984;1366345336,1216859723;1266619710,645393233,69209805,84477920,1217034943;0
==1723723555,1773007138;198649136,353313675;977228563,1174274237,1022052889,1279679643,2050776130;0
==1618046624,435272294;570383638,758557254;1988859843,758938308,872672349,694082936,457984037;0
==1205212175,1766399137;1097960102,1534486459;1666850382,223243606,1157632397,776834035,1622657701;1
++92746993,1579205837;1924685307,383340083
==1838103577,1078420908;251260841,1913030865;501680705,176533774,731859283,1145730760,999878154;0
==2087164310,317647601;267312444,1059201631;2033124611,427477040,475602156,646629535,301604857;0
==2040401098,1169640962;1132528331,1196438262;85315735,247945992,614413818,769015979,348558075;0
==1639810951,853898750;6077165,13010904;1162683800,924031970,174756745,2095642094,219975812;0
==374384246,1344562270;2070573137,1557811283;279211362,1824020581,590041627,1756698494,1767683213;0
==1980254164,170097609;310594287,187814226;242861132,1832971864,1054926205,1924186596,753174166;1
++1220593433,921542501;1569087807,906048892
==596764215,494798047;1390581225,288547434;292166067,218633186,1067869534,1698810965,1397286939;0
==1536796022,307595876;477035167,1669913729;743617809,59123635,1697774326,1098518853,1346490207;0
==1390788979,891731153;1804833442,1454909922;346856403,740781967,1361059704,1481701083,4840210;0
==736786495,564475955;247240819,1890420383;1917852060,474998506,1674647974,256923815,1285331902;0
==990377274,1203374166;1768858397,766760488;320594575,1957156953,660524638,329722693,2096225838;0
==791565035,294913804;2032120620,1111687027;640864804,878164271,1940356232,1185006724,1804574125;0
==2034918608,270699158;1033052747,903475524;1653936105,29579954,1761802072,329455060,1287581447;1
++2014902345,1407848962;1677053637,11364423
==980243891,1635161209;1986185078,1423510161;1359464681,1099222401,918689414,629632200,81831671;0
==1725824799,1884080046;56719497,1284865671;87942295,2114538522,335153704,2139439748,767738650;0
==667751796,1350490081;1881059521,292694792;146072267,1024830885,2128717406,1716391424,800680817;0
==609686954,1385741863;1073249913,650429529;1603756948,509903869,442182164,727540998,2118104102;0
==619305269,1209921224;1816918552,1648274699;765411969,643167283,438745529,2041386434,1365794420;0
==126637574,335415833;1788497593,7523574;1779844962,337667567,143382696,815278655,696576522;0
==1556899051,1648676373;1315628649,648892642;1650145387,1190720451,1540433868,4285087,1134002259;0
==1547505584,575169183;579289857,1047719618;670560443,282567414,704485793,1200270301,1771634227;0
==649121686,985283686;1520060808,993181160;1232410203,703258514,861308140,786027892,354572064;1
++1461222182,883306102;681416634,1963156303
==869803781,1890485405;451655602,526219446;827362320,1951380328,789093804,1642240049,1298537514;0
==132576662,1963557078;531587534,698991269;1139089085,1219312387,129536840,271858563,1978663879;0
==1408622623,2010147402;1600789267,944076601;913449899,329743577,496672203,1651521943,1161167129;0
==1823649472,2013038626;1837512120,2116877728;1683056660,1382717111,2013359429,382669139,1594437172;0
==374465915,1332469677;1830488747,708749564;517765771,1523499408,2108302819,2088174897,2024043421;0
==757912663,379550254;219439441,732562650;164632963,1574074592,941135130,620969716,2044373801;1
+6838601,889743053;1354550912,2107036941
++496192805,983241378;1294172138,1329276720
==1754910877,319897631;1860385092,1549291632;1988579539,824489901,1892585176,377362708,49042453;0
==460787928,2127433163;1277446778,599393587;1917808346,677744013,1842062016,658718775,1142362019;0
==1521345462,469561662;1830368717,1156311300;425850037,1343260931,955559964,1885205416,1223671289;0
==1589922607,280517742;391048026,785207249;1921025427,1207926358,598603140,77349545,662633648;0
==555397766,1152016761;2080920435,545322197;520117217,1726117777,265870711,1743381848,612035083;0
==334543221,191594672;1869973460,958254232;1251749182,554067652,1779831934,622558320,1798633655;1
++1272396302,1409135404;2064942835,1113584574
==1273717290,1820532290;523063072,443935675;169739513,187244993,305927160,1475580737,170829639;0
==8816869,1613092299;1485890711,1599547857;556738976,537042743,447725741,1115381299,778399935;0
==1609287808,2144147570;205980028,61977104;335804806,1193813518,1615748211,935062489,421971829;0
==427859012,968612063;2101540209,1364562611;711535341,1485590214,1070269146,1423461790,2100281714;0
==1155740418,560341573;1255751533,671808119;1009597571,1294645335,229985523,1809725284,732749594;0
==1518997241,1068316234;1151885096,1514266404;1467218786,2044767813,1934154840,1636235679,1803133896;0
==1316207809,1256865133;1945030999,677787960;2787205,1086491651,1961896754,1658259230,1682256963;0
==1129597003,896833871;987765137,5616795;1019844215,1449946936,339887821,220865770,1614500806;0
==1707125980,1214764925;1646048426,180340964;1029063906,1761737027,1840888653,39813927,2129388249;1
++181852982,86161109;897261715,1498694387
==566734763,1510651260;1742641873,1325180205;1098496321,247305896,991540247,1637160302,1195100325;0
==1099196065,133873239;1841613929,851645126;1709384947,1601921027,1331397873,24203272,1499773855;0
==49330771,1493398317;575144038,1167549745;130685188,798935097,899306372,1988660294,302998196;0
==1036272552,1948737136;1189549923,546714630;1144602706,300337902,1257384241,1129461953,1162557068;0
==1507661311,259869461;360484470,1959927141;1315345534,496457425,1681364329,1995654851,376547129;0
==1792315735,1477014800;866220271,892382105;544585329,336393882,1017007468,262344093,1212677788;1
++184899827,715747746;2068235724,1490690753
==1543004746,1912353079;609057048,900825906;1248019319,1729178220,77598628,1828205641,1469322497;0
==1632176105,1847439147;858944593,210906988;930401990,160743298,1373394920,467363597,1851673554;0
==243913163,1523825331;366529339,127886647;158516151,1942803278,248342559,1340736544,1365245500;0
==1434467037,308996374;2032290439,1494981366;1660183119,671230806,1414502270,1776406984,633284717;0
==666347225,1046801203;987995263,2143474607;1670636025,989797458,1359368177,1042940737,2122019155;0
==1032532007,1588206244;2080286285,304628106;525572883,1930259036,1496518233,984971991,1725642852;0
==1638354633,1336499231;873006029,1562475046;187037514,462211051,1291473509,188095755,915777878;0
==1409432146,1093757180;1360127544,2063096346;1735026056,1504994187,609759404,1306296014,803389464;0
==1247348950,1383402755;1389264719,1836128712;1791392198,571916081,1857066460,1414411728,1766857192;1
++455990617,1747031181;1349064978,1455611996
==404261590,839897952;22496669,1440970151;1108658378,1159704727,1073273141,711548338,432184056;0
==1469638306,1504536300;1488196013,863346378;854805389,417234839,991807337,1749790888,59470694;0
==548918164,1226924820;1435879351,729526188;850713677,23699364,1954726576,1899371984,625858176;0
==328383023,808816881;1458482783,910632613;1859753594,1372014097,388102123,526668074,1359829645;0
==648184910,836379890;179103278,176248851;1493984745,2086175376,1273674522,840527428,408669368;0
==562592267,916660366;493730844,76277793;842958384,146039230,1852614712,1383049828,1304797682;1
++504751465,191739837;461270440,2013231917
==1615144002,1576104225;1699863089,1782816335;682451764,113574946,1285880566,210900019,1423023511;0
==2095584132,699203971;965457174,775984061;2063237365,2116769118,1132900107,401572950,1039001930;0
==18322458,2061962060;1405504621,1464496597;1154692870,428846941,1124241085,638875086,1485667235;0
==1414038051,1789875160;1679904287,189945597;70074847,2078704909,1144899829,1413092928,1929972806;0
==1479059334,429027345;1185892380,581938404;1737926125,397761544,2004801341,1671014685,1569628721;0
==1430591336,633413974;819739399,1466929248;1301633263,1718378575,567814047,1169625363,1094567053;1
+1612866875,1679025884;1684478860,255296804
++375263490,2717570;1773958601,417613829
==1865411068,391949760;835391004,562385115;772858805,356474403,1504705602,1567878966,1137859017;0
==735808952,1694084552;243979746,555784522;1392299004,685497062,599504102,1985900260,305333021;0
==810294364,442775896;1695227504,1585804897;1961095802,687694117,1499812022,1761240592,1031937141;0
==1205017255,978523789;2076502513,458971217;1128970549,411195444,1949815615,919117324,503393122;0
==1968962302,1267184754;1677563972,1818980999;85654259,945719737,1336249558,2026120324,1659294112;0
==901706233,943537262;1675765198,1904954257;1870768759,1933865919,295504976,84540874,1386224637;0
==716204994,176511680;1571215201,402590837;812609322,1785651181,87530265,1486744491,1874859633;0
==1006925499,1436467659;473562536,1947205988;1428468388,1641497897,1468465,1428186886,518690617;0
==364007994,596924215;1593439779,147218181;1881823373,402450340,106483306,822953312,1340830277;1
++1523633399,25864476;1378343273,1647846583
==1704354559,1351735639;928841176,67526400;1175253316,1948463895,2046890707,742109524,1966046483;0
==788636580,1713320084;899444483,1901231108;1695741724,861626293,261975138,1082916346,1549857127;0
==542434485,609911734;1906479908,520500203;936411037,830639788,2032894602,535260163,435166941;0
==1697044728,799437321;988549276,525881557;546691194,1527382593,801491389,903239266,1930212979;0
==198150604,509698805;1826174121,866526577;1330240639,1786640853,1601883971,2066056956,1582285835;0
==1158224527,1751465570;1891632709,67350198;398493178,1547130091,561962443,1006566508,271614947;1
++357838964,1337317589;1660433728,312684393
==1396544135,590803131;619733202,2097075584;969974489,209137069,9068455,380205747,1485249561;0
==777399449,41980761;564564267,2067703439;695770923,1665845770,49654470,498213891,71463250;0
==410901416,1983183984;177692688,431751823;166312004,1827589224,2002285899,759737148,1787309188;0
==2055125397,583211955;1564896064,204525651;1425093964,702574491,760852926,1684252621,1374000480;0
==96521344,1200822101;2040074466,284345299;77058923,1816001545,1680821262,1389882772,2142207352;0
==1466107645,1472182968;205466948,18838571;588711904,1280906610,102492329,147391666,1409507228;1
++165002800,1803837284;1914615181,1181408979
==31340826,2073309499;586962690,850731277;1490850870,77678723,1351229688,785137984,1914865999;0
==746164020,1872121180;1008251717,1759924694;889024233,766958582,835815289,2056205245,101506625;0
==1988921306,1730934661;359692657,263621814;310594145,342955805,1734657186,1394743511,1605884354;0
==488721849,665616564;805020849,260785486;1340390449,1447404402,18354081,1328699401,1350914989;0
==1448848591,1302854896;912774203,1587298780;1886823937,2088917023,52917773,2000209918,1891413117;0
==177950836,1414673685;267629031,666581155;1150357847,916472393,218810108,1901204808,206516902;0
==43762164,674704169;195983008,710566910;1297845218,605261253,1533714126,431680406,930218891;0
==835548999,1415230043;18737393,1623702357;649898861,138229995,1518829888,678044425,1535723052;0
==1642661949,423668938;372892092,137404224;546289062,844409171,919210925,1362567992,700433021;1
++1257174705,350746227;1101638387,1111558574
==1114779789,712123962;1302178426,1850380497;1449032932,1817517041,211260293,284206460,308762342;0
==139273386,1502887494;1065167276,1262432224;1106199088,2004663732,1038816527,2001184586,1889615676;0
==2086153014,1827638767;886536150,1707333472;1549113989,1643644515,2145530338,79468228,1451129048;0
==1013264315,101565718;1452366182,178341473;587322451,1124990221,1656158046,420731099,555215871;0
==1916379352,532843843;624027169,137979213;1555725040,867648529,1311460554,1952827800,230218062;0
==573149355,29654297;1251098033,19873810;591001957,31672535,354789680,1260835396,208730333;1
++1996102540,454413199;550177673,2094998064
==1485689959,624744668;302714480,539815060;1446599136,1442200803,1930435532,694699638,93849574;0
==1856868828,1452384999;235881104,863320106;957052237,1898325726,1814997394,151093643,635983831;0
==1104730923,319931007;200764914,824123146;842143911,1910098487,2085585437,1006806639,733804762;0
==1152650867,1802107297;383596528,2059609308;1416336992,720158563,1653451151,280386263,2040541306;0
==2132179921,1020316227;1577110937,1283957158;1676042105,1185441427,1369052634,1643512886,1849171113;0
==528395268,1153283079;529349326,431577894;104560042,933319185,1842746514,792779467,500995565;1
++1033479013,310657794;256705525,1521954350
==1220143603,941646912;1668173738,2115468863;1706084724,998986166,523130283,1028564351,1915667950;0
==60787158,1272387201;1672486891,1413488439;1333321613,1540386509,779664603,486094138,108313034;0
==1257937003,2139295092;2024306636,1340163962;709082096,1538998491,606873690,637816567,1183386806;0
==1502653192,1352499502;934964337,1361894645;290272163,1875789641,1480988266,788063016,587425740;0
==2029595605,1616941939;914744113,1508157352;1556769068,1623847708,1494108236,777720637,2085682331;0
==160940369,1297108320;1406862063,1311432556;1636392573,1369492525,1387313982,2132763,2074846183;0
==1233603928,104435033;1137401241,974783400;222408228,476898160,742387024,1708652187,544352026;0
==1475440133,612811032;1283480478,411543765;263011651,708368692,1387878789,834943596,424331515;1
+589591852,728057910;807028543,618702194
++1634415661,1835843232;78119852,1734177843
==1466200512,588257990;1139698295,730057692;435312560,1669604792,234688817,2086554035,2000701720;0
==1754231329,1161174309;47459290,1333155996;1563700263,168698578,1864667992,1575401076,1037863209;0
==779979765,1340653597;2039935723,70364764;854938711,1125261345,499559209,1281216778,2117932009;0
==740839260,644812568;770319791,613039424;1698054697,1813634990,1456717324,430088012,1396390479;0
==2118787898,518177932;1991081161,1816609290;1949952083,1313008568,855702377,1281916408,404235765;0
==1830039814,2010541405;236345372,403538473;916429880,1033421205,1504106746,118847033,2094066201;0
==2078270850,989702518;832179878,1842327286;1599974651,679393722,1110176999,1769554642,1279629474;0
==2122737207,1107630336;559325792,659141216;1238923737,563439202,138381114,966513059,51851019;0
==2050450667,653775990;1779843228,105470238;877368897,1632532099,811161268,1634291327,823766956;0
==1658288930,2070840260;1264792836,257287787;1092850022,578378207,55068919,872052869,215420262;1
++1240990735,1390070733;271935572,1582603379
==1107483417,1050758809;123166267,317763939;753379510,145418715,1860034708,1427059968,1790474350;0
==1391675537,1055812195;512261886,70464891;1971752003,2096678896,1935963599,1688050130,1439679880;0
==17849595,1041455740;1294921764,1811624250;1276572587,1770455625,1252111969,1545215981,1211498870;0
==1617826482,1099635209;1192469130,1926702198;2136961358,1690969149,837884361,2051200978,1671295005;0
==954815994,1239365548;590765628,76925739;497716065,1865852235,2082683414,764869477,1246686054;0
==2081305526,1076162173;1857504415,1674531413;1676094596,393307902,1190019233,755326526,327379081;0
==824375144,965428411;1329078121,285916487;700632224,1601151975,1523218191,1557449092,1630961616;0
==25258457,1760293084;193634311,1632107212;7323758,569198464,403243658,1251295780,606358545;1
++818699264,705435611;964776524,1018891552
==584513576,749650294;1672392068,1241908214;175506841,1367081193,410465964,147992561,920157333;0
==701957863,55867181;493902121,1914747738;1414340373,1049688294,751433088,453440425,1107781379;0
==477366132,1865439127;493113530,392331050;1366365102,1651555461,235891094,1573051492,1940291629;0
==22882774,1197981221;536035720,526640825;549750656,159274252,34523840,1260564178,1761130298;0
==1135400438,2049686351;80764431,925389466;1374366838,740554055,123606284,1193785885,448979475;0
==1782824418,193827655;1790766804,103565914;1578723367,1123236495,535207079,1704870820,908743404;1
++1379000563,1149935049;1195714655,379020454
==1263594009,619222396;2067069325,2108180282;1866905753,1794071953,385943730,1048992744,141373859;0
==188379220,2066284656;1582609715,405249;1166105047,41423651,115604834,599087380,2049718049;0
==1745366814,1308778316;1409490462,317080858;52828917,1445792043,544504239,845263039,1778266815;0
==1004143095,1828829883;740792405,60004102;1652965498,1748944043,236000464,1804778065,1198584660;0
==1864472275,1857177178;1858357949,1887159288;1321015969,1005558598,916995939,2058249556,116203686;0
==1965286243,129162288;552937161,1130913446;893024736,1040569970,2044622300,1758675892,1267237611;1
++311450956,745915957;1966104470,1531515
==1824840392,664481900;1141246393,2066398543;685085935,943466125,763793155,998487038,1025614247;0
==1455341781,1158895080;1782908285,1308537953;564861408,2025597957,1869934482,1611661860,795541918;0
==609851498,624841426;1594886719,1498019007;124683271,658395538,710282104,830163021,2060862629;0
==355409970,1787938065;1592194561,955878212;1583089084,1507965288,19070615,1095358511,1335118643;0
==145191111,2043343210;794810760,1150626939;368865778,1402675626,1670033052,730567435,1601603237;0
==277036070,1551814358;477091712,2067199296;1460386362,514197416,1551481530,371758798,2076924690;0
==899551826,297742880;270464286,1165654989;90107450,261668078,1891238840,1704443164,51456858;0
==1152988113,255964058;726443263,1305851638;1265574561,14192470,309507730,410258482,1971051481;0
==750317420,1697763168;86106284,2124028044;440269590,624979323,2130976491,1449001867,235412623;0
==1825767160,1611047820;1356749966,140620398;64782826,1757385081,666226026,459914801,980174908;1
++1681714289,1416199194;1228391125,1038200464
==1949543095,1604124289;617785057,1685821402;382900230,672828631,1033045700,490549952,395103203;0
==518201862,1954796562;1911508290,2001302954;731131037,733361385,526396224,1732060658,187032806;0
==2000518058,668690699;448988881,75013443;880433424,756817075,418397824,980993668,989636797;0
==1490272173,265812375;1828479006,1102084954;533380334,124176369,411882068,133473081,1115979703;0
==1456436645,45678536;1410390925,2065442754;206736284,1991685785,394183514,1339956019,2137057667;0
==1752746291,1125843616;1197849069,1687473095;705310697,1952721584,1378249654,598192827,2069202448;0
==393665636,369127196;1348432901,1825910405;1880544523,1257891291,620589800,133647525,647198870;0
==438103020,117263164;1555698338,1801197100;145471665,943503582,1710440261,499503795,2124008335;1
++994372156,502662784;406970568,839277786
==1555201657,345605850;1894677184,1781258704;1831501826,872501212,118129847,1591783879,315884108;0
==1704713817,1324257410;1554956989,836051368;830932270,716121555,1151952539,1552981491,21490608;0
==393595500,1350274803;198515861,1900868411;65672434,145338201,2094596155,1298464942,1438575012;0
==2079724362,121218298;275353499,1605462122;243868378,1770785175,765945582,401636441,851139462;0
==1781879955,77002007;1218198497,2078918950;162458059,1630137250,1346362265,1470334347,1126468504;0
==36687573,1567922625;306057273,1314317939;350544914,562753361,1723921018,950661716,794004091;1
+274182835,1203087002;1079920774,811424404
++36433053,408709849;377048127,1995434357
==769740399,327455559;1807654610,825475993;533497352,833830851,877098505,602561897,1691600057;0
==578087957,604815078;24611600,1076306470;1753479096,602191572,1331266994,351271638,590783000;0
==1583908920,388938562;501974984,565129516;33494627,1899354691,1984013571,1007145311,1308520127;0
==1211690486,725613080;386026094,1673695340;793789792,2140295904,1160377468,110696631,475568487;0
==199021435,1319880440;1616936619,1720643008;1235369557,307193119,344189643,863834068,1235100049;0
==1638260111,191383332;85160307,2099373453;1364463610,2047277041,323109122,1237793523,1411476168;0
==456492866,1920301785;706093645,720152190;1093685737,714267295,768581057,1371920292,1482842542;0
==1559084816,1760500282;1931166478,1159459358;318145574,1784374996,775787925,514228746,1269435835;0
==1256764225,785415708;1874970898,307093547;1946836166,467734352,1994850110,704100383,994999931;0
==1352554770,1170911881;1675908824,1074236295;1397434189,984566284,411632728,65532678,725878805;1
++784459854,1202768552;1487078931,1232726873
==1980476315,1447272055;633640379,1685984487;286046955,1595194432,722385306,653409211,1057425611;0
==624170187,1424672483;2057502667,1151460864;1861697243,851053212,1184481992,1851704976,310887234;0
==1674600617,1145585841;901929045,1316049125;1262972003,429004421,346355916,1649941721,523510528;0
==493352271,1421987132;747680874,1684136045;708561303,520793303,844851920,508395855,196699392;0
==1593397949,72368996;1497058979,1159768718;1603249994,1377388599,101600966,173623235,1541711522;0
==126362268,40801016;907127473,2123392971;170656317,1228094973,1473120118,194214808,657519732;0
==1481467370,1002440409;590473054,1984475554;1676809449,480270668,1358274589,510182090,1692929068;0
==271694516,1057167985;507028273,1196450522;560580595,391594743,1588003739,889863493,1810662995;0
==123614546,1095141924;817074970,211648805;480878778,1094818006,798793851,1233192889,106134279;0
==1025724128,433313247;1481911963,547002080;513281645,1259197775,1716115302,642867944,1577319843;1
++363359625,820999312;1509178233,1584716942
==1603944767,1824764996;1335189825,1439875374;1245410625,1614246730,1843787720,982972005,1761911187;0
==294331964,301896557;482077540,1982323442;543035909,525000840,926391508,1218914221,480709704;0
==1809771654,1205021041;421619900,3691117;1602343846,323506112,577543373,1199363692,1560952355;0
==980604512,943055814;2121384806,1367447718;53550516,1640863281,1971900052,1235066421,937203307;0
==262189880,2086772657;1033767981,2102139377;1486362989,1391261025,1900641984,1632298563,830915912;0
==1525022321,1354747567;551975145,919045545;2030686275,716799042,1452480845,412344455,83246416;1
++1979101265,1761723473;1312109021,23562770
==230578318,1046478974;720475853,1194032157;1453787161,879053434,1194904700,1060831293,2029276543;0
==314945648,1453370678;603815925,333107345;1025276090,991026506,930913629,643125150,468156476;0
==1199391133,788624114;1038620589,682618727;2130735470,330147620,54721462,1859300233,1498216649;0
==10590989,389729911;300465796,342539794;1699391091,935295475,1707392698,1214731028,1149352250;0
==125434974,2095572519;600649352,1766948203;873201719,372250419,1763243004,1966058966,1493405338;0
==977813173,723731014;885171581,1514374048;956185482,1518962179,281369696,977079201,558730163;0
==1806078833,434668660;1820426341,1033570739;518889135,761068385,1619491291,861702371,593754315;1
++1622263123,1546255939;1699617214,1293137398
==1528066548,1093616879;1886611155,1535312483;307249160,1305483208,1401500400,1789741312,360024153;0
==1340205091,955226783;1439231192,52734818;1711885961,1100694383,627575847,1392673116,907145933;0
==1522559615,1183602337;944747826,1492070622;175945477,55220251,384717123,1204080201,1793365220;0
==1675513403,1886217386;1121490258,705564471;1415752652,873415170,698700965,184373494,1454672044;0
==210366678,628065777;679307391,1036869741;1767801020,1705518680,1670728222,1179202864,1465964203;0
==1853203054,1271173115;1607757544,1747545543;720366437,471171023,1127726092,660795171,430055919;0
==1096080476,25738430;1276512475,1644686887;1839658342,988357587,1823346505,730795723,244452935;0
==528021965,2100900416;960862185,910424903;328082721,1458427545,2089179810,320159124,354425973;1
++361223002,1904840576;1948647901,1668859050
==24468122,992676744;221675010,918271958;2112990479,1283350211,1665077644,2116711796,2024623723;0
==589312555,792288151;1748484865,1243180726;63916097,63918540,179785252,988353636,1258845772;0
==2135012093,2075838179;65690060,820944432;1766266562,2085337913,163497286,1558120333,995187170;0
==1185348558,1783003578;4292343,102638584;1815328703,1669755439,1251355306,1103703882,560664118;0
==1687795110,507479432;1847757588,1706459727;938362634,132502284,7579581,2109569025,1473071492;0
==1832277773,543412745;685428161,1235889564;553783069,314803420,686155873,2124660302,1903207640;0
==1583834358,1960083610;801711989,1967637470;185268898,1805411202,2012513310,3171315,1598109391;1
+1852097328,350294108;1274324743,567175257
++184570139,571669379;1952425902,36803811
==851665313,1868271118;812567448,19378830;689407360,1614739732,1213575834,70625310,289482409;0
==169429286,193776917;1209468672,1102387283;1863853167,1341221036,217971477,2033554157,846917708;0
==1552270255,936362626;663425788,1071326858;849976134,1484573780,49639044,1867552269,2051451105;0
==1363605008,603584329;642081567,311972305;1658129339,600784970,671998738,1756555857,1578909450;0
==677331991,2147365974;1032511660,1714115434;379491313,1271179853,244880271,243067139,864731937;0
==1004773971,1574044187;596606544,399047496;91094198,1166837589,1045061963,161179635,1244710645;0
==138086216,736651417;1820586129,910214819;80479455,22944384,878155281,1552431003,134960251;1
++147279281,538098173;1068528452,2128544202
==570034972,1120044023;226094190,1757614290;85615798,1403088285,439211924,1226726381,1798616291;0
==289978155,1700969349;1596675094,2012836637;102443508,2069089652,807774116,328774472,2119939689;0
==883866661,839665778;377384096,1860909244;175521735,1246274990,886690949,1002319338,1478782486;0
==207731341,864123808;1669026737,849152717;1073438512,179809132,1458620591,921754536,144264787;0
==61374241,439270642;2013560868,1848964282;1540851363,878531300,1876140543,1362359016,783907640;0
==2096752684,1553918007;2108769409,1337494210;887074182,1538184960,67116715,2037726028,987178866;1
++1678910573,1325342753;1189928044,724418248
==586624442,162287504;636265971,463879796;847891003,2074139702,950139248,1233508838,897623264;0
==1131502155,1994081956;1969077875,608864675;529163941,206556399,942913512,225852089,145055144;0
==1944715676,235586431;737512188,1686850481;238933313,678916017,813789630,764853629,1846103421;0
==575026367,525384655;253354538,138251388;1136284208,2024947084,1846645438,914374300,1312197297;0
==59181847,1979999169;1681430333,287278401;446139105,1848114725,2066616732,55732594,1051226126;0
==1385504661,816113010;129301421,357060220;1210158731,818909840,1793208868,1225760767,269174117;0
==1705471606,1785925814;1390040886,1893105068;387457341,428935487,1207729418,2091411540,819661291;1
++1149437404,1767869008;772707597,2008914083
==1726184690,1248175539;113781783,460949458;70598793,1681451148,704030391,183692009,775209558;0
==539739755,1033213232;1345235229,858959510;115977272,845866924,1789907135,1079422814,205324579;0
==527696512,1756756992;420718718,1902504416;568422284,858020322,1333395321,186487863,1844470995;0
==1240812184,1994928957;241267170,1390726794;716715691,1489489690,163055791,1372414489,753420734;0
==1043047792,1002068963;1256860329,1970218522;443100578,1753652939,1083977786,910415092,365103000;0
==1821187049,60708661;1892140655,760971002;389158304,798539862,1287040678,347239872,264281490;1
++1252138849,52353845;1866213649,1315113879
==609812873,1613224844;1506791792,296255791;1163626055,1925564786,1266462566,2078719673,326367035;0
==827598485,898079703;183756893,233405285;370741652,1136749133,1831193736,626465554,1176292204;0
==700337648,1856287426;162994977,1940419060;159858006,2054435582,1166886987,1157976559,44610268;0
==1119644738,1215059672;581451314,71372289;601696941,1646211012,889643442,901992256,447699499;0
==1165596073,1993540637;612377424,2032985954;1566404476,1031581121,1408071874,2105488605,1070986630;0
==457595035,1567035896;837843777,494077229;1901023600,1471020146,1682409317,1122308350,311610303;0
==227027966,1654405980;973255005,1837460083;1065322950,1506500332,1309834024,618682122,944191055;0
==1178200043,1281632846;1640963339,891083603;67335702,2042404149,1036547873,876306111,37242393;0
==770887572,607915912;1253414144,1977168974;1781752069,458107458,1479293053,2095428418,185105016;1
++494853477,1226069545;658118453,1270508295
==564656549,972589454;643279026,675636464;1958690955,1112244131,2040197649,438702833,1206381454;0
==1513427057,1879101574;39550876,618455685;151803248,147852346,1734523203,344748285,278542288;0
==1886098462,489590541;709237216,812163586;1398949774,1576359149,1210453362,700558776,180066624;0
==1714784446,1755746912;1632140808,820613727;2109086549,1946808062,1515441381,561559403,1828989837;0
==1131835100,1924147949;1734246376,11382047;1188088437,1838315847,30650200,1851531581,661913631;0
==1890568098,1909529072;1957120618,1841252826;862078125,1997536273,1388933624,567811823,11843429;1
+544368819,66041856;740461500,2090945207
++1561964930,214807404;1758402897,553954737
==202530699,1653255639;1545548568,479695363;1539760910,2140621138,414554339,1649487384,476002330;0
==1290167859,65387560;244703381,502765837;1246669976,1015618554,2025986475,1765940963,529202743;0
==1413188796,268001352;120007374,973113608;1041482475,2024372960,742798127,1249726004,1279162630;0
==144660238,1696666778;1317908014,481297068;713270385,1704353366,93387567,827391193,242762281;0
==616358287,366884259;1320688102,285386811;1871397884,1289020748,1565212704,1561109479,2077474297;0
==116910361,1805720;2055599316,2030234073;2094561935,1096596612,669799394,1345205248,1634684054;1
++979231492,894146186;1629398700,1022722928
==475633519,2001250521;226152108,1783695836;44522029,1503270026,282064714,1026115777,92882338;0
==1439768458,816571980;1000874484,408562277;384532629,1564321906,602795397,1378077431,2112506529;0
==698432709,2015724388;1379012610,1621107271;2115572649,1852997821,336650621,1438055865,150526006;0
==67403355,1368670893;1493286307,1898387809;1876974666,86388582,1964313251,119927155,805150026;0
==502106205,1055707418;55965180,2107147534;1477051880,1134924578,273390050,1229203362,1075308031;0
==1390549999,1763661100;189706805,221076174;2108289535,184259359,708982464,777875161,1377242054;0
==1475470529,1124381404;1662042987,251202370;1470464647,1282092665,1856147140,1493329701,157723914;1
++1128825721,905365910;1135355541,2073043517
==217649209,1390724026;184767643,6386842;1020928468,1423308308,1234761674,1800510586,766972585;0
==2073512667,1026159821;1001568799,1192258389;268330989,949976449,1948603216,615567438,866314578;0
==1370078482,881507564;1699908947,800380504;1175238287,1588277455,746178125,2033235585,578699861;0
==1353134223,1616979246;324997597,212872142;851589035,2133259865,1112069573,1793082789,2077764208;0
==1744004200,2108058085;1683687296,276980018;905265610,1339812822,737751737,1001524316,1748503901;0
==1983288857,1241623361;1844302856,2031239565;882283617,656649635,1884661098,725483551,1613314151;0
==503774473,1691474158;347067035,876488036;1202962322,732993920,193887867,1411194603,794605051;0
==871522946,192662575;58191463,1630064161;392724246,1429184702,1482475048,67107533,27839802;0
==1111984136,257896264;1607098922,221098188;956546291,1891314432,148818176,569588613,19398634;0
==1476387382,450070459;319462750,966105108;78239446,302000207,862488733,479779416,18189988;0
==577825765,114016816;955557901,342921759;138888859,874359653,318492993,634353453,795539326;1
++1714303662,1521969742;1732869205,682606202
==976839111,34781661;1522368725,1403126603;1077005667,1059850450,716133323,2099964688,1113540480;0
==985873813,1299656313;766777863,1199262907;1307638588,1683892886,200365282,684822079,705418658;0
==1582767198,904140084;177559085,1044797737;1657995287,81098310,1051479210,265032172,1919049849;0
==1822738706,1389038104;399255709,1384831481;526193037,99974145,2144738516,1781207441,1420406821;0
==2075049920,2055752400;886725828,1899839014;51594258,482289521,1922253028,424603706,1148725233;0
==2084357469,1226129487;456420948,777268445;1345345576,1453947297,1571750313,311155369,1256578718;0
==1102352043,1808904752;352584089,6937090;1251920992,760908235,1420598616,1417284748,1929073201;0
==1029979307,835138587;217590754,1108157826;1676296195,797519969,66052526,1056610717,1113999934;0
==410673424,32231415;1627309267,918107159;1298826926,579052383,900916141,1053751352,1735513975;1
++257329213,1013395709;547728686,1908478545
==1080000677,324608545;2029995429,456134722;313623731,614592976,455723017,530845690,362258188;0
==1292211072,930961051;500931998,1019541237;448526613,1587154548,1664611850,1194353402,614225493;0
==1965690236,199191486;2064657519,518375805;1886666560,557995753,1166055385,781693690,475647160;0
==1225154002,1670090319;744444951,1007379433;1732783435,957002229,1475772385,2127558913,2012102847;0
==155670397,920250813;1868508828,664122490;1002298267,1336340961,50117275,2112591169,867396207;0
==1188110935,69663821;1443875160,906810243;901661369,986461745,1772617839,1588763676,277066270;0
==1949998362,658427742;1894747098,2074047011;138374609,1873963982,365785884,1415077257,951780420;0
==354524253,283810607;1066158899,518492331;1025126502,347613225,1163809722,1559337957,1759010262;1
++1776984227,1735518849;2117203857,809013840
==235188304,2107296213;1029495983,1503063413;362403124,732421709,1328633929,130604521,2147097673;0
==1486164018,1961334405;1789482079,6934346;1486781689,915227154,54223277,876463663,1333237475;0
==1317741686,1229888282;200083077,1332608738;2071781360,957671410,172355518,1911875610,1645473004;0
==376099772,367985990;1730152591,1132855794;452651494,2037630328,2027381713,643638892,1303561497;0
==405075492,1410335644;647670344,1699921869;182510302,1298239540,13660227,1658128018,1019034743;0
==1701259463,1213928346;1639715073,1649445628;348067123,933125097,1186789620,1891274433,26488369;0
==9513836,1159013362;1691713308,304991679;1753380290,2024846748,278857002,1526866275,501847937;1
++2047989208,2048843180;1260108856,862686450
==758509832,1245496638;1867170839,457710084;262241529,1076881351,246268151,1049912288,1353273948;0
==298253760,971692148;178237829,1359151330;734080111,1394214976,1369371084,2129166878,221002364;0
==660451379,850011750;299062575,1953234008;825031175,1534693690,618937309,1493947712,1542666132;0
==608995091,1594961569;1897324270,1865237902;1164094660,1617984317,970780330,188365067,1046852924;0
==1102039839,1711838965;941035473,1408084079;1173586813,12258055,512854911,686294018,854246990;0
==1939396362,505704712;2142542683,807703605;1447052337,1399907285,1060638151,687318756,855743790;0
==1012228342,386682096;1738197507,756567314;1248311721,297356007,836851049,1266764929,875041172;1
+838904937,980229495;380686066,731663691
++1053166557,1611037818;1086902741,105055094
==1294644097,1373416489;876082173,2145424374;1638142716,30471830,942905536,1802569590,357776872;0
==86524526,781194975;1387962990,424358189;609160299,1956948455,1035019306,889153543,293782331;0
==1322090037,1329226590;164001073,1142597985;972437600,976682413,1616614570,308598276,815351825;0
==1672611569,1533084882;1642575770,119183019;6941805,992472255,1094260450,2107294688,1606337463;0
==1079209076,893002152;939255031,1769885695;1680114974,409576591,316961276,1681834995,2002441089;0
==1812705364,612088477;1906570994,255363521;173088748,2105944000,817007244,1993582568,1690576304;1
++281798825,1677281773;1075891600,1833818095
==1816501583,301204492;729477729,317117146;1722509036,112009198,656904557,1578987110,1213459586;0
==623268974,1831636030;1795024261,681242947;307530722,1216060733,1988054538,1253346355,1384678075;0
==802620861,1406193727;473169043,587129305;1604756637,2125335148,1191909916,1138226778,812149280;0
==1681898268,1268679401;1789525665,1641817083;2080956998,2102815082,835645922,27580884,1602693170;0
==1093441132,1034648216;1379245249,1123634387;1877254483,814000706,1699906745,1282690224,1732056821;0
==665444266,1621995539;76085766,26020266;96257006,1966570637,2051357903,501817979,1419322877;0
==1659299524,1467330615;834220131,1773802679;1213388118,996789955,612463903,1757033816,739397479;1
++816737428,1075100812;1090846153,1994771111
==380817699,113424872;298859099,479002628;1266809556,782542152,2056917311,1172285322,393290948;0
==1858253178,457033652;1402429863,734890117;1097680158,1334156520,562359432,1903661308,1442817391;0
==1937062753,533980037;1739241733,2053253968;1324163950,734131741,1558858997,265816372,105371266;0
==1754267516,565876086;634559859,346838150;589491419,1235225099,90029653,1054824612,1255164858;0
==982893529,1052396991;1196604170,1956738085;443673649,2101566439,125333990,1992645502,1473553084;0
==2039685614,2093164461;134489996,726853531;805644700,1936334470,1658327272,1144055451,1374515643;0
==517613153,2078378880;1361519096,71954110;1756396073,1297161791,655715622,1612136705,1493753889;1
++1444028119,213593313;1586219227,1334085352
==587701704,1450135166;622565070,1262878116;1775347065,833751219,1205589172,621954571,1050838498;0
==731551795,387644430;1449849446,1203490018;236198745,2015093614,234705312,1240395406,529916846;0
==1632522303,1042519082;773294176,549002317;1022516422,1544570716,648287772,1880878222,349296382;0
==1356012407,1839783144;2005114775,1082960013;1360626976,1343506628,269939772,1520603490,1133247085;0
==1627440847,1606040881;1682880611,926681782;432757248,356838372,1763812706,1471038826,111929330;0
==1950539194,667388127;531737360,1480095353;1179559130,1470397944,418417905,1506289710,1901753006;0
==310465970,1063023458;526623501,1883971733;23682160,896983902,1587094959,884310630,398283226;0
==1535605816,656418735;1695353683,1317204004;110875163,1994090101,637621819,964825471,1034560856;0
==2137548452,1297757374;1614570068,626704865;1852831942,718179177,1738656804,1156823571,216996312;1
++299964514,108298885;737219105,1309345370
==1745195811,1756138449;2092566784,116084282;2097294374,1555395804,1062010776,1931984218,657776240;0
==1894327298,68365032;1492853737,1826044018;289823098,636998356,528096770,530605432,1436378919;0
==1007764759,1372307640;1238846747,1130058583;1627349359,377402003,444443930,1571891040,976620942;0
==411514366,1112610439;17690842,1910599987;598279873,1108408288,1106457439,346953594,1019351166;0
==924451904,695815634;1408781751,1264261854;1569377502,1386033053,2103727776,2074070678,1357647677;0
==1309339533,1362264489;1653902181,238574328;184355385,1290090638,561392822,347128645,225552892;0
==2078735240,1252084045;143262797,1449831176;1756448096,2145223926,507435407,1246690074,439252853;0
==749309682,2138816314;507955868,1698733704;1183880197,2041168025,1224806415,1704617743,1172922338;1
++508048354,334741927;1288639016,1752170341
==617173534,1634293095;36060140,85676283;26887982,1979861913,1085546638,883220948,2132589703;0
==2052527923,1472849607;137832125,1148892185;1967719678,1189160592,377372532,872870162,2130399812;0
==122227695,997618070;1761264916,2121255500;2072852288,1764840713,32021566,831872341,1015524391;0
==821513039,55920578;508239020,1703580476;1831135280,1479323466,901045204,1522875688,805088784;0
==1229296983,240795514;1811682968,419704593;1589352898,1810885636,1929283758,636208815,704848520;0
==619718297,1125071167;153956594,1983730487;1481190389,559437007,894270655,1453327976,750615045;0
==1052838625,1197117355;216412644,1346946698;342276032,1943486059,1303782882,1819371895,741205535;1
+1088816972,227621849;509426977,711453560
++1298523351,929064838;539223707,353229763
==115842346,1543211177;1061308902,1837208173;281340035,609571060,1013406532,1103649518,1291288460;0
==303976082,1646609348;1564130792,1176963882;1255361321,646963938,1088810310,283459312,1256313703;0
==335305140,1795065813;430487000,1317445108;278717038,601091684,1052608974,345942317,1350072748;0
==200965157,1487154183;1062029036,197459147;538676613,29162961,546780913,946490081,1846810464;0
==892860357,506118433;1867603344,244108083;1037504943,1951360924,544033034,773919431,651816652;0
==786485045,1588083763;1952205084,1352723778;438038580,521526782,1485814410,1395254720,1393733286;1
++1747835225,1173666015;1394269811,1656761452
==1281334247,21094340;1398037766,371909494;127395308,983638771,1949830721,880857795,1446940783;0
==1526908474,139224651;224168989,2105809635;862879262,393978462,1909601683,852479273,487034187;0
==1412162061,1893946659;1172566479,1262586975;1997696544,68128591,273850336,903255350,1610742287;0
==212843519,1667776213;1881013318,959860970;897605143,208516375,1631317567,660295714,988457795;0
==1344737105,207525670;591269256,2093343959;1964527264,387379384,852783567,1551057242,1494380443;0
==588612257,974011432;1666892038,1316975922;1084297438,1392055909,922593273,1192290593,127943265;0
==1769272969,1317239385;1347045345,15696224;333133937,809328287,524201014,2101113580,728175877;1
++376261934,708747186;905325482,155426378
==359653188,1123070516;1356767300,1592934333;1906017963,548341858,947389305,902523491,592389856;0
==1085256121,2132971539;429903371,1072837071;912736745,704240756,547412022,440505509,1001960466;0
==734969618,923479702;221854498,1139317855;1037724695,2133444579,1665994883,1018551092,198460396;0
==1888209790,414701430;1873327313,1034037439;1748511111,1741938882,2009196021,1366020856,153440082;0
==1373963208,1420991159;1437164346,1118090365;1551368258,691462854,1722922147,483666777,282381486;0
==20218374,1965504670;2053936,1905523464;1320573307,1982148277,1478969484,1605215698,1311267461;0
==1687200662,399036112;775378334,1358684213;2042213239,45526033,273015778,2140106051,1581657487;0
==1547871703,115390497;501437687,523346373;236745335,268102495,1212335892,1415882789,1391290046;0
==60399357,1945347031;372671864,1212309091;2116214564,206449717,453525787,912811668,1125620408;0
==1318847398,640972701;343298403,966863969;1771006564,1163942060,918652306,394597724,232621407;0
==1648447907,983483203;819158345,1527718709;18127524,1754416922,746471724,1912280355,1958917346;1
++1318096507,1734953033;2109018365,1548548301
==718366802,1382509394;718913247,1101789879;1840851740,1953759891,99337064,919890161,1499775240;0
==2024563551,250902071;231172564,789352024;1511844933,2038027207,1275860350,1318475302,466875914;0
==1267054002,1864062225;1825992097,1323704499;1818234202,144276896,95506454,702530414,211559575;0
==2045971445,749868092;1019596507,1275580122;2065599811,1130046440,351374084,1154084650,582153484;0
==566228572,937196063;1960325299,270581467;953768756,351171573,459079583,1796953392,299218146;0
==1101766247,1073950655;929239740,744678062;205684173,2132949065,684699851,1604128925,1015967133;1
++1260465520,57514523;2070411788,354805308
==148794999,1170289609;1901931656,1762222389;1732821049,400211619,1185829154,1863118755,891472335;0
==1862085765,1722297650;521881198,692972459;1568418108,256331373,1002745615,1673964993,1481334882;0
==730203317,590230521;824580412,1110947680;1512436184,930537254,1514276747,557454311,1080602551;0
==878757198,456675675;1627561885,2145001844;1820198074,648240136,1056017526,1949324925,52648058;0
==1085263013,1492593359;1719418334,501430367;1157809682,1490975745,2021711229,961120549,1913575461;0
==1313961165,310914497;1505125674,1427590178;941388165,1217200484,1634293387,1744107092,1152471389;0
==1941784280,78449426;1013857465,291383002;1483717573,1539903014,1129964848,335288696,186287592;1
++926798149,2050182103;1359672125,2126390037
==503890518,1874764251;262162165,1379312717;1956930126,1888496798,168139402,1927477632,1654821270;0
==1122963279,1925386181;1292019821,577749514;293569851,1536178166,698097570,1256016089,889854498;0
==206382308,53665290;777894402,561877466;33734152,31158458,100399923,1932910442,1142156480;0
==1800105819,1978629997;198756958,646839438;1049512936,1542919251,1534077719,911030773,26410412;0
==1682771914,532019723;1957765314,164076053;1011738730,861212468,1925761479,741160077,1240778850;0
==284191725,608168234;1488544210,1058399938;1954977102,1558916973,1771465513,32936455,289348906;0
==654568128,1147830245;74285950,73552713;1382936662,2107798285,802039832,192649861,487570924;0
==1937238849,1734611591;2138860764,1222188581;1994902402,1524072966,194703877,1749186832,2124028747;0
==2044744594,1114025565;445512332,1876066151;1784925969,1284663747,35457050,1670055740,73006822;0
==815238790,1259459527;1388001702,1921352720;169651802,1890000728,1653774870,483554734,661865475;1
