5;4;5
+3129630060,1351944054;2997828577,3237327010
++1425529142,3898229276;3025521767,3500286857
+++1397048263,3157940464;1981639910,1455222109
++++2071798621,1540746641;1841139466,329778731
====1911245272,1978883151;1034024696,2024349677;2843762546,1806906910,248647701,1890710094,3334452823;0
====1176914431,796857870;2807477368,1867970164;1606964315,3316417792,676513438,3251864586,546970468;0
====1603042968,2531092808;1860334654,2988048641;1809368434,975135538,2022473624,1089379520,1230105414;0
====741885049,2001713023;2274375664,1584710206;1829362452,3283152830,4057432049,1991018249,449850867;0
====1245632194,1828684212;3041520025,1372288917;726407631,2270404702,2197065524,2334186096,2646559469;1
++++1045524491,2294856792;3261489859,1740424551
====3412413709,914120253;533770406,1975433238;1481914310,3252440020,1755690029,795091897,2697417754;0
====1468419949,2900423313;1784820629,1610129049;2054452619,2375154139,2533339204,1528524407,1336065473;0
====2430646215,2977573749;2244502025,1672268553;585653444,2033799897,1275789048,1469234001,952736188;1
++++135863053,1977691098;2774577873,2875949173
====2096109592,2198625499;1543214881,2264907543;2767258063,2700483650,1547045811,3417663401,2101360345;0
====2822289559,687608604;2148681301,1628694883;1044418674,3571276312,4206904157,771337173,2381328136;0
====3339904938,2311663104;2110306334,2722751742;3678386721,1970101510,1993035356,1113449597,2003349037;0
====1034826963,730325220;1254998723,1803809788;3007806270,1791497615,1810949048,730164103,1493914058;0
====1466189816,2448040869;758742073,2615859768;984311367,2683287816,2059436168,3031339963,2202576170;1
++++316502960,3173619508;3708093293,469690842
====899945947,3757619598;3329972739,2679185158;3420349631,1501413257,946653270,3442206206,3171445169;0
====1919983178,911334777;2092960753,1543634091;2242566777,1071049641,1048187055,514386450,3340782778;0
====1569753133,3009060355;1083321484,1001233952;1361145961,2855116285,2459226112,1543895711,1690225862;0
====2845759375,2727464202;1684197055,1143140670;471936657,3202836648,3011617515,3653782295,2208925265;1
+++3826284353,3970523923;1233014429,819800598
++++2133463454,3126641625;2176437469,3322647951
====1007975129,2719986375;2232984696,2785843492;2564829124,2147923001,2994425965,1808422479,1219499169;0
====1273894315,1994473069;4073294142,2894123305;1189960271,2144714298,3379850600,702998410,2102332156;0
====2170517170,3371871896;3039734403,3552306626;2327096489,3233210636,3079920581,2842837003,2763596034;1
++++2352314044,1687355538;1961401838,960344315
====778806580,1418844912;1886242280,733774884;1420104731,1486758807,2499008955,2625915625,2352199451;0
====3535711630,1316709165;1670660483,2116116571;646461678,3171290656,1611814431,2501731792,729066128;0
====692001065,1856937040;1102419755,2163706759;2363843422,274252678,2252942087,3561002341,3051108868;0
====422591782,2819709822;2727372305,174983711;2017813462,526161918,1981616588,2144679640,1685487034;0
====2324423049,2313694863;1846514143,2375697001;2059917383,2404905227,3628668399,344231479,2162628626;1
++++3508652657,1711241094;3472842251,2772611453
====877566237,2615329207;1764326709,1994988453;2586531008,2378947954,2628384793,2887035145,1582199190;0
====3174029851,2449904895;1734663324,446135080;2460631881,2390335717,2295632814,2227601975,1180974704;0
====677439448,1460858872;1890812907,2645684058;381487048,3613336162,2576470329,1048589458,461260721;1
++++2493945439,2568215708;1253062866,998638036
====863081792,2914922147;1473551358,2227235611;2172627417,2357902934,445360366,2992629626,2498952865;0
====1488924042,3108481729;2132940318,3751401715;1674024526,1589592048,2777972849,1346059611,2205677259;0
====935365079,1887682172;3079196505,1346471556;1682168380,1580005775,3554585193,862000493,2629888045;1
++++1348051260,1959152173;2090506009,2411915804
====3015859716,2215693166;2204147085,2100531470;1990068570,1201850154,2144689125,1547677065,420757958;0
====1837599875,3463212407;945720637,1677653213;2023840088,2619670695,3358870377,2766449160,801074396;0
====662220905,2818674139;1423691787,1809195800;2415631448,2748211167,2032688854,1927340971,2552396093;1
+++3561670736,1115089762;1373604620,3903065383
++++2816819943,2456726654;1351416616,2026143098
====1637309599,1274896099;2210061484,2000616200;831909483,2582153644,2433061765,2257753237,1222096455;0
====586089777,1478360975;601074723,1550038450;2891442671,1552401934,3324223469,2879801798,2002000870;0
====3278920326,3634849199;3248626495,1904373581;3435489592,1954766956,3263760304,2352985016,2061178003;1
++++3558322943,1815810961;2568304114,426135970
====2799718526,2325189591;1966888127,2857577577;1232447190,2009454366,2162277513,2761564721,2954382989;0
====2248692361,1625844374;717252112,663799254;2059974341,3813212922,2903731293,3487387522,3860674802;0
====1442540968,2922319708;2437695182,2707955417;2865440781,1325607036,2984959533,2310765595,3379698576;0
====1869153339,717352816;2966743985,2365332737;4203602646,1246037773,1505232944,2266538659,3234617481;0
====2084770418,2749274828;1629230052,1301451768;565853574,3553254466,1424224794,2683551307,1175369378;1
++++2898169408,3846033630;1246177391,3790575607
====3530520403,2684464268;3841566555,3028648580;645850860,2815431290,3210419043,3205180509,3014019984;0
====2957767786,1399872057;3048265606,1739983214;1189365523,3759080879,2729434805,1846096237,1522175786;0
====2416515954,2946471490;3657052224,2004477916;2383980232,1599379142,264651905,1680361759,2515804330;0
====829254547,987112847;929290935,2654511570;1706239604,1505938931,3138792108,1747693527,2540882230;1
++3613582608,4066743180;1990850263,2208035618
+++749927733,3564057299;2152259855,2077807690
++++1723683455,1588518765;3430950464,2653510422
====929328975,3173028306;691987458,2306758835;2175494950,2586580532,3491292720,1297422229,1838425891;0
====3754011603,1626943372;2209302055,852687134;1649648086,1998077291,2402784494,2783452951,3737930929;0
====4209339503,250342734;2167236579,3558271854;2198760923,2244525371,3071102839,3994662904,3170559542;1
++++2544833750,1370603700;1309078925,1972111193
====1616958398,2219178515;2077560083,1627162144;1432720975,3089942135,2222755643,1298929001,3175717120;0
====1351618421,526678164;2355820801,1083516429;1688947163,1944918229,3118697958,1150035776,2511429474;0
====1474762041,2861998799;2089849512,2913226376;3277705836,2359647283,1490715441,1126262248,3312371100;0
====2740900855,1960777605;768378097,2422053161;1355713869,807671276,1950160411,2891275063,319083689;1
++++698842352,2772401613;3521269841,1514746468
====2635152763,1128698797;952803821,2395995622;2026940522,1672735855,3482243669,2069364191,2684538004;0
====1107614419,1758534441;1921893675,2363513069;2123012617,3052757869,3388258651,1647490674,825862523;0
====2903117084,2103398777;2223685290,4053947533;3003684494,2642814075,2514851176,876249108,2107350058;1
+++1529884102,2684604518;2542605929,1907566085
++++2034215003,1278850746;3009021681,213376920
====1643949931,3179648708;1627238029,2386054442;3268389927,1849456605,2328930399,2336088783,2086260001;0
====2834558687,1679724373;3699589519,2198419683;2511996909,2133030997,1629120859,3297109170,1742194126;0
====2163839714,2031080322;3147972765,3587930221;3243177064,1404065802,1036629544,1160357132,3546951140;0
====3248403516,2771763513;1879129419,2312888454;1480432881,3518079592,1720424403,1537761977,1606285579;0
====1975008798,1745115077;2194278298,2444284777;3562949125,1642282467,1908226129,1439214809,357700101;1
++++3965665683,3569868972;3672450358,3463330501
====2561581693,1819863798;990989416,2977800574;2973731071,3914045724,4096888289,3146036422,2527721765;0
====1834947516,2351816529;1995183217,2367746971;898436878,2980984891,2246096367,1363946070,3889652524;0
====1052639183,2126303903;3779529381,1967929273;2389837128,2164676033,946039210,2417299594,3284286125;0
====2170372130,1064549194;3301169019,2557266652;3231543105,1221162892,2362575799,666912495,1146939195;0
====1516080313,1705033986;2345580093,3640755188;2349971417,1703076419,3735247398,2935402076,3613678043;1
++++2643968785,2426168201;2174251267,2987264937
====2758835978,3878423351;1253624229,1921131449;1430591806,763442247,2333469685,4024718960,1989373143;0
====1732286562,1777949957;1600770975,2856121083;2978629856,625376080,3055603992,1883386956,1756754904;0
====2793690384,1536951833;1329179316,3084730656;2989330128,665610510,2443955955,2284545042,992131327;1
+++1167305753,1591938988;992665783,3397372138
++++1875844965,1227402130;1155457163,544322822
====2341621989,4205453555;1079184399,2098866742;1652806402,1199664687,626870203,617788880,3596293403;0
====2202034004,2945129776;3690132911,1096112244;2487243368,3675078887,3936709987,1469434863,2483449689;0
====2858292057,2942832706;1740251278,1535721517;245211604,3230527219,2557667390,2391578794,3026501077;0
====2790780580,1589330446;2710314730,1613961508;1946554566,2090994566,2020137929,1605473550,2069895285;1
++++2605090078,2562789388;3369318060,1222728323
====2194104805,1922060849;3079676579,2339663456;2077300576,2782487364,2685809788,2024543982,1628513937;0
====2315650385,1671665947;1710869149,2338433129;2459272866,2881339210,2817071907,2914416310,2142031398;0
====1721492425,676098017;2711307638,2099981213;2650610328,2820086254,1701254333,2126439503,1052428654;1
++++2305903024,1188001555;1762417061,2201177727
====1074759476,2310530466;1408761294,3116733630;2431982534,1040412562,1745896092,1223437349,1572165545;0
====2298168954,2305189212;1038563560,1972421831;1813769840,2441250354,211736417,2418275903,1812970320;0
====1734633655,2345017694;674427608,2443063676;1997913162,2191837031,2023925194,1675252578,441741261;0
====2284536276,3114487915;1925743366,1589797430;2516742069,2175206656,3284000257,2150360558,2567199172;1
+++1586757075,1591454096;1806916506,1506644686
++++1533113345,2699988690;391552028,2369399652
====837969432,875767146;1492818919,3359220439;3127990900,1425601034,2388567950,3263076163,305321416;0
====796530961,1164096422;2512452517,1208471112;1958591670,2674602393,677084767,663439412,3376268965;0
====1556835896,2906115948;2211565067,3560401965;3359498226,338774500,1942226219,826732433,2025796613;1
++++3352098763,1911798183;2722075099,1036521692
====2806750322,2253496135;2212243339,3018390714;782407773,2948740295,2203599438,2662601028,2540461892;0
====3136746217,2418980631;1183010215,3258164875;2661445228,2955191142,914920087,2472161355,2655380767;0
====3571968160,1728261840;689209803,796198012;963378807,2256009875,1828622638,3024962498,787199943;0
====3370175297,3460360242;2327574703,3653990745;2614910617,3222133801,1548505958,2684427714,2949993111;1
++++2522855973,1677004623;1334674868,1595551190
====2596459449,2325782950;2598079419,2488380012;2279016794,3216348334,1975037585,2993964013,1670159603;0
====2237863557,3144355013;2659859066,1583618642;3171589685,2346724330,3967803686,2977848802,989754654;0
====3104000991,1553973327;3733013485,2912384174;2348370779,1728749985,2169992814,570320662,1541549890;0
====1719772572,3547806227;2206007020,3132580185;1963421902,2264862115,3108959534,1309703033,1556592548;1
++++1984669897,2275491607;2541344539,2112984710
====2921859132,408658093;628034973,1283706192;2426905726,3057383940,2779172045,2757768252,2486536291;0
====3173745486,2863284320;3378835862,1898715303;2588464219,1333184541,3304743608,1209461344,1996486213;0
====3135288946,2189472012;3167028926,2442437457;2655288634,2025108178,3420855913,2056872464,1916238234;0
====2510858318,1736781070;942435594,1646389383;2229568983,1535469118,785395009,1965518724,2964924598;0
====997568014,1436574601;786078955,1805759154;3250842854,626231665,2472901464,3253041965,478607699;1
++679722291,3830119110;881897338,1260414861
+++379719116,2217163601;3891003849,1126724455
++++1291851188,1241791278;1432925617,2242727827
====2575725105,1290558516;2486038473,3537735257;2380948082,1983022738,1880293174,2718511746,1239082771;0
====1307025310,2742749976;887309603,2448387200;1870512647,2211012029,2232560664,1363599804,3667355417;0
====3420595691,2276785592;1788462410,925161089;931079434,2630594891,1675931957,859726232,2069880630;0
====1953022365,2064389294;3229164087,2406255505;1807689126,968653422,2403785239,733788561,2262258430;1
++++1496485370,2442646126;2408179608,1512702767
====1820460174,1768023388;1322051927,1622460237;3011716097,384420352,3489161890,2185970303,1706032720;0
====1623169278,2206175954;405792117,1489706711;1692250429,523439147,3384338963,2396651608,685268872;0
====2045367423,2246076156;3705838746,2910922474;540525655,2973075824,2069429776,3316023443,3248741314;1
++++3691396203,1445654839;3512622616,2552610971
====1698867540,1792563071;2042387688,1870424661;2906939972,3336603172,3025560286,3599534810,785363619;0
====2185798450,1138467127;2233579479,3782669479;1995131737,2963624687,2396495907,2562545865,1046523924;0
====2238172942,2630968455;1200784565,1709387992;527218789,2333954335,763075324,1053968947,1925740306;1
+++3078495497,2294428273;2579693484,1092145257
++++2300328521,2616251731;1923979603,1994794360
====2270831372,2236413639;2254779803,1325910783;3186598647,2107434448,1530455478,2370210228,715849826;0
====801600945,3892593884;1122901119,3003408293;4020212894,2269940254,1313178146,3086558660,2634695338;0
====1255863738,2653748726;2622640530,963881300;1350985490,733571243,3122729213,1972213246,2100776094;1
++++2834720076,2443091503;2963108443,3238620055
====1446293446,1236051327;3469857649,1801530476;4054688831,2254022659,2297909556,765745996,3284767863;0
====3426548097,1622820933;2718808851,2834033025;1527733690,2151629674,1351494823,2480672864,2718154746;0
====1291123460,1868483602;3245111064,783758987;2016662829,3278881819,2500664423,1882067567,2359786304;1
++++1837679340,2333599729;2353878994,994903593
====2361439263,2126552775;1788814722,1375198618;2743558115,754057379,2323438622,2190873307,3439738054;0
====4080132182,2791805312;2931441644,2864147010;3072808760,2049492890,1884420898,846122916,3135845472;0
====3844200831,2732783463;2883190494,2333347394;2965173307,3191251370,3460249932,1169127221,2003764472;1
++++1906843872,2541723826;3446715099,634517694
====3364662145,2231891504;1080133898,1971992620;3610935014,266929175,1108171859,1815078288,2892961247;0
====2262358647,1358417897;2473962020,2006181831;4012511223,2451504405,1760487190,789019486,1513433728;0
====821231773,2048961090;2193141502,2474015480;2614625388,3236196120,2277101415,1429292521,2294446473;0
====1568737602,1809764919;2850656851,1928410836;3870524554,2731419769,1496785499,2450359677,2135196541;0
====1014869738,796560494;297576522,3262307907;3411310775,3332732880,2220660167,2750713556,1087513309;1
+++2470641726,2153953571;2515301794,2769110613
++++3275587402,2323490197;1165475367,1815428173
====2107402319,2898117453;2563197418,3274974030;1537870582,2843170277,2666621225,1826162545,2646777765;0
====2264646781,3371510653;3207845540,2790649914;1568372853,1261856691,3105635355,1413196476,1869819600;0
====492547685,2313799309;3034924405,1995020099;1570698415,1750256815,2430288988,2754925821,1880190985;1
++++3258089646,3164937839;935980500,1435202719
====641219422,2668469266;2139648533,1263922419;2133056427,1870779537,1611060735,3209730749,1395974992;0
====3188147941,1928367482;2559852067,2282497345;1323218275,1668699517,2092560257,3176719951,2413889434;0
====1704408579,2346212051;1593846006,1312225009;2269207326,3040808358,1252324080,2806629827,1328782426;1
++++3443408474,1798891451;695670885,987267853
====1988650060,2368654097;1271031232,965701004;2037126228,2469769733,1307137253,3044420529,1456807373;0
====3286766653,1990025034;2815908408,3680724322;3653956823,1650189899,885917513,1057599345,1358098971;0
====1566356231,2693374182;2347615850,2904521752;3030015036,2204276743,1186049030,2348433381,2237943815;0
====3140048874,1873870159;3476917916,1416053882;1834143547,1699795472,2161365249,3017340490,2398064856;0
====728203578,3137462432;2982642844,1127690257;2116912469,684883900,1194848015,3236084399,2045716157;1
++2124230656,2437164127;702530822,3870458660
+++2053465631,1997543810;921340486,2301081934
++++2174291082,1232428980;3216107016,2915486819
====1934550251,2049965727;2153680767,2626535921;2899078859,1873578267,395069378,3118371629,2725656491;0
====2729067244,1979889053;2140466924,1455394281;2607588925,1674300820,2262057689,2112659939,3964273412;0
====1803363978,1078443910;591260291,2637367085;3530654103,2343236993,3322715693,1437722389,1023960798;1
++++2184145041,2413152441;1535881726,2495245877
====1333302474,247164634;2628161823,1026687053;3710251584,3245813189,2040777573,2208884479,3126409245;0
====926326647,3784459509;2294740293,1431241704;1271476457,3233492330,1565238728,2210374286,2670233433;0
====1306003722,3176348807;2323203584,3328213486;2828444303,1421561438,3323218968,3478980719,1634990950;1
++++1672574528,2146639864;949072168,2767926153
====1841563219,782606116;585811413,1999805686;2470172373,3651918335,2324645810,1528432166,2702975746;0
====2806492879,1077784415;975714843,2635313949;269562223,2366299508,1871735568,2969360061,744356563;0
====3635724173,2926197349;3103501034,3231436209;648132000,3691332092,2994999000,2593021184,3192637426;1
+++496527328,2589335982;2490643143,313197309
++++2079543254,1925069682;3155878399,1742811033
====1790122714,1573494880;2500365132,3456848975;3889049176,1711135968,3872161708,3594336549,1910516124;0
====2681238287,2236443441;1591390095,1635451047;3208523080,1648485723,432954672,1131521882,4098733851;0
====2704106883,2246510255;3850854971,2889686858;527574186,1199319520,1435377515,2228782353,1770409010;1
++++2201492365,3748766588;2886423199,1284792071
====1543601603,2318324816;1161417667,2300077744;1075939302,2098417607,3210154797,2825298081,1618230139;0
====1399584807,3106569401;1042131953,2450103010;1366240257,1388335541,1766299410,446358011,632975698;0
====1971172290,1969163090;834747002,2192432840;688562220,2670790941,1017979676,3876816195,3009120347;1
++++982052778,214074730;3264259817,3504353694
====1619904452,2491834626;3417806634,961797629;2420285729,3742158022,2624055897,1989337426,1507738015;0
====612580684,1793780119;2377709696,2382094226;236151636,1853383349,1235108539,2389903687,1626687061;0
====2929632845,811388621;3174522705,1601841879;2040608573,2243864303,1100017387,2167662693,2573782370;1
+++1194973759,3235785007;3164669604,2661352300
++++2316721346,3068990979;1766565405,1549084961
====2680372414,1520380860;3221479288,769372996;1213258012,2887746350,1075435606,2905461093,2477410789;0
====1872340437,2613895844;2835875519,2494721350;3103438020,3167342726,2401965670,1413135934,3119780053;0
====2484495388,2137467632;2459727794,3278556661;3217247205,2200619657,3283803535,3435565466,1505039244;1
++++2356612964,673909017;2245615520,2743263300
====3229438401,1259954958;2679633133,1384668836;2675896901,2320650122,1860195011,1637509912,513501317;0
====2373096191,2434425935;1134509165,928202805;1628027670,1735394991,2280462420,2693804038,1062254915;0
====2208691898,1631275503;2103990215,3395478149;1861648311,1782234994,628750714,1750210528,1990313820;1
++++1708652916,2363984663;2068240781,1951845440
====1603749914,904287234;1627945032,3761033120;2321657210,1529170743,2519098003,1335179065,2946723238;0
====1866960246,860125099;2618124767,3864014750;1875051481,1150300378,875511601,2776000920,3098651438;0
====1161662404,2324710382;771098931,3526678744;1321766367,1620942384,1341400757,2411407471,2694372002;0
====3180973520,1328993282;1942506276,3053330284;1235125476,1517823450,218778544,1674831648,215972635;0
====3482575316,316783668;2457729237,3533527671;2510210173,2867358833,2388855735,1938008536,1948716821;1
++835028971,3033379633;1636665162,845758143
+++1666490991,2822544591;2312218589,1037561247
++++1094129618,1300695586;2731533247,1308435866
====444963669,822105518;3739459349,1292819350;1637220264,2067476923,1164669733,274766234,4079104772;0
====1165018736,1446708818;2714103580,2940961417;846584750,3593152536,2592586913,2066819344,1249397016;0
====1919016599,2834538060;2607627929,1743682017;1421705293,3532586403,1482270288,3844697865,1103392932;1
++++1810897671,1329969171;2357847576,864831312
====3096990467,2746623136;2977276333,1364460301;2250607561,2205625931,1411701579,2748842627,2394566090;0
====2344277829,1832253815;1884313602,2840835729;294168019,1958660788,1422415284,1022234796,3188333430;0
====2850013161,1216041713;811215619,856725060;3443985385,768522675,2992655239,441751792,2139665760;0
====1633062933,3089492937;1416835777,2022839246;606718570,2557254099,2594884984,2120217261,3791047757;0
====1573033312,1962319742;594940766,983321569;1310659060,3394021672,4070421429,3364723814,2453329733;1
++++2765738034,1781213354;3443243652,2805909927
====2157411628,2516277173;1550393831,2242814772;606083293,2727259245,2532328261,1423563449,2384701637;0
====2813469127,875106226;2225010285,2267967141;2556341659,2068619260,2396083010,2131091121,2208678383;0
====3871321035,1954559403;1731119772,3192467690;2714197057,878273641,2320981865,1382266193,1323197397;1
+++346735977,2006407519;3992824083,2438769849
++++2411156186,2490925520;2022067107,2204765688
====2722789577,2484825034;2583911227,1300620191;859521663,3035549497,1497594961,2013437823,1292518218;0
====852803194,3497067568;3196106861,2726258954;2302886434,595054797,2907977175,3365510380,3105323356;0
====3396812590,3932353824;1831959775,2574047768;1798341554,1003760806,4182213459,2546129386,2441930019;0
====1724189953,640394022;2307382991,969255164;1785092578,1662677605,3172470746,1918762832,3851287867;0
====3754291561,2111710722;3012375348,2482977290;1426534508,3149650077,2777920572,3050815183,3578634221;1
++++2680847486,1642039911;2166231534,1166099939
====1177362532,1515133977;1622493093,3157995917;2142404859,2168125688,3221252448,2503013571,3087761629;0
====2337211841,1538571200;2132498353,2174228921;960806837,1684584538,2921521019,2546528927,2454677698;0
====1405033700,2277180494;1191185043,1051219301;2365637338,2633635897,2884934873,2974936298,2254775327;1
++++1025623483,1817682901;2583583262,1794114360
====2643214561,3518187606;1517817804,1645626164;2273716438,2386072794,3721280711,198961520,2720684031;0
====1815222553,3087256954;1680255222,1716563507;1256414156,1858680549,1136543175,2855379097,2976765869;0
====1176655440,710439040;1910151766,978195330;2893412369,1149386408,2250904125,2517452939,2316789527;1
+++2301061757,897933404;1035703665,2327093383
++++3397798748,2039268001;1709952174,944545069
====2381398285,817737879;2268869649,2466375573;2298837695,2350766874,2130307458,3303208864,922832912;0
====3836514827,2024262223;605126996,1856309419;2557877542,1727687677,2330073200,1165023389,2907757824;0
====1540562373,3538046875;2359277362,1751571753;2973936307,2595941385,1184857674,1722659880,2426174154;1
++++1110659273,767248757;1686428005,3082666674
====2186521297,1014933821;1073333246,1050820195;1012244462,1595441024,3359390777,3739720815,3655304943;0
====546971768,2135487764;1562917517,2686053762;1450144863,2561034053,2570440206,3683420881,1283388880;0
====1902095929,1862803877;2413795130,920078094;2721304242,435477756,1223433988,2474958769,3434933941;0
====548671786,1935096621;2973868404,3399322902;2870155670,2938081821,2033407400,1285539191,3342892755;0
====3297165827,3711150242;1852415558,2905341106;3505727106,3056709868,1532202709,2953421478,4047831160;1
++++2904158047,3127277136;2246915718,2276743879
====2028821047,1266946187;3228256354,2393913556;2750099139,3686492663,1567298252,3361657123,3351627056;0
====1434016546,3089143070;1898219601,2113620451;1674946958,1384086769,2451908322,3389746981,2133979090;0
====3063763420,1638925457;763001606,191915857;2358188989,3144348185,1200323398,3664971098,1475369990;1
+1945213862,2114051715;1632508910,2481467538
++905436929,1652160247;3230999955,375653142
+++1612955444,2710115075;2061707681,1874901087
++++2755979655,2162805898;1936278415,2654767449
====2022908190,2087328679;3065928788,2316967051;1670000391,2965211993,3667881313,1226152639,3283686771;0
====3257584360,3724396377;3351287643,2195642404;3265219758,1519203239,1699798023,2778722721,2988006926;0
====2366511061,1217737776;1508064419,3984697506;662437639,1273635907,2200134266,1269013211,1710676614;0
====2033118710,3484366658;3758633800,676960227;273774131,1810993352,2806603094,1394980049,1671062592;0
====1108911365,454855376;2403175731,2130099834;3708330232,2538304095,2934530603,2374656795,745279143;1
++++2562088401,2159436605;923140965,2117505886
====767632833,928594726;3117657334,1080526197;2504636358,1671503866,3110771643,2579991134,1502479068;0
====2281748051,1250463932;1287623101,2835460748;1548564492,1249602634,1725735298,2645303229,2392792856;0
====757340637,3160541348;3170971220,2577820514;1923861957,2954538513,2380673631,1833329815,3753380309;0
====3828588519,2515179305;3256238097,2164494990;2209656685,2035500304,973141871,1830703204,3602183232;0
====2550597935,2968334687;1376868946,3447073746;2148726177,2531016288,2501356598,1950498631,3784491667;1
++++2346097497,1920268903;1634640089,3415809011
====2117816347,3376094614;3488392984,2464832162;1748096009,700863598,1555364330,2392392597,1400676025;0
====2616958501,1272895097;2531323047,2406419688;3198882848,1486475252,2895228388,969365045,3166148980;0
====1556637613,2511202652;2075441745,2182644827;2666111488,994549762,681311881,376476346,1456961372;0
====775088176,1299917339;2691369589,2461976567;1023338067,2139976511,1040683734,1758329275,1439889079;0
====2007585712,445740081;2346122227,1640520924;3705588979,1819523320,2772779167,1612465998,1848840641;1
+++1426836749,1956347342;3175359265,1105574295
++++2993341820,1533501419;2212998776,1015791456
====2883357576,2403327493;2170795125,2162554093;2676944486,2148430721,3548539567,2617866448,1527296222;0
====1375450776,1889630879;1818295351,1474945919;2777136063,1589825929,1411845531,2698504541,1684059581;0
====2007245236,1403015222;665033527,4007466348;2594960488,1932992045,2802469795,2706896670,3235416200;0
====450505711,1045416222;2121614980,1666706273;1229744222,3295509669,2879887644,1932120419,2126895264;1
++++3032974131,2016893820;2478079459,2888796352
====2967580511,2349468112;492047128,3244884256;2575577256,3705532740,1983304028,1342763984,2991299424;0
====2049272385,2916715322;1425501753,3310617300;3395453845,2638062733,2458174805,736527592,782509809;0
====1802886949,1437862827;3591102656,474566754;530367980,2826169825,1918959860,591329846,3001091847;0
====2648116625,1381709640;3318556173,1235547174;2841711062,2251322860,890951838,2488525078,2611494571;0
====3232882208,2545698208;3194459493,2275696267;1499379548,2352122043,1172077790,3379471416,2924050143;1
++++2468556614,1621204075;3426452147,489107072
====383046488,2869354160;867427897,3065359707;752384779,1777347804,4181527023,2602688658,2290892703;0
====1428584417,1852645599;2005963528,893490832;3657907594,2667902972,639749493,1604937204,81805539;0
====2532415229,2732835133;3140234726,3980778490;2139296356,2819043507,1650300594,3434277613,1862509816;1
+++1889193281,1346646155;1256430739,554586760
++++1392590506,3359255504;2165523065,2134430711
====1348256693,1300577084;1545181190,2023367067;3403561362,2568730660,3117640235,2743621169,427183337;0
====1988937972,3522754770;3640229427,1294145459;446561726,1731228602,810152952,4043956687,546903701;0
====2586071275,659683230;1139185982,3357528964;934166226,2409407350,2402898200,2287707113,1974093979;0
====2854128866,652358812;1037887162,1945365344;3202927739,2736235021,1764593468,1353760192,2285833493;0
====1063084225,2522918040;2619152199,1311934771;1775285518,2467999770,3082328094,2112380408,2953138850;1
++++1968753848,2939195358;2700829123,3782340859
====2263695796,1547498146;1381734748,1840862031;2486479684,1125142829,2681990014,2709019117,3293825925;0
====3127302536,2752954535;2335932412,444060100;2177318688,1732361216,2480184088,2055229598,2709447623;0
====3638806026,3604882191;1151998182,2781177901;2214249699,1876377999,3228741153,1678711658,1428647234;1
++++697160784,1729272209;1055277101,1334112437
====1836860720,1896084238;2111308168,1882989766;1730983578,2223245169,1004070009,972502617,2746130594;0
====2379879240,548896559;451119750,1225044622;3281585849,570777303,3075351536,2465735770,1567541283;0
====3098630745,2549968793;3382458998,1710683082;2997399632,3898426504,861106760,1307920024,908801353;1
+++1891472344,2579259512;2571094889,3379316642
++++1468887379,2141078114;2367119308,2552308268
====3499981705,1718766146;2528974213,1460507737;2061612202,336036541,607500122,2393342532,2335248137;0
====2440183733,1346251861;1955411662,3262694086;2472383872,2517203672,862533769,2196301114,2526502869;0
====542776332,3225363936;1364511802,1777556465;2902426335,1622321868,3146612615,2860410812,1888926074;1
++++1564362343,3145869969;2011322528,1930679047
====2788405290,2504821128;1220700417,2398647921;1205053800,2020693439,1768185052,2652777126,2718795379;0
====2189535188,3056729739;1493196863,2541851481;1703011674,3235367599,498588425,2930339842,3761756831;0
====2187137249,1362466301;3455913894,2009430076;3482839372,2120692221,3396652225,3056360672,4179645169;1
++++1469542565,1489700705;2354384130,861844895
====4044847984,2533656237;1194050242,1273870904;2419313825,1346605288,2070747535,1573778267,3243841379;0
====3216619940,1436144891;3598463505,2062007377;2432226192,1836381879,2114562280,2575141508,3084271523;0
====3433728250,1089869467;1476901238,2730946062;2959200166,3025393056,3492645944,3626132525,1552217290;1
++++1670474818,1022490538;2850393955,867140975
====416069003,590398789;2717952044,509685106;1809007542,1010904827,1691124541,1435281146,2921571401;0
====1375077367,2240278099;1399417648,3290225163;1340185348,1462870784,2584957333,1985497873,1722173603;0
====2255389106,1781339205;1957829230,2555498807;3582537682,802236546,2078458323,2828351153,1769916829;0
====2446716954,2350068374;3235147459,2580808264;1319780931,975193724,1736396915,849730498,1589141128;1
++2631463013,1239401128;1779908320,2366735827
+++1699107370,3080922546;1071597857,1750281421
++++1175830105,2504136199;1021750247,2636208057
====2185362416,2672196025;2919145046,2729568745;3790774833,2148423713,1265629754,2625770163,2547281944;0
====2132831060,3858723447;849994415,3151133689;2290123617,2446613969,2897203275,848888812,2655003971;0
====3443429349,3880463525;635989195,2595161857;3038133650,1654267857,2883271502,1805715717,1735573915;0
====2531992794,1878427375;1792833265,2465605885;3099272943,3068331310,1527594900,3280263813,1036606464;1
++++2301290047,1703819306;3819183530,1139465218
====1805943481,1451553226;2465983080,3482610867;2248951509,2535865115,1181287064,900342200,3136622770;0
====1828255723,2771414739;950674554,2713946254;1357827537,1896452670,2294903350,1982905452,3848745884;0
====1542620507,2301295957;1655857269,1498964271;1778238363,3830682203,1098021416,2464583122,3914591702;1
++++3098319916,3191255079;1383056454,2418009130
====1829055147,1509767005;245836226,1458697012;1049733786,1415254580,2680817692,3789702414,2996978765;0
====694107424,2969878150;1036933712,1205825535;1812744537,1970282068,2446157249,1940849949,2075776035;0
====2727551887,3098795889;882017292,2868519264;1811235363,1690430952,3192567914,3176068273,3038612738;0
====3718212409,1278017670;1708428615,1534508106;1628991889,1594882282,1820824506,2200664720,2793844965;1
+++1173498642,2373026733;2344490312,1627376702
++++3234334136,1720347265;2477457972,1011900440
====2361208387,3809644840;3119090375,1655270794;1376519715,1687081202,1627937021,2115725540,3022145765;0
====2059225250,1263654561;1995318013,3552110008;3125625615,1756009169,2427342713,2437522065,1761408262;0
====2593552269,2875426493;1958401541,2945457754;3706905781,632885249,2313423461,2658453754,3655203458;1
++++482256157,2094361675;2761007983,2964127533
====2364868926,3683775970;2672312300,2082002629;1278376652,1153926421,2554659251,3732497205,1680925816;0
====478623801,2252706798;1410275469,1906912361;1339737034,2981283116,2213350892,2460148948,99556962;0
====1284187018,1635449931;2256246894,1049375074;3523027475,3020677529,1518947586,1836289486,2113120147;0
====2094346936,2583478758;1746181616,3687623161;1976678109,232983773,2020903578,1135280430,2576080698;1
++++1596436121,3333114315;1976166426,1731814536
====1716393032,3332123326;2161272319,2518206717;719866182,2372115286,2622186237,2439946144,1076013973;0
====1526747812,3624428916;1874633346,2643767349;690878880,2003116407,2484224173,785237658,1829810247;0
====2664595190,2176746500;2696763847,3177101143;1446089336,3627972371,4053660579,596546285,677396758;1
+++1590133127,552591844;3934969615,2942254671
++++2310401381,818812344;3259349427,3280207381
====2182143099,1171310239;807983685,2972538206;3435653911,2972277217,1857229856,1804119786,3110361702;0
====1399012920,2261525413;2293919951,1283865876;466995293,1902630007,2966491325,2788680979,2343907878;0
====3540650974,3205847234;2563961875,2255578546;1941547987,2382727752,2024713841,2722096945,2582190137;1
++++2556188158,1224929773;1881425381,2317060782
====1697280458,2022093269;3663084732,2370823288;3080837593,1438849247,1376424191,1211879898,3064240785;0
====2000677307,3776624881;588372288,2461495618;2178836844,2524808013,983466071,2762019053,1551435772;0
====1477623150,1404714576;1525188049,3161404372;1687132637,1072934825,1015729144,1327956391,1904608571;1
++++1237923247,3459346329;2277177006,1062013740
====3598929479,1857707237;1663623937,848049242;1701898995,3204760863,1062934610,1780135245,3705470588;0
====983104287,1491329281;2295291607,2142706447;2571416706,1765041531,2720474263,1354992341,1565993495;0
====2696412519,2550539282;1859023520,3384083052;1355449062,2070880447,1305395179,2151724153,1582012421;1
++++3047900964,2214784901;2504410604,207742511
====2245849394,3688559487;3240629696,3012233624;2012767722,1496258435,753467011,1495400073,772766508;0
====1664145923,1038540433;2186251478,1794186489;1798189222,1473879139,2525118212,802199029,4083630966;0
====1978623879,774769809;1649998963,2900797188;2732532475,2120790106,2256801149,4214252773,2921317566;1
+++1590730918,1922053973;2404805097,3164451537
++++873312226,2430109610;3125556023,2129685335
====2151198380,2890802383;2647516260,3432147483;1279056838,3282010886,2821408714,1858986831,1926765614;0
====539445748,1605575593;3616756634,2714728608;1667211465,1322756844,1437883034,1747563114,3307463514;0
====797969435,3417820472;344345796,1400952687;1260160079,3465137248,2451192940,1076107672,1416425271;1
++++2559062177,1694134279;3291903840,873065614
====578588140,1866231941;1613650805,3940133015;2944179649,3209503552,2031167077,595352178,1633873302;0
====2605982677,2814069264;1552867123,2529712793;439556347,1196308578,3581738875,3115602151,3703965999;0
====3571649004,1924701979;1992767699,2404039450;1905828394,1982816191,2693082655,1701371355,3067612184;1
++++1666159666,358362604;996466799,3652907389
====2052508276,2480464431;2918648529,1903271563;1656779488,990367567,3121996060,4148064981,3903300072;0
====2397582203,2031796326;2034155894,932869294;1551565300,1804042610,1378952410,1270010013,1431747088;0
====1530008217,1777241506;3362682892,1031424100;1360928645,2835675398,1044156078,2784101323,1997527107;0
====2332085498,2051896185;1041010954,2740489425;2832548446,1488574909,1238241021,927801138,2773973192;0
====2618361667,2327139311;3671353025,1300086329;3232011305,1346027771,1918172419,1165621216,1562177459;1
++1634047065,2484393397;4094188878,1694000090
+++2482208561,779156282;1165982585,3137602046
++++1611425463,2656794111;1378919903,1501073647
====1538918260,1942564761;2322544506,495167722;1935892470,2926617136,1576331336,2811398232,2030825490;0
====3873375733,1947840982;3629205393,1224978968;1377561180,3797400575,1902501151,569035692,2578740661;0
====3246030037,3564569602;1610834344,525125998;2773519586,1219797288,3370583157,2583214462,3549398511;1
++++2788978112,1596750271;336113515,628434782
====3139548851,1213665662;1195550641,2273745139;704537740,1164343172,1642409377,2510263357,1161641897;0
====3027685664,462578564;2910279841,1601020975;1762973687,2230053361,2533182843,3228298118,972672086;0
====3015942916,3881058818;2597709639,843387455;2806299186,1232040894,1779513034,2515803062,976979707;0
====3985041095,2565816263;3514276027,2928864858;1005078816,1903250430,599376405,753520947,3576992287;1
++++1618768792,1625056804;670290542,1434727170
====1643593280,765970609;2145832809,808182162;2616119309,1391872707,3810561838,1387873576,2563336011;0
====2736257725,1304787681;400118137,763823289;2660333037,1469063537,1663367489,2921266562,2415787351;0
====1854261914,2611645807;4198018533,2190132726;1646913422,1038422821,2377712058,1546771238,2843995305;1
+++1610611302,2881475883;1243631195,2559077976
++++2388062315,795969978;3770530642,2705663571
====2314050126,3347355162;2274216233,2457774906;1188653659,1128600530,704874969,3332300674,2909199593;0
====2912173287,2741061447;2338690498,3176193025;2770225502,1210721904,1604607418,3335024964,2083036795;0
====1287563187,2163201902;2048834288,32753612;2116733031,1167965039,1093588878,2261324317,814147171;1
++++3373658644,2744053734;3837323542,2393311614
====2282439051,1872007850;521813975,2466255455;1653049665,1335393657,2370298210,2765885140,2986732571;0
====2480317429,1581651136;2713840604,1276511212;3191260073,2133413841,2711723563,4014277950,2303392774;0
====2010757945,2413834272;1883512082,1359707845;1030947948,2419075868,1913663678,3821586460,3522321310;0
====3405190953,594415392;2556624886,1976440861;2905497531,360443292,2949887010,3452064549,1420779554;1
++++2198553470,2785212770;1942719498,1689191312
====2372120789,1863924707;1674067370,1434802593;3754391807,3386457415,1767772375,767620241,1436440640;0
====4106289827,2348305349;2598277110,1047000305;2211193755,2374867036,679170885,2726909767,699179374;0
====2815551211,1566568716;2230468977,3049237873;2174945571,716287361,3019181717,222552202,2540179068;1
++++2852764949,1209146110;1954901553,3038775552
====2250855188,1073974420;1107760117,2588989628;2848225879,1213838852,2385956074,1488163770,1555615946;0
====145405235,3616677896;3562874302,932323699;2595077655,1311001753,1842726285,615426781,4090392982;0
====2706422329,2365867834;1625667572,1441275917;3483261557,720129562,3086708287,386741831,1314362912;0
====1521791313,2799954363;2482770793,2158693942;1511022397,2342019453,3926331358,3666772538,2480060475;1
+++2169452727,1449225727;1849947062,2622575140
++++2392984383,3819869205;1404236191,1344342768
====1548462248,3841578679;1788594782,2689345447;1747220497,2910800047,1213588836,1602273166,2070969599;0
====1443072121,3334218323;874982348,2372708966;2130964889,4245781086,3002740528,1574777146,1871840568;0
====3381509201,2374062061;2411944675,1513778928;2137524091,2174057172,1721129787,1936003790,2963645294;1
++++2136219779,1642743263;3040865107,3009072161
====2154497844,2320586989;2536244063,1874365050;2388688480,1301045245,2724406377,2110319557,2230291101;0
====1667443670,1619557912;2891013992,3023475959;745730600,1680280899,698450069,1499371802,2395692312;0
====1531565617,2577973417;1637116654,1548370848;3076271089,2783631611,1756087992,2164560205,1293557658;0
====955971138,3469871119;4011613811,2586244465;1659892113,959886892,2365094359,1735744362,1518377807;1
++++2526382178,3362607399;1856286371,1615092052
====2651728158,3370144856;1284760956,2209431431;2831052649,714391304,1425206794,2597926245,3847973318;0
====3492783626,2848545387;1779071565,1829881055;1531915055,2569937581,2397189752,1638766426,728160191;0
====885324944,2042599597;2383590581,3176733448;1768029216,2443548075,1680236846,1887265532,1567505774;1
+++2576844180,2993338610;2661900281,1521222868
++++1955380950,3593999727;2315940907,1515272380
====2551473318,1878790324;2779132793,3763972752;1523238927,2344817208,2703780220,3665015379,1096551726;0
====2105696747,2782993415;986453289,1207178264;3052340200,1026421303,1819931501,3811617227,2755307020;0
====1763346019,2038040350;2880609508,3080972230;1007954935,1007691065,2022698319,2453099898,3502436135;0
====2702298355,2677612033;3028948063,3444343663;1224230279,994210314,1847962736,3684399121,1602299292;1
++++2570851608,2731350658;1825912684,2900632818
====921163992,858046193;3971677289,4046692742;2004014950,2814961598,2797441793,2370711908,2727683379;0
====2101249877,2323629574;2793366329,1899387219;392301545,3262018628,1406133854,554303093,3611372007;0
====2945171144,2977442282;2110804937,1302916846;463030503,1508583586,2812538557,920005899,1624871025;1
++++993409621,3664203792;3050179928,1591408136
====2240155772,2270345501;2566355872,1788420676;3585460273,1881761692,1821284553,2640801892,1742294286;0
====3026928317,2503003866;2252183808,2598465494;2956565644,1259043340,839820148,2646943706,3491395936;0
====2598320661,2971793853;634379295,1353504190;2654855739,2203503229,1438706811,855173007,2381899053;1
+3286780631,1462284133;1574527610,1878358185
++1837738254,911706925;710494897,2074646013
+++1866771826,890667394;1233627700,3188670336
++++1893821289,1464735708;2554152979,2418787278
====2157556705,538024706;2076722969,2457136291;3110039759,2465951449,1437983856,2454869914,2090766400;0
====989740680,2597768773;2162734896,3617065124;1162765853,1848364688,3314787908,852365040,1369711986;0
====1586315797,1615959913;717800325,848881316;3274930612,2699698493,725602355,416128441,3187874627;1
++++1783616423,1697859033;2627686804,650096608
====2465262869,1310920545;3405686800,3634940694;2177335015,2038693423,3296296645,1802752144,2978744254;0
====3007800199,1995900420;1829373633,2632609266;1958796537,1119063371,2054151863,1619045888,3107695784;0
====1470510583,1353518753;2459061192,2295867217;2189588367,2424743105,1559072764,3023558856,2333746520;1
++++2064527257,1388504340;1651317516,2805908358
====3748714918,2399121832;1554283577,2428710119;2718622761,1829999897,2478813793,3472207840,2250970214;0
====1721351965,2467845355;3287644142,2495779717;2417596142,1672592991,3109864332,2169638279,2043044615;0
====2877384139,3353150282;3278489008,2604633060;2781069562,1598351463,1769522729,1925028305,2482756490;0
====1020361758,2816787793;2534959227,1316558997;2258516133,3920821239,2332042666,2953799135,1140599566;0
====2832320557,2983698889;1578061155,1563832670;2490592681,1756314760,1608412404,869728025,880804042;1
+++1392819368,3303993590;3060626063,2481893756
++++2098749971,2583048775;1745922041,1300710071
====2684571273,3982779146;3257846767,1241012455;2903570814,2784477058,815931057,2171051298,2080487998;0
====2429576099,2935943987;1183943161,1940767804;3668704402,1949916362,1739358389,2293906164,2388434302;0
====1866169776,287136442;2364842020,1895908660;2130658012,1491097130,1237235477,4169913234,1312227143;1
++++1993281257,2129689415;3495083514,3684277535
====3858715310,3486103262;3256044018,1960907606;1758713782,2381549239,2177781185,1948260562,1206816205;0
====2827004729,3132878781;3222819105,991741934;3800485293,1592127614,1247982108,513839116,2253151433;0
====3206932334,1525815595;1418261493,1221600648;709080477,1363965843,182348477,477310928,1630372962;1
++++2346974651,3673790474;2050954993,3805990032
====1641624814,3356100516;1620083208,1710229802;1443528991,2061331757,3454725921,2112708608,961765190;0
====1955763394,686720602;997215867,3037812619;1435359896,2140639223,3633007297,1483121791,232467665;0
====1475405044,1893869544;2073248651,1790094508;1781983739,876383062,1890700783,1714941510,1823270672;1
+++1542659985,3207244274;3092123486,3278206124
++++2641059844,1699573427;2302370217,2756540914
====1383229310,2621443104;3434867166,2804548610;132491087,2101208739,359537879,1886225781,1855475647;0
====1973105175,1920671155;1986789874,1852852824;3106896978,2249664448,4057709037,3396455935,1144171162;0
====990922032,2511084306;1451691351,1268713282;1274151393,1387794042,1845274802,1941928284,1861529848;0
====2387483202,1557986175;1994111414,2758291341;2811275761,771073158,2983580069,1999537928,1981160856;0
====2262491857,3291745785;1048767606,3054433182;2032479915,2046346220,2750037721,1851824849,2617517905;1
++++2024572910,2197030081;343977032,1656840631
====1808117615,2606890299;3054122242,1032953270;3054658283,3466350511,3584897398,1590495366,2122479267;0
====1195832934,1999613215;1325162423,1743048878;1371173412,606961719,1147651629,3139424946,2064937215;0
====1839759347,2265226993;2142860648,2913501134;2457635996,2472914005,2521313827,2491952998,3268995117;0
====2957986885,2777176758;2369489106,2109776950;2636445035,2180015324,1010551311,3525798542,1912351180;1
++++3153063592,2455243130;1559157213,2512990341
====851953606,1839739505;1251437062,1923874895;3882092437,2186252571,1494532825,3177446470,3378264047;0
====2383161790,2537478849;282274839,1385641661;2168099587,2415362277,2540733835,2582375611,2686067376;0
====325428875,449324427;1508711480,1784294129;3248664654,3250873281,2873194252,1857581843,906885961;0
====1583168255,2112549101;2529237615,2477621732;1455393735,1188814497,2696032817,1406893533,1590389510;1
+++3807926712,3369713570;2184190744,2536818552
++++1640039773,1519060178;467145442,2398168388
====3676206417,1427329296;1909527546,2712316208;2965519577,3566678596,3914886166,2410424904,2228801361;0
====565969489,2475444785;1134179990,1396326374;1706847662,2160352290,726868349,3690435720,2996967215;0
====1688937828,1732915205;2549368306,1694882822;1972751879,2690642676,2650326200,3088265494,901681050;0
====589313022,3835129531;1689050350,1864401446;2768281329,2015515902,3713647010,1858584005,1953797040;0
====3012355759,4031584973;1839341494,1495752211;2052428140,2426187574,1619582124,2442991589,2076217519;1
++++2795322917,2403767434;2293484268,3256398671
====4013000160,763006500;2373897630,2053883718;3530973237,477894796,3352594498,2558410923,1316805130;0
====3838183535,2441229971;2979448831,2251032483;657933471,3755987173,787243262,3046863447,1180282038;0
====402774142,3777581559;4184297400,1395141505;2872250940,2128785893,1880224025,1998259641,3517717568;1
++++3497726745,3547414115;1202783776,1866561120
====3930492005,2726866053;1177739551,1821569470;2753161829,2296962546,1922229049,3523707968,2566309658;0
====3118295406,3160403145;3661507711,1799954114;3857442431,2436715627,1335252072,3323224967,2272748072;0
====2652015395,3278924537;590711261,2114962442;2219140615,1711153735,1513085444,2310506035,2297510408;0
====2458110229,968744341;1899516298,2252031817;3658650278,3186700698,2905698649,1869695014,3770326580;1
++1784136498,1350850392;1813719346,1083922489
+++2631693468,2400095988;2302955476,1138265173
++++3832227743,1301784645;1876365498,3576018216
====2289292407,2985727190;2773912252,3292983978;1810573762,1760110274,1631747922,1219397545,2294589373;0
====1166768292,3091222051;2124264383,1868232762;2776528720,2725744662,3059805410,301349415,3392810952;0
====1516055448,2914914692;1623092247,758910729;2563954379,2220775366,2276196911,2803747553,3138877324;0
====3451534061,1186673416;1117314164,2195397265;1684186506,694159623,2379532166,2070398661,935423391;1
++++3402833553,2071810723;435959512,2756844261
====3078669115,1897312453;2010006759,2502768420;2968728909,1263173936,3311030702,2641425537,2604335912;0
====3146809191,427635927;3826172473,916738320;1485355647,2183088959,2788298418,2704062523,3158413424;0
====2616377009,1204093518;2137764775,1989048238;2787416985,2422057813,1912545753,2768791173,2818326782;1
++++1645143010,2001803297;2919991999,2049890213
====187992184,2224598866;1873314929,1351347008;1847855353,1803705152,3144513711,3008885161,2754957088;0
====291338080,2565565281;2771267416,1334602064;2478931868,2227118614,2315101853,1708724502,1728610922;0
====1245557145,2320110460;2535373277,2427082812;3270988622,1189126907,1273007742,1717670405,1480961524;0
====2901836841,2197710572;570162682,1358038924;1616159879,2123043041,1577640668,626718310,1358496518;1
+++1600023580,1114855396;2138202196,2198377298
++++2146806708,1999970216;1316486779,3814078349
====1944482742,2257874495;2565815235,2158491624;3220394613,2362677801,2798545626,950913279,1558455542;0
====1703625406,2158922712;1384972809,2261152719;2493364420,801428638,1803965080,1921993629,376740703;0
====2301613649,2362074907;2808495983,1524607095;1530531956,1159890811,2276607583,2696919811,1632277846;1
++++1227076836,2283004000;2598830557,2985397308
====2583152940,2898370213;2320850689,2465095026;1436209662,2204571248,3010376620,2325615571,2422124226;0
====750043964,3610519962;1684624896,2153085213;2393531937,2387668884,3897415813,2323721169,1945245698;0
====2137842087,1523961186;1353533338,3199704779;431278125,1677080545,2855423923,1883423755,1782363656;1
++++3431438300,3772549739;1128661819,1327379824
====3023493829,1949298586;3617403037,2835837375;2288410746,1614978680,789676984,2294681327,1907647251;0
====3717439253,2077662955;1913429827,1307331086;2915968970,3250806406,1482317026,2446275495,2343507986;0
====2425190436,1583543482;2612426121,3012746635;1485283503,1833731404,2083480145,1173803581,266458336;0
====3667990323,1693992868;3198343361,2603002325;3270024662,2519541080,2269385098,1740313035,2291629767;1
+++2145474492,1806872135;2161725607,316500749
++++2475185758,3818769963;2370699103,712980581
====960753922,1530584871;3135971027,1925989369;2396414446,2159354027,3223852732,3664336286,2175576253;0
====3647726042,1993237933;2936040518,1071026001;1962382871,2948505071,1677721388,1677573642,2055204021;0
====1444235760,557912522;646671982,1758645268;1982275223,2565297536,863627367,928040464,1808400902;0
====1871284922,1776612803;2150866838,3393627659;2739839449,2576632309,2059161965,388309627,2147069375;1
++++2741055657,1685321892;3040094593,2778239419
====878492701,1392619248;1546136204,1393095381;2366370420,1435157776,949560417,2216964323,1530776524;0
====870728625,2630226808;2693154886,1896009649;1649714190,2676805391,1404779706,3480370254,2458699876;0
====1125194576,1193429473;1213359900,3496710568;2278770190,2032298286,2496560264,2475135256,1871809492;0
====3434781393,3358860826;3212007688,1350583485;862828702,2700525618,3677771650,2880138552,1262747913;0
====2756169337,3660896775;2162850895,3262614963;1420391717,2242033162,3375041026,2633312593,2684595357;1
++++1715842695,3375628446;486720080,2155466396
====3123027306,2223545925;1534043281,1651462117;3423947227,3742522961,2179378560,2102509494,1200971750;0
====1885211296,3933304934;762687475,2441893970;1516107107,235804058,797414664,3455035063,1392163287;0
====2212909168,1760288319;1345567032,2454373069;2115792604,2217005688,2034071393,2985929394,2422212233;0
====1707577641,2620865996;2943976040,2501965951;1122585339,1539133181,2527322228,2823940265,1550744474;0
====1625122563,1565251120;1325891239,1982357852;858780528,3219423004,2145783571,944497959,2432051855;1
++++1444717631,1696475059;2044987663,2604338696
====1487647394,1715649861;2121743977,1763991977;2220477037,2069611065,3526370052,3210061336,2473515799;0
====1674173393,1780423220;467087140,883603189;1546255912,2396319317,1350128972,322451488,357190305;0
====419806425,2682300604;2676866529,1881013501;2772249131,4239208799,1814944423,4006039719,2791188656;1
+++2150244425,3197730905;3730651578,2116507026
++++1290538133,3977088038;2809814479,3044046990
====518294718,2607769105;1146402134,743832280;3979678159,2968404033,1252543136,3558188243,682201499;0
====1738704838,3435629624;2245024915,711873968;2258711610,3955628580,2866616429,1101189362,2350131306;0
====860992197,1478549020;2885789161,687627606;1499788293,1849376204,3448188175,2278403993,1234519375;0
====2665182493,2050996457;2148219161,1493582185;3413787820,2540795176,1724169439,1969273111,1515202718;1
++++3179358669,4002441705;1638751373,3647427687
====3343861363,2273664317;2000938368,2131127924;1083052596,2237090217,2042534622,2126793030,1585264283;0
====2966882133,2222236866;4060285898,3236534120;1929622488,1853168461,3497236608,2504668112,2650460484;0
====1450354678,2562490660;2361500500,2147250789;2406897683,1626450725,918068187,2466351018,915691631;1
++++3344124355,2755618082;1725471730,1312147063
====2526799311,1224973377;951649039,2838058983;3852421978,2572451900,1273613901,495059065,3542334578;0
====3488749431,3219644285;3542389936,659046443;2881473685,2446224464,2242853543,2028427839,1493720542;0
====2523309503,3314875988;3725413534,1470808843;989995937,2372008954,2261448894,1916117185,2449809244;1
++3089034472,1640064661;1876617731,3662403762
+++1925407659,2110792291;1380625989,1349880208
++++2661387786,1115933194;2782516646,2370792529
====2632589346,2704785685;3372850797,1994446892;853548074,688199895,3635430617,827775467,2860068186;0
====2335459193,1181281377;2387214854,1547999672;2919755880,2726074256,2789893332,2679491619,3536074590;0
====3508967331,2515903347;2162381108,2497730432;2797485467,3254754618,518877275,205221694,1394523047;1
++++2387393921,2766339803;2845305246,1231945879
====2034419763,2297574475;837299787,3254775347;2712572577,2577124498,1004621668,3210051604,2356368931;0
====1999515565,2121599650;1209692900,1874168353;2572245841,1218357510,1376684099,2098432656,2434417796;0
====1627035568,1781041657;752887898,1828622708;1140819363,3208760596,2227450601,3366883451,2506782454;1
++++1592435721,2143390422;109431053,2478315858
====2312244859,2800504287;2046521205,1465077834;565627361,1752496059,2638280534,1617227527,1270413228;0
====963394547,2956401855;2781496023,2228655136;3251072325,2431838387,3706335636,1748498373,2405798460;0
====3028855175,3518279632;2872834047,2599324177;1619177370,716299371,2246137795,1774376898,2140909090;1
++++2271276892,2253148015;3451258010,1041025978
====1977312181,3619322857;3031894841,2429686140;2312804160,2385459638,1621976850,1103963961,2268664825;0
====1484155905,2262481382;308647030,1847906137;1578047576,1389768391,2496799083,2294510570,1984268030;0
====1624959095,547908265;879703785,1948893346;2764367679,614133131,3522937693,1457408592,3377616011;1
++++3558053902,2394522290;1028361140,1747928489
====1746227577,1977594819;3756197747,1759516478;2447233535,2339140802,1842530884,4022543928,3152718741;0
====1335125533,1582460006;3202374190,2826892596;3116363446,894311959,1555220200,3207305857,1290313404;0
====788696049,1369997732;2527965199,2300971373;2295127547,4032233164,3059052826,334486193,2206958638;1
+++1447503370,3172554641;2637454477,2993026766
++++2295869528,3069250032;1246728694,3256823752
====2155187268,2368654269;2271686232,2427067752;569276811,3181897633,2272216441,1490991595,2012963863;0
====3308314904,1903739572;344752525,3310382826;1888941924,2926417573,2350651763,1567107258,2290161537;0
====2303949344,1518700713;2124434821,1926993283;3275425269,1464497435,551068084,839265933,1044911666;0
====1776749314,2569419661;3032795872,2568127010;1252644189,1925687192,1174934040,745052337,2479746112;1
++++2261898558,2392223242;2233053317,3404893066
====667984687,1914628797;1550346055,1750475619;2114630075,3639947938,1786684525,2379495156,1709963089;0
====2060060282,1930566988;1245462596,2999470983;2419244326,1302459949,2233964644,2169401208,3144186754;0
====2105386300,2064328896;1518647672,464005279;3160972584,4205299249,1773745994,2184106485,2422166291;0
====1736395496,1938118391;1322349094,2549315579;1864123782,1287774891,2179225605,1913328997,1962354093;1
++++889410174,3783810904;1256314737,1733803848
====2129620166,3902309215;1886234231,977976993;1600591047,1673429465,206216462,1406808336,679625650;0
====3224946312,2811070232;2000006283,926819692;2029005677,1975303347,3671006876,413121308,2355150291;0
====2143946891,782432615;380949286,3491473772;3167777497,2307151471,2854907299,1544141033,2944123332;1
+++1784917273,87199560;2814141788,1986065551
++++2407833332,3208312493;2068045627,2356006085
====2068315454,2702225888;3390802802,2191618448;1465351905,1693522821,180293559,1790960000,807403051;0
====892481191,988849039;2213476606,1308859907;2726837066,1122208472,1979522376,765859767,1886482969;0
====1063534995,965643205;1303885540,3533936300;1102022588,2907137702,1402182251,2418169995,2409162793;0
====1328110055,2663253181;1319197428,1975945290;2161864924,2600507554,3399035415,2983254198,2544907161;0
====1288421983,2811291668;603904840,1916632532;3180126445,2349103301,1905863479,3695795425,1916251189;1
++++3238697471,1224322947;2039191517,2220419586
====1265560975,1204094102;2865564941,3403291236;2052328123,837325822,1703637900,2164315268,2526314894;0
====1927442623,1334808333;3428113062,1610122388;1709613774,2230562692,973757036,2685759831,702312649;0
====569418984,2515929234;1168997812,2532759462;1053781581,1635653619,1421043912,1599872914,3449172344;0
====1555873473,2989833150;2811368679,3946342709;1656710596,3351463509,1925678332,1426516935,287629175;1
++++1569100001,1918685647;782145977,973374431
====3288567187,4164216489;2429356761,3393807168;3421387208,647183119,2192700431,3324775232,1784661031;0
====2909480862,1913648852;3440655530,1771097717;2599572467,2062890912,3912727236,2305952044,2910154450;0
====1719044981,2349678344;1156547374,2191392382;3785345825,686595962,1271837025,2822358737,3077832987;0
====2798974009,771398830;1702428514,3475443724;1020349899,1784738528,3208481358,2970638937,2363890925;0
====1960808941,1315023641;1760365931,973308086;2870556736,2187974707,2002769444,3406281217,1512615760;1
