5;3;9
+211371304,158612762;602348822,1566862848
++417715676,224259891;302637684,1060342933
+++1602344698,945209417;1090813079,1901088069
===1955273033,1084813375;92608109,1404038708;1897035217,2034269417,1376916309,160854104,1210374567;0
===1257173186,879189356;1401909110,1040859925;105458690,1901692306,1340041823,133184035,356653247;0
===1552308030,880477301;731384413,1005282901;2005604277,1499010840,49948497,1775618214,1451857666;0
===1729830241,2092032619;1170431007,1857782026;1433816589,1147550911,380468128,379415822,673387853;0
===425991186,821329562;743968954,330830101;549199341,958241881,2116161194,1588799460,1484171895;0
===662727319,1706098209;514417583,1319131346;345146120,1596764860,584848382,2107703585,1831961694;0
===1634085765,10420359;1860646571,2089466586;1228871241,390168872,339638405,106421009,2072441683;0
===1380453477,1466212077;1863647535,653089930;1544051621,1107196244,531203629,186026104,40031797;1
+++285357677,410489550;1883037961,1734152622
===1481013896,1674401452;1304185813,1972653792;1306422358,446977180,12103629,1853809570,1382802628;0
===852834962,217990557;1688736693,1218097110;982001888,2015599940,1700676931,607613705,757298740;0
===1093052514,1704173055;138576813,1543751991;1082879123,60174686,2064271024,949181358,92120535;0
===880058918,490596296;1521829952,900455807;13843839,456038238,2006797666,1420781719,1234663943;0
===2040508048,206850678;973557379,1753403619;536796217,576463489,921376665,290224892,1697571844;0
===786298558,1361254157;1982529727,206805942;400567260,42114239,71075373,1843213705,1332026836;0
===129563839,1904099410;292910309,1110339023;1865845918,1738503371,1629137203,627559157,1491701078;1
+++546443274,644897941;269066591,542201551
===1527357231,2118620153;1772736394,1654034792;1155580858,1521698148,1365037558,136147715,233612245;0
===356273904,401881232;1650665977,103795338;212953167,793944560,1365426554,2115651530,131860646;0
===2060548752,583588603;207739008,610076082;1533035956,1067947932,330555255,1029125294,1454811527;0
===734153090,1977485652;1011222901,394359338;941184336,115332494,1410594134,1185009154,39137382;0
===2027686584,407988257;1976421384,1506664958;481379546,896888114,315761992,1359376195,424473741;0
===183820282,853336520;1056770926,1094054851;2067017938,251175665,167867377,1666808024,531610081;1
+++533677896,1879175266;370834525,843072056
===1540992122,2105938474;1193120185,906118339;2004469278,38868633,902810466,858092720,1213228247;0
===901258300,1234642468;1037235662,1752625284;863293867,353720828,831625642,9715910,1499611401;0
===1118144217,1201863932;1524694559,959953173;1733173050,1688787262,699888214,463986241,555224778;0
===1658537672,1596989395;1623393429,822755130;993637802,475347759,858324913,1877297547,956498243;0
===806402082,1642167938;1956691952,212392849;1432338748,98835526,2004914897,328541988,552840722;0
===1395984289,441681122;128201130,1451225592;462071408,1172549076,1805937920,777299790,1060716273;1
+++309848405,1227951626;1809222300,428596458
===712317805,935459308;1969660857,351369882;1052067004,845913835,28194954,1472315742,381088948;0
===761846837,1728879973;1742330659,399638141;1193479733,637756853,574752321,57076513,936278670;0
===165224267,1127121637;1110674644,1699799929;2088660493,1803422150,530665970,1600402291,1954545519;0
===1037843974,417079301;1850057900,703778855;1456934055,1363168859,1161522265,819999056,1187004316;0
===922400088,1518354731;1497997240,97416852;1750664550,1837710849,91179848,1678160016,1299860717;0
===777277161,1782444599;607175263,308478870;2042229785,1243190760,81523146,1392307651,846611870;1
+++804432150,1700257045;1362900193,1867093494
===322672076,50139274;1007599268,586828562;1204356726,404009675,1724687184,2044751405,579010571;0
===705198699,1894638708;1311072057,1690590992;1817874889,1346103578,1835066345,586480007,419866070;0
===656700206,200259021;1433593381,1409028195;278196973,1120117313,381355019,524679150,921244375;0
===1298919838,390741256;453301208,1458324696;861632178,687754051,1032914713,2005809648,1110235532;0
===1164219129,595993414;1465963301,111452082;1794215348,480127745,1668217671,790470650,60456593;1
++2084263127,784976520;288557983,1498275480
+++1893149346,1897816401;1921634199,1894896878
===1299294337,1935586723;1002006446,799899603;2132238430,1199474814,1346354207,1443790370,1865272265;0
===1906642081,1644543869;1010882921,25508689;2033480727,46590953,534249891,428704100,772166130;0
===1617318101,1156799955;201485165,1067558328;457310358,1575811390,1278014657,1776002273,95610886;0
===739205100,2007919354;162393878,1887022603;186776121,190504023,394650485,1384341691,1086564552;0
===75612889,203992203;1418098750,1634459663;2100952638,2021938964,1553515572,198286775,194531302;0
===1312539688,365145077;570749122,1456673777;1305795636,1267915147,1949057404,996859257,109577553;0
===876410851,901625738;104618141,1902229421;1883505318,1879953393,1713507592,837039718,1100745036;1
+++1639947504,537758852;1151399895,2041917380
===1692319895,2114635581;87955177,769286088;1355142519,560669601,1698011991,774524377,196907258;0
===1674094105,773149903;1596286538,606387582;480320409,393123491,1878398113,532615838,622946189;0
===26128312,1865096109;137748466,597147296;996583004,2144741001,9211466,1363061877,572178468;0
===1604944753,861233957;1400948002,439054424;1155738740,232153679,1911477786,628548988,1927318519;0
===1189548990,1630129676;437553001,310456011;951540025,1220862329,706197422,1867372699,1093762674;1
+++1245873587,1267916588;1740490999,1331997964
===1290931708,850901526;1877346453,1600961377;829166354,197082803,1488373717,1257523542,259673697;0
===323491136,1454437077;273777687,1199301840;39684120,20388855,166385026,338718465,1419506240;0
===1978617581,1143393303;1422699976,1015158451;384588370,1572449512,823345431,598631297,729382218;0
===1891251642,1192218301;283835392,1615370318;540780090,1994072339,1809181304,320324077,1597232351;0
===434197063,1957114946;1428802559,653648719;1485067118,2111300367,1939656513,41430235,1623504454;1
+++1476924141,18309822;360421389,577117130
===34880608,1904726939;258741233,1890883114;1243619124,1351729067,364215043,1394049675,7892441;0
===2019138476,1406572218;3261950,1914293422;1784694379,648464699,1378606175,1524911342,475271972;0
===1551571809,80672348;1619811060,1940011666;370295053,241368077,1603120551,2124809070,1838596635;0
===790549992,467187718;1087980090,2040965624;374282267,1292585097,1592871170,1544079444,1200708842;0
===1620540950,1523099471;1072514628,1619885460;1453587203,233256454,589508365,1489114491,1755121665;1
+++146950202,438123385;862189562,2065679346
===1092314498,281298202;975006803,17845085;1876295693,1022643904,124701108,1223765889,1134147004;0
===1179209247,40486272;1695105664,1055136477;440999310,865062196,1844997176,581229176,118497547;0
===1768463112,1988369650;699004545,1422191399;1160455525,1926190906,1541286804,1758505834,1012501254;0
===1139704054,1786838470;772230871,1069982761;1107487305,677903890,2128834319,1245241058,1872015900;0
===2094283961,1469779287;1769198235,479611221;227034877,1199471896,1849199800,725470011,1255960369;1
++922769877,1661473446;480040855,257395785
+++766760730,1313553498;628545699,781898440
===1553467527,751439255;775928430,248234869;137533873,66538947,1943511213,1078171407,1913270483;0
===4658849,2109233293;427642430,2007724105;1910672639,365522744,1185522827,1675367725,150593693;0
===2092056787,70931262;1886817751,212027624;81079515,612784468,885552823,420214495,551297821;0
===1107159392,1635582554;1662657345,392301423;2066787226,1874379892,923318881,1962965750,1244817735;0
===966369508,520689864;1996606632,1352884796;1570809,624867748,1635070750,528068493,20300444;1
+++1153720060,186767390;1440896625,1142527304
===923660018,601642223;539082958,2007470277;2086449188,1325971207,1729107874,1932323099,128137301;0
===231667840,1892909956;1350157987,1873635452;1877812541,537414021,2070632343,95869835,2107985753;0
===1289049280,1495378098;1700746482,354847193;855381482,1780941050,66222511,464310845,1140214512;0
===1556425909,93067669;1654550884,738230851;1900410582,1719064715,456355987,784347689,161793583;0
===1426061542,515351188;1934592960,1239994263;2018241165,1360328009,23410236,185185619,265146912;1
+++1707619839,197298785;214286469,251450041
===275589764,1448408492;664853474,1029502191;707030030,595754862,1208666618,1904877823,107848987;0
===339385376,1539973168;208315532,2102051766;1717229627,1513732248,2017248613,1734415770,1105705644;0
===192671503,931439571;328529089,2128329994;1930829863,1529167992,973950569,1915788994,2039951067;0
===578880944,1161265656;835046137,574523561;792797041,1409063719,1147530415,1839409334,407848397;0
===562939727,1064072461;115248383,1153049672;317316071,289264676,1215335495,1166482460,1380499253;0
===1193564963,997519973;1989999927,523548689;1125178529,488485476,1565167876,1340111044,1504210463;0
===629630359,2004412187;1952261607,1879751963;1434670799,310461080,1695243220,1839501042,1554223800;0
===524058784,1328470150;365326697,957711497;1749099959,132360362,1244733963,1888726349,1365451823;0
===812874102,874123660;1189875029,103343982;2085567740,78135926,87221263,1498246172,142582365;1
+++1933676081,275115614;486372455,1085418012
===1511669312,747210112;1216449306,155628975;1258120036,1325021296,545010492,1544260544,1351629953;0
===1915160741,2129397828;1031348908,641849324;45633669,1065371884,1543378402,563202498,1934558039;0
===447738911,1779377137;1923570156,2097934836;376097420,1838238175,1607069807,1292382737,1421443697;0
===433062632,1830195241;359918853,442905583;1193897609,1924397198,75284012,1375940048,1855129092;0
===1494600675,906562521;1666223345,948215643;1867170817,1318883615,688994555,634807824,1529474638;1
+++1110899696,136774589;48140494,303435383
===296041411,1295906249;1169014611,293427251;1121148470,319328346,760143462,1960198626,1791640185;0
===1817696528,1261155902;732694496,1044531679;1983662530,778803659,1482821215,1131670951,847301438;0
===76315380,985620036;1322571217,1810890658;2091251118,3288739,1788004909,432923877,1771215999;0
===2075784814,576588949;1127751221,172292734;66481794,1306949407,1603987134,1522805987,957044311;0
===1473120928,65440163;299034436,1509824097;1707391135,1905963998,1749904437,1765526457,1807004649;0
===925612496,561978845;991910600,802588120;1374312271,1739964948,342886620,1642930202,1772915782;0
===447906580,410571810;851982487,408250840;504438353,523525288,1251811221,1877829646,2134430318;0
===659808018,197726718;628386408,920053690;214537056,629114121,384389095,628216976,1023799058;1
+++24543962,861951804;144572214,1315341538
===208931676,690635482;1830393338,1806001238;2111493078,2090325059,1016130579,531314501,679954881;0
===1072452021,1380052283;1496419360,2077981653;734951527,1629179220,1819617897,63298438,1184566455;0
===573460592,187735997;1599713681,1105980749;1832660379,2098854731,708926366,1939143311,632128177;0
===1449695305,1016089259;472500926,1274762738;915269109,873104546,754146941,1625062871,1279138637;0
===96608795,2102323409;1196307117,1871252584;1847276262,525570304,278757404,1862035467,2098060319;1
+++1714687861,352236804;601644983,1660291702
===1745331131,776258928;823658044,1862507586;1046528552,1813763239,996495568,2095960598,423521198;0
===81897730,710962047;1206461940,259937508;63932894,143529716,655689823,775606322,822276485;0
===560510769,605524802;1074184842,1837729339;1677517923,1240999961,1204332312,892298375,1324385568;0
===276092856,658244733;1590696546,754860091;52349598,1393824705,1955534889,241946248,1563858496;0
===344918710,1748190678;1353360886,1706468885;1847567909,990949948,868381910,735083944,276037340;0
===1120838942,525382492;1715356255,837949952;502674177,780664107,425815736,1963978379,1990290637;1
+++81530464,53270614;257763104,1861005969
===203630729,853094659;1120523620,1660454842;367957873,254894014,1333277919,1973227319,113685165;0
===538332406,30854883;670244235,600695471;1934367164,192037818,1852523712,122995248,287930271;0
===1791231152,69535214;29617502,242243167;1645229289,947090296,607378462,237358763,2126759884;0
===624008633,1672665313;1655833693,1784936871;1057305711,2128535521,1201072749,932994003,801636404;0
===461939526,1104216226;2070226430,33796169;589883393,1598394794,2129810939,1666505465,2097132320;1
+++1739094427,1496955440;1716156257,319781339
===1683086917,519633356;901571067,1238223565;1517367034,947147484,1479050092,220291100,1974515321;0
===863142056,204886938;1946830886,450575106;138366314,1856171691,692817863,1408528725,1925790604;0
===214606090,1738961720;1974556137,859589900;1386852641,1723561777,1762683785,2128649844,733182945;0
===790173396,523853718;227238449,1740635200;2147242832,1251697673,1655418809,1539440898,426184147;0
===2107558170,886716168;1832747871,906064051;2081715658,785579955,130513330,508782486,710765913;1
++175314275,1802167951;263244694,2137523795
+++894652438,2113432899;85402232,778365994
===262901867,1962435158;913880027,551202871;2008726853,1351182515,1242582296,1075063933,974144763;0
===1308630690,1699059721;507461414,331407208;1728451321,1911606243,1561792995,1519339303,2076630459;0
===1314229419,1393309099;288680888,269122554;1546136790,1926404825,879995389,1740617109,118256751;0
===1523666071,1097926429;2099502267,60038338;260042709,657757381,735195435,1716896853,1030616837;0
===1448116413,166046940;750019881,469741340;367593265,1258014296,1959980761,333420365,919036441;1
+++1088496451,1163834762;2086515507,1521172192
===340096799,664666475;1514848953,1460369305;1125395660,320090277,1133848860,1086914352,2025595763;0
===480080012,496545840;877342347,250347602;45525712,1138680359,726173462,449217051,507173265;0
===2092375497,253575038;684759303,392506664;1621422771,445171699,190554047,1820031386,1280518162;0
===1293975003,1682989157;175271526,1100159203;844899223,521653741,1766023480,70243802,288642095;0
===321499732,1632404993;1170410809,902972798;104059045,383284838,1782917164,1881686090,1163804625;1
+++483005541,300735832;932613632,2129081569
===1246379279,778338810;1615861173,1315111138;1285445747,813254026,393779677,1105940291,521460899;0
===1319653079,966817922;660476712,326616934;41635298,154399957,122500568,571058001,955905382;0
===2129892231,905095173;968729235,1860838283;67872716,1411277658,268362179,1315305860,445326876;0
===1243005469,1681700982;1879155642,1796136871;532704788,1842653936,221540468,212655272,1720595622;0
===1820016686,1383222386;326507996,573556590;2119923886,657851243,994149854,1543693204,1762264382;1
+++1023728142,769002024;590760168,1319609589
===1705548733,965885953;15471716,443435417;1888238965,829187926,1715667342,1538980865,1111377051;0
===1748936032,1115966629;1868171271,1420156248;1838496935,449271268,1323140298,396547813,540329933;0
===1733142084,577523414;2044409795,1071608575;1888970415,2036455993,1912692632,1045938203,1724784086;0
===36320552,393637089;760876139,557175610;565928245,2144829325,266502587,2050937079,1608622149;0
===137467962,353612175;326742665,337682073;364018126,2005625645,1337083468,638103682,400522020;1
+++1906684570,665821704;449443227,1855593424
===706909065,1781396911;649099932,10468361;1964668367,1717367066,1446086006,1670841097,958278;0
===1793601797,1691494654;1348940958,768729225;704355028,1688581378,400886991,505417360,1907979609;0
===43121246,848429818;539905043,1304094687;897352454,956160197,1836492154,1193705018,367098454;0
===260191085,242975170;1169059894,574906472;1451655526,487829028,1674981156,935046560,12135641;0
===2016941812,394250142;1994858461,1789739260;1980058216,1638153033,404215785,858293421,1199262852;1
++711780037,1769187749;1676940578,1130013364
+++773274826,274673511;1402214448,2019208354
===1639048823,1371495510;1206092908,1440978939;921339000,817186983,1848998136,2139503716,2075766742;0
===2082273841,1416342345;1987094374,583779044;1212706184,1632328547,1878262894,1456653704,241585489;0
===642639986,1171073892;1506269549,1917466363;1942293730,549837078,1672519395,175831465,202063510;0
===130052145,2084331884;1219335664,1001661809;643827867,10518951,1292521545,199730512,1615595339;0
===2062226287,408216709;1748748385,607247851;1106755823,1048367110,1122000218,1116901066,1764014393;0
===32490920,417190686;221526716,475201049;1979914723,31722407,805871283,523758190,812095112;1
+++751431554,2040186567;1798786665,1617623300
===199373870,741932136;294710613,637100487;424811713,1154252527,164406570,67934099,1969145779;0
===891493265,450981071;6715889,872060155;414150305,442012560,1101422327,2107833104,1801935271;0
===1914684171,490289819;1801107413,710521079;1029425617,24438945,1314934248,155390539,476868990;0
===2127629280,1100384100;761866248,374579444;2041129920,12713010,1607401337,589986766,961096468;0
===1594424874,293693119;1410031092,393675934;1937829523,1281074263,1972502994,377820693,511456176;0
===465348449,1448745486;92649061,173982144;134651382,1498377029,847836158,1718975100,1327506354;1
+++385355411,346799993;1674740716,1725113684
===606491667,1086605837;1294360256,1733581275;1528712839,1578830159,1868552530,1631316412,931011738;0
===2104524242,2025432703;487028890,135879381;396256087,1086375444,573402701,211384862,1837091245;0
===68670034,1755614095;472192690,387885470;1040168202,2046054808,1305887585,351498812,655750807;0
===296714965,800010194;935993172,223722009;1650206520,1954501506,1628512141,1151018276,1527791453;0
===1202502536,1057709649;11281131,780492740;50522291,634001924,1470333679,1354492540,591346212;1
+++611203198,1593743553;1718281782,1169554139
===1169469604,227158174;2072384175,843965376;959096239,1925086240,1837022599,1346545038,1431661379;0
===2099347145,1779782517;1212204586,494985886;418777664,1851781942,525079409,394221375,301966696;0
===1846160396,959163106;241166576,2113932662;1430087707,1790073479,899249278,1416692195,2023253706;0
===619903977,1789160818;1823423461,1879326692;1753766649,1136956640,1153115224,1435219766,209899765;0
===1714097217,878577532;1092812603,75699094;1715424812,1597242640,949700822,1525770703,1282029118;1
+++1331659704,788184338;1053831315,1809723601
===75180916,1029165387;1904051243,990356406;2136964709,1050608878,1977837003,1821005749,263536553;0
===1174798892,433914494;1637106851,1662252412;4833350,454229053,1127915340,1220987406,1764869851;0
===1234398620,425607844;129409774,1608917703;1281349445,1429864762,1780777800,1407198888,977271056;0
===1694346946,1075630734;775221819,788943727;21111400,182747967,89762495,762086784,307893499;0
===618988274,489641067;1015737569,1260724725;1872779206,942134679,446616800,1075443460,639641371;0
===173522087,329303629;1147265037,376875187;1995721979,1514770873,403881702,605871037,537285778;1
+1793516771,570931259;677817449,2094698004
++1735528524,1411722904;743996792,56434506
+++23904123,1838726444;981899508,1394693428
===1846424937,1885485510;8293775,583453435;1153880984,635034134,1016159620,951095692,1514675226;0
===1751224910,1028347632;2090717521,1036132800;798898160,1796585546,379142233,2084593994,2043630941;0
===1175161169,900228426;24391407,872551159;1709849709,687185403,1171692105,1737515473,1562028067;0
===267717600,1834224993;860561036,1720203099;906368626,764584927,896078190,663450938,1764020454;0
===963764885,2083309427;2124475568,524525729;83698372,261135054,1240372550,703705373,1684704371;0
===510387384,1167245973;2123310725,716570170;1100020255,2142269948,812012663,1311289596,2095596657;1
+++1498303902,419321950;1404134895,165537822
===585896959,1221018797;1655636334,1164095063;767152750,1953461316,1319499335,597358162,2003849584;0
===1681109910,1803608117;1384969941,1384582709;268231639,1404294268,2022275796,855384062,143903886;0
===454301370,135896599;1591528630,106561719;870067073,757935961,1930714603,496484819,1336174186;0
===243665856,910327275;1423089270,293787070;1663448875,415040072,1422556158,1459822541,1574969272;0
===1932412810,1650295494;242122605,1973845809;2064316064,508237519,1963163354,738636710,113563817;0
===2104362556,1646582631;699062030,1048163189;1916309028,1356358321,748839095,883275550,723964741;1
+++2047968550,610642562;1461605150,430299215
===990071674,1093048910;550906076,1852087310;2106997289,718693603,1153422283,1757082084,973209817;0
===1791988369,1822855388;2064645841,1517727863;2075280426,1103032317,1499058276,820174878,939257612;0
===1349051420,723426352;161249811,332333732;94907498,69744167,1254685454,1774076229,1017290984;0
===1437566856,1793649550;1376819542,597512387;753204893,605986830,1177330421,1903400014,1649714994;0
===950352038,1055804791;624564859,141342465;1479524174,1914684762,2042482930,868759903,953211394;0
===2090618523,1741646243;419060621,933764528;19275566,1206074507,945011917,472327188,1505982359;0
===319397686,222405067;838059402,43432508;370092645,1018933264,834060247,288276937,1176504528;0
===636667310,1982398205;32138923,507050874;735276516,1395057304,493523176,183151725,132044879;1
+++1482392654,2089703781;786571387,2079643655
===1473727898,1482846601;873012996,1536872349;1960358846,1220048192,1984781119,1430556095,1744177365;0
===254310367,2035131483;740270676,535355268;172054221,1382218874,228714902,2072865556,68543050;0
===536367806,1793176137;1990390997,865200781;2142297637,759543700,1450463146,23844299,1395239836;0
===448901029,1407168492;333594249,2041394296;555805520,204099580,1414184698,1296228398,794435848;0
===83748920,2074421547;710207977,1399592339;1649777326,2057985062,842134292,2010603095,948365451;0
===2137249223,1088775568;193171699,801729183;501763756,1606787714,1413934132,1105569952,1673050855;0
===1941042747,344295115;868696692,563055131;952481955,265510554,1969146858,681022566,1501552662;1
+++201259069,1942331273;27766871,376853188
===1022000158,1832477883;1178258137,1894409448;245453400,1505077346,869691618,747723708,1687607488;0
===984596217,1634427095;537862359,2068202169;408724138,694581779,658315656,888296168,1720266948;0
===876027900,1945360218;1238005872,679807482;208319711,992793706,494470110,1785004495,926236844;0
===2089906399,1595747809;1015328787,1530721676;132841739,281731270,2026122866,1572900828,1510750046;0
===2063988743,730909904;93931232,1437226387;1460627567,785700112,1320528378,1736646536,179688019;0
===122383426,1628093833;141249708,1319733492;56832230,1966513461,364582277,1991716295,1659554698;0
===1844417558,984618147;949046006,1753719126;1993023460,1875536924,1908966751,709599868,1650111739;1
+++679073454,2006602608;1239217022,2107992118
===1863031539,1145354986;2021382620,1567236222;1295823128,2059987606,1277918215,226648873,1857683905;0
===2059067471,1211366264;1162002310,2065414073;1165298449,1615885678,1031999257,1458157644,576030808;0
===1891729807,1389511817;13967160,682971339;735682386,301553601,970102907,609534588,32593447;0
===741186677,1298346552;138493355,147843753;597131060,101558270,746685200,26158685,1607421288;0
===637099191,1864564289;34743474,1048364976;961093673,377584692,1368130820,273601373,105425025;0
===1659761103,1044255874;1878110959,1434696257;1778092405,1190868710,378307306,1881724214,367926797;1
+++2043710257,1584787661;829054085,539674794
===1514810787,1602661209;1390950500,1707413254;1843543688,1854799256,130033169,2101137920,846710926;0
===848880523,1971229431;1191574409,1760995284;1277501533,1587237072,644473608,299701435,1231855569;0
===2039899321,320891124;1806396477,1901171339;652802886,1599004428,1680934285,1852719880,1807557076;0
===924937531,332087826;118953067,1873842947;33017953,1978546956,1248398450,1905089982,1158379185;0
===249784961,690588420;1681086755,1807356682;143509419,1617519924,691975297,1784233926,1633688095;0
===122599676,2113150824;995881412,787519794;147814161,377286529,527391387,1003765572,1615432947;0
===283249585,1946666743;707701965,495817769;1861206364,393405742,759458238,1431015748,892834583;1
+++1016234849,920295150;1210130970,920541672
===1567888254,1337022844;987288048,1820228804;65539506,1599397851,83472805,1947771652,300452554;0
===402856407,1716260162;1568535848,720594184;1514486298,301631866,306532231,1398356074,753486139;0
===2134822344,979153518;109558812,800829753;40380521,589146593,127283233,1590723843,1417947202;0
===126066265,279769001;1335635837,2036131460;2126498460,1979974777,1080132817,176312276,1326706060;0
===262759693,1339849950;16863235,880761990;1741496331,1543270367,228187442,1425045672,212940081;0
===1268811962,1293495845;182165262,546504792;993874328,1114296241,2137343595,1980051063,1162290841;1
++1894022678,1749176004;680009211,1859099977
+++1895695422,605941796;1177112274,1217626809
===1637058655,1546965297;833342910,708359253;1553733333,681409884,1964995613,1898408037,1280701743;0
===1080820153,894849731;281356758,835433644;398298866,187234439,1785267130,834337928,1368807295;0
===1511509714,528882585;1031509767,308129527;48067691,673288528,2129673117,1615487418,1835844669;0
===515333823,376411213;1407452471,2126572191;1940073099,10465154,1696027304,2062396931,657577926;0
===2006101681,621038041;1762184116,1971855514;818863365,1257238169,1508240352,1152681858,1955321097;1
+++2109786831,1227230462;541468631,204812002
===509825850,1904988396;1999698857,1627018660;1391724992,1683848130,1103745404,464881282,1072111631;0
===1172131886,1518488230;1474480711,2051145443;1926202222,836873376,1269080285,1999697281,43632379;0
===1200209726,56999603;1330797937,77551359;1699063392,840059282,1079725037,274017375,97474260;0
===26870122,105643357;1516508890,1008570041;84022317,719466008,731222303,291839317,1070561256;0
===497997648,57366876;1108250998,1179582979;342046872,277479795,300678567,2005354720,1640318566;1
+++1938190078,2072446970;1507453527,1085641440
===353219945,30329006;355496303,1373470214;294440452,1625566321,2041653840,177374180,1584340001;0
===918837356,2122140861;285472569,1596779572;102151541,201814189,1919136435,1222646807,1522750851;0
===1198351915,1657078496;868123682,290338922;1388745778,185595900,946725925,428197524,1961959953;0
===361578694,583808043;1266360367,447901094;710752102,985619164,282392922,1787950457,2039615864;0
===965382816,1948157247;1692937999,282102843;476049896,2133400250,288963916,471219665,665855420;1
+++929138631,1880331707;1043326401,87060111
===1019842422,339591477;1568660829,670334015;1260031766,1573166300,1660086188,612013856,929941909;0
===453206804,2012602036;1215424625,1013913006;1749782144,1109952450,1048869610,1126440002,1958885204;0
===1323886612,380892687;713662556,1918619140;848695826,1382381899,854531726,2082130526,104426938;0
===802649137,927978292;300904934,438858152;248877831,1992126950,698515128,2084958137,43368093;0
===769801020,1033393899;537754232,1368908741;1335541308,594624269,304902411,840834575,854311486;1
+++1398347414,1996451354;588790602,695784109
===1419762592,1230550704;1146284814,1543146469;1758088027,1887253022,2058195976,1008617398,1475293730;0
===928777827,861735352;689496128,533000020;1540761020,2071954184,1967895669,1907052637,1678211561;0
===350704333,1016629547;1196983798,7313423;1641545739,1365799291,1895228522,2012221982,520643079;0
===1027202173,958584200;1905828672,743021821;1430164838,356683592,932176044,654439235,1367270804;0
===1130336365,133599047;155761780,2140360591;100765813,1577038564,1985954970,1436481427,1294661674;0
===944051047,282508152;417519889,39129705;288325604,241874941,1800007179,1347482662,1814346293;1
+++1953880546,336405774;119567869,109552907
===1961346551,975214032;1725638751,1374319488;77785661,100223150,1736944957,2124239942,1469749142;0
===961788397,1126230751;1684284961,54585833;1668978535,1667425461,2038332277,1420321272,1413706211;0
===1229443895,247466800;772985794,627479933;1624884181,157641045,730454826,2110814062,340335946;0
===1615050733,1607398994;1307975837,534065251;1470746333,914740425,1457632616,9512574,898717638;0
===1587744471,1811123557;1758730355,319562345;1209638731,1323641583,1891120243,1507085240,48122857;0
===1316584948,677125283;1415926434,535896922;1894554814,1246536207,466889285,1469896836,1809997731;1
+++456618331,400543756;1185796677,205118462
===645344216,1134636237;1579430904,778634551;899362410,448200422,984428651,301531913,607274729;0
===2115362536,127128142;1726723926,1426257778;627785699,1877607369,1789136296,1040816652,1056060449;0
===834604467,1552040989;1898642173,1431425266;985652627,266841563,471783940,1617581794,925852071;0
===1027390569,1335785785;161002343,1724519947;1092685367,536666556,774508560,18872411,121791993;0
===1063164653,1228936041;1007938412,249792895;1299905652,330261066,1554280323,434649719,1416136512;0
===135134428,1101728626;1631914228,1891248027;1034049741,1490785462,1708963510,1408786915,967680817;0
===1260215716,1433958363;481646056,2098230723;522957916,1853206842,593226042,1130093740,544128485;0
===128560579,1465459610;612403617,907319083;1710959019,162420254,2140896775,395439903,67957859;1
+++399833203,52500;611140591,1031798873
===613086691,15390407;1911448513,18573625;39252743,2146230082,1194832361,701381761,2125399784;0
===1430258003,1182996743;1006363999,604295113;1178668257,2016712139,1353533726,1499568875,569658601;0
===385673290,248170216;801423431,747362968;804555999,43275307,708036131,1002266934,1245185252;0
===208088114,771448442;1751178223,220986296;610357206,1569971809,1697592873,927368223,1457232945;0
===780668613,1847177766;1918795493,1356619340;1863043015,355962073,508033567,827137016,1268448104;0
===1993032891,803855318;1747037037,1255219594;1095256201,191523749,187739843,77083948,625539135;0
===516382241,327072516;493268084,1244440776;1145820699,2118678346,311800104,68577760,708704578;0
===1692832350,1745546158;909036454,1598874342;2037288750,1524402231,1665747284,837704790,1687866841;0
===1258647512,463335480;1979339009,1101503850;1129554276,727866348,27993550,779281774,971225780;1
+++1090471844,1787043944;1691103577,296203486
===770532437,936000222;2116192965,1433980837;203556816,1895623134,10693174,1413057994,99596514;0
===1405257185,1100276436;1445318055,1012334401;1010493334,1510098986,117569822,314237737,1199859469;0
===1520695094,1487469209;1089779174,574320593;948272059,1126602696,1145817830,1721081216,1053272390;0
===1748150915,653862740;2054082700,367833343;1467582188,899433284,1132047309,807284057,612588143;0
===1709179459,1426024402;1373470203,192899638;11005618,1194473927,1731743779,268689928,1559166377;0
===909467547,1513901471;422258327,1317686442;427263114,291195573,1628065970,614831507,632089629;1
++2123443990,846574291;1919971126,1075720212
+++216420412,1525235885;328719448,974414459
===2081810009,539752423;1707540824,1105901133;27902593,1939741705,540837408,357267054,1213137823;0
===750203496,1708572063;1785528394,1475570744;1068633926,1065008020,901058806,105509460,1437464447;0
===634118976,829652805;1903382762,1407348884;441841628,562234567,970991687,1040238662,1185735146;0
===180872303,806460568;1028267023,997239402;251331107,661154398,529254829,1303949632,1118861567;0
===2041868833,1891676978;1166398179,591157073;1805690894,215415654,787616995,1780320537,495887838;0
===385267296,126365696;1407318794,811260595;1653904654,1865390632,1149249244,1245218644,936559433;1
+++1203677028,919703826;751739346,1274185007
===1698074921,60608118;810544988,1018825482;1744527510,1365145583,973018036,1856223049,943578848;0
===70310091,1386797771;876303344,1536929845;411117761,149350848,132553903,109646955,221496470;0
===978330925,2036904651;376577142,874750742;1301803065,531955997,677930212,462945445,949704569;0
===2025484075,662801587;619807069,1192960325;1642304901,398648018,1261418561,954859099,973324066;0
===821495147,1437382110;1474373990,1545364969;724913031,1109978905,48993160,1057062419,11577168;1
+++1983451476,1757785842;813930714,279559012
===156989044,543789063;1789862413,1970648805;2113362208,1675733521,954478304,1779644456,912610937;0
===1398924533,1607240792;2050128212,447022591;1742612293,1190400948,863661883,1923893363,563238292;0
===1362578779,188841641;157407991,1678157117;102076217,1478876642,765318124,431894737,775414224;0
===460978004,1280805099;2003178281,54365714;818263578,1500165959,2061823873,867767063,964060890;0
===128850588,1761786933;956310876,1991853237;687436510,978091060,1361777837,587839297,535841101;0
===1737920719,552301634;1641468899,604001529;888287984,2136011900,1927376922,225131611,417991648;0
===946882923,76119490;557229159,758540580;1245838050,1462443034,1061726109,1399097311,140469145;0
===912402899,1301591709;857601755,1561498612;45644373,90497376,531312211,1291692945,1282218315;1
+++20882297,55923246;204721250,578455182
===1974486283,1905401131;55856448,1663908109;1123683247,1825667590,686677670,1054342574,908547832;0
===741117051,522366032;319791096,844690888;735404105,1122793320,2014105990,1591678364,1564183546;0
===1362158824,701095968;545035696,941978594;590073562,1365439662,1061417351,2063632568,2064682674;0
===689761892,127623931;238097454,1913723028;643977867,376044298,326100492,977126272,180615735;0
===15613745,2092559034;879858372,1314639828;1251006091,503698430,2075236702,676050848,260628593;0
===684983940,1126609367;104318149,340786778;237830595,2072909893,1353193648,233068427,723173126;0
===1945941334,1867359970;1831989098,8300675;1814939733,1824166439,1821996125,92923956,216549301;0
===1775121314,1009732844;1544876211,550738518;1655441038,1346854509,686225138,1227732382,1285776682;0
===775136523,1398500667;312848247,495502163;2031566406,1989761025,2137610328,1542375172,2037040277;1
+++1475427106,110973324;1629644738,720113313
===1402690256,612504943;266586422,1065278921;1881292972,396400768,2021546078,112331719,1409612664;0
===427521366,351632744;2025391973,1781342143;1292694752,2011122951,1088273678,2074115180,1822814499;0
===554668330,1115432737;1439518063,884722837;1576732205,157107078,1521503112,900757465,1253667038;0
===345501168,1303853625;817862962,1456580476;1899249830,1008207200,254905826,1444046763,447057484;0
===1753969588,1680056752;623461268,129751525;684717531,1227272587,280274230,1679840367,472054251;1
++488592575,1531375146;554624545,941916055
+++1038561056,1141288050;524745591,2129772645
===251539720,1456093279;1888900898,1058832095;467264089,1242010332,613904343,1879550285,1111973665;0
===1923137823,1832841866;1728502334,1670721745;1026769409,811304571,2128970419,1606776742,1806421588;0
===1931385088,299656182;1241690534,1550996198;338945091,2080370434,7972854,1968522857,1710662041;0
===2071642638,2019408979;1525268216,997589296;882714443,359382779,157414438,421669162,635424280;0
===1932119493,370289782;157849403,112317930;195984651,1690222035,1305269403,1093258620,1496997797;0
===1160174173,1011579323;1787103929,1640354997;622488132,555068813,4705021,90807903,243070309;0
===1887797703,318794422;765756037,2134450307;3604377,2137634376,633442280,665335350,1615428399;1
+++446736522,1644267496;598853305,1243522532
===1267704614,1044846992;655181975,1218408406;1299992142,852615595,1638094090,973448574,386809156;0
===377090156,260993368;595672903,483639270;34299699,1834877892,300226995,138915468,781496989;0
===1634957369,1957841338;1800355318,1503527020;1458649856,1493131818,1543659661,135443812,56075622;0
===1053004155,926247833;552026832,1040741272;1207627523,1778345953,727354185,634720040,504212409;0
===699788818,1329488789;1934210032,1906899926;1409952351,1122569616,1260269738,1345828107,2067854598;0
===1822231015,1153012086;595184975,225819562;1773434363,1535166726,230733666,72389985,814211391;0
===384840694,1681008800;1990541385,904635490;648106418,195083246,959364309,526276961,1090806660;0
===2095091120,2134521928;646860965,2012124239;1016202040,1613220797,787864381,456149566,222185836;1
+++954486440,737211847;1657933423,837380023
===2007310402,1166861478;443744305,1944089075;460053867,1122086461,268780215,1639822752,495998253;0
===1869015198,2054063598;1782915318,1690900042;829361444,1185959476,1693028141,1399984345,1942993115;0
===287160138,725350424;2062395351,328712530;738482114,1034178817,74866454,736230061,1014611919;0
===529922260,1401928655;1938771013,31295832;1619769764,650126622,824389710,699206067,1547690181;0
===1984332521,1171732559;1549604793,454702795;758701838,1877589954,698334518,418285282,1046110810;0
===667907851,706176570;1111334223,1586943137;930185109,208253944,456317991,1050224787,1256912833;1
+++1522749053,1680818497;1407505845,365049702
===1432514988,107243012;712623143,1404673042;1038561677,1038306005,446320090,798850825,1671559918;0
===273020101,220560515;106851860,182326693;1165373627,166035000,870095435,160650666,1379599189;0
===1188029109,1380757848;327396806,343561171;342806869,701268059,667693936,475491059,244201944;0
===1116668316,641069938;1732462061,1935519606;698796586,1787198138,314296391,1387260314,204549128;0
===1890350589,928732181;1438666189,738474421;1123334945,1406994831,1421403701,664392925,97003699;0
===1596601748,1773700410;1935846027,1807434033;1919329385,183127577,1001449270,996944664,23933994;0
===1470908768,1087053588;1553481716,703318944;406037340,1317395521,2017894927,815719089,480342372;0
===2130202410,1100129049;797088336,1138308584;495234066,1011448011,626104370,2026566062,2048971938;1
+++1988401696,89910315;1106818686,506032047
===1474721322,2071991633;1304005735,1688168149;1171638784,448958403,772018494,1883134749,654379931;0
===1666282018,1423645002;2035192183,1998793626;2922762,182047331,1599180113,1605489278,1385357411;0
===84159076,476522140;1697571392,410017421;539083503,1896625458,1439238369,979685274,1156612002;0
===1898373496,449682796;1280696266,1230535621;444969360,2025834385,1588998136,519868528,870510876;0
===1777369349,1267313344;969080851,1240425198;1504290476,317778576,183805198,751088676,188013675;0
===487986559,1376004542;1702304069,185241941;1318122800,712994047,1114156387,414981507,2105565870;1
++26098467,986945449;197760223,1171220887
+++532417640,453435381;533081394,1720226402
===2128652692,1290818694;1887370564,868015126;29890064,1114520359,493550910,364226056,2096554209;0
===971023330,1528852820;1981096740,1544062348;406347771,1207546846,1344790314,1006122508,2109227430;0
===1083971107,2085519299;1267331464,1975513368;412446669,753405284,708807526,975727308,1630749724;0
===291821266,720986993;473493514,1558232039;142570438,517468777,1335729980,149884034,1348189461;0
===146701768,1841741166;1411379383,120110294;1898557303,1164214065,696608228,1481498164,1437981107;0
===625260534,256927378;1683112679,2037535038;1440479083,595033324,530702509,1539236522,1129119882;0
===240960803,1277910621;316025700,1425931611;1962987233,225719907,685779698,528184114,1247529990;0
===74676474,374537625;1900286112,1381379464;215424966,90225151,152821865,1653139490,1759197677;0
===316172524,537588620;935291748,564947709;1919290962,383287868,836030604,2144742339,95998088;1
+++799060206,1510351055;856224772,2114727479
===1477081726,413140578;137575467,780936486;2098129980,143187589,1873604897,1060106806,1964740164;0
===1385251951,1875440532;1563876276,1555203472;736131226,1439371035,332491373,1971262467,1796120764;0
===491826899,1950114237;1716064317,1277810535;1724909158,1512090731,7685249,376156083,1915398309;0
===269861144,2117490336;567989640,800894196;808455224,1088666236,1634551906,262645154,223507503;0
===1560560295,945597492;909944800,463594744;2021371524,813905125,265870926,1311689263,1671350015;0
===577476648,1647638824;80016968,159449503;1701918368,1616267468,404985166,1699189868,1277719138;1
+++242764642,1005404505;1083853508,438507239
===1433143912,750045967;2125552644,574538770;358616816,308071168,980416799,1054438711,1970528710;0
===88048172,160462185;740026760,1913691849;874337791,861497841,831310818,957771055,1708199191;0
===1113585319,1435454683;1117544809,1914188533;1206263881,88359820,382002716,97984593,909136738;0
===1707298249,286843786;1988940900,1967535124;148187540,63769893,1351129312,1639911213,1780622158;0
===684961954,2060347101;1197094647,1168174419;1237152599,732018730,1083334331,667069524,443219466;1
+++852668826,856095487;17886407,891220748
===291993766,1915968908;2044313821,23807572;269804593,409406935,1399384464,1452812907,1649933259;0
===1417235413,478884526;296720199,108580838;1567911938,268180818,2104815293,251642312,444744315;0
===850106663,1574081956;841547227,1309978931;349044302,489418699,783938177,726527755,1530705004;0
===1073918333,204555452;552623327,1904066587;83001385,1798163771,2112429890,450997406,552250662;0
===1602333660,1743410304;1249887807,6728070;1660497558,1454053514,1258088161,2028669738,413281702;1
+++1466515403,1825845309;943301042,298063476
===448877477,1220516937;266407738,73184822;1545970190,354055661,1444743853,636091291,156010468;0
===437514782,1714161006;1488277941,1983991138;1773748859,1049595952,1208725096,2113851706,353603502;0
===278414363,665568608;1540004358,314525189;828570244,875823117,1867259762,1788113696,215342441;0
===478225882,1832329952;438626612,612502061;1966342453,330523046,550952262,574637910,829069989;0
===1211805304,1815822627;1134950652,1198166204;463092995,757006014,1339072887,413892006,1342329542;1
+++959163206,1999954014;586418979,1888994561
===1395317959,958688570;1850354413,1235952271;779937572,414080077,819240205,695215396,1881956148;0
===499663976,1650490942;1219684875,799576313;962943100,1623037027,673158045,1265145914,569608733;0
===256094920,389119000;416462915,487603234;1756803171,977532639,2112914198,628740880,705488950;0
===496997014,1058537184;793005738,283645223;1672309645,27600001,1765698226,231863795,889085553;0
===1301139789,1698786320;587029085,1753538971;115799189,1483586729,1324051647,312074672,1665916465;1
+++555172310,1140732819;795137758,2134750280
===721132914,1869664670;1400237239,2095951938;1503252411,1236533373,936784722,1920307643,80428274;0
===660734182,1071227402;1017133385,1191479816;1637086889,885017504,1932325712,1149758701,2085307739;0
===2022199328,468227573;1327447885,1588024858;642248426,1717680435,872095742,1380723098,1058373126;0
===1514406193,1619051876;1973484916,1831959913;826206295,193142499,444478029,153368248,1332934738;0
===1196733914,1394026585;1843616090,811683087;1287758365,132823111,1599879929,150391305,483818481;0
===657883669,10466194;948506191,11205316;1496952238,793677635,2064749836,662998481,835460950;1
+++12451119,53511132;1983883223,635785058
===788974199,1679973500;2081989735,1592413452;902274092,986226640,1873642597,1450277695,1846299582;0
===469559620,152750871;1998048621,1529323527;1915527376,178697737,1791087242,182071401,1059510300;0
===120301078,1487907361;102137525,895372461;1805325083,596227578,1413020408,2026562714,1098741702;0
===1364180921,1945045478;419899175,1258871712;517568220,1633437219,1902872542,514521435,667320932;0
===1028962084,283926034;1364151341,1382633990;1722000993,625161330,883424850,1531059948,2139097106;0
===279256113,1552240347;284831301,377504681;1605406626,2061103515,534401509,1570070402,1935320463;1
+++1275267899,1982219782;1021882782,1703658712
===232108695,2027160115;2002992927,376466660;1790645633,181147206,386889035,273840489,1012886061;0
===1641894764,45948281;511532621,13089867;1275669415,1858885608,153639053,703452995,682296581;0
===661655397,1431581331;1711693425,933739522;808258082,532810631,1568309614,1708633112,1587591066;0
===714922211,154448601;1405567473,1363548437;379579308,1014866397,726590901,261909409,39584370;0
===549584330,590498740;1594880037,534231397;1455239586,1123498405,1644497259,556065337,1840023376;0
===1519173493,661002978;1055781661,454226742;2129941455,167325981,194879673,1111556766,2146133635;0
===643827719,294909084;1007697243,686358317;223143733,183816428,1849204492,18314123,774264804;1
++2001392579,340863758;774763434,1588077588
+++2094957325,2059607637;2144672023,1945173199
===2080084888,1383990171;1890406571,1625044519;1553528824,616087153,1699813092,37924033,112432917;0
===1640471954,1991285931;801828755,295752661;969262599,1835070439,1776085931,407567707,1091772742;0
===399908871,537133056;955226922,1372867535;2137907948,2077372247,1971525316,436694853,860437089;0
===659198863,1742511810;535090995,2031517824;1040135274,629727362,937915248,331476270,863944206;0
===551143163,588770279;901020192,474521890;1858879286,153923673,1999139048,405343300,1111535558;0
===971281166,675837810;1577788886,993654106;1520350269,1215513205,225441778,1616666277,679613237;0
===938261664,1886726276;109955524,1580433239;1255293724,853686582,1616697781,588934789,1448263093;1
+++215647008,661731126;1483598535,1205667763
===2084732931,1420370179;212893578,112274861;1347021923,260332039,418291069,1346622480,1072540871;0
===1703752397,1844377316;1199078563,1319625588;1837969376,554605275,666282350,1658014235,1394713185;0
===1512567819,143116855;296090732,268696889;445691081,1854005494,1803922937,2012911476,1931475134;0
===1409310391,359833401;1236494698,631769358;1350570804,2084760168,1440727606,130753325,302920734;0
===1651642436,1209788221;385772858,1257944888;917774197,1429663992,500634451,942696456,1794885715;0
===753021057,1747623457;381953364,663179320;221886942,15986105,427259527,1011703892,1489572063;0
===1184245521,486376336;1472981383,1315533113;1295740169,502574014,489714836,1658396917,1175080016;0
===884319879,533639739;1377992696,1305470315;1675805401,346864700,1639039706,1684267476,889084345;0
===85385854,1893467485;154750583,1479647189;340567668,354193618,1063782933,750781692,1751975259;1
+++1348522709,1395331829;1587108867,1691825232
===170939170,1036188198;559967713,873084511;1345027803,218162470,1701534324,2052168330,1251264335;0
===1359315695,1903628308;1888074553,1051596999;683027719,1668427867,1979238234,1584542991,874580618;0
===1859765380,1668918897;2095260192,1236104331;1689098607,1702899150,1940205959,1032078460,1313795874;0
===1508947763,1734016158;1134953501,39153803;1902962395,258381100,2025210369,1719858241,1509330333;0
===1347857721,559807655;1096256211,533952191;1651113160,1793223089,1570588098,998359472,171398066;0
===26756117,197445611;1930731540,789467186;334338809,932566526,391038595,1357614760,648470019;1
+++138427262,7882527;839999610,374334687
===970080754,931991436;1434878312,1173481715;1589888300,2118075443,1571899759,533203495,329166414;0
===202794148,421436155;2079840164,134092892;556629549,1934082749,893336714,751598968,1369287525;0
===2089803965,1509083558;2053699127,1580213087;583527035,1587274147,1769252842,1078680000,656563072;0
===1315827117,716515319;1165295497,792884249;2116702712,901952779,1612668932,246974380,1293498240;0
===604174542,1943585221;260374511,103479653;957665075,1096622813,1518695524,224484083,1074985180;1
+++1061725017,259512272;690321793,1443051401
===725116133,1621182939;2055755021,148800835;347011402,1285242125,1670844620,2016249560,1692830924;0
===566708518,1345044719;248069224,327832170;825211697,1734724897,1632646357,1952905045,1540479250;0
===1935954025,196873935;250523636,510916336;648190371,2130316479,1822152307,885593172,1242733726;0
===567317547,1463564279;1224255889,299705904;1666016043,1081592397,1073090626,256045439,458320671;0
===380067855,331474202;56562672,1003306801;129761032,356671213,1395912830,1618163418,1285483379;1
++393089394,159367920;1067108108,378277461
+++1375672941,1082087191;1880270213,23283571
===2019504404,504924183;1896220898,1532609088;1002090148,2086088810,1972482449,54348936,1607181000;0
===150075467,423806938;1827976232,1291829243;2140079328,806422716,466937380,378605808,708532914;0
===1730841388,2123930707;337086288,1361317986;1480239456,206914893,1129978179,1901649227,885319930;0
===832817364,1087523303;1245837606,1107819042;1679781738,1936412065,1305668068,1179724436,684771700;0
===387282401,1528846972;361896430,1537515836;716654016,644783114,1878131161,178167468,1707094148;1
+++535995612,1449268041;456089005,140396301
===2043898926,726110139;1039940650,879987605;1856934710,1706281142,1829699144,875831161,346347086;0
===1727494299,953928897;1462634212,1216376036;884605566,793991136,1158812285,515926078,2092495018;0
===2099398775,1744952271;476450114,1261675729;287081575,1857725009,445885535,1846347694,1921244114;0
===1480918209,481282160;1599214424,40549041;635268992,754436027,1058642122,546455265,885133513;0
===693087379,629296899;940483720,1935013837;832825648,1464990176,2066682425,1504491519,1634955598;0
===532053760,794171906;2021512230,2104359032;438329651,1016265788,51365676,2035245947,918571486;0
===30095602,632994904;1782497689,85713391;345169085,1012411267,302701537,1605235211,1854620830;0
===395942507,1584685654;2100408813,318277403;151238593,1595304086,949636191,846522377,1951634854;0
===1604881637,595635040;577115769,1567420831;1284088652,127915584,901755807,1459025577,1385772613;1
+++2100064595,81502363;93379800,1854130709
===598037762,1565115366;2075349064,857946458;423551356,1177131324,473228273,1023603068,799023003;0
===950778971,352592819;2049568985,2059276325;1854746582,1142610285,1850553256,752175807,2107354458;0
===925185885,153937985;1076344173,1751165009;667569593,483935684,528727068,1389991760,202060599;0
===1200719001,177124239;2094013484,1890389954;254621763,217008235,720020181,1994179577,391811574;0
===764115667,2141306701;383712194,1587434718;1676412996,220199689,1343690155,1778884392,303377157;0
===682884079,1465685650;32754838,1043054916;259134800,173513564,2141688402,1403979244,2002124298;0
===1410027954,629022582;494105490,1909565071;1067314281,1131861002,1354399564,1416888789,488900878;1
+++304863797,897210762;1185607000,491096802
===720155045,24413523;66220462,1249006227;1426546183,831164323,1209118245,32885963,976021181;0
===56860827,1225270131;873977528,1185473183;936824241,1974595042,1992977311,197420555,430051966;0
===54245946,1211347012;1409417330,1324979792;1565006221,1415838305,1731745520,444326963,1585317210;0
===1044230894,231004976;831218874,245603562;494151813,122423445,1074689298,575041886,1271857598;0
===1991839212,70954461;2004536553,817219507;1127704951,1213744013,1673266476,1429357679,421521833;1
+++2142840284,10258640;1845782156,1117514799
===240979079,924751610;1981967656,295566903;641905732,1583490694,150096374,1776725926,69544049;0
===616281328,2093781031;1767295678,1647454877;1152230094,1390473223,1646275504,1258055405,441185564;0
===124423072,621632308;980025026,1007074007;834924170,260272176,1036947225,1353944022,200521594;0
===1389271708,907073469;791687402,107862153;969992505,724214526,1645234046,1237082366,1855260868;0
===78975757,1693092995;1512524941,1153531828;148648265,231938717,1376882203,157902934,1490635734;0
===448174415,476156162;317845671,960773229;884713281,1865986660,38463842,721176147,1693612448;1
