5;3;10
+1792253708,2591338546;2814915301,810332566
++1872377852,776624855;2813736570,3182475997
+++1522550874,2540027194;1476137691,2342734132
===1179093502,839859556;1396701785,1983443905;2086261195,2494043422,1537966548,2825757087,1704430532;0
===2268574128,3834206037;3319075074,1950622049;2309198037,2945022582,2299797487,3415106873,2736682811;0
===2107252861,1603788184;3113893540,2540845682;2487676578,1809395534,2696957427,1907851205,2711477560;0
===2653796442,2579380002;1968956263,2083748512;3242182411,796557085,1411484414,3512262679,1940621216;0
===2347114476,2334844489;3320925078,849691249;2488580398,2661375210,1265540750,1750204683,1707319701;0
===2832769615,2710378658;2811988438,2698197258;1745667253,2335777255,474091003,1823754313,2673325215;0
===2257242550,437846307;3764930470,2320655643;2596247913,1962459089,3845124765,714018458,2107099845;1
+++2379647428,2924088632;1937713926,3687385662
===3454837587,2267868987;1248960857,2986609057;1302629861,2837350721,1177299368,1580657111,3263665271;0
===2487937754,971521453;1456871775,1928439971;2009323944,1797255357,2981662021,3937746558,1262189359;0
===1265776275,2804178448;3103492456,813877852;2531052589,310672205,1192699339,3554143337,1022450139;0
===2617818912,1800013609;2902385860,2024878250;2213483219,1383500201,595906461,2282129712,1474101351;0
===3084090243,1682987201;2251219978,2939679685;2848581948,1485321380,692547988,2018013494,1945390944;0
===2396378757,1604311434;1279244520,3229740450;703977462,3188575820,2222038767,3068541960,1559329787;0
===691295619,3716144437;1586743040,4057443956;2040438079,2529138569,1341697594,1371294204,1850394040;1
+++2682177650,3555980979;2236997676,3384927420
===3349488482,2966394376;2723215024,3129369241;2555473178,2021244429,1448958456,3668177617,927968208;0
===1101804326,2401320218;2287293777,777918062;2453434269,3227768556,424186298,2302309402,1891023890;0
===1979766237,2552932105;3325116558,2227173046;2818962567,2044671036,1702876789,2516101939,2144090648;0
===1002765672,1659609129;1028945098,1635637127;3048037813,2070555216,251292002,1913152734,1760715257;0
===3963652727,702358225;1285065195,3185442502;2208194891,1595556114,3133427687,2178779013,2813135377;0
===2771421302,2026987518;3244977892,1451403238;3191223403,2372442773,2040634668,2354434487,2434874155;1
+++3120503660,1776110210;2080243106,2491675786
===1297991660,1826642804;742421820,2712918727;2389226164,3132416111,2155107045,832686939,2157062560;0
===2358916872,1817794008;3255893295,1111076306;1402091011,2062255164,747582093,2475468978,1141636360;0
===1470743580,2145760076;2944835311,3266895559;546490031,754811783,304856849,4100334542,1379927710;0
===1716904008,2158298280;948256743,1571974760;3095570404,950606983,3232903032,1941138609,1210487512;0
===1564220845,350078021;1940694922,2657074539;2157552941,1144946919,3193949713,1105925793,1035530424;0
===282832128,916379866;2924829412,2018823614;3190655246,3162039899,2317660490,2853254442,2553244469;1
+++2811695790,2004046834;1795877189,1373528224
===2211953456,1918901559;1321308530,2895424831;1830707981,1936700243,1010299743,3414057438,1432846298;0
===1721726680,3173002885;379687164,1792412504;1788106920,1139833382,2207516350,2312303442,507810982;0
===3142053343,1234145073;2497318597,588130742;1787434930,710293515,1937648125,3192022892,637244353;0
===2068751386,1511350353;791169784,2132969413;935490835,2972819710,1486395003,1662624456,1660760298;0
===2667617275,3478450371;2957190133,3701919496;842003582,1238353179,3358194022,2038531116,1750844216;1
++3079646971,3732793465;1626312745,2850681000
+++2485661149,1727323917;2183849068,2708687221
===3682707122,1361655742;3392432475,1747671862;1136974358,2290104820,3143340276,1398280163,2302863186;0
===2106920447,3463511377;1716817482,230853686;1787244560,1807865739,473554828,1761460969,1100679101;0
===2667423696,2900257704;4211285387,1136078342;2082591734,1361247621,2253782615,2234758680,2171562952;0
===1141776456,1762940876;2624672547,1353919374;3140107719,1679604939,1896279346,2247439364,3215642046;0
===3175960636,715413275;1314065889,2141655515;1343388983,3713929218,1271447490,1928416041,2523633199;1
+++2401480842,2167924304;1678323910,2873424565
===3495776016,3386233104;1625580769,2993457259;1118731227,869278285,2436020866,2594514619,1930048796;0
===1135422836,2472790554;3269814513,2359097691;3276372601,3501164436,2275418660,3498963328,2186081271;0
===2271335129,2574720314;1614624157,1240891080;2414016745,2634223414,2538832048,1259357303,72060431;0
===3279472591,2254949146;1659637942,1890548912;2890199661,1933048234,2569047630,1641244464,3056079970;0
===3069377399,1259454938;2432121560,2543920336;2710363462,1798443707,3007984366,2612172144,2080506367;0
===2677445675,869890899;1538055323,2841370994;1943567427,2680429087,2073213976,1842417826,836142857;0
===1233869082,1560562711;2219964436,2054727722;1486447869,2379504824,3177978641,2637943116,1288281008;1
+++3865439483,1540174321;1754328624,1609453768
===1560480641,2437183437;2825105229,1903522808;971626748,1473457321,2126418734,3812478131,2004787833;0
===2967247071,2579136891;963786864,722682817;1324185433,2668185493,3490129906,3587041119,3239161472;0
===652446098,2269933246;1499515448,1078019188;395430306,2421316471,1906026014,3030699489,2599886893;0
===1562773945,461247094;1616587150,3363463285;2525778322,1322459954,1404819080,3915128737,2603404345;0
===2231381747,2368751648;1547570589,3155883888;1828153361,3211598556,1797627116,1560622605,2295367202;0
===307056591,1697686429;1074238109,872509015;866176815,3742431399,1174474146,2199194525,1332531878;0
===3337386805,3155830075;3643650838,1570505046;1986784541,758746886,683715309,2590346460,3195800263;1
+++2009304591,509496440;2303887791,2242717116
===1899486719,3260751795;1581759771,3264222474;2541977109,2358917106,3214891142,2363422166,1432370544;0
===2378126043,2115619860;728863883,1218757082;2134400348,1330522313,3101451135,3575833994,2472438460;0
===3065014755,85546578;279230635,2963512787;1666076717,2569822855,308901269,2147908469,3543466761;0
===2749559528,1722517092;1248877591,626653355;2605936672,2059979441,2216391771,2247084999,2686882570;0
===1949998849,846619930;315206385,2066907921;1930631980,2540998216,2017105582,1901873356,199284383;0
===2230776930,3483041905;2965216635,1530682675;805093188,3249572467,3145774772,1356338609,1794761744;0
===2053093499,2907944737;98605028,2962769637;2500594300,3576655061,3119038162,1616309539,2726344825;1
+++3094706178,1801690033;3731062534,2645857634
===1750791779,2198812692;2298731954,1809276697;3014328146,3235453591,465489894,1534616587,1737482299;0
===3655238111,2389445273;1807622851,2266248186;1425595028,1252432480,1154476197,1364008935,3001472433;0
===1492016307,2547524101;1791521479,407918391;1443159981,923153176,1206610586,2090521837,2240962061;0
===2616530815,1323052306;3812211568,1866293436;3790178510,2979500889,2952067872,2672448627,1000977983;0
===2047628094,1835000270;3049469764,1952115246;1061566757,626164018,2330200488,2650631364,1694700628;0
===2682380301,2016898628;2402573210,3329490427;3393006097,3110117893,2471208878,1642286346,3035023396;1
+++581313243,1340836812;1721432999,474773124
===1900237370,3290870148;1604021636,3243260741;1987943663,2833537910,2275659111,1217162191,2241861074;0
===1370197700,3761966310;789298501,2872251180;1410648112,2358845308,3102803257,1683813524,1768663445;0
===1729314509,3561797099;2452879715,1699896443;1067575852,1949310120,1999304159,2944068518,1803937897;0
===1685572113,1599256431;2969342293,2100153518;2178014694,1986512274,2363298793,2165767370,2325745270;0
===3049929841,2453057233;2305102170,3021262025;1701706187,1909084833,3305308185,1244606202,758945497;0
===2254975159,690340504;3237644025,1877826666;2821254900,389893934,2481659382,2304123999,2522492907;0
===3122479475,2299951554;845121067,1889912258;710812028,2793252558,2981635393,1793286659,1628180952;0
===2644036795,2416714562;911573481,1864432680;1118423762,726225032,1724203025,1823413622,3939703423;0
===2135064782,1552134926;1381334421,1082773737;1815501154,1133761743,3933226432,1835999381,2071035318;1
++2257315297,2250522012;1921213149,771488952
+++903216205,1243546757;1174357215,2249153355
===2134270336,1733119178;3005723575,3177663810;531258781,1685943595,3117746623,1970591858,1897761494;0
===3015413212,623483359;3397777551,2546852435;2911506590,3487721401,815533664,1830284271,2564046704;0
===2578567075,1920582797;1607843757,2225457603;1016430806,2164221180,1443850961,1833471050,3223867542;0
===1254896487,3005388909;2551731873,2576344326;911204626,3720415791,3278598917,955068898,2885089104;0
===3614492886,1575062068;2379053775,1880944334;733942733,843356841,1086722522,2147183369,812553524;0
===1127228078,3059428431;3159338280,2016370630;1476544700,1316108977,1166441760,2564156642,4007031182;1
+++3100363957,2613288601;1689320806,3142500681
===1888323664,1195486952;3210375193,3650063861;2717688976,2804068347,2457259948,1694396875,223085101;0
===137004396,1305865468;2813272830,1739632406;3397041351,1656342606,2200933515,2826357585,892824761;0
===1258576895,2423836507;2639534760,2570171683;2344773474,1487144065,1535532860,3737665597,3616011103;0
===412221265,1784313952;3205497417,1385154654;1467710620,205342297,1051673216,2545428639,2320780899;0
===1342546188,614087015;1880682330,2800100020;1546690577,2159650066,1950680710,2068119389,905215180;0
===2836751547,3331503574;1641332673,2207450432;1314380948,2666678627,2347213880,2652578702,3139980003;1
+++477050373,2680347508;201957073,1030267207
===2209814278,2744387194;3736871282,3780217412;2636393240,2192672198,2496105167,1780560810,1150120317;0
===2184934706,2517876398;2802393790,1200908829;2370452917,2297242741,2314793977,1732701606,893970694;0
===2532444960,2766655677;1995544937,2608540616;1583881954,1686804002,1811074696,3657219037,2511117121;0
===671117597,2049669382;2110890193,882913584;1643946787,177658457,585634300,87895292,2722160639;0
===1069017155,238056961;2797574842,2182151303;1058339680,3562087149,2161795964,2180246783,2839402610;0
===2539009031,909396892;2016202833,2501500976;2697532251,2451592968,2049494260,3142580041,3221636135;0
===1073269034,2089324416;2395659641,2853333596;213704327,2417510657,2539385902,1330144603,1162173995;0
===1026497518,2511194311;2292960505,1345084518;2174622799,2382041107,3503370943,2431613421,3426490858;0
===1428968801,2685974258;2824869426,1782520877;817290734,2670651686,1568070259,2663078795,469054413;0
===2274713221,3670918716;1316015707,3320201103;3401689133,1134945620,996360402,1695586739,2115665835;1
+++3611881116,3027670535;1610004599,2767541381
===3466433326,477418039;2317795171,1450482665;1910208052,934216839,3300371469,2557884483,1427484220;0
===509827820,2388800685;896620834,593837931;360267716,2001135168,2141356595,1357200342,3731299875;0
===1799889474,3936906703;1877866639,2085068463;652377624,1698941853,1307502361,1579934042,2197562369;0
===2601868814,3734710522;2943352028,1642159830;680554201,3854234046,1436284522,3193245066,2162828052;0
===2333272729,1437948741;2436633894,3363913615;2737484682,2291160034,2625771078,2089750017,3808418954;1
+++803556232,1858630092;3058442599,2153882634
===2807745107,1109629173;2926862089,2184135724;1592566746,2878089870,1373260074,2888917741,625624078;0
===2974131118,837079525;1939197714,2759926718;1450195117,2288948132,2705818210,2701431448,3064112687;0
===1669429324,2338203766;2107926971,1952358180;2435652131,2154386431,2114367303,3312055912,1179052700;0
===3209158859,1276742094;3076484647,1788417473;1871338498,438728091,3198762765,3548839726,651952936;0
===2311511343,273443101;2143913399,1857812294;2135921597,4158775546,1866042262,2325574833,3395038341;1
++3895156662,1925934725;1815174995,1926524350
+++3059440957,2072857926;1765638927,1919351966
===1372268239,821407099;1226359374,2030643144;1702049366,2354475524,768731140,3296751034,971067954;0
===2375219392,1722835282;4154196680,2209153594;1145986244,1452385896,1739100750,2493383861,2491706523;0
===3135069983,2767457954;2961427185,2009948505;913107694,2347037787,3824727405,1437482209,1150164247;0
===2074962684,485631270;309767667,786624722;2328904814,2608919268,1056879791,1359187759,3511047063;0
===1782654895,3615209645;1395875863,3401598828;1504157781,2794477553,3914908871,1438831134,1708950460;1
+++2278605627,1908893056;3554600712,2789697796
===4176395771,2332112666;1916225756,1954949197;2800798153,535237222,1996468949,2113648994,1592054842;0
===3178890143,2101930754;883758544,2099876779;2492029719,2759079235,2292881215,2827971992,2389569687;0
===2544957973,2054875345;1824783500,2909866536;1533752356,2565133089,3544617760,2268179975,1972088174;0
===2138835570,2840631361;1840712735,2441310604;841851508,3438653732,2645872585,608370611,2685514581;0
===503566711,2009193808;3361496021,1236928862;1598067775,3150470041,2733991332,1636425636,2609467434;1
+++3473888546,851245200;1529881893,1774989706
===2938146643,1359492965;2467710717,2042852911;1180897674,1076530279,2286697129,1935756310,3694787374;0
===2951596231,3019305618;2061420023,2481536285;1683496043,1765842007,1251649346,719979907,2427118532;0
===3496012608,2899198091;1257743594,2521651198;1836369043,3005018946,3364887153,2926905490,2765282382;0
===1540549506,2834509586;3547280454,2792532313;3451996153,2397567143,2506574269,1267724593,2398340014;0
===2262282948,2281394074;1206992760,625889308;1503105149,1441648701,1580581868,1814864205,3892024270;0
===1373565644,2197967428;2782032057,4010059462;1003912693,2426754695,3058792001,2094303807,2067788717;0
===3365686788,1506198627;1977005057,2329065430;2733432328,1502436702,3137367526,2491996257,1330801691;1
+++3115840804,3210849277;2427358566,3414934749
===3760649844,1361162208;1477689022,3127234149;2032190058,1467063176,2184505357,1998546871,1739564609;0
===2151355470,1558433263;879070657,1757114388;748463161,2341376853,2736649321,2324766167,1494833003;0
===2884314253,2400965217;3311326488,1240010589;2368802737,3159729027,2597289513,1634838004,1706595669;0
===2361569191,2160844770;3381330265,2688212087;1658474958,2333890704,2157077080,1665979290,2296873597;0
===3041754909,1754186184;3000246225,1344387108;2706785649,3439892141,1862989308,1470949326,1480463099;1
+++671533164,3326710513;764013743,1928342138
===1425842186,1591947522;2270277463,1190639047;2228966515,1393464498,2385005663,1641929010,2087452713;0
===1509574857,2335069119;2221451701,2748726501;1999150298,2510487399,2011797424,1661618031,752110433;0
===2411847923,2282161079;330010659,906475120;2906352456,1880155517,1790520398,2292539689,1630428236;0
===1836051014,2885166502;2199577181,2125523501;1433851278,2917251795,3164322616,3127443064,1083463929;0
===3147623325,1512709179;2753053007,1750689866;1278320441,649156157,1155225967,2522831044,1919313852;1
+++2796831861,3195168714;2641168289,3153470604
===2139746594,1778508431;1193016611,3394389807;673329014,2629285433,2035521319,1729564749,1041546524;0
===1370430296,2092161090;2314729670,1469677698;2447711436,3971341629,1565273335,2790516536,2744080225;0
===565988386,1027696772;487590756,1533905478;2204802051,2790159681,2784869827,499536637,1498187908;0
===3153169074,2399635146;788844684,2404263690;1403965691,2296355147,1713844787,2724168966,2213772833;0
===896572181,265046137;2069484892,3844568634;1710131492,2212593926,2948155186,1077781202,1401732680;1
+++2732844369,3208393793;2352828150,144558782
===1300655651,1108913830;2385972896,2603862892;1708980211,1170974251,1137750536,2189829460,2312323714;0
===841220326,2608392015;3826589729,2187337799;1680760837,3937205456,2857699780,1299369879,2132756628;0
===3826756504,2973405141;1642831705,2616119937;2613929947,1919699068,3125031129,1852245341,2143745374;0
===2956888117,2519755053;2709488401,2722867324;3121785132,1703785661,3064091558,2265618814,1829716058;0
===503362265,2857569498;1329833875,1587098502;1940775137,3356894579,2127029602,3088038567,3481385704;0
===3416323008,2306899334;2178825184,2509879288;2135542375,660392668,2998198378,252969223,1601069141;0
===1627683408,2884648681;3211512846,1189147693;1440520895,2611260867,3071953137,1663870928,520632761;0
===2635780610,2077265877;1768247258,2007827266;1269087781,3803784826,1335167973,1090941864,2106353521;1
++1649800176,3861848917;3175860111,1705667410
+++2034272556,1601349394;3047431790,2574935439
===3526818904,1573081832;2031660537,2473045944;2087767344,1722517200,997152116,1387894211,757407474;0
===1447435703,1008690522;2633117187,1161301328;1586272949,982138264,2374376290,2446600278,870636205;0
===2366893591,1785410195;451104800,1763016043;1678584789,2724617447,2788882182,466933658,2776684513;0
===2327173240,2221931743;638742215,2067856063;2078439847,3260823825,1467213688,3779209911,2179908858;0
===965605172,2961052746;2911857279,2721492113;2521390999,2032693874,3081515021,979194643,1914906592;1
+++3200636336,2606960988;493924766,456612299
===320011577,2537428058;853933827,1299430543;2348521412,3674595350,1847784685,2491323312,2189654328;0
===1946302153,3597546359;1828551890,1807870893;2666652872,3290558720,312754247,2227825367,2401832414;0
===2391566665,2446073633;3686836821,2798229869;2349503650,684268689,1871652929,2448344999,1683630504;0
===1006141749,3179018812;3005824123,1623498603;960848983,3780840335,766456048,2668447768,3164075409;0
===1931177504,3057191511;1224991570,2207564317;2352387685,1845152923,2258657759,3035416676,3286427267;0
===2302602163,2750191132;472364892,1894994896;510149873,1583814264,2228140470,2141325886,2173107775;0
===1070254953,2056496116;1116882544,1590801174;2414949352,2575735854,2594734984,1245497518,3324423526;1
+++2178622393,2401507411;1424620979,2438640721
===2232673696,1921523921;1248887771,2433094634;1646573522,3179803448,2760721808,2449757303,1707745093;0
===3890122415,410606004;1254348320,2801922507;2122764714,648903469,2056227049,3662263459,2043666533;0
===2187950880,3466333144;1827646818,3210031156;768014805,1631185673,3042367852,2608880954,251317862;0
===2865609937,3562299229;3153838186,2214698296;2557883782,2800936780,929172904,3347676020,2793985015;0
===2529752650,2050970094;3141464435,2330871732;2083521184,1524652087,571956798,518726578,1406057393;1
+++2997651427,200590055;1640553188,1186338489
===2074337012,1264575168;720375956,1699854316;2086970232,2391348723,1661787949,1840707240,2142232397;0
===2168224363,1169853081;1781624891,2137296634;1959137389,3579180983,1885827729,2405945842,1487309249;0
===1029154212,1991135695;1483479188,1605796430;1113228268,3417692134,1903843066,3004057125,2848731144;0
===1922697910,1929542043;868287288,2246814087;2117922228,2284681656,878585498,930259849,2901691851;0
===868203340,1645105352;1943493111,2316090184;1823412457,3290435601,3590280055,2045151489,3098659028;0
===1425681520,1752215101;972732840,1734001757;1392780562,3195696631,1546943356,1746629528,4007538796;1
+++2611752150,781328781;3787674359,3440690705
===2111965398,2403237928;3262668638,2559314693;3344939088,1805937686,1665853597,85538573,1723579989;0
===3028192497,2494908452;2750996545,2184161178;2725321906,2578597210,1003169977,2888245736,2589399617;0
===2618078774,1981376738;1853361642,2003040142;2898168000,2258016233,1789521079,2884115324,3601340681;0
===517693414,2280486294;2327441323,279621761;2503997751,2762565391,2135814223,3610477940,2466208204;0
===1817020332,2103032063;3568507598,3453212057;2501388542,2591666235,1713193074,4127256474,3750007185;0
===2165662416,2969317264;1836472539,3613123124;2213563608,2422366682,3792567030,2171420151,2839552205;0
===2685701992,1430449391;2270662454,1021120121;2101287435,3838438444,3349600403,2341806128,2155998496;0
===2502742599,3519838932;4093344850,1018127558;1806488173,2772842529,1595256883,946635051,2494780737;0
===2227829252,1946671812;2144090274,1516654960;2674985717,2200697156,1089221488,1546905629,1686279363;0
===1206215988,1855620267;2276866773,1502283727;1998179994,3217245687,2496859661,2668917851,1895316599;1
+++1260592186,2156979184;2772782763,2261507367
===2365103736,2209690082;2410410200,3809441705;3279071493,1854702061,2392854939,2766638424,3121821943;0
===1181337943,900528827;3609195018,1587031015;239063612,3237405248,3213612945,1933062294,1291009257;0
===1646986680,2631335781;1271824804,1902274718;143275363,1663825537,2132995120,1361808057,1278057644;0
===2713204358,2077029100;1432406520,1245874635;3080986857,2585866719,2049554170,2013117452,3681589077;0
===2009221479,1430360013;2245660085,1411036509;2109475934,1149375976,1906404835,1550036584,2261331967;1
+530560490,845073528;409595623,929507446
++2119227730,3042979479;614458023,1652868956
+++2369972435,3622790382;2667830331,2946171004
===918756693,1555852774;1119529966,2034512841;2743339147,2001111684,2204088415,3215694328,2216952458;0
===657054611,2028068816;3227990486,807653327;2157171973,1349971780,2146141132,3941548592,804448722;0
===2743625544,1959431060;2810091839,3302329485;1814301300,2267987111,3077694056,2338205802,1560797311;0
===2764728663,2126874344;2343700273,2427942144;1609313572,2279066563,3373145294,1246672113,3333368456;0
===2100150738,1782075540;2435600085,2143228851;2150729213,1945897671,1991960347,3475267613,1942618890;0
===3004098747,1135508211;3247674793,3205664992;3056107364,1954616964,1193070962,1863281337,1085801813;1
+++3146411206,852253300;2413763139,2001916667
===1194431985,1500602544;1328991808,2987530447;1752391636,3585122081,2842769285,3083512704,1627037023;0
===863954148,1742502800;944448576,2824608727;2767292856,2914008688,1197634637,3043765730,1116239648;0
===2154448165,1342666111;2405424610,3498303594;1636410600,1701606720,3552879941,2420774575,275158249;0
===2252472865,2243373638;2547560722,3288051817;2644082707,2908241217,1913655083,776622043,1476871071;0
===2486357365,1359287835;1022877656,1454636840;1855722621,2083332205,2846159743,2125269396,3272944301;0
===2012828231,1525967071;1990202110,1995445283;1205101068,74639543,2592127853,2874679962,3281113591;0
===1835275337,217097228;3065189907,1929398741;2093471926,2355068375,1632683878,1761254649,2002483571;0
===2352615689,1907964213;3396713595,2460138501;1905612871,1710407212,3767501085,1303053720,3951815707;0
===939555752,2234338773;2062379790,1299342569;939266337,2814011654,2393305528,2759882962,955813254;1
+++2776916243,3101576340;3185004801,1809769124
===1647703781,1562464611;1519948306,3200948717;234453992,2343018661,2394013992,1688643590,1954276462;0
===932708104,3730859209;1889841729,3639980553;835098115,2628869313,3243648384,1953283711,3371157374;0
===2803099645,2014940433;2947558900,643534261;1758632946,3243452982,1981953775,1150042243,2309536252;0
===1888670110,2663571077;1555053899,3122695717;3569748917,3455546291,327321751,3667119356,1919233134;0
===1688406199,1711608336;2189557822,3663210900;2934811090,2750715860,664954507,2613520501,2673974403;0
===3999144864,3346143421;2587741355,3548412921;2089804130,927770511,2700389035,2865022362,993458753;0
===1818123920,2827137443;3013794489,2005884102;1068454259,1355920904,3304135092,2314699323,2246472529;1
+++1336725818,1883839028;1258135378,1953373345
===3199836119,2423210382;1318429952,2096738640;2455464145,1805693519,3099381593,3520800593,2212521906;0
===2191457857,1672321400;2607485009,1168726686;3386767162,3919048572,1632385632,2474437046,1974065405;0
===2702265919,3036397391;2291044091,3515523097;2586720784,1382763206,1184010494,4034382859,3536351796;0
===1357395491,1786767026;2052803080,1728849298;1002550248,2931658903,1122736798,1422296737,2660621783;0
===1806164303,2490264136;3123135360,1462020697;2856879793,2591673315,3055004069,1949234115,1697867324;0
===3389256388,2887006573;993147740,2775767852;3084810660,251240333,1446347454,2299963867,1462189621;1
+++2556494212,1260655568;2193544235,2187826933
===2614324640,1878395413;2197488393,833617022;2327904293,2545810850,2528430543,1704895114,1910357024;0
===3366919678,3068378318;1580094789,3049636445;2245223542,1039118576,2205893436,3416146600,2653932222;0
===1236576681,1896255456;3007001775,2040132300;2483736931,2837846732,1128699888,1120185814,2525208126;0
===1816485570,2373501032;3324192310,2224397728;1919620382,3600174558,2673916602,1292601515,1837979309;0
===978401372,699294909;236884916,3166941232;3311439630,2500983803,1290821417,3592265166,2212265782;0
===2533195559,495839556;2730952753,2131122845;2413046571,1519645193,428202417,1713830062,2126777743;0
===3186286853,3761695949;1874219813,2265771897;2317237084,1554070709,1624621988,945371225,4140266266;0
===3096644416,1249583770;2868421916,3298982928;2944470680,1641240643,2065022236,2630281293,1746549059;0
===1736712232,2656713997;2251816320,1755143091;1035007202,1785094470,1935618779,1681412898,936330609;0
===3463261149,3614718295;2035095413,418403565;2383243654,2304101666,2128808743,1575023631,1395355656;1
+++2224849175,3506747456;2406767966,2489791836
===1852642144,2160465802;1566939423,2282747167;2904454790,2896274246,3580595274,1244414461,1875529156;0
===1988980477,1676799426;3038681450,2734428214;3196900589,3567418388,2667189242,2052147044,2529599467;0
===2464167836,3232861097;3627904913,2956629088;3293983761,2435793029,2235934607,2523313558,3034768138;0
===3000519861,2209022792;2401926810,908954106;2107796847,3001913921,2535591415,1430908826,2197424472;0
===1606435010,2716122414;2360124410,1159073405;2066094874,673200798,2112897932,4067980944,1652379958;0
===2064779476,2405908955;2813925340,2158623211;1634729249,2802474312,384814000,3417444969,1119969076;0
===2649741223,1651959446;2221693260,2659869419;3124866777,1760765897,2686593999,2779610781,2136831505;0
===743207071,1257692033;1475248616,1548942293;1809978768,1684439399,3122702391,873841962,1335867943;1
++1716855579,3426105809;2021758654,3205569682
+++1556265063,2167830358;457009496,767951445
===3657251629,2274861464;1346777334,2441728091;410187219,2735485414,3302294062,2583574532,1595112404;0
===3358293542,1040531969;2244688493,382919978;3239662476,1120210968,1356120774,2286336880,1256760358;0
===573925332,3653924728;1052978949,2014346676;1094670776,3969135077,2385638695,489980488,1241037623;0
===2386390614,1344848807;1951644361,1455969395;3597341995,3549958854,2968652615,2497084522,3368495474;0
===160212293,881159494;3180153905,1920104182;2607846755,3995822277,1142266881,2819160899,3001764772;0
===1408015992,2600738780;2116935129,1663471526;2876275697,2314316129,2294579988,941955079,2020925312;0
===2228228427,3462673870;2937960106,247306816;1177857127,1915806340,2625231731,1468577349,2027119118;1
+++1505037835,2107128784;3819575254,2195752129
===1736143080,1830336953;2811042118,1324994872;3392008959,1866614207,1949477857,1617945878,767322929;0
===2790350050,2905720057;1762360702,1938416177;3014071403,1483161220,2549648283,2310550146,1079257372;0
===1782784796,2743499296;2218643145,1206436081;2288360460,1750899593,856557555,2469568554,2329765201;0
===2335529898,2786835115;1192534730,1296424659;2599355097,2053465509,3658342769,1244895845,1399377818;0
===1916565888,1888095722;2086933989,2417518594;859850167,2376397390,1677479196,2895389766,3363645378;1
+++2697170085,2992483398;992521444,3538797865
===2657827516,1028578651;1456698407,992165598;3741915315,2123779022,1971984745,2264168496,1943410709;0
===1387009101,1651369268;2592119422,2339892283;1915027787,2554009490,2813896458,2153671037,1213329153;0
===599591701,1830330210;869250707,1658029436;1680496986,3377747027,1482527974,2344451796,1947961748;0
===2407928306,2098429717;828456533,1108387003;2128912453,774687094,1780305252,2978606469,2536346746;0
===609137145,1942833827;982279790,2642981036;3995629499,2459207156,2464821416,1185739990,3409417803;0
===2315688599,3543577663;2872799502,802905047;2086105644,3135435931,1369543581,2372117156,3910052439;0
===3292441610,1780049809;1231645379,602650531;1963561659,2921236202,2597752724,3762549431,2220701021;1
+++1310000477,2207454043;2145972765,3006223238
===1409936153,2632721947;1865581777,872732073;3871733430,886271031,3118586479,2407775305,2753086766;0
===1265312493,1713097538;3770748351,2278757273;1015805281,1506015292,1394304031,2884442978,1236054556;0
===2688726232,3161667254;2818231684,944952625;1686027537,2388479224,3051898401,3239264087,2385681198;0
===2677177440,3022501413;2733301367,2587964101;2702794343,3094082939,998878479,3019369348,1077676939;0
===3225669706,2588839820;2751426266,1798430905;2746832867,1452720736,2137654482,1200502567,1328109509;0
===1804769898,3828527782;3104572780,3267325580;2098206681,3078366013,3017032146,1585786845,2132021178;0
===2901014598,2562042849;1230894037,2965235303;2433951406,3515355286,2500749838,3096492510,2790879566;0
===3225055548,2125117644;2395710783,2274965513;2374807781,3339920769,3265394347,1561577655,2771366768;1
+++3153405435,3321547153;2419204620,1320168077
===2233340213,1837562556;2456320986,1915056342;831657614,880029918,267229983,2131246132,2334932073;0
===1464838414,1914424938;1756655848,2986336206;1577314674,1111033272,3237632202,2896893564,1409921510;0
===3461322776,2261832142;1026911592,1415783322;1480729834,1720112891,1393620044,1685050347,2753248378;0
===1694058205,888036369;3056719112,1818490357;2798108237,2880020610,3494939144,3692510976,3246042273;0
===1898074306,3441654889;2813620902,2673575206;2312773100,2268468130,1397747107,2471144496,3049504145;0
===1640422055,748533975;2300371841,1692876776;1142935232,2853165014,1301293195,1703373950,2864397788;0
===691526718,1841587313;3686211691,2452956593;1826691947,1150301962,2321038342,1951794249,1015071105;1
++3119706202,909200483;2820208810,2279564556
+++3294934221,2313613939;1686857991,1451297646
===2824126558,1972547890;197458112,459365092;2140183539,2297636877,3188665403,2421270408,1292942496;0
===2927822502,2145069214;3158695404,1497785201;2471684309,3313202970,2932982987,1468449221,3237910523;0
===926732464,1202004075;2472382098,2245112050;2193317163,3571331329,2616421534,1781578974,1541681631;0
===775869564,2424421439;2228536472,2199354814;302546471,947305929,1489457970,1866484916,2963223913;0
===2638619935,3156859364;1416940294,2450910586;2359981874,524626554,1380495592,3072642250,2917155912;1
+++1830116181,1675409000;2338668166,2328832367
===3620518321,2356187361;2352242554,1874638877;718752715,1716287909,3421585661,2593938710,1437582618;0
===1401419239,2687653798;2995098889,3612149141;2166500849,1249056775,1305969430,2193628610,3385589149;0
===1552947159,1671621551;838907170,2904329611;3570932835,2314385183,2437779810,197951640,2245556419;0
===3198972767,2367570272;1319259485,2387335579;2500684491,446119264,1665087352,3177911673,1745006423;0
===2296114195,3102360314;1934026071,3635064971;2026357418,3743469057,1936909960,1966961545,3200371201;0
===1359259533,1409105297;4173419519,2532060616;1622722710,2048865452,2095044137,3430339908,2703235122;1
+++2773524039,2539261499;3907175411,1883514063
===1924209354,2037364809;1162386869,1614126891;3330831902,937122447,2582238133,2606784779,1814556189;0
===1561222798,2949338922;3504662632,1733744406;3635049085,3065464394,3381031488,1360319032,3990201627;0
===3733696498,1757719557;1934727686,1749335482;1231485220,3674446355,2962499037,2165700281,351235523;0
===2091005284,1674177060;700429029,2355542982;2453068940,1420328781,1857427515,2752679179,3097915865;0
===1088173940,1928902699;1988493854,1886013696;1136509119,1287344200,3589225629,2943886264,703626198;0
===2456141629,1107322221;2134796363,1605507065;2495255418,1886424080,2013540502,3258323937,3011652418;1
+++2121500626,1476299592;2760409759,2989195616
===992147006,2208288589;3888772962,1197426722;3522865714,2221754061,2504593332,1480751787,689033854;0
===1122846694,3008834221;1519179044,2151919927;1919165124,3650826429,1625649764,833292924,1363594872;0
===1459507107,2042891983;2136374649,1782052086;558631235,749659990,2939633531,1910528130,1760008921;0
===1449271135,1664257621;964514894,3299138699;1556247232,2192122369,2839788653,314342740,1489201979;0
===1791367550,1772427234;2613974966,665011180;3892889031,1937743795,1604613046,408202308,1997183759;0
===3158847970,293797806;2799390754,2690574362;1884202568,2508642361,1843016666,769907543,1691950313;0
===1039238268,2478355626;1860815686,1586829764;2520480206,2540556719,2931057085,2508073009,2149540320;1
+++3410399311,2980546820;2089036447,1229456862
===1509279841,3440782894;1175041705,2457468203;1670337676,1915453509,1520233640,2821729783,976953262;0
===988973001,1281307037;2715811539,2048735716;2854310696,1156334144,3073145673,901887578,995391455;0
===1760203823,2716677098;3339445397,2531850883;3191591475,1684533868,2972373642,893119955,2070203345;0
===878317739,2805270392;3333006616,2776732765;1006823958,1061491424,2087753009,2645273273,1524563481;0
===2277800707,1712627634;2045661481,3798077886;3083481844,2145458898,1326796792,2583982881,1819241439;0
===1862196923,2357045211;3254064393,2448627571;1673557805,2601768330,305766388,2696117205,2244037082;0
===1520432149,3609185537;1513412120,3386521758;3682527357,1380221916,3186503492,1665500815,1700927983;1
+++1400343374,1661277340;1131120759,1118529350
===3017761461,470146402;3578067525,1673505217;333010626,1060168719,3027499672,1497646963,3072365424;0
===1630271370,2558720098;2291048667,1236324871;2342842157,1207324773,1916369102,2055343348,3300377048;0
===2420148130,1532751878;1984046341,1821921675;2332293632,1876504760,1721638815,1142830519,1000968524;0
===2086353966,2837402317;1466309866,1929831726;1001372688,2314687170,449029134,2875781932,1338181211;0
===3772794837,1089744529;892984091,3919272639;2258998503,365628302,1715831799,2394371462,2071611674;0
===1694987528,1016652048;2201424098,1705208116;1904993192,1611948127,3361469373,2087736665,2463710445;1
+++3280432725,1870555911;3538476707,1483056822
===445201892,2041857285;2314240671,2878183959;2543540890,2538967136,3064610878,2018389347,579940418;0
===1913802874,3166939719;4007469792,1490451133;1762074369,2804800167,3214710036,3633835183,1515709992;0
===2510312792,3634031159;892993723,1125110430;2783588731,1179610073,1852873866,2149160325,2070532176;0
===3315361691,2624308018;1405735340,3069547725;1115748969,2275882371,2337259207,317293425,4167661631;0
===1354258668,1160100189;2240228439,1318732094;1058989052,2262350900,1240315165,1813501192,3127056474;0
===3174017519,3508325402;3521194264,3456706813;1841565103,3279684618,1054115825,3059092948,2056814264;0
===1123118890,2767649596;814550489,2525250988;3306125250,2387227925,1289132987,1965857368,2597251161;1
+++2654284681,1161509011;1985292185,1844155789
===456276244,2287624954;264877190,2640160163;3741922981,1907564434,1661819398,2831090052,1718099647;0
===1667161134,770031024;1845494446,2042547574;2166924940,2466816308,2363291699,3763286825,1588317157;0
===3856828757,2072185174;3564633917,1597109566;798493469,2871454319,1555677846,2257816863,1210939899;0
===2813436217,1359659345;2140124057,1497323545;1511936136,2644538140,834881698,3726763470,1709796460;0
===2189196464,2770438857;2372363404,4116582924;2400697826,1656460753,1656807663,1695678221,1642680028;0
===3416273633,4093122163;1926221182,2330504678;1605564977,3243259908,1897091119,2738861527,3167103061;0
===1337322080,1941671218;2524365819,849553246;2022864173,2441358101,1310350776,1405347527,2651388165;1
++1268701157,1838440988;3395483659,1300737166
+++2780835022,1670396500;3855069545,2415424566
===1528934743,267065549;3064895280,3809532654;2274715117,128962271,1373337316,2281077907,1565910255;0
===2017603277,1696760299;1794464444,2680768338;2438315674,1668479232,2812464228,3453325102,2502783748;0
===2741426469,2250195827;2019972896,2550432219;1612595223,2494136765,2028657762,2085268864,3806108756;0
===1930785273,1610539778;2625895967,2291468895;2332431107,1391911900,1522350350,1302743611,1044307448;0
===3382248954,3373175683;3434429823,3817676541;1303363247,699923618,1301186555,3662137326,2561880650;0
===1945023415,1348574960;930325438,3197926271;825394875,3063828611,2273567643,3350696194,3401759054;0
===2839850835,2811526660;2350804767,2072693434;3207119686,3854123486,2993189893,1243884441,511878263;1
+++3363257002,3372598545;2037979430,2377342923
===2810674249,2939842536;2910890821,1800017672;650955314,675896712,1278964987,1049099952,2664221394;0
===2853703078,735875267;130592300,2802715233;1477336650,1290022133,1754737731,2701408139,1018895598;0
===1875122125,2585124073;1512909494,1474531315;1705050781,2231165813,902368827,1332623666,1314203064;0
===927921939,2610024783;190663364,1700523039;2341537594,2301757524,568000592,2595781421,1452506516;0
===2174799728,2407889841;3664847922,3341511947;2660770180,1685618658,3224005870,3252236284,3417821617;0
===1819682377,2217159878;1257249218,1201140556;2461657246,2021597753,981700126,2283158170,1948588563;0
===1368719601,2706627481;2504428295,1311740685;1613655774,2206847868,2292013899,1620015308,209640685;1
+++3393657399,2942885445;2963921080,616578609
===950393529,2637882759;2978729352,2995495318;2156134364,2215407356,1989604857,1832328614,3134921914;0
===2267961374,2337368977;1053732689,2755719026;1489506561,876733689,3257352995,769487374,2603660696;0
===3661212980,1675911494;3258134512,2185384700;1018155166,2585474511,3252754893,2229802199,2192384996;0
===1192125213,1128622227;2005993174,702313606;1958786255,2154697011,2281606345,2712920534,1327249747;0
===3607102573,2351512861;2056274259,1191418822;2609902312,2780120847,2142991896,3866210282,1362474248;0
===1963728030,2113381131;1110941444,2528762408;3035895217,1238866777,1282178196,3356942824,4093759511;1
+++2985682531,2958484828;1145257821,3474818074
===3475816838,3157710897;2234916972,1403213697;2491583280,2689534650,1531898026,1921050212,2482686125;0
===2067361022,3209829218;787740304,2708680956;1824250993,3080259878,3262817462,2715772463,2614348305;0
===1250484587,1372152788;2648960446,2235169607;1505043877,2053870817,1539119771,2593673809,1777825643;0
===2347175062,2203893536;1484039624,1388889932;1981949988,1531488595,788129701,3998255725,2484610926;0
===2723168535,2913269339;640519530,2670625593;1846750469,1976983310,3371346704,2224064876,2244583476;0
===2504436485,2150078084;2008632301,2050290208;1426591152,1709462469,4121625506,2019706537,2026295976;0
===1682851560,1376880853;2095951991,2112457211;2551234938,2391054549,3712953566,2015482729,612337415;0
===3011244455,834396289;465072344,2533471018;2146264023,2003490493,1875191400,1078697148,1763337919;0
===2947940628,3487587695;929802785,1492839277;2101765231,1345468821,2914584752,2016298531,378475677;1
+++2128498310,2976871409;2536737133,1770993815
===2066413146,3879629825;2360262752,2181751425;2349331042,2608980014,1891914928,1418539992,1763705788;0
===1256483516,2414170048;2462860256,1092240164;3008843329,987464404,1240160943,2150110357,2502492533;0
===2056374139,907150409;3595233127,2252244582;1132391341,1227745472,537453106,1565138399,2767094317;0
===2235461082,2511994360;3610164697,3194501266;2930938485,2367008653,2069513829,1711209001,3320801803;0
===1883251806,3332525804;2704723444,1267093465;2696699278,305559054,2198727335,1760779472,2138048816;0
===3041348268,2991462472;1590128986,1794741267;2832168669,1672455895,449627991,1372424560,2415687092;0
===650089961,2175901266;3201956820,935675731;1136183445,3949433142,1848578681,2059887588,2676849598;1
+++3024795856,1450839566;895230563,2866733692
===3025675683,3829067754;1813399825,1853980149;4229140031,1209099901,2275798895,2763656489,419200332;0
===3585926680,1988649166;3061305698,3281210146;2556440040,1599742577,2896293253,2442155536,2127397058;0
===2247673244,574475954;802491778,2950404147;1981866440,1273577591,419140379,1448305512,2232926640;0
===1962026254,3664081955;2704100014,1909663093;1042269891,1194195671,3536144290,1979603441,2377422886;0
===1855119829,2003812334;1388467096,1716798651;2425074347,3008349513,2740568431,1107854828,2852684943;1
+++4082200931,3280130454;1620148228,3783188904
===1660256020,2248164609;762894877,2706571172;3255083230,1463680505,1811311993,1972443377,2646401594;0
===3235384691,1538492596;516456207,1649985010;2871365866,1190206892,2273583793,1110779185,2341717460;0
===2303679430,3258582165;2432198178,956119151;1618829604,2919007278,1232677488,2282633983,3922634286;0
===2062775517,643399039;2259159782,2080629035;3427209075,952714843,1093330592,1658378931,1933840264;0
===2749031097,1334834378;2352917104,2778262313;1427791087,2630270746,2914643801,3638974558,2492529372;0
===1191814886,2024870164;2511097480,3552062611;3928996965,2630373046,1101789931,2110711345,714709946;0
===1597820514,2996348769;3074745546,1367707582;775657468,2375231558,1298404398,2435405641,2069102196;0
===1596737847,1215914176;2898633464,3851832210;1306568755,3300271121,2338702765,3198503347,1283471364;1
+++1137826866,2161979872;3729489382,1425726869
===2573090298,2837000710;1801644623,2741961569;3822655032,1780424028,1633921813,1151732467,3919836214;0
===2739521349,2562128939;1881379691,3705028557;1088924626,3799115884,2116580010,3555594153,296583750;0
===420744690,3312029613;2031242323,1970408380;3762866392,1492569106,331749965,3207169433,2148407353;0
===2581102816,2053495947;2357018636,3084653134;1936170796,3292621521,1562577532,2040417731,1930131971;0
===2689829952,2694606699;4228799309,2631138419;1999722161,3093705165,2055332009,988839670,3132154888;1
+++1228664955,1229689296;3372795781,2108006142
===1821774336,1818971917;1055231973,2002459610;1925832562,1305090240,1686112985,1123479634,1715855685;0
===3546725731,1601890636;2283300334,3853345867;2097691854,1381372810,1048892835,3701648405,1025837356;0
===3052686007,2086528674;1644480537,2446535113;2353268261,739323421,1761491990,2625899735,2237696235;0
===2071530615,2356292572;536394575,1259811606;2214871070,3279294145,2438518430,3446034762,3035362950;0
===797396194,191088510;1418402391,2345533922;681383282,2505745992,1280429527,3316930998,2532991760;0
===2193846117,2205777688;725305786,2218534747;1442782789,2548312879,820402310,1620508677,1967741793;1
++2883316541,1897628368;1032694367,3459161595
+++1380344737,2065096958;1147540153,1050530572
===1640008806,1995492845;3346549719,3770004325;3592955329,2096137906,2257467706,2139639977,3871098805;0
===3164086050,1282605386;2363111198,1775202154;1868182607,1218976850,3580577986,463045253,3026428980;0
===2769229909,2573747029;1855964832,3303450844;3869905816,1386657479,1767700039,1752357538,603477748;0
===1843582412,2265647111;2253545747,3520841801;3483069923,2262491052,3451751714,2982715593,2599655367;0
===1480640948,1135668538;2945754437,853524561;1608548091,2391026744,1663868357,1231628101,1603461262;0
===3528109695,1850946956;2228695816,1175385430;2055482998,1992496172,1821566773,2231505037,2606131605;0
===1024766771,962727239;2824591251,2293287310;1992741774,3429551307,2498811968,3252862257,2389846229;1
+++2004539329,1982991057;1363780408,1948840935
===2574950311,2629562176;3926697849,2674652494;84300615,1753850012,2948998403,2636931331,163900151;0
===2928476220,1434189944;1957959531,1952924995;1666087251,1022745477,2611677505,2387372539,3051590261;0
===2592051092,2473339587;2205281426,1544572674;1044081557,2872789092,331103256,3818149885,2708223192;0
===1750413180,3146783489;2103256435,2659712497;1925456016,3586783168,4045229448,1692967550,2848615357;0
===3196098808,3121472051;3040546016,2864546146;1642197215,881672394,1772484930,243223690,2610989531;0
===3256872350,3197225200;1592756283,1553567800;674154868,1751572845,845941031,3175878959,1604343482;0
===879976814,2846858286;610894554,2270974652;3311386269,2659102939,3211158638,3017674471,2549777020;0
===2081478299,1462873644;2829718203,1765093139;2775370695,159708175,1253714340,3673705727,2833278051;1
+++1789922214,2516252434;2095107580,1301649094
===2556649571,2979499000;2663660607,576217391;2894493308,3356237496,3090687728,1571025870,3033818734;0
===1758816523,3148519109;4288689837,3278887929;2096750464,1132739821,3227562811,3303057578,1577021498;0
===3157069864,3079319994;1198796974,686481590;2720885629,2035040727,2043939781,1530043071,1508100097;0
===1953077888,1849768672;2174728399,2382529036;3398277587,1302483356,2817461915,3623751679,1928072149;0
===1969174617,1943481117;2555202441,3601750403;2332755813,1988626365,2187042919,1984603367,2712179916;0
===3843206762,3109533664;2524037718,2622238723;3750072424,1626151625,3719977186,1885227375,423715287;0
===3143212622,3443178416;310285581,2465460274;989393996,1317358288,2039904284,984985491,1038868774;0
===3055487587,2238379340;2393816379,2830504258;1701687983,742533092,2118794267,2140559577,3439791106;1
+++3333904618,1504622422;2741742939,1680236968
===1327964065,1515005324;1721219076,1707351491;1996102928,1770680256,3023195592,1707573479,1532041925;0
===1977847613,2880311262;2472749159,1014515138;2241069264,3675481593,2654798749,1522337934,3050044495;0
===3060431695,2984364754;871822756,1833379294;3061678884,1782510244,3783050806,3175782710,3411174987;0
===3209252552,1247687718;1840367717,1915174947;2178600093,3780228649,1568482750,2846569724,1131094564;0
===3092774418,1738907469;3187281008,773730874;1610111751,2102163828,850565151,1516299136,3494367859;0
===3933998753,2498385017;2215278914,1966303833;784803026,3362453057,2220400047,1904100960,651636605;0
===2212828475,1731981697;1154836263,1474545187;1407221836,2280172027,3268071027,1126570971,3450604710;0
===3814255537,3651150265;679437621,1435205105;992825704,2262317578,2726579586,3014792166,2728161917;0
===1974559131,2778853821;4176894815,1589262695;2835462755,2393189142,3051681749,2904255333,2105442403;1
+++3006093049,2279309090;3633947585,1963171057
===1856514681,1383729042;2431146081,2095315390;1623919921,918705377,1879259784,2721756031,1581831302;0
===3157502555,3598635916;1917444637,1868466981;1559623495,2300383577,2977912247,1670937483,3896623966;0
===2445056621,2203248573;1911969291,2662856108;2347989630,935634951,2538168415,1984622228,3018032085;0
===3447863645,1780008162;1594413701,3365223982;876994846,2534407733,2701267411,1399027793,2589498918;0
===2130379561,2218172822;814527967,2733203760;3193113385,1390048573,937481022,2176651819,3549952077;0
===2473609040,3178266105;2482085941,2376170303;3173385730,1574229110,3071220762,1090703519,983271365;1
+++3210279892,2392097637;2920184071,3817949783
===656765876,959344885;1563125778,2088116070;1336260268,3517934603,3709087825,1895750774,1094208749;0
===3888727414,739679894;2695495230,2088903898;3533225959,1951729877,2162778990,2577558715,286833994;0
===2698657260,2910324844;857633481,2258560233;1934479569,3235219469,1601880143,230243453,2396911376;0
===2787644847,936085077;2256057959,4037556951;1432991236,2942439712,1361682749,3329282553,951597618;0
===784138420,1616577255;2068294443,1558938327;1827675806,1406396307,1028831851,2119183743,1113598996;0
===2018723132,911281064;2395639193,795062852;2718689136,2297131396,1727909051,916261013,2148466978;0
===1844993770,2062211061;3793476390,3801753127;2917944875,1118918470,1979006702,2430178164,1493076772;1
++2157993628,2452284319;1315471915,3357659753
+++3431137835,1997131016;2028237864,3607542786
===1264468382,413097390;1185760145,1515973781;1877607039,2694614433,1691941781,1684668074,1071835868;0
===3063861971,2479586700;1848492377,2833930621;1490988956,1986211328,1530831692,2653678583,2571421460;0
===2740138954,2747023559;2247671759,1473020973;2759658377,1690133123,3019429696,2172637584,1791017262;0
===1070582091,2067430356;2391277641,2286743798;3447535481,1379212726,1141458729,2228273380,3827761762;0
===2844475296,2395340774;2736906664,1216594678;1916765227,2157843819,1882300801,4155142717,2299868503;0
===1656755786,2158842892;1677744538,1267012865;2252923666,1618838648,2186147971,941026027,3586365879;1
+++1841365201,1427354733;3754203883,2669071656
===1591522511,1845572181;811200644,613592165;3113069632,1524642324,3126594837,3128939536,2583850655;0
===3366293288,954752994;2497174557,638774836;1990693142,2224460346,721038563,668485456,2198886309;0
===1003570293,1153433871;3167828531,2270833450;1177846472,3092978957,2464351041,779700763,1113891009;0
===3389010056,3569050689;1007502972,2304620345;3116047991,3545176840,3241943337,3815094726,2799823767;0
===3512119635,3441431707;2491697951,3527873298;2191997937,2335372128,2112310135,1415186424,1821240841;1
+++3679796658,2649340507;3472265610,1878949680
===1442924414,3628484786;1845456723,2771066306;1995606776,1353155101,2343791838,968388662,3417964268;0
===2622293549,2410719003;1973572353,1717169225;2013921485,1830137134,2662220767,2260802492,2358213865;0
===2596169442,1980970258;2139315286,1805637347;2147373133,1705000530,3593224047,2885178702,1339155388;0
===2086128880,3412694379;4177462505,1030814558;2160328662,2028048180,2135715365,2672434495,1539100583;0
===3863769222,2959855735;2319626447,940951254;2382960522,2220148624,3670387575,579793178,983811345;0
===1552279597,3395293981;2248684995,1749625042;1963571602,2526646176,1609321158,3422266288,3714691346;1
+++3308877437,3906645766;3080749382,1565233712
===1458743100,2802663085;1363461458,2916217650;2353711958,2134409487,2122433205,1889958239,977807720;0
===319478324,3446676414;747790573,2858083415;1600983312,3892759855,2154466135,2744493477,1856673552;0
===3875902062,3298005504;1864042169,3307977097;655922107,1091609718,1739969282,1398608976,2367355896;0
===1226901049,1568975721;1730908554,2041180087;2071772160,2813890631,1866917877,2308628886,2286269696;0
===3206452535,3232080265;1346480527,2239157846;2187927965,1288114948,2605314835,2245521881,2821284649;0
===2064355413,4162098679;1974483324,2390276205;2809164595,1780714651,1335417902,984623543,3092238436;1
+++1695505013,755000681;661956566,2056870309
===3470313224,896423874;2045916862,1894858928;2011705240,2454765559,1854248467,1118935222,313913607;0
===1992373887,1508689959;1272961876,2958168081;1996038268,1710261084,3573287446,3181408058,2569376533;0
===1282571294,1626713503;1862646974,1883414795;2590603806,2279058190,2408085490,1024490992,1001124193;0
===1133163272,2991527324;1503017821,3533947976;948414254,3163695524,2295506207,2498177455,2148380943;0
===2327197460,903417170;1696174028,2623163125;2654838777,2167424059,2091245694,1865676772,986948223;0
===724068636,2565419906;3480281567,2482685663;1499807064,3410474152,1783576221,1627683464,1580805769;0
===1849023723,1504502975;1845315702,916254843;1722582764,2901231806,622816450,895067008,2200687362;0
===1769871473,1868633529;2348937836,1127645944;2469757996,3908598188,3934661409,494461445,2041670016;0
===2210263301,1609767605;888289191,2322932190;2476061810,1458357403,1667874199,1760277765,1949068928;0
===2927864143,2060853010;2161926637,1397743589;1671871338,917821152,2583512338,2933782090,1501537671;1
+++2615918871,2894807621;3687029951,1452753929
===2554673719,1828748986;324812185,1475345404;3801310722,1316227318,1569702882,1635708110,3012317787;0
===1481315119,2398264544;1175247380,1072020240;2319700140,425991578,2027425507,960693268,3300038316;0
===2423872869,2865105257;946497760,1852748451;3098153446,2504549733,1549889554,1223976711,2455115697;0
===3101817693,1610691397;2604155306,1178447234;507958341,2452273846,2800765940,3818687307,2043440226;0
===2884794233,903527761;1786037862,1872674523;1167348321,1937427978,3630014635,2618582336,3273835573;0
===1197129868,1839469864;2324601529,3023617150;2905876144,1978427616,3319923817,3352818407,698146458;0
===1510708127,2059059987;1242612748,3899877500;2078652297,2566249870,1580733905,2277160699,2300527681;0
===1523930512,1946799088;1467009882,3912096690;2712274667,1463023759,1753253114,1784512488,3125712140;1
+++2300702132,974823922;2829773601,546410709
===2681254930,2863917061;1611156251,1901930598;1109035045,1245822426,2758030565,2030560285,1534864047;0
===1487875855,3161365419;2753519230,3163945278;868925553,1426675467,2022352916,2466202570,2676995709;0
===1912426977,1359036233;2742447844,231199113;1508171188,2396245483,1976635082,605598681,3924907135;0
===1931113716,2725258347;518225359,1849410169;2323145902,1899128000,1622384138,3007441447,2407629052;0
===3351160698,345179345;2720499704,1355393721;2622968815,3259022667,1528688056,2026770006,1645943655;0
===2201931805,1646303925;2158248672,1460894789;2092186809,2639541311,1917796870,1859688580,2289086989;1
