5;2;12
+1805652944,2228204443;3544035150,816679236
++2371659378,3733070660;2107205587,991375935
==967240517,1241791538;281136408,2414370572;1474174495,194751291,628113531,2637328224,1476447480;0
==2071754016,2430351702;1998922270,2193881365;1957712004,2395999772,2564404746,482561038,1749971835;0
==2328602868,1836460196;2614605985,2230310218;2245153381,3661235012,2052240793,1870436377,2339303783;0
==730392919,3781932029;3342388293,1601914331;1786261277,1530600069,2007956586,2764646618,893111878;0
==937714049,3740322987;1507463486,3344414726;2527372974,2189386868,2157014112,561198887,3147011086;0
==634017726,4041015707;1369633348,627672503;1982652429,2866693438,940297637,2850659423,2499638139;1
++3294484571,1527612832;2631452515,833786729
==1727444423,442125762;2966669240,2631945970;2339101164,2216841520,222960323,2711896891,2119858356;0
==2344593563,506115787;3081807521,1784695247;2789626203,2136591647,2757304199,1670094345,1627807284;0
==691152334,3943890844;2090205707,2095454039;3328742889,2215858221,1792517167,2245257873,1232743833;0
==2110347408,2388133950;649349816,3969221974;1755785290,2481407463,3317707186,3317862389,2610752813;0
==2936868009,558510764;63142164,3535041654;2336657598,456705752,3099194388,2570447772,2363669021;0
==2774475487,2012408562;1474061354,713305940;1284532787,1744358916,3207693817,1478534370,1703489574;0
==3948138921,2458094347;1022253335,1480710049;1398602803,3635044297,3071117564,2370671982,1478680067;1
++3121036397,4063456501;1025009765,571063072
==1845992419,1980375456;1271148579,2125250361;1076671076,1645405740,242275113,312760235,3880672864;0
==2379525403,2702659886;469827384,1716559682;2237672602,880386305,2710013474,2298577933,2485727873;0
==1364539727,3274862621;1726918582,815361580;526193018,3252698556,2133895462,3357784218,1489943895;0
==2990100479,1044995222;1398766277,2133345854;3314803984,1916584446,1093992838,478080062,2175965489;0
==1790641061,1072580692;1595931335,2602631109;2406836381,1993630105,2970574969,3166415091,3350702784;0
==2377259574,1134524712;2240779279,3885359513;1211540562,2318169878,958058234,954530800,2735486782;0
==616543399,3020060267;1821830587,2889983420;1894978003,544446583,2762672646,1880801778,2873723132;0
==2421207402,2797077341;2703416197,2320229711;1738688137,2125844438,2739018381,1999304169,4068840177;0
==2343187561,3652264995;1888310306,286667568;1984823651,517570777,1817759391,3574566041,2256336496;0
==3818730324,2532421900;2031478816,1694859503;2265950670,691571688,2150304938,658238722,2603830857;1
++1177169917,1588358880;2931996666,2547246619
==2524499006,1654020085;3224031301,1751828098;1686040879,1977836414,2899472222,1590827792,1101477917;0
==1330701950,630253840;2608742616,4015762906;2028502675,3381387598,1511396636,2829689668,2647473583;0
==1130078467,1350997369;1682335684,1220893410;313426593,1785607644,3439865032,1337862507,2975551745;0
==2035328834,1837340184;2141967463,3631544577;4155357767,1278409358,2525179536,2074074386,3696197261;0
==837235818,2761467528;1902226819,1803080317;1363614624,594091212,2694329219,875862335,2224961307;0
==2866395334,799659969;917445216,2313672946;1707609586,1564836459,3206470248,1344403307,1844433088;0
==3075058427,1751554490;2618808175,2292841450;2688318308,276100734,319865168,1444914770,1865344706;1
++2698464455,1789126517;1563165466,2596139336
==3244028863,2731848226;615134677,2348978991;856236170,451176812,1451261365,1129345348,2994637572;0
==3620023512,1707408551;1250736708,1836168886;3354209369,3707882846,2047845654,2890775586,2404761089;0
==2519049879,1978251339;2288541008,2782456429;1779066276,2546133450,1986425393,1515982309,1620348796;0
==3464357427,3200322545;2101527947,2456380408;2850576769,3164099907,2678366264,3356071845,1652677760;0
==813602145,781960499;2017202268,3754821966;1207271424,893134506,3277064298,3269117279,1601979875;0
==1729405584,630074386;2359460241,2762014929;2150802738,3002322724,2554565075,2114262750,1815313063;0
==1910057485,1888451003;967441332,3633679863;3113335010,2271207450,2206854462,1759605371,1459897803;1
++673377033,1461133969;1864834370,568680113
==3062927335,1715956801;2085227832,2493193080;3178909285,2337892444,4238949825,719235671,1370288789;0
==1541140260,2079809949;2479787233,3381369690;2545701797,3886285658,1254789183,2770815509,3919647128;0
==3747713802,2165428572;2878238917,3570065700;2411116693,666239951,785383367,2848136916,3580784786;0
==1241955637,1925238327;2290936969,2577409284;1471447801,998358705,2229728841,2341304380,2423850550;0
==3018545611,1396145183;2299373553,2050073019;3680223852,2010474305,1042143531,3885111307,2880113834;0
==2360029578,1033418116;2547646896,3345584028;442206339,3800274818,3139493147,1506899621,1674172603;0
==1624731082,1779836648;1997841075,3185713152;3074157743,3801704131,702652091,1639401809,2502900810;1
+2090889638,2010239471;2031315258,2638128981
++3100380929,2433838717;2949928132,928295230
==3329942798,3034078786;1466801465,3164709783;2990499132,3009849638,2898249257,2026918693,2115082939;0
==2317519934,1176498217;1811361610,3305292329;2050886655,721093283,3505082401,2063052655,2846031689;0
==2161625001,3682504852;2364036431,1049010648;1184467424,2047771086,2341727715,1015415943,3404813702;0
==1857952717,1908173679;283321418,1881389116;3991401213,3484217338,2834200863,2440971490,2268086476;0
==2916689236,2733692914;3462658210,2879232373;3209666884,1653538594,2489785120,2007526590,2059308275;0
==1174484612,857754806;2785840496,2790818465;1787356859,1817676477,2640676924,2875282471,1649373368;0
==1916886775,2030751247;2834203369,2171185429;1756066156,1592205558,1400055611,2506891104,3562035864;0
==2471155499,2148331893;1616722950,1987056239;1190241920,2341910766,2242518823,2479422726,1582918279;0
==2938627211,2614978967;2225523376,1671643878;2824762590,1976744861,3201427836,2040745210,3070264987;0
==1774175577,3014541022;1163160662,3146098591;1114888374,1940871076,3090116315,1318848524,3033205633;1
++2364519140,2597875807;3423087286,3614531730
==1828968299,1899737763;2485871106,1411885980;3783752614,1673152990,2154789285,1900507097,1399005513;0
==951434476,1916844150;592261114,3576402839;1967969712,1513530461,1238609005,1971497027,3441646927;0
==2864166824,3520014826;2786266585,1134858260;1366087877,1402185076,2215173921,2618705973,3037797449;0
==2239799105,3064711663;3054181491,1765307987;2188513602,1562734027,2179664692,928227036,2492199780;0
==2060586778,1470490696;2023000025,3694266620;2292080762,2251005600,938653474,2642730190,3755741891;0
==1019155758,651411640;2099504187,1548218817;2815013456,1747613882,2187769169,3235711339,411759477;0
==1757434663,681081879;1455161587,2797265912;3472755679,615590874,2334659418,416390432,1943522175;0
==1525456865,3664962957;2473819402,2944565020;2042787564,730172031,3391448482,1464060494,2142031429;0
==2139142921,2721581804;2759886850,854325258;2170932995,2834069089,2613374244,3638265088,1251327131;1
++2809579830,3218915882;1291204919,1521461716
==2599754061,2390247133;1546160214,1309784175;3589044398,2393793311,2769259485,3268103269,2303253547;0
==3957203833,2349714861;2497210965,1488067118;2941973701,2221336396,2241193755,1512674859,3290512504;0
==1381235313,2355989768;3336778019,2037518020;1437286952,1720680566,1428389025,2186117100,2574309355;0
==2178353213,2624262744;3843386805,625894937;3191678703,692227236,1771269802,2596585586,1844281400;0
==2193261385,1917425789;2093981967,2403340531;1281008551,3208625129,543978169,2789084089,2029787783;0
==2056773388,2160968778;2624547623,2061630174;2486035143,3047326652,2368558639,1720177627,2358502011;0
==2366727962,128809002;3270763174,1309239293;1911615950,2673684943,2822847190,3763005930,3668451815;0
==1184293082,1335781654;2581766363,1320817137;2502725040,1636521260,2264576967,707825431,3102779103;0
==1446602760,1492802917;807370413,550561288;3174546841,1294888684,3544780604,2342431658,1889285517;0
==3586613245,3630889107;1811442881,594762538;2770247099,1365604427,461782924,1460924953,365089193;0
==3831866765,2559537427;3961442225,195903559;1834114121,2117377918,1204807974,727075566,3004397889;0
==2056448884,1743781663;1400483702,2801436617;2108246597,1884195586,939054163,3473697862,1571114170;1
++1612414801,2278950958;1976315381,2236481484
==2860671931,857291904;3444425575,267225301;119702460,1305588453,2186522520,2699385597,1932490454;0
==3887423499,1265054806;3678091879,1607900012;3394380420,2940080869,584945782,2779307502,2812299575;0
==4082176766,2046226991;3679807744,3387673047;2701548237,3883722289,1493417778,2548078994,2040121188;0
==1960559626,2578467881;2582041804,2233158897;1682821414,2340587777,1355154196,2324817477,913585807;0
==3331849789,3905831904;2360779995,1952654796;1897169177,2119308969,2117058750,2028750506,2869581391;0
==1471719516,3383034229;2209756023,516784724;2848710363,3376636439,668345802,3700765504,1570804714;1
++3553380717,876291677;1378266522,1458884267
==3989621931,1640763733;1582060259,3065087409;320735529,1241760540,2262895519,2748071804,3440860619;0
==1740622082,896145107;2566097228,2133640146;3660874958,840107576,2187817839,2989755403,1478482843;0
==2407819389,1281542196;3906688622,1290213821;1959958226,3213218490,1859415735,822446612,2596770080;0
==1986959663,2545781847;907030847,1136985323;2758679754,1976477121,2878480707,2582424666,1115621537;0
==2291799190,904571469;930839531,3057568219;1135309098,2197205091,2182459352,3661110739,2363928850;0
==1130101500,1508187208;1809432505,1625755607;1519428999,3029758061,2110602705,1646479237,2303628203;0
==2623224935,2108280542;2037128083,3113285574;3010183669,2340066777,2702798815,3277908063,1122922656;0
==2086561009,1637063900;1676654500,3100710831;1876841005,1052783357,748304813,3029134134,1413184623;0
==1904408146,1125562814;2398215010,2029726502;2579834357,3117306869,2251086069,2141532148,1531634421;1
++2672871741,3499905963;2478013626,1111283730
==3922451350,3812852134;886083672,1234861463;828285865,783161939,2749823342,1549688613,1042998904;0
==3687057805,2853976597;2633056489,1959584186;1347348178,1795749871,1268596231,2618838476,2489136615;0
==2264063680,2344604699;2997239693,1841371268;1389324353,215069806,1822485708,2729176755,134796629;0
==1917237682,1805874522;1566583814,1321162660;3429491468,1041864901,1967940857,2814664154,1041826116;0
==1214471494,2833944338;2467187779,1567851632;1364569745,1565115841,3917445843,1356271985,2301926834;0
==2109243030,2405838375;1882897621,2776915109;866258813,2450212445,2361153084,589122425,1109860553;0
==2681750467,2908275721;3655637757,1940450221;563475103,2421082189,1834321232,2084721658,2147773748;0
==1970228495,1700608320;1982271385,3180552329;1962414467,1155116766,1015962391,1791474399,3798229830;0
==2047128740,2697148634;1652894975,703793118;1855227020,2736589043,1945339326,1041087948,1921129378;0
==754965464,2147073376;1652593080,807015932;1341923300,2455280683,2623053066,1290816286,2567456220;0
==3438613202,2368857696;2930431974,2453669555;3424918361,1918924663,1959480079,1889921695,1785723873;1
++2330414647,2523685817;2679218613,2171505507
==1416750790,1048739398;1360081527,1688613548;671751487,2562566589,2217646322,817461491,1637329349;0
==3537287685,2297255364;2382832785,3283458179;2001775681,3629612280,2930887589,2169062178,3909914568;0
==2345101849,1565693472;1089713695,1223588356;1302604706,1222878420,1625790495,1025115868,2090267953;0
==1766723857,3452264852;3036362119,2537161148;3286050981,1352061432,2346051420,1947178742,1351029415;0
==2172972187,3047023205;1941524716,1672811965;676934445,956556713,1153228959,1090091651,1774714264;0
==247365434,2357481893;2174632479,2584374154;1483760843,3492296700,1959629452,2532010959,1131617900;0
==2183034691,1026180648;2623615484,3211271225;2608481490,1947996251,1130008358,2967011154,3601484541;1
+2044074766,1930336955;2201947748,2405229344
++1814694582,1275088891;2650601899,2824241681
==2183153638,815738537;920315761,736269022;2893802842,2976045391,1461274509,708915904,1547545817;0
==2494203738,1881450722;785384093,2752052943;3095417182,2128386919,1038688464,2717208240,1614900457;0
==1694278771,1351620778;622326086,1926619012;1159902216,2654846878,1647986903,1918126205,2858922334;0
==468372541,2352997010;1976105980,2487754585;1881635107,408546184,1076981931,1714425498,1887690786;0
==1863331798,3225259567;1474606890,1355094823;1779004983,1632939648,2113236247,959257776,3083966814;0
==2060356416,2094735905;1948422824,2680657100;2119017856,1112927277,3454938701,2545871278,2920559574;1
++2274487037,1287179569;1955227064,1501190944
==2628441361,3433028917;1324995496,2312970848;1072006953,1894314615,1684995105,3397550236,1473322043;0
==2168716465,3139351034;2878476780,1831703263;1545975393,2319086053,3207348993,1883397121,3023005278;0
==767150802,2105888765;2250577777,1680762482;2304951422,1547789733,2908193909,754101378,3892318682;0
==1219840437,948622166;1430037345,2705136108;1297107648,1653904413,2079294595,1993468957,3160067371;0
==1450921065,2249342820;2950205766,2137187991;2030296728,982384802,1012658354,1354079653,2864426038;0
==1206640403,161913970;1905988319,1423003057;1850152092,2195505597,2568548820,2284017331,1307026364;0
==215646798,1568735283;2204731671,2840244274;2635177047,1544100408,2428969783,1189885568,2139936569;1
++2612782890,1906814385;820805718,3205731168
==3041588477,3500263408;1726098896,1766203863;1452336295,3315574016,3596547073,2805178930,2117216012;0
==2088508951,1178479707;1065126460,2030077539;1471116361,1559319241,1642488819,2438067898,2412518100;0
==2324462476,3384352809;1809716451,2821605290;2201449313,2221352001,1084864562,1012345589,1662697664;0
==1444222973,1838872553;788312673,2520980746;778333297,3339211978,1895029959,2193895421,1767143957;0
==2275258585,2220508616;2558960645,2731413874;1457611154,1486056159,1255814029,1253248053,3009037242;0
==1420581789,2663458905;1185010150,2265680677;2200266868,3030702365,1298871375,2514810198,1711524775;1
++1341987407,1866887269;2334250113,883561869
==3075454756,1657095239;2595884814,1829522695;605188127,1987370072,3165521124,2367395359,2037162695;0
==1152959038,2440927857;1096591381,1677908022;2480544196,1437825714,2064799934,2228935320,2680813552;0
==1431441697,1610713850;992990245,1171151346;896700407,2645263056,2085294106,2149968909,2862931128;0
==1388147510,2195161204;599689430,2967822162;3460656912,624993402,1401655565,1629932128,3871561902;0
==2827777731,2130086802;2146300752,3231965700;1478676793,2758651899,776762625,398766842,2704032178;0
==1771709493,3034277902;2124396507,2816992508;2134923521,2519509380,2379989919,3405864220,1496732951;0
==3380633457,1127898254;3437457237,952188261;1808635869,1748233649,2269547997,3637674219,2435992313;0
==2832437939,1787536265;1090030768,2577691801;2057434927,2421899517,233098976,828044725,1503488146;0
==2420081636,2456463445;2655896099,628275517;1273257512,2854213037,3070411661,2136088974,2138635746;1
++976638533,1123945367;1604880181,3356536304
==2629383506,1833109887;2349739632,1563147694;3282928465,2839316673,1456414868,2757196303,765482810;0
==468050943,831337874;1716679831,946282544;1117042104,2159601960,2918605736,1776716436,890656770;0
==3583933083,3596358328;1834184132,1919854853;2099766317,2596988829,3012493578,2594424841,2688074160;0
==2876309169,3161681150;1648776488,865094332;1428252757,2303736718,2153898617,2644080427,1867534995;0
==2686788368,2349288551;1789186817,2290197524;1121152641,3677681470,2623144411,770937278,2473258020;0
==1098407436,2990958960;3435480233,2086201427;1850296000,2131804273,3295976206,1363308376,880446543;1
++804288291,3459990115;3460959841,1645756168
==1414778007,3922278522;2193517613,2945181829;2250620203,1807588208,3276109060,1651154887,3309525802;0
==3393023211,2066163161;1981368105,360855897;1101380182,2449463829,1504130973,3131842135,3348058135;0
==2825782307,2973128028;1336972564,1947238735;2058068483,2365439164,2292547248,3923070273,3423956560;0
==3921641108,2042283753;2903389819,1711350729;1452147656,2498943246,1662536187,2253821890,2893381966;0
==3552382630,3278252647;2135336583,1814833778;1993583737,3105244993,2108962935,2306011706,3265472985;0
==1614131680,3412397247;3224535852,1973368040;3361625863,3151787318,1940951823,1457240694,1489775073;0
==1531393652,2379286083;1258972265,2388313111;1888051355,1794975313,1411765032,2190693788,2756610473;0
==1833213039,2548287302;1242142833,3378473442;1818226069,2190118651,2835538194,1656510155,2279514029;0
==3167507649,2143889489;836278040,2558092296;3887218158,537522619,3785150638,2419331221,1679425638;0
==3572804200,2514025449;3374665868,2156803659;1112316204,2137085385,2314131657,1342402881,3070388675;1
++2650566121,4110942072;1201153364,2027743666
==1503744451,2164345084;661653619,1332385989;1161430128,2006573243,3015963785,2283284789,3045990499;0
==2378707197,1433150387;1544845012,3010770669;1033124106,3342006844,2261283920,881328678,1510824833;0
==1540512797,3527664172;2458067364,1102312403;2768082796,777752188,2744209030,1733310286,1729881620;0
==3626419894,2100060120;1308059499,2051769304;1913337863,2203783530,2313544379,1559346548,1608261355;0
==1959990789,3970577121;1025445788,2398772367;1048188991,1941078823,1731616754,3333641924,3042648568;0
==2611321864,236663763;3951330514,2285726665;3194572227,1613030720,2217704976,2285654417,1581101290;0
==2460986157,920918825;1246852442,1510434019;2107394984,2380857079,1837184271,1424009233,1287953376;0
==2859679645,2046417981;2237654624,1573843494;798720985,1872742839,2328837038,3432777842,1439414665;1
++1876241649,1637105779;3463538169,2170950051
==1519704354,1264157911;3580237510,1802041814;1669950725,503838465,1693690121,2445845601,3256842218;0
==1110080936,3076680774;423292701,2209962058;2191002178,2469312473,1501960216,3141663447,2622492933;0
==894903733,2223589884;3551524638,2000464872;2386200616,2354691414,3168976428,2554816823,2854914564;0
==1453068178,2793492333;780237490,2461367091;3414781878,1422492570,738875677,2110447040,2637540327;0
==882992503,1854729480;619729200,1545756952;907147023,2104541678,2970799487,3123515718,3625289636;0
==1772418527,2234350971;2600574285,2338866855;2202007832,2148891205,2651506572,2261671496,3188841881;1
++2285035056,747100930;2438540971,1901825156
==1256480582,995718274;2057222191,1825218822;4072599406,3131689282,4099333006,2544868051,1616907404;0
==2719581134,1858774808;3646546776,1859669211;2451559337,1361104469,2020101827,707705038,2706751785;0
==1377821723,2191004803;1963174311,2608219947;1395975240,1625456290,2811834266,1183709374,1376889328;0
==2860867253,3027850096;1957579933,2834128934;3571024425,2241555106,3386572895,1579432347,1984080567;0
==1576673390,3345156968;2309162737,2938411699;2312323954,1720044200,2832361095,2022920385,823160493;0
==1011816916,1369961676;3053913228,2930505839;2443007697,2597763187,1272639698,1736479126,3024669539;1
++2613818282,2691771182;2519263018,1912858254
==2582929917,2238487826;2375823419,1229738273;1996342210,2216223016,930499225,1364317827,2386686696;0
==1998283298,1406154204;1812803085,3205825245;1992237666,713358762,1082019143,2099457909,2482693123;0
==2467652613,1819673369;1485636529,2426386479;3586088705,1522291021,2369631827,892874520,1465170557;0
==1089513893,1241917768;549782715,2492090713;1938964549,2145794097,2040241198,2103377680,1228737075;0
==1922323349,2169296020;3301743003,3472709436;647839355,1454771308,2308729839,1688341967,1354109341;0
==1928927784,1784935289;1227219885,2358805439;932032186,2099603262,1360518870,1778420245,2636101662;1
++2855067954,3427938047;2019846689,756424621
==3417764951,1265698668;1083406314,532323213;1810571675,951824906,3431704486,1419304282,1032960706;0
==2302506446,2635225891;2390603803,1733525441;1715482885,2438659851,702300557,2061102817,645075379;0
==1456525054,2643230872;1922163200,486332638;3543211563,1721353820,3107880257,2219119393,445647672;0
==1635388816,2232073972;3019524208,1482878016;2795101708,2514528082,2503874888,2754196429,2963846648;0
==290855680,2144975051;1128574587,2312927841;901516299,1840115564,1967700164,412258017,1395766819;0
==1785148584,2167241263;364324266,2090152844;2790645837,2210915831,2668388408,3904515241,2004190642;1
++2998865565,3144485039;2319740366,2224378509
==2396315754,2829390902;2155180958,2008441515;2656602390,2664816985,3168370367,3347424511,3306111064;0
==1395696355,607172396;2273323519,2143042690;2091471608,327436144,2538215871,2531744548,1841948730;0
==219549176,1075912562;1295142869,2151989193;3437626205,2277452811,2368209894,1483434390,2379995917;0
==2248220858,3450070482;1766984333,2883657234;2389763548,1326812651,2291700874,3338925094,2899226432;0
==3287946408,1103837627;1414782879,2410712523;3009058687,2971908321,1735113069,3695883735,1778249074;0
==862715799,2843451137;755374160,714833069;3027812297,2052169729,3161515147,2145482418,2070812820;0
==1668827885,3109103875;2378464011,3479574514;506565830,2184643226,2670656147,1704539353,1546968855;1
+2739791432,2887127229;2513874451,1526294585
++1603079087,1432319295;2955511986,1355938619
==2138515211,3001446652;3209956740,970074488;2121909493,2490665180,2861569750,1372642645,2522144170;0
==2056239885,1923976436;1689997592,2396810170;1690426375,2133759410,1912271822,1282765169,1727502512;0
==1755208304,2428173715;862438222,2746423512;1758306955,242469671,3331838427,2683288752,2708366765;0
==2143389267,2245431651;2981599913,3717592366;2372164142,3599502814,2169804421,3388207407,2682682403;0
==695894290,3131878178;1757990398,270263347;1437386957,2308955001,3026643872,1120372871,2789561196;0
==3065383089,2134883259;3375706334,1003284811;3409658784,3638940907,1288140895,2922296755,943435150;1
++2488967130,2399283639;3977640948,1930181703
==1947170958,2481380304;2058649372,3509004799;101004733,2909180558,1338814163,1432778145,2504657535;0
==1915431209,1547990519;2620941177,384506225;1830601867,1975284206,1734520882,1611383635,2905825093;0
==2442106594,779044649;3094812808,892431402;1150780356,399091776,3284685177,157699129,1856638237;0
==1457417703,2380457113;2629309342,3050033436;3478724101,2755450655,1489715974,3019320990,1776504546;0
==2031178548,1779614265;2835767976,2606968496;2374586841,1143129172,1907597274,1720145559,3278092445;0
==1305574429,995251753;3507547123,1277480118;2142513602,3329630877,502513867,831073095,1145338656;0
==3074685719,2641709473;2182163681,3406543977;1596502196,3713879381,2598115795,1560202143,1559513705;1
++2377428026,1997273574;2787940163,3054576169
==3390196310,3356023183;2678723433,2000320265;1976670842,662609091,2779494502,1197535064,3804178299;0
==2424213522,1293774899;2820945960,2424758133;126433425,1211133631,731074230,1898310563,2437825057;0
==3118505639,1989915945;2458944680,2632527104;2762432639,1498245879,2314288441,3491284593,2665576942;0
==3516743084,3126006184;3211773970,2144652819;1831286223,3721878222,2752777279,3093375290,2563851727;0
==2840417284,2082130030;3309365754,1512170151;3336348187,3807423168,1501660979,2558187069,2023972237;0
==1159223569,2894940788;1739910085,2468786169;2221928859,765625558,2067891995,181238797,1453401486;0
==623548098,2766916450;2694624645,1851573029;2763889639,997387828,1780282781,2227294899,3374764793;0
==238658994,2384362257;727582896,2673867271;1078386725,1008326270,910468033,1707107918,2621703655;0
==1981422403,1684121315;2088279255,1080775477;2390796281,1754395523,2976783513,2844026109,2723700098;0
==2474081505,510072838;3347926058,2834048450;1672010432,2001748480,1172334403,2616148417,201280925;0
==536152834,2735000232;374393527,2476455901;2343997192,2565684074,2218505573,1126465852,667397930;0
==921148548,1815190426;733354495,2560646643;1081284721,2039099890,4040329645,2310966974,3239685704;1
++1713035784,1401894059;3039264442,1623638917
==2734852024,3362170784;2312009169,2054311820;1105027762,1060504816,2617984473,2078556325,2159608251;0
==1719154909,1754952421;3605840091,1487449805;2550960017,3744103487,379848596,1199537200,1982100768;0
==2376400957,2275853053;1646113512,2289976777;1250641007,1925352576,2291373302,2194359624,1757725301;0
==2018800309,2374974573;2878275686,1604801894;3346674311,2267370646,1405308645,1806460680,2696872059;0
==2473737206,1283726208;1071016260,1582113900;1063628380,2121635478,2922789636,2767861042,2978097188;0
==2357615105,2393446843;2538385743,3008912375;2013505038,2094716505,234655880,3216484802,2412321832;1
++1321114106,1530942463;1505633728,545623482
==2236811147,1622676484;3428765136,3801203075;1422596350,4143789955,2038565173,3205944044,1073094759;0
==1233802815,2117004502;3920652164,3005438904;3907638791,2519187098,1923553299,592329500,2449714525;0
==1888247811,1647601538;3463657640,2900918844;2818270096,2736906316,3871483705,1056342347,1075199051;0
==1767238805,1589150334;1982386318,3314936398;3978885369,1574819945,2768784117,2745992146,539858710;0
==1803940154,326050631;3912977860,2231976319;1367993115,3010539828,1983411998,873622027,2441693166;0
==1422467206,2335770695;3443484018,921275982;1663645841,2776720930,1721688280,1121003229,1916636002;0
==2060694106,2017999599;1735919500,1646418321;1310725396,2023860825,2376898849,555964343,3405829402;1
++3607904483,1585831483;1942551989,2818220379
==3045437901,1555440884;2656456399,2785978256;1752067121,2150307690,2259581839,1396684886,1445603540;0
==2962435686,3813977791;3354053300,1849099135;1028884575,930062086,880939252,3167210618,1552596050;0
==3533620198,2662901060;2321623804,1188835366;3477323141,1317189501,3049584739,3449320410,1814452265;0
==3679298562,2767055884;2738950883,1386517830;1162404200,3138731292,2822013946,2799724159,1172165562;0
==2102484503,2817669285;1553361772,1864514224;1455544800,846456256,2541867688,803766820,499888844;0
==3076885736,920912311;1222593291,1944699048;1008397236,2015232878,2088646496,2529246581,2972141362;0
==2661820241,3438650652;2210082391,1631741344;2529657956,3124518606,1670047678,211444054,1602571287;1
++2807144646,1525515395;757601745,1911757868
==2563961348,2427215875;2111945893,3452468604;2531076814,1402312319,2613019617,3339946838,1409406704;0
==3175789530,2642947052;2309067081,1541411351;1815691339,2954400709,1720511842,506027938,2223617203;0
==3126032637,3376623560;2636058532,2082537284;1509331496,3110524130,1050832354,2872751650,1531972496;0
==1496792189,1575748475;2037557292,322625265;1335775889,2043736598,2755452397,940933490,1878163986;0
==957332036,386900390;675029795,2183565493;2301944478,2046472706,2460382218,3184666630,2800707076;0
==2340830744,1813756884;1159943861,2039527679;1786193188,2569367937,1650054452,1295180336,2535289962;0
==2061208877,3970247468;2327775529,2774318369;2693943267,4179561587,2581173279,3473559346,2022368247;0
==3717911473,4087413808;2349193109,1718575237;3340627946,1169792475,2116842040,3129943600,361711044;0
==1085882453,1659710024;1339945457,1807477212;2898020472,1612604637,4045233427,1292121294,2056919300;1
++2662810744,852525758;3084608214,2087079419
==2038741227,1538083503;1544575643,423422482;1743058670,3741604040,1469509468,2508008110,2480326632;0
==3747913513,1928363892;3227879625,1567032465;3081743690,1296148152,1789261907,2094669470,3558483355;0
==2918564232,606590467;847596330,1243372579;1630367537,1445560329,1889257655,2338505927,792248683;0
==1929322384,3514406353;1058227080,1448026008;3195221739,2572350164,1504316816,669550930,2437269214;0
==416481170,898711490;343601184,3158841743;1162157732,1581651857,1439197100,2490239315,2319418727;0
==2770428274,1575999362;1970286327,2659341168;2248040695,3493270360,762431533,1817918911,2765108224;1
++2277301733,774474044;1763645557,2320814428
==862396246,2180907541;2202429738,1470321562;1435937196,1343211549,2497382914,2118259907,2064119545;0
==1647257939,2529300535;3109880655,2481804001;2575719708,1623239657,1923623298,1794239129,2480885704;0
==1655725711,2285173319;2390934951,2531093932;1685558422,1433724875,1666797196,2386544621,1879190395;0
==2857961331,2319025060;1569841198,2287077771;3065883702,1336951819,2952010565,3365191191,2796471962;0
==1970467066,2119567131;2438077819,1537634593;2569327679,1928950336,1891266254,2240517401,3187629694;0
==2341933859,3515779005;1423432175,3404499603;2960775945,1890239437,1922815155,1257235653,1864477325;0
==2307815541,527191423;1913291101,1826124481;1965066002,1278720122,3831840748,1824377979,3206730933;1
+1798436018,1495766246;3410077992,2149149879
++1867531623,2060379608;1449770912,1735680667
==1962964751,923085047;2615724233,3992132820;2876455670,2187099702,2674613296,3296543041,2245611976;0
==2556219700,3041466377;785783226,1631109202;1700395678,1952724571,232081226,2558234313,2004526569;0
==1983982223,2358241303;655772442,1377299277;1051530246,719451682,3370720780,2770869073,2481907408;0
==1741292127,3575275749;2502873970,3165399064;2419084529,3588203397,1766157062,2432822494,2854278582;0
==1643288149,713062803;2529027730,2605282917;2840673729,936888583,1996491657,521227056,2843122028;0
==2016454633,2479291437;2840945751,2779694923;661755142,2877062561,747291448,2484312335,2029853825;0
==1778732917,613004916;4023452507,3296020270;2323145138,1823952863,3715349083,2547518750,1316455120;0
==1481180594,2501069504;1362624009,2679739359;3980868486,3143144805,2080350264,1402843511,1902298489;1
++2081448382,2226651825;2899376599,1416712082
==1688259016,1728301308;2736360001,2525892529;4093861567,2787785033,2939422415,1485674972,3076270612;0
==3334179475,1887465411;1373194074,1940850033;2485153814,1181355524,1572093607,1113299718,2939264397;0
==1547957476,2667150790;1964764222,3761949868;1721788563,1469942499,2196414546,1873824939,2926301563;0
==511915196,1986407642;3317002146,1327499905;174306755,2036785150,1044056640,1278715398,3956244935;0
==2951316585,2811336772;2863905094,1949024830;1838474566,2027606062,843070221,2955784393,557486961;0
==3153120688,2370588179;3102957669,3188902662;666257760,2819476997,3484896518,3529212883,3509445659;0
==1770540438,2108121278;2288290503,2889515447;2496645811,1281790497,2063724822,3744216128,2897278414;1
++1267031985,3902665189;2495092263,2202843968
==3058361113,2361944470;866013416,1688887703;1330162871,2655103710,3130684141,2791863849,1565345683;0
==3192143457,3065298967;2302403069,3364263885;158659633,2959427512,1324461053,3042498827,3796714916;0
==888261099,3168660235;2719024633,2944170926;2209734455,2206968889,3169509427,2472381509,3025496369;0
==1470199881,1675987748;2188360400,2798928497;2452176155,1685067503,1938260707,1848927482,2064779445;0
==997468670,3322141846;2170705666,3467942621;2779427231,1805741751,1077040992,3359908138,1841581825;0
==3048043584,464521573;551678141,3638737118;1837379371,2749879227,442475061,2732492292,2194308658;0
==2139262692,2360440422;2160165476,1224598327;2438539346,2182554378,1399679489,3119101919,337590097;0
==3130632921,2855137792;3393157553,1917943058;1975287164,3076641507,2959759356,3519777250,2370489321;0
==2433292209,2940865202;1377548677,1498964558;3167934770,2418216846,699350176,3411844085,564107525;1
++2163733463,1902509520;2035669328,3050324364
==3269880698,1919153002;2677990661,1439337991;1155182642,3206928504,2489843766,1245528148,1414472048;0
==2905135300,1430055084;3575068449,1798722583;1165684916,3438690637,2290570406,3264724661,3318958279;0
==1270154716,2426368870;2095156496,1214908077;2091346235,916072725,1112270027,2177666879,1902987418;0
==1034051787,2427479145;1160315848,1260986187;2636163360,2720811211,2004969111,3633649915,1707836827;0
==640025878,406314664;3388845132,2031110407;1649266220,3070051117,2317650903,3205545970,2959053697;0
==1203723793,3160260269;4043106080,1964754584;3233106998,1374307775,2338131461,843033824,2349666635;0
==3037720177,3589803433;1871489020,2387695066;1664619103,2106220291,2803134247,2453510275,1441169235;0
==3574683244,1671505619;3567075398,1604023922;1615375805,356138093,2807866973,2528951288,2091576685;1
++1493303432,3225155318;3252206803,2104423559
==3047192409,2705744389;2495596847,2710154491;2513538974,1336312762,2348448505,1372114222,1972529823;0
==2350837468,3135826960;1456970294,2935745596;843869560,3107543506,439882373,2453951870,482026408;0
==3374562001,3389295684;2191999719,1886082973;2114395852,657181192,873299236,2759382386,2138143456;0
==3618958122,915246816;4104893889,630888148;3309871234,2601164117,3648745263,1194271640,2695567417;0
==1462227839,1149844453;2439923020,2687361210;3254386325,1131275088,3412379664,3586135075,370979101;0
==526271506,3176511846;2771544762,2072942460;1264371759,975699767,3043264106,1638610280,2834082687;0
==1543109717,1536397321;3356912588,3346230062;2515426117,1360202161,2993369142,3140935993,2799521450;1
++1928278913,1452257176;1932606382,1527540835
==3621048993,1833003320;1640054734,4095509499;3771566871,1758569509,541300520,3168499069,2154435203;0
==2327263856,2568370655;1219944510,1325395395;1880663553,1499169719,935258564,2624380342,2235730269;0
==2686544772,2542939484;1955500017,1321029867;2449375965,996199138,1226427351,1493673640,1733532150;0
==1060278280,2482336146;3124285567,1638857904;3696928774,2074691037,3701921902,352177423,124958204;0
==865359421,3137712871;1144367567,2286307575;2721977250,1907241454,423081849,2886326233,1265394271;0
==1876619247,2857483964;3149823736,3227144760;2805724324,495705193,1398336795,2686899490,2286929519;1
++2226751710,2232699141;3597065010,2252753325
==2345363034,1516429047;2425136746,2461121211;3276853718,1056598652,1424602099,2705942202,498178831;0
==1333173093,1355063546;1738668846,1680304727;1397852582,1806178421,831087271,2733527632,1348386238;0
==743142131,2023026667;3985266645,2170545392;1661413158,3408919558,1945525497,876408296,1648521620;0
==1692619790,683730614;531429080,1332684508;1192545613,304133036,1942085503,2363081893,2632083708;0
==3221329421,2662443798;1830809963,2492510465;2191640979,3646762416,1230673002,537966584,197103105;0
==2532940267,1159082276;2369724482,2168978554;1305689932,1923726803,2996831369,3413251449,1371266798;0
==711614743,2123780438;981694999,2112268871;3473972160,2402297236,1790137698,2726068225,2300027581;1
+2254903416,1918455011;941351581,2146967130
++2278232735,2465025998;2308597484,1940707962
==3469040706,3025176179;3147889183,1615375353;1418504684,3295794518,1178855069,2690515371,2335757763;0
==318377508,841374836;2494618483,3426552932;2798279669,2272919093,3220026511,3568600298,1141433340;0
==1300441139,3342566684;1244072459,1910876776;2376809269,1123623753,1612137912,1990405684,1457016973;0
==3880907215,3052113733;1716570089,3190852621;1938126063,1194399852,1481599599,947798706,3871147555;0
==2003498306,3422235103;3174886687,2495799775;2609805957,1855461206,923832793,309647984,3610432075;0
==1168990128,1355634430;2099118358,3822682834;1021065914,2213123847,2666449241,2019899936,694822088;0
==1595305684,2835705776;1392726176,967277791;3443204669,2748260962,2299156144,2078453661,2829880146;0
==2486482904,2479821794;887779669,1814709115;2524291619,1941453903,2252319576,1203863751,1193771701;0
==3449130685,2461386789;1321721043,2487997452;175660666,3309481611,2681912484,1488902046,1772483758;1
++2566792279,2278732605;937860454,2767148228
==868537508,2392899658;2749145957,3906154194;2510482996,760206503,1623692611,3020831243,1934473245;0
==3183535412,2480147934;3176340844,1561555412;779783776,514596518,1972959854,3663464407,2771059589;0
==1815000255,3169802051;1227372686,3784102243;2355887125,4135415513,3607191626,1976678490,3183628547;0
==2692759552,1802578857;3195265001,1698445979;1640399672,3056586319,1025285638,2890530107,3141459225;0
==2673367327,1996373055;2347439156,1126494152;1223376709,2476573607,1202568341,3398996179,3192939579;0
==2468385262,2160718717;1759121390,2486287968;2899966238,895602429,2122985635,3558460592,1804460000;1
++1776808415,1544413343;845054205,2711392800
==637025287,3009411461;1527989444,2650067306;2631714709,2384853475,1319113062,2263993390,1579475127;0
==1012863241,3263223914;1540559368,2474136000;2852473580,2205474486,1732805630,1844432340,1172982285;0
==3071131177,489578983;2839364291,234082034;1345898737,3353730345,3143180202,1922316742,2995549681;0
==3885068789,908850880;2639170179,1060260388;3423181629,1039468016,3230611948,2590651124,2242117900;0
==1390818939,1268072383;3606986970,2240985528;222421921,1208166367,1345339459,911948568,1332936792;0
==2370744253,1850612820;2211437599,3320431684;1319330116,2200165366,2729823406,2126333263,550607777;0
==2147131947,1525026830;1112828566,1581060843;2560678904,2790282564,3316049189,3337789236,3589732451;0
==2013122601,1246051428;3944396902,2485119528;1997132275,1474268022,3031013141,3444587404,1674048638;1
++2541237350,2482383287;1217327596,3542034899
==2367891186,1846702968;1803283715,2982734760;216760637,1939178781,3573172151,4161505398,3487297014;0
==1660446421,1280949184;814927006,3250484577;531838038,2058908529,2592009190,1311246776,2195239318;0
==1693644132,473920984;1408081152,2109598095;3487180061,646356856,2106120630,2870113944,2189996296;0
==2345391223,2447949619;2343405061,2184162749;1500466577,2159023804,3262826697,2828199941,1820775498;0
==3885512659,2225279674;3682417984,1930909448;1122504787,558977062,2134432049,1609771806,3433134020;0
==3754645244,1620135710;1793240871,2513146861;3324135654,1575894206,950787343,2090065286,1926224273;0
==2856198664,999183184;2064927265,3476458886;3083735537,2555336032,2698471828,931223750,2215286738;0
==1462573114,2195441645;1027055589,2040908797;1346008569,3216761876,3533232763,1135636161,963525616;0
==955436631,2547455724;2310224573,1373595788;1760807968,2514185638,1542965514,2550288085,1679956387;0
==2626476420,2297675593;1288914422,4045861535;2671997699,1674684297,3285094538,2986855918,2191089882;1
++1163896049,412851778;1894504538,1551889583
==1243533854,1193715761;1366350288,1914144614;2198128858,3134127969,1627188706,1211253945,3092506970;0
==2708338518,1239234012;1849482707,2373068991;1205519066,2324486186,2559506136,1249955087,2689046070;0
==3573692827,1448079240;941883185,1375377054;1956047163,3362007982,1059924052,2713767777,2542327598;0
==2270396476,1379190473;2535229943,2199103952;1456276844,2936934393,2701723026,2440502937,2989482692;0
==2486112852,1090649778;858543340,2224335875;1359556426,3522297532,2559753425,849237148,3170294781;0
==2233048690,3419766755;1483961022,744275182;2522353397,1662287163,2011385446,2115971944,3630152605;0
==2808751824,1517474060;2094191850,2020608577;1683030007,2036180236,2823250259,3279520909,1046283203;0
==1997428948,842468049;2557722133,962749736;1589403893,2740743726,3040845517,3204679578,256960627;1
++2141428929,2427542658;2855067870,2747882895
==1644054501,2802673343;626187696,528164384;2593052452,1203044256,1204285202,2298654669,2612885830;0
==1630841926,3839854683;450178055,1782362602;1530152409,1861689115,1119199706,2748420849,3728153775;0
==612538928,2258788896;1738949607,2295066475;1084006245,1591719600,2044827882,1681715787,903110228;0
==2742543184,3836143628;1674718437,2479873502;1923030604,2577899853,1496712704,2195292952,1077587783;0
==2094110261,942622382;1382271746,2110704804;3042409785,1333854564,2098664267,2278294402,2007528414;0
==526070327,3541228043;2510249674,2589370772;1966765308,3072341903,1285605010,3291716408,1942406299;0
==2486779510,1603962584;1344222920,2006391458;1943980813,1828674715,1838511439,2946253582,2386699660;0
==3013658352,2361964153;1781062436,391578077;3580204297,1900171242,2069229097,2191532592,1426617479;0
==3593958674,2116544591;2623098120,2543234563;4111319113,3405892298,1180469340,4191460830,1379728221;1
++1981757062,2776317822;2424810850,981991822
==2968825121,2759264018;1563358399,2358274919;2397718164,1833434694,2979350646,473762278,1305610640;0
==2217321584,3496722649;1609097150,2115761074;3397757771,2926887944,1256880264,2070957773,2169480468;0
==2394061661,4199318881;2234431901,2007252361;1593492130,439271512,1098807078,2901270541,2754937507;0
==1632418674,3375273478;2030086773,2909962475;2188126923,2092123605,1914027935,1768905303,1878294859;0
==721070055,2440252471;3230015863,1675706711;2000715371,2470137084,3113702718,487020068,1395580427;0
==1975609729,230741765;3812538721,3415814409;1817912906,1879479145,3519349007,2295966014,3452090238;0
==2187341720,3661765641;2347261426,2717774205;1692028017,1313825191,1743507056,608128531,1071741582;0
==2208113513,2524736121;2046316277,3896454881;2665683466,2478377449,1479368174,2407635855,739613893;0
==2295438355,1948719114;2356856070,2658094120;1440768480,2395556795,2577227816,3052602492,2949249819;0
==3082370276,1342510127;2622960801,329010470;3111827491,285272847,2815914842,3582854989,2696237702;0
==2061261824,3047979312;2841703459,2657174576;1750026009,890665343,3334399768,1346576614,1555247492;0
==1250258393,1986276862;751539830,2603682725;2436391141,1783083563,2321135830,1464241754,2506630616;1
++1799158145,493567657;3720509600,1485102158
==2393695122,2194652597;2193307935,1894832430;1853270850,1676254659,2788192529,1801219738,3450543567;0
==1403612097,1429411456;1772892865,2845420379;2602647550,2418062360,3283856867,2738395392,2417219965;0
==214197269,3887096748;1304254962,979111057;896493996,3362126422,2057339966,2859157917,1549986947;0
==431440339,2656178195;1357246658,3219836185;2882579476,2800340881,2628351003,3464875895,3370634065;0
==2114736850,874961170;3098372381,906753375;3375140403,2207888556,728504502,3175037748,1144533309;0
==1008850906,3333234456;1686046276,1639369119;3121193039,2709619936,3015406499,1606742746,1980134166;0
==1541022060,2028115902;2291288980,1849559206;2896651529,1639575427,2761490509,725061475,2220601635;0
==1509783151,2782991701;2428613282,2238624328;2135096081,3276500456,2352467942,3234461957,1717624100;1
++3229794092,1726812147;1214709282,880776773
==2062190429,2976072024;3218946743,3082958322;1995620755,2463373703,1685014864,1660168512,1928259448;0
==3053378198,2321552015;2133851487,1770442658;1203171918,2846510961,1754085702,2561949929,2645290986;0
==1972809647,1905773390;1168877812,1469592858;631906171,1650560692,1120394485,2475310054,3727092611;0
==1010638066,1853908282;2643967115,1534175215;2076578810,2535128360,2881179015,2516523073,978955674;0
==2400940557,2132979860;2300484981,2383409047;2968154114,2079323104,1154962349,2455947654,3097885463;0
==3615691949,1997382883;2243900170,3469467434;2576049838,2220883985,1581047588,2501060431,241041980;0
==1211169445,2595460419;1987685161,1891779229;2550472784,1852429725,3552692775,3542273027,1609732840;1
++3832231748,1086529795;3310720114,2450501089
==1981009013,2222531835;1955820024,2073140263;1293299735,3257839848,2152705053,3203015628,3993345674;0
==2250518486,1130193649;2205652042,2641690601;2996311368,2752574074,1694830777,1603857868,961154844;0
==368354636,2812283817;869459413,1142933010;2046122487,778722468,370105392,3416008320,2039409438;0
==2634224779,2766912195;460120800,918605177;2860221900,1810043787,1038629637,1499454384,1438473918;0
==1174251607,1091571146;3546508728,3026424323;2692408197,4025594975,3431057487,1096218124,1652811538;0
==2709670176,2073189887;1439290782,1577589626;2737635794,2530509164,2096123160,1561461269,2219952381;0
==3299343583,1363403062;1966941050,3393636006;1096839278,1260056831,2989357048,2459147410,1905541867;0
==1932204590,1253559269;1805666794,3694425789;2998601015,1956479652,1362656221,1131685994,3162196786;1
+516341444,2582008199;1447130010,1425681727
++764835090,2623038259;1614290398,3080021345
==3123579203,1340033867;2225942798,784166864;2181821512,2054269815,766608052,2355771426,1573908850;0
==2174135367,3082635371;815421028,1572991646;1681558576,2782203662,2765443016,1482329452,1373272605;0
==2069238579,3071811654;470976519,4134727741;2508001549,2247997797,877647281,1280877441,1048825011;0
==2159552215,775989166;1689477998,2199201841;2467343364,1372063941,1587009402,2058035016,1135611335;0
==2040769049,2275152301;1536230958,2857962472;2733471500,1979240422,1724352451,3457021940,4133470100;0
==1554790454,2600116371;3841845074,1353880249;2280053195,2330528302,2623375075,2352607028,3279178525;0
==1963525443,3107788939;2867539715,1755086373;2712360258,2546981059,2364375160,2501346593,1930533585;0
==1596909849,1200140336;1785808637,2547653761;809651412,1841500600,3073535698,3844714148,2636352131;0
==945891895,2091244533;3371408134,3139810843;1683286881,1776026306,2395011998,2930196052,1665277337;0
==1872974984,3579880198;3086109454,3328017554;2678442470,2734256153,3617919288,1265053670,2060776538;0
==2392433049,3069191554;1812775813,2564691320;833078416,1720946041,271940318,2983390895,2141497520;1
++2131620194,3548188317;2820161038,1933376161
==1822743775,3323226716;1775985567,1468349520;2151637092,1592534928,2618979519,3447480893,659548769;0
==1110973668,2871749109;3326943408,1729421494;2704532586,1981673868,489763372,1881983260,2953959249;0
==2340891953,467314396;618848698,2911905022;920362965,2919751017,3072801570,2134307625,1043715936;0
==2477070731,2747721552;3464202060,2316971606;1647844244,3759302067,2467060318,3125082641,1361643182;0
==1418014001,1600137428;2697383884,1687281319;2672329290,2014676668,2755437180,1015088890,399500004;0
==2158544271,1438833682;3734954764,863677060;3835342011,2119609314,1243585399,2154126866,3365140586;0
==2559180611,1667630459;2031691999,1412509273;2106741849,2127368983,1157228837,951105879,1079604453;1
++1871684841,2178929789;2048010405,2529110363
==817101631,1537716095;1429338728,587162416;2117857464,1120780347,1916301629,3239935506,626890941;0
==2568360043,2688608072;2151762821,2584467497;3347563814,2267975797,3444807300,2504958170,1754885927;0
==1139921319,2241617354;1987628700,2920820479;1912309269,2286499979,1720193483,3610025230,204699691;0
==2801355679,1494117909;332765073,1579610697;1258084282,3088244497,2421230555,2566691809,2277579815;0
==3593566700,2797296219;2781293904,2418519026;503149768,2794750546,3462041076,2441391346,2006116880;0
==1662368600,2386773935;2489623725,1559462508;3702095455,2503835165,1043546567,1807908606,1777610385;0
==1439200481,1249438965;1997587768,831833763;1986199878,2792075508,3271011302,3095602936,2699782138;0
==3352583629,1596847740;2716481776,2022074523;551867381,1669274329,1273144474,1918524201,2169876863;1
++2675317305,1440112966;1759077699,1943602959
==3686034352,1159374485;2628425444,2401030897;3383593742,3953246869,2198624536,2969381222,694654439;0
==736538375,135586748;1693675688,442257284;1182799243,2274952353,585620395,3614652045,2446470057;0
==2355719135,1002653781;2378209273,3243745459;2524647807,3256102016,1369203991,2008319174,3209315464;0
==810976954,1452298482;1106925274,2540017242;2244738652,3554452605,3460397830,2485340641,2951620424;0
==731013718,1487765733;2771642530,259842350;2435785551,1024311043,1704261640,1606690198,2263329418;0
==1595582612,1065783461;1781020628,2109786671;1812340623,1918053760,1336558511,1842399843,2563748000;0
==1800588997,1706810417;3375496296,2370164814;2949458304,1779196845,944632709,1120527036,2604318654;0
==1422922172,877661493;2987818955,1430467239;834140851,1294695000,394903303,2695415783,3244768681;1
++3504052843,1300764575;1806369911,3005599692
==1202757615,3246590946;2530070873,2657247395;1605561391,1350282108,2105186171,2116993122,1538322227;0
==1493955040,2216454477;1580970002,1617063366;3420261463,172301102,1210105559,2254206517,2425582123;0
==953343751,1835302144;1888964676,859755720;2788626148,1977254637,343505794,1903158757,2518223360;0
==1276339600,2683678773;1778828943,2680426969;2690636409,3336668375,3838557148,1697262793,1737949913;0
==2576574907,2744673168;3220991161,2195731009;2338854192,2054030840,2722452030,2054190010,1616315292;0
==2687073252,2540424327;3152339044,2259172085;3336905981,1618877378,1723808418,3609749115,2203320556;0
==1959819389,510834475;1820232392,1418085522;2117665012,1309091724,915650666,2116925848,3253747539;1
++1120513601,3086855848;2364534165,3430930628
==1802433513,1936452550;2608896532,2059328995;1601880464,1139319049,2098182735,2112841229,876111490;0
==3189856803,2831813522;1299373386,750585286;1402424447,3453187442,1188048226,2628976383,2686132600;0
==4051639696,2005791186;974377744,1462179172;2068931436,3135319889,3238109400,3641518794,2434426150;0
==1341922626,1063792964;1608187311,2242367234;3525668306,3926339921,2766126782,2954044433,1642502276;0
==2507898726,1225146859;1578926948,2415478488;1227524920,2967429275,1719873217,2272077125,1714716425;0
==2276265245,2997584917;3387592871,1123317550;936693474,3963806622,3548639559,2350789655,2206026084;0
==2688089599,2666987785;2398392049,2671320437;2260849381,3390008662,1493039793,1624947198,3422319997;0
==2550857948,1732010411;3082903583,1723083094;3071038162,1236810481,2181953529,2193430351,2563589998;0
==3371882390,1493371080;3454568617,2380142688;2878593356,2614591471,976921684,564046896,3367813571;0
==1240079532,321526996;4020578098,2783329753;2257255051,1422060879,1948514558,2434043883,3752815052;0
==872675075,1537558128;2104537372,1756723464;2890104389,3282325830,2329859893,1733254763,2029534805;0
==2509011539,1860931970;1688855059,1437852182;1358116065,826779376,2167515913,3201360947,2120518167;1
++2384307508,1034503651;1302605473,2805554517
==2234407759,776868503;2305603853,3065193652;1874972306,2124289394,3178955663,3284944876,2334202222;0
==2556166991,760160487;896451554,1759344915;404696658,3541344692,1971212683,959285997,2276883919;0
==1136679233,2697573786;1875371579,3620714218;1832484740,2891460586,1924734528,2115216059,1776716233;0
==2546278991,2929369133;2811316592,3663739732;3133299581,1067698918,2967905065,1631529943,3207059086;0
==3166212269,3371231791;2367874680,2903778155;3732832145,1168421256,2325732468,1503397951,793514648;0
==1451634611,2483598886;2374192632,2042797213;1827316955,3460761639,1923540752,1759343969,2422841650;1
++3391235545,2316783950;2256386207,1831441055
==2348122554,777193618;4113690117,2811923465;3592294826,948753202,1786838827,2648647625,826792392;0
==3682862384,445707973;881661862,3452801288;654492401,1260036235,2807282268,2922047966,2255512278;0
==983880055,2962500303;2584874581,3022436458;1894539368,3467233840,800279781,2481408695,3620420265;0
==1428928215,908831945;2351553604,2562990865;1253896288,3756007800,2875971794,2222973079,1294056913;0
==863584933,866033210;2269480291,3067134438;1568643732,829496320,2941771065,2476454405,3478558152;0
==1705804654,2896472611;2488238800,1717312702;3381510324,2604147551,3524160160,3471926616,3346458784;0
==1622944275,2900239103;1065162181,2977711956;3109901370,3177591800,2214886050,2680129785,1035423460;0
==2534339691,4014480109;951453417,1799672040;486156951,3134557372,1899992645,2083076144,2176206992;0
==2876455988,2269157813;1811728794,1662758236;2354470201,1667860414,424183298,2288019832,3939752482;0
==1714449087,1137492724;1088193008,2671009462;1263036394,3042022384,1306897674,2121963851,2930828992;0
==525609909,2304964799;1584750671,2388139876;1875076352,3983695203,3080793795,2525781193,800055681;1
