5;3;8
+1095488015,89272882;282325092,1146312043
++1204178211,237552354;1616699357,1359031366
+++588455817,626118061;1520662492,1367297454
===668133320,918459071;1546605330,740616702;368268890,279842398,282233255,1592542436,1633588800;0
===219697195,2084892375;2898729,1017023182;884063252,1279338961,1726998027,1524205777,1984166058;0
===1031842386,750905423;1353310099,271041677;973190116,1350281586,371553931,870272580,1116809470;0
===650583297,923837198;1297200657,1904536509;822396134,1929372198,1218793852,1308711651,2059309387;0
===1193187081,1090036976;541794528,1099932542;1178294591,2107879793,1974234354,1137872010,180928989;0
===1550730484,1143712541;207150456,868381907;513565920,2075243698,2027673236,516557342,35359957;1
+++541217545,1849851794;1004368006,618319331
===828851594,1324355131;1341897626,93652950;1167324522,1519348072,2130440099,1063463118,255219774;0
===1723238464,15164197;1764581086,902029240;173062003,585958888,1746321607,1953537167,178248815;0
===1573025792,1653667517;281217512,1214364619;1396601666,364556951,1940460502,917554177,1145455448;0
===1157896953,104324456;621910360,1602643603;1363149024,646315496,957974762,1978748468,705146482;0
===1245875527,1896685892;96526040,1994471775;978604051,651687318,1859117719,525748438,1677773407;0
===729028114,658930695;143316037,1690622735;516331078,1951990165,501693240,1314938639,1474681051;0
===1547102930,2087388948;1264452115,994642412;1514302090,1103685619,2063162531,1776559282,1752455928;1
+++348428332,912997576;1392711133,415352034
===1065865648,261965683;368547499,1099301308;1729172291,2016895661,169426632,1095597257,1737396760;0
===1083638271,1034676685;76573487,1613116877;1170229594,1482542582,1825630534,1847259706,1936989957;0
===1325486125,483987307;1695174578,1095783366;236102415,1590627687,624571759,558685180,586158379;0
===1834193371,1218866021;170761638,1276823634;551617046,1640552174,912069945,900946388,1069342931;0
===1590791863,469942270;988284509,332673548;1689624505,300824773,500371493,463949065,1369164361;0
===2105646221,937313579;1883449504,727128613;327494555,1099940905,1053735187,1119485965,1148246830;1
+++331328598,104056273;1036923702,1218105966
===411937871,532668225;2123005309,758410514;120009433,566327512,363780466,756562500,1152585963;0
===1988359957,1302037390;1625232312,1295111838;1893865211,309431470,344174721,1852205929,2108296774;0
===1844183931,1683240326;1212521966,1123978277;1731798537,628333907,1841747039,2122347372,1498920383;0
===1736451273,1364082399;2002906476,1922766280;697611817,1757728812,221265612,1458933340,556077570;0
===522375071,1926512230;555231057,1749655060;1875635234,1211048731,459385645,1146593596,1041268516;0
===536846269,361594918;318179664,2089851829;1430919231,735407052,1106774102,2004531331,1514402284;0
===1202801343,1955684630;1793874587,582136733;475282600,437240493,831664827,226259726,1318697226;1
++1666292204,2137414640;1209849854,1845872163
+++1900238102,1133808349;1934594069,114303264
===2013346305,174226095;1195302425,1301510356;133078839,1475067717,215124188,1951040095,1541108128;0
===1781189102,1287951244;915599253,1440142502;919522495,913432369,1906435175,1409092614,1689905951;0
===342671799,436361862;529183824,1149881079;1624434771,1931028213,1681579662,1674938661,1372013256;0
===169415716,1629883954;374311948,1359639882;1866976342,753346368,1180163063,1358544263,1583842039;1
+++1963786821,1735413100;1414430338,1104489262
===336503092,341454798;1511217713,994302446;69560284,628719553,593552381,825305855,1625514844;0
===1827977922,645660279;494722741,1688685503;1399232784,1777285124,148319920,1188559841,1119031269;0
===1548727686,1480073345;1485766955,521470011;1909998661,1947080463,1807890482,1602904282,533749790;0
===2076597558,537322995;760835724,2037870946;1466348621,1053720136,1925308272,507156037,1414403772;0
===727575263,1098804382;628320354,762819204;194662722,23956036,46412556,856367373,87675882;0
===1162363131,1050018276;814435127,1867455744;563254564,618497369,1968370112,106449828,1719090579;0
===1936383157,2051040736;1540554557,1773756126;41595368,1625088555,179043443,1103936056,1090433527;1
+++32064572,665590588;772285619,1809205164
===222851200,1964897177;5007944,675681618;604474958,965088151,438344678,1998203088,992960838;0
===381440584,906714381;1110833111,1340388931;1786286637,254953839,79090631,384398354,566520161;0
===2073827790,329370781;1375398612,2059158198;2089813393,1277206218,1566260438,43656806,70791117;0
===2112601019,1558194736;750310023,1823178398;79358987,169774353,2051816084,1130634648,1058188749;0
===286205823,179950653;1423672224,2131332569;592687149,224938710,244753167,788310549,924368894;1
+++317321529,1737747985;1399933339,1002221777
===1215123535,532963278;220200201,298965013;665477133,188926036,1604579724,1979373256,1911182563;0
===1199418372,802814280;1465030386,1182952994;456911187,1889497249,1607778880,1048906798,1334361881;0
===462873825,1820672829;1573378957,1621256057;244823932,1136523040,1566875679,1914947242,1747686624;0
===959576989,475124041;1307678023,952746502;2008600906,1237665821,1917086033,940779249,1234535925;1
+++1461853714,1959867277;546019547,1175506468
===1585538136,1238346206;964122178,43927809;1744014979,79259826,734270651,624384,268942598;0
===769548458,1884809580;1788441193,288779442;344209721,1708230079,1730786211,1268513767,1000000942;0
===486468913,1630407696;263558549,1494493397;873829752,259155272,872830578,982621750,1130732845;0
===1708950704,1982696411;1664479489,1070942086;1056948615,170330337,679699115,888510611,223235920;1
+++86136144,1656341121;1229239973,585865825
===1108262755,351429762;404050434,999612100;940601097,1076037163,1913947512,301374649,1134015213;0
===1433522330,267429407;679369548,1430744492;374267676,1849429883,1873762373,1157734152,1429412735;0
===1148555505,1449661517;851633796,1992171270;2056394904,113321946,160842429,1853924979,14692763;0
===589904297,1789593574;777990214,1620831712;826308294,530002470,1284650330,903785572,420788598;0
===1880311287,1507182474;490554029,2081923426;1652207594,1192170036,614037436,614927355,867362947;0
===883288853,1227237761;1115242298,458291844;77306667,33578544,1225374259,1008883843,2011730414;1
++1654811044,2093460164;2141472538,553736669
+++1224237174,754233961;1955861934,2036288182
===590032156,773351352;1059057306,1998559424;1461008626,1480593102,1218007230,1870927606,127831836;0
===1791032180,630460502;118961499,1404235079;169511784,1679928533,1165738052,485140116,302796840;0
===1105297642,1568748280;238148731,1168532090;1149128190,499757339,296794226,1710417969,867988190;0
===333669305,2018265715;1870577939,1531696861;1737920287,2030740374,721504891,1351766948,758213441;0
===519762399,665647331;1495226600,966045449;876178904,300963588,548601884,1960199698,1159619176;0
===836947321,673248619;324863825,2127580703;1770275837,2023755334,1433916471,1018120990,321377869;0
===1740587019,431006538;645997260,304265974;1956524034,1456165122,968123745,596101563,658430414;1
+++168129213,917700842;1326686309,1912535964
===1697689103,1773145134;1983818179,1687942743;1036607582,2083605360,893679236,412067494,638430765;0
===1149249693,78377773;910278540,667829334;520051198,1552668292,526316225,833670789,999503585;0
===802738407,1016352564;1747827057,83491344;6459916,32899247,1920834475,431618570,1649910770;0
===644410560,397904609;1410336815,736030981;155757772,1638015368,362972089,190334563,286140859;0
===1291241133,241837432;874607219,1347008562;278082349,366358065,2047287168,1034435373,1671100938;0
===532287677,1430587450;1858469097,289175993;837452339,478798540,1075424070,424319892,825556545;0
===1159132086,489339458;1617054508,1333369902;1986677106,2055573243,1393355077,445227172,1956188086;1
+++83420998,287811703;2016241593,1647972395
===1041921038,1744378172;837738727,425372192;2041451967,1408103290,913971890,1872887169,634639436;0
===1568736997,1348848122;1182100757,165557188;1224984849,113813722,2075313290,410804908,1914744613;0
===1839152455,1888139034;217480850,1925381057;301612249,465382365,224202832,1737716953,2014159075;0
===2136534884,945823401;1257849477,1664252722;2069508906,1042784969,1128308756,406509101,1486057566;0
===1611350255,1199466425;535022802,1734165665;691213803,2040275819,15376812,1490474552,556967876;0
===592098057,881632052;1454975710,1174440381;700480391,268962003,955258457,1283906483,1879769731;0
===727213032,2000871868;1906035243,390208280;57776080,205150739,1872161868,1173319545,245724903;0
===2121347765,1146975011;276729696,1880986166;70266406,2056330764,531315910,1115286185,1241588436;1
+++2076940454,2114491401;1333206716,1845480632
===179710768,302521073;985296485,145498221;2049007862,875632203,1101551061,1481077536,1885339945;0
===897513187,644724041;1884091161,1664664025;162063105,1804524054,1517066227,306000495,295997993;0
===1460238345,251226410;261721311,207521917;1268936771,836501645,1877041362,1637664642,2116339537;0
===802308696,1675420114;1842280812,1142597124;117352599,753135577,366279482,1183121705,1277266930;0
===1566047868,2097673885;1049296285,1128031082;39607369,1984573783,599989980,1966723342,547357646;0
===943747251,1733113805;1152149377,1566079198;266970178,494668504,697199549,1443836353,226548286;1
+++65189680,1504224939;61910906,2111544053
===1286360282,752917758;1351603268,1084101272;1643238439,914088652,1624592529,29118983,388078525;0
===284439463,817631861;1689982328,1197079001;1723258195,1205512419,853339913,418865786,1139638007;0
===699065560,517503216;556582468,183839318;821800249,938812376,989707737,1932376885,575861585;0
===1986213182,2051590283;1980653075,1964965969;1867416857,1858277515,1538308961,1753403117,979188781;0
===527338756,1647936540;1570761698,912832481;523307828,1271864001,2141040224,1076027879,1407893587;0
===360164453,1881910904;589769915,71987803;696967088,535624624,434045733,1149189263,1411899610;0
===469290606,1253024353;1644799149,650388353;1071648017,281613429,1733679525,1373130105,426896434;1
+++1798024963,1931784085;2071735438,2098475554
===1268466775,770438489;632683175,995743598;1250224107,1763433945,1754103640,896175805,856387946;0
===178715551,251077551;227161991,914740516;1290608634,807010511,1432862362,919970112,721917241;0
===317957161,1900956808;211692979,307005589;205695930,101005538,1226841421,795196039,707833682;0
===1364102187,271117053;1458393331,1638983710;1689801200,995880264,1246447188,1492733679,1916554553;0
===298543113,656217577;346151032,1920486754;1246401526,849008180,123267389,1833276857,283454049;1
+++879634439,2071408951;391546188,1329692376
===1969444914,1511169278;1295808736,370124285;63438429,1910284943,441550908,1540715536,894416936;0
===802501472,1634205069;1311371582,402347376;1639337011,1851712632,267166555,1843586415,1865294514;0
===1735352403,214919203;1481253380,1622384739;652164887,1830473880,1004550060,65855880,1315435762;0
===296150189,521024631;1872934722,1354383422;1574613178,1006884745,1758242462,1254937588,249414998;1
++1757983649,366971868;644661183,879577751
+++228503509,277787448;214331294,762721800
===2141901177,1961257403;1322081817,1850153226;1331179579,1429437925,736070315,1678516242,1023453739;0
===1923612915,1950038182;1699096012,1378580099;1697122515,1774125017,783890156,662057095,369842553;0
===645153498,1944137311;1369513436,1746271282;266508798,1956552428,1421213490,473122854,2132210747;0
===531270744,731832352;1480132423,1673171439;1944868894,1316489697,107452547,413395542,1312259001;0
===470731078,1524577550;2088262792,1181315542;1119658377,301692320,1160741181,1145239121,1368531383;1
+++1696035809,1471422665;1137007683,1698473749
===660841831,1368893037;1217490505,1213360678;1142180114,682619379,882682239,2904424,1207365180;0
===1640384877,183568799;78715817,1657340113;143422875,1885205333,382054885,270956615,1079789078;0
===750858628,495171666;998509080,2060074105;781846098,1696692867,585831228,1968076805,1602539217;0
===1881351417,214635102;1931972591,1737106505;944307225,1248425276,1968968590,890746447,163719096;0
===667415528,495688383;1044625751,1727378403;888223700,1924307371,396397281,1128884977,1986926234;1
+++526756315,973814023;673678119,1866276147
===1062583820,1068746444;578616868,1500195887;584591518,655965523,1416485053,1978921629,1597057602;0
===2025614100,735262677;967437403,1973522616;1272606622,1372842399,320980072,698542951,1328288518;0
===1021008673,1302971906;2126342756,1642825558;154038413,333553552,779031337,475889515,1101123037;0
===1146911538,31924840;288393710,1566338432;269727456,743746440,533281055,1192086640,1127207229;0
===1226404119,325486597;1619886439,1761750911;1555493896,1544294494,2113184021,879497913,1298410895;1
+++532335343,119442936;131279269,1817565473
===975824872,294388425;1832217395,2062102236;1197247499,2025215576,83113411,1919203577,363470361;0
===1704393109,1827079887;715823545,565902778;400868223,716092479,1619063214,709849212,1165944569;0
===229614283,1478572499;1269849097,1734170738;1079449326,1035722894,1446388691,75463907,498325748;0
===168659962,1414770408;1534011837,718706009;259334819,541846801,470891550,735140537,1941566700;0
===392218276,733346749;103876044,553661738;635289926,729539228,2079400693,13048910,1426767163;1
+++1231101899,1258864377;504576090,501272448
===1521249204,164988767;850936855,732155043;867138272,2037280904,2104166562,1858633273,1231421642;0
===1793996392,2125974046;600247145,762496997;1695809078,1548199814,467398018,1810764420,1619751239;0
===1012995077,2079665101;1617299322,854870918;1892533083,1504281828,591564453,1496890332,1274533111;0
===1297157440,1620684953;170903609,1943395730;268669482,147974715,80388975,1322286468,1684276182;0
===60951292,1097152391;411279255,1654222483;1668041505,207248086,2118670675,623250808,105368251;0
===849375046,678302832;1101441205,1795395908;2050747627,359861436,1856416214,1780643042,114312969;1
+++1791691653,1621314076;9573557,1455001023
===134389264,938967981;1921703199,1691387047;1074020122,1303900064,239075879,516022132,1625926538;0
===2015521684,1864092229;432823443,1164840108;1460044277,1473259114,1519826441,70383921,554549065;0
===2056156858,994585656;464721675,1672666866;387301821,215993315,321809458,508326359,1358070122;0
===377468652,1812614825;2085496894,376496062;1908725322,549516616,1359454113,1349477101,1881741146;0
===1476408387,2113370747;1037431563,1923617145;1380973805,325134660,1611470253,1218945042,1978249317;1
+++354844637,684125033;748685204,754391367
===1100909811,1101786880;1152752787,24142697;353356313,1503348891,648822879,976212606,638732832;0
===472820711,1872565705;834724662,1737954779;1871643743,549312445,993654805,649079673,1570113232;0
===356848459,985015926;2144428460,587063554;2139921500,1494935499,1808658072,1153505213,2056874078;0
===616527404,1239082245;455110018,1486290935;1180763097,705748780,1012345575,781579211,1082485416;0
===879319700,1544566584;1660087607,2038641582;1130492641,1874241276,1492976592,1989090890,275330004;1
++1185593182,206811100;1925766213,1562402462
+++1983876497,1980235462;1229616849,1475949534
===345922976,1158805099;875268014,506203830;1902564136,2026563638,173314233,515018795,1394150726;0
===158760244,890293441;2007695316,1792110445;1354014113,63002491,1165407327,149302710,1737104808;0
===1609368052,1244855786;2091090936,1193973724;1964522483,1179510428,371365233,1010796200,1913356202;0
===1677635316,1559688740;1110983630,1397069811;596405394,1929366544,1472605748,792020960,1030558305;0
===1149860870,815516986;627911562,1933024277;984690071,1887990647,1613911714,901481777,998564676;0
===286161537,1882527764;1947887445,1597514944;1558738801,191556002,1965652381,272189861,708968268;1
+++471494020,653057559;258457348,1518515721
===1157762101,1959636810;1373558384,912278400;588634530,1095575667,526745907,1552698492,2089710522;0
===672831312,81589757;1096294720,306200809;1173595821,1579255088,1305614315,480354021,551084883;0
===828629398,557343794;1530226926,1046027662;421934252,295557523,1198759465,852528336,1607942535;0
===1819707314,1479089467;162784518,1266688736;1379204100,69779946,1697695528,1786479199,1905373987;0
===1590933835,1827898487;150876126,1894780822;1222195879,1789617363,1803795864,546857150,1971739835;0
===56115106,787040790;513652440,1198509949;1053000480,1794969774,1065944353,875416919,1912660885;0
===1158562259,690462526;372536847,2107980149;737275625,1438946386,670974888,1624152644,209103330;0
===934517046,1352024677;51239747,759447365;1266840242,52722655,694049567,431377851,100161755;1
+++606146009,1059097654;1297356427,1860178220
===805672352,1242956102;701380568,1345736475;897719220,480582497,1749952344,406151786,235154300;0
===946763648,1542323689;1382727616,1012950401;1387057771,1504693647,1204935310,1298040448,689063801;0
===1147499908,1429192719;1324651305,268891041;184128798,1696235748,1548789361,1087321866,1973981550;0
===1973856781,834503724;1104860682,1432689298;2012218987,2075354472,915464649,1208207597,74653604;0
===1168173766,1339228968;1586466118,2143088779;338265245,1197335358,478454977,1776866759,1157662490;1
+++1802679490,1653082797;1818340485,1964502437
===1671230380,1123377052;1207016073,1786107182;1296855175,1394040497,15558712,777556687,1580042003;0
===82318912,907307456;498818196,1815003092;373697432,1326039968,1711741473,1201895242,1894429915;0
===1617586637,2086039440;287793460,314545307;1402789807,66780685,1317186655,1117724614,540264143;0
===1966415143,1180999314;1416006980,1362972959;1027739664,1041446936,1456425141,271734916,1684101847;0
===1788764677,774323450;107495472,1978054343;176196282,1526839710,316665332,1877396076,811899142;1
+++51629948,1257101094;1280037741,1057357871
===329893732,217413543;1213240303,1653474405;247711152,249232161,381037939,1911511636,927569994;0
===1816557816,311910007;369507274,589279541;1858221900,55089010,1131606243,410250360,941624353;0
===2091409693,1509804245;1488751495,418728133;942643411,1027802251,1439457187,353123673,1244536826;0
===1410783509,864699179;23221013,214463994;1090909759,1164244720,379024762,1157914699,1835893455;1
+++438639646,1847800037;1660266254,718988580
===215815809,633019915;271462130,706944586;1315570040,616560758,1219175153,1760123839,1561214341;0
===765396481,643686544;1568038690,1336943400;2096744197,354596377,1247054957,538658916,1754482970;0
===1255368710,448443895;1132674899,32490617;1064536467,556024284,1939421439,1760725060,1086796185;0
===470590273,777034507;1449420128,49848211;751376897,752575764,1057899793,718745789,514657418;0
===1170927086,1511574064;1394470779,135242112;442688635,211034140,1108347638,696120091,1579994975;1
+++892987755,228688341;94331458,1226890321
===894473645,122865049;1774844154,1335399254;750071139,1481465019,264014923,101031456,1697487528;0
===1960402583,1011499877;635942119,1759109141;1245735409,1673782857,2094465096,1262136684,1543908438;0
===253870054,870620131;154021975,2109724779;815550687,972535302,11037194,1355134757,843588466;0
===1355946553,1079239980;71561872,133358879;1144679747,342095164,1115272292,1978288996,410829107;1
++1289885161,544437950;1202055174,455311858
+++2110211758,666313646;1845236871,870952030
===1602207570,1010574896;109112250,1322685129;1218969149,267193556,1279856384,2070290802,1268645201;0
===932867106,495555019;1408092828,2113580093;1407527983,1310465681,398690619,1579903658,1460347423;0
===1165222650,293883393;1447161374,590228951;1852805685,779778179,1350261629,141163673,1868867524;0
===1326654201,1954283320;729103259,1067967627;1871474248,87660174,1596201694,1421090939,851779551;0
===1417457630,1079178956;86404425,537055522;1251266813,544149687,778998224,1978200009,61700957;1
+++1526583070,1949548353;1279826770,770397358
===1136497091,991708656;179054997,1578573756;1486048424,1055820340,656238280,1282957928,35278294;0
===1059089491,596599357;1094148629,119567690;1582406167,1480947795,1335425435,361116800,1932776468;0
===254205828,1860582652;646141102,109907825;2082263811,517824077,41711010,302795744,1199611950;0
===1782884452,2036533166;1459569869,1803961609;1299455653,267076087,1815841592,534203441,604939698;0
===1150484432,979581433;2130634019,1601021720;635114159,319319015,24924316,433480311,693637054;0
===758587022,605247343;946241275,868890542;907784125,1352354803,206284540,1473942606,1172563679;1
+++532638289,2134883931;844758411,323753710
===271702577,1352404993;1410461779,1837819294;812545693,1893999472,106987933,1796377500,33497395;0
===469439487,1252128208;1425507400,988962694;1724406398,1599874876,29518742,110150068,1806911907;0
===1725517481,788999867;1430394750,1132974060;452051964,2095153681,589821286,1767429287,482380087;0
===1754599321,160372036;763531501,1399222658;1308194989,684781981,1855235639,1617167554,2049587539;0
===748014109,1380514364;1403772476,1946552087;932417190,1483500352,925191005,437301538,637362682;0
===528022536,1158878437;212883014,561777278;332667862,883636091,1483756492,47024803,1586644506;0
===533399001,1538458837;944777700,1147288768;1705274434,263119251,1042323547,762559831,259463779;1
+++1563522086,1089198341;545842070,1420654408
===1098625382,1866657196;40605768,2079597504;699706027,734447607,1662957029,883372956,1793932953;0
===1695684381,1712866671;875872769,1624468409;320248997,1452497672,880103681,752328379,198318722;0
===1749386179,1407724347;874914406,490253352;1485397003,585163284,1108945179,1739401497,497294307;0
===2081195710,750393399;1302249314,1789170838;2093015567,1945117936,406815676,683480144,913315231;1
+++917976631,1895672334;1677006010,1926440567
===1188706009,534949508;1315696321,1558946760;2044454996,1530382483,1462503149,774751333,1229139958;0
===1230184809,1860235376;2105059570,746841422;659162935,644717776,864306214,1715045062,119150176;0
===1701994255,85281909;2010339288,1469045973;933848444,960626790,1945681350,168521798,1878955434;0
===1940042225,1684241804;1487210868,2065078865;1520222290,655495571,1905005581,1059261685,269304438;0
===1485036597,546925912;1740666103,2080472139;768973068,1647797950,896875607,991959594,416664156;0
===603781747,1623698426;1623612023,1364867479;1465919972,1116963210,506963066,1799568819,1352821185;1
++1164390229,1189075860;340818886,2088401576
+++1612493786,1822591527;1137895134,439537252
===1789337764,851146314;1274580271,1853416090;60030309,1009192470,1672969056,637847993,73541804;0
===723008573,1384123058;878430855,1657153852;1590747636,1099213489,994243700,1325744666,1513613047;0
===572239007,1967883555;1878569998,932321165;1308641737,832142265,1002613365,982273638,323127504;0
===278334159,1653241677;1626935262,891658839;908268726,1647715866,859502452,1714472360,1434576658;1
+++1809160048,1903658139;1267845929,467603621
===2107349586,941759555;275363488,1270382527;822178334,1922124309,1060909806,633301629,640049902;0
===365104937,525740416;1591798615,1320777264;938940372,1884847203,1821990097,2055505528,2108339791;0
===1031759432,1510238986;2125077826,1778723657;1992614591,1818653870,884245837,508338531,1566261996;0
===1499948985,1795921273;238085216,1552340288;1590732004,561715213,744117083,640386723,735904105;0
===788171898,312948350;1409261071,858867376;749667606,1912984070,1915432071,1495382753,774397568;0
===1457446851,1409688432;1984006265,40011072;168314866,1865401961,373669112,1725176765,1846047290;0
===726458439,849831456;785600253,2109291847;1547168044,24821680,891892599,1478062242,578204487;0
===1246734578,1131016981;755669719,1627507305;1740594672,339811547,1725799811,394066799,384358083;1
+++620568782,885453161;204457239,457652475
===1792485912,1638191793;1489678747,1782340389;1222215600,519271613,556983959,1730768867,715684409;0
===140998448,1165275052;562626801,23718690;1379279355,1182208080,1602617179,599011501,1255597945;0
===353632884,111447791;346143104,296200585;2055892410,2136266604,1657413477,2220170,2063532040;0
===698666167,1557027670;63391900,298435223;1186256636,847134854,175972973,1842090676,1958826389;0
===1808982963,1305352545;84512711,1772468628;971813455,2062040808,1569395088,2060334045,1854504097;0
===392908922,1991087165;476022367,502129042;527818882,14786058,2093821123,978612510,653673103;0
===756616989,45763827;78819828,1002833669;1948829922,1867428451,1925330976,1962728499,1586343225;0
===1605046005,1745771824;183329811,903264971;1420672428,2116904386,1415374589,738020734,1911019645;1
+++1391160265,1415034739;1919848688,302840644
===1762693723,2107350274;981921039,1180066230;654002264,1223024478,1393475652,310232093,1117543900;0
===1804182870,1836193983;1577752999,1988703233;259866434,275367366,1692404261,1858679891,464545833;0
===1010552883,2136867771;1973816927,1648241493;1540531047,1201467961,27092959,1277126961,85426898;0
===185488473,874769224;1467920045,1852277914;772086680,666478086,1283453388,1968618109,1261402918;0
===1530779336,141285732;972913557,626103897;2133682226,215012301,1615640449,370959754,1584419774;1
+++1218103769,1475185649;1426618880,1808069958
===2113008862,414002150;2129114022,566406622;1647562958,269978461,1552542956,1857985342,132712472;0
===1761151707,1901778548;1093554188,853672552;1581765220,140702704,1562404258,1248624765,1411559266;0
===2137083760,1787519734;1925776664,1456807399;1325686756,1116606798,2043061651,1509771167,725167617;0
===258788099,1648706793;291596142,184802659;1970879277,293138292,116898779,1677646435,1849720591;1
+532941794,1996168500;1725452948,1535032368
++1490234288,1229431927;321764738,1289921113
+++1704313269,2044872221;1986477372,79208824
===302527605,1840711368;902204558,285015464;1349614200,1093275025,1500817007,1605711443,1388762703;0
===455631598,2087691308;418348812,1641623501;1621826954,1545042532,781597415,1632890988,1631092496;0
===1621196780,147304922;232374220,723267051;69514929,1845796928,1243263404,774017075,880531786;0
===1638434579,875632361;2053018787,1157777646;335673887,85573875,2098561190,473391264,734163194;0
===451293651,1835102029;3868621,1588864837;1160270132,1269940295,407948528,827566157,249402518;0
===123639655,1175783868;847466461,1574477675;677326624,696956919,141180688,335133423,1330999428;1
+++1213014746,617686861;1966682769,1509857241
===1525337069,1605684493;2060925253,1952582662;837748398,303644184,1958775341,1259502137,1609065209;0
===52505751,1708015602;469602399,667038420;249020936,466374849,217842581,2047678581,1301250404;0
===1859108449,1948419184;388741437,1299660570;690172151,639354429,2127007112,127133920,323718323;0
===1624948173,121710262;811261591,959840336;535589691,644356405,1376780558,1875484053,719533657;0
===1922144786,367581434;1424020303,1522480305;1278091415,1166301238,1669387372,1474966480,2138912896;1
+++1025832534,1204783180;349266099,1788215883
===2038758226,543005568;857011990,1744239627;613432961,1834488385,184440168,105111745,217949799;0
===1390018104,621699457;2106910951,1499028512;244432189,45357466,1629597584,1276730660,572218059;0
===2023995584,1445265833;961459364,419589487;1170339153,147580523,1834013528,1934388259,117593397;0
===1817242915,1302595661;2046744473,1905779207;1504232288,1573830360,1496328307,1491567859,869186447;1
+++1700982133,1394834955;822702487,943601289
===563837701,555988472;1036274599,191864422;80687994,1805654301,1336714933,814325788,1885432122;0
===1064995813,1691854566;641480391,1563218392;1285846469,259972170,2111200258,1573795781,1066742956;0
===1348519591,1926560444;986572696,1679941977;865766701,222109040,259713111,1151200961,1932432230;0
===1269783131,782401485;643762240,1779493389;889864546,1926462536,706049561,292132312,1264965196;0
===1480361208,1347663842;1376943111,472259166;2109693305,1023217491,288492877,1838987086,101372279;0
===1498623944,443073448;12436092,1018987455;1963065109,2105141749,141215123,213465669,587821609;0
===880688062,1896463787;430086302,1861386840;638026421,245614643,1673930096,937591224,1668485723;1
+++1084906471,1946975229;1451535095,465639459
===1042497730,1557238438;268396924,1954179370;338825041,167014951,951108236,985810087,1922473442;0
===1951886990,268057939;1660216660,1960350490;749882805,1482692938,675051439,306216731,322372338;0
===2046557097,1940078219;569376982,1965183854;1073169028,1844185856,1253852165,793655132,555518438;0
===932554451,2113597235;1535877750,564738851;1320163302,1516751041,1215186559,1851229031,90254583;1
++2053495728,1274463430;294167347,1647975267
+++770317877,1398011834;1249865025,2127460885
===1096434805,440489460;1919908988,1465246803;1664091460,832757012,670415394,1908049978,640551618;0
===990960773,1630206730;2008342601,1285577412;1452196738,1825995913,1397621861,1978025621,1920972588;0
===455673870,633187821;833306856,1091793157;1894362468,1726855912,466822394,1928775846,1862244014;0
===1809635224,275530271;2121427316,1570547120;588236452,645091825,988330755,1579997381,1117351762;0
===776899505,472041996;1364017941,1771338712;11993048,26420539,34910550,401648064,167392311;1
+++1161500066,576542695;1087874490,2032465177
===1762287337,457292523;1865002422,975100817;1469605537,177466363,1264445557,1120713563,803573445;0
===1020214804,1292565842;1466597806,1343601829;325833932,608664234,1909814923,1986296398,1048379237;0
===423613350,835500956;776441402,1261541920;1626519328,48994661,1815267996,535517698,343860530;0
===273727430,452661391;1017584251,2106444565;384362478,1841727370,350066212,219657305,332156086;0
===1816297119,157642897;536482684,1180699795;590992988,1346179528,1430940673,1622906457,1574328657;1
+++741771534,1070698102;1215404067,1230601025
===974809440,1480042047;563336902,2104982560;1771138755,490439130,1288962061,900762562,1886878335;0
===1871731139,779521844;926666602,1806888625;1649013465,1183560124,1396446980,429880398,1130136056;0
===305001865,1377614680;523343678,1760903636;1970649816,899137169,597470567,241674994,1454368107;0
===1929373767,243093701;1427204738,602832478;916160813,942705847,208970442,1385769599,1710233287;0
===1109008990,976244303;200577487,649232347;1511927222,203629411,123458286,843122554,1599405045;1
+++1997976550,1131265436;375632313,1546260926
===1773671112,73694453;2107778195,422728663;500106042,1591064909,1063767939,114476111,1715228347;0
===951380523,284285123;1819260709,1134985798;1188411614,827741704,621571342,583226545,344147765;0
===1343696428,259631840;1254924780,755988804;2017841032,555537024,74903798,749354868,966893850;0
===133502360,1563148240;879491648,1124156719;299493708,1497773895,1680009797,1222825556,202031519;1
++652619367,1768131913;1929936847,874280109
+++1302694219,1211036756;462685833,265714741
===1576884706,703649840;239552568,1552834016;1326427910,1202514762,1275004310,163598961,708946434;0
===1402989383,371752032;432478182,740145616;776180213,1867394433,884948897,61839929,24584866;0
===70631169,116775286;52731075,372517618;1236740061,769489274,1330873560,1165103749,1397116706;0
===6047277,1536704668;1773442792,596067351;2084130743,457736710,1418869001,1555979982,1200302079;1
+++1546731605,1346609868;924333237,1243739462
===2140004019,210789865;2064919046,625146937;1359480027,155659170,1858987631,1368199743,1940130056;0
===1298500925,1444767751;1708615745,2140206471;881711828,1287871673,468391816,1718269853,1222008744;0
===774281812,592330338;1901874444,1118201717;1307590805,1514646130,1306795506,160567548,1568907966;0
===1034720282,1448968294;940812738,605659866;1431375592,1962948872,815861042,466237086,1276571144;0
===170533771,1439125587;401761327,1778427172;529547824,308182292,1375799209,2093180381,337837368;0
===1550612823,180024728;2117260212,1034627754;1384532154,1000904285,1779482548,283647653,2034100733;1
+++696439958,601154488;1726041014,1375468981
===1387744345,462426811;904496046,2012788766;1301721097,813469264,1137456903,526025827,2098044126;0
===1625527889,1600490030;21520263,671666121;1372613092,1297819542,2015061521,1486887975,1479038176;0
===794565350,1528706489;1918623344,1459735766;462672118,402491657,468882674,350388766,108863532;0
===1177247033,62713160;1402315529,353417245;1231687974,1134300549,1821303143,1255792581,1341602209;0
===1423778946,773297010;862710338,1509843254;2143962415,561312027,1248895996,802519192,112785481;1
+++1864649313,989414058;1664324097,1841332187
===1995331641,154708858;1704738379,1645821065;511050491,1577977674,966989665,1514065245,914153789;0
===550148373,1446321587;302583325,2133968795;1588143559,525304038,271505623,1618204381,453599231;0
===932845059,1570443197;1275326815,2067805593;1282571488,1215349781,1056656666,108672937,114460621;0
===650036473,422927014;1655588903,583142408;1742925816,1666844497,828478311,1335395072,185479519;0
===1892863072,165408347;1785062689,118960867;77407825,1803967927,687267162,639537605,2123636927;0
===850858155,753684127;55930616,362563669;1056034373,1522417714,10784279,213020592,1552696563;0
===1488136107,1551040814;567839116,586765263;816086338,1818548566,688884483,279369857,1751117866;0
===371444187,1519879362;536800820,1835479278;1058819050,642070742,1410480235,1492395933,1416799571;1
+++587992199,1377709619;926285008,1964541031
===1568631538,856972079;898251425,751009931;1131295184,683338912,899007634,1882784105,1303196001;0
===184746093,99665475;1713227285,549438635;636042311,1460000301,628245413,693351579,2072985458;0
===1186154011,1800652157;508996219,1814084809;966148212,112987932,1212050894,93771222,1478090403;0
===1602054268,720482551;1150075441,1560273533;1765737658,1465444099,109278541,806567489,940970383;0
===600884289,275514750;1450037503,1200690522;1647074452,1820631952,28446476,230579030,1150777932;1
+++610692323,2002208014;761311670,1952648514
===1172703117,1875668558;162521652,359110535;510689478,77553615,275871614,1332484345,1049718869;0
===62102934,2091716198;309185050,1310537041;311720187,1415008448,1632100471,522246228,258433450;0
===1780945311,1625069277;1789106512,909704853;2069803500,1658727570,1316171995,400664716,1444994801;0
===1888000761,1097264240;1259855178,2023781319;1556983724,134817173,1295965057,842850285,916454592;1
++1621873752,1675490837;583163976,490759463
+++967641900,1821320068;1778479374,771206887
===432127848,899146922;1339827574,2014206171;985053808,602255366,1763226896,1012005232,17890588;0
===667922792,2120935557;825972901,109708959;1920484922,444869247,521271221,540244487,38389711;0
===155052441,550809008;882707407,220428828;1795581493,1190464855,1812392513,2029303158,1459161434;0
===1637871823,2111883355;1978346075,500110213;1678972575,590599576,1070882367,1841281776,757150989;0
===1563237879,482578523;273651570,1315894297;627734034,1656726271,1595687035,93302011,1003540409;0
===1967435693,1705611762;93358953,767792513;981110169,214232468,604441061,1402581612,573960284;1
+++782409222,2091716276;580936069,2089526056
===1397964693,147452985;1147156406,722483531;217014830,459022785,108945104,1668955948,2082104715;0
===1911523731,945571181;890692338,1894047463;2057086208,2036458232,1107899264,2080706356,1395905373;0
===1468012683,81232975;1886607960,2133840050;795608461,1638923642,1411837286,991622548,518017306;0
===775569949,188132577;130989600,1435432489;1021795045,632993195,2025248152,1277600160,1027544119;0
===2074031494,927803931;1684025261,431182511;1821068097,1662259490,1493253235,1856618554,2133039982;1
+++363348078,497834045;1468185203,1434713877
===1561527256,1166568927;873240974,1379047770;847816872,1725141916,1820359726,179132201,532142604;0
===1470472296,1699472863;1917763483,687043109;1861160611,1918759661,456710489,1489450127,922564743;0
===1615931909,525106313;1761599297,1041283428;339017813,704634250,1919836238,1324482969,278880959;0
===1459656986,2103139765;1307593821,2012146039;657999033,1908735342,638619539,2013335977,1348900595;0
===889802110,2037198538;789989590,1448818602;706324408,2125868936,694486384,1391798493,1317268509;0
===1318106413,1143577158;6112269,834073184;326069482,1982093659,1195493477,1759067872,1828389347;1
+++187634229,618267270;748420374,461697823
===285978129,2105692342;1560643016,854652246;1183613267,550604357,2139697522,1333603885,827977050;0
===1062612554,743603024;1414439025,2047123062;1298544654,2022020591,279805767,2113984775,295487068;0
===1759435829,578904732;690188582,1967008601;1943369948,444725693,1043812978,849404096,246074149;0
===1693095175,1433046860;1520001929,1909547761;784812902,856662756,1638875309,991848226,456992051;0
===913971772,1810573921;1263141582,547469971;294524449,727005260,1072922922,1345492154,262357295;0
===539631965,204973436;1356859258,925578440;1641547080,528406948,1176583571,1839757680,1100667606;1
+++561118182,740153381;499457866,1160482025
===1606041355,598172638;280742990,1624751021;1737488923,162045740,413677132,115535064,1754160658;0
===1203587521,2116095951;249518234,212404781;429407983,506732020,1585878537,845020255,1606119817;0
===326301471,1050906614;1524038248,961889475;278430799,1925363539,1448104493,593594743,509555419;0
===548508782,1110444059;120546089,392902226;445312480,1672520049,828528589,1273403869,1143599184;1
+691790302,546707647;872740584,1142462888
++923251416,1484395403;746411700,389026464
+++316620886,1731836726;2020518633,1863750006
===535724488,1085836915;1053570436,869028394;1271644923,390676426,505993525,480418691,95526773;0
===2106457457,939036386;525560615,951940978;231412854,395635889,805832876,124495864,388898224;0
===46297819,1773337686;1060460974,1884440637;6117827,721504358,537093869,264194587,239371540;0
===2010595673,396109335;1802331813,1421944757;1097453514,347249132,728679592,274771932,2075607353;0
===323207542,1406129951;87343012,587621675;1883797732,1387246026,782133191,691909542,308290091;1
+++1315101155,1389851598;2000053160,135284391
===715470001,904855451;737915178,1162226436;236517222,925410037,1789202552,234078942,1111734165;0
===593316368,652362120;829332279,654241255;23733874,1075982568,694542700,1485492847,965085717;0
===1636693316,1070492523;535766574,124820835;1895776546,1116066572,1964692324,452918608,57338575;0
===1010090666,1576890666;1682468355,1405666684;1176837378,64294755,999941476,942671747,1057287435;0
===51970130,1427211570;1996921535,438131090;415520643,516458282,813536639,1832825194,1182614849;1
+++761339571,1554583844;361152249,2041897960
===631732167,325562794;1424082358,517849814;896660015,877570910,2108060398,586948582,1016933255;0
===1605287839,735634940;1347893811,1866158992;116827875,2012367276,1433284613,634303933,1581132345;0
===822576527,1413893802;1018932441,950668684;779539913,678508609,1929506040,14555939,1009555551;0
===1145453241,1869554780;1007511699,1173036166;278037108,1401293116,351221896,20297736,1466425337;0
===715301209,2093728795;523735188,1485737753;864304751,2039113741,1815027845,146449249,1162273588;0
===274085148,1895555976;1171235870,43866364;846808669,392200370,418043746,120631796,486279094;1
+++250195944,296646976;1935531255,905248332
===1565494544,1969998040;550461445,1761570454;226898557,2125454224,156775803,578653357,147056787;0
===107711942,435844064;1130268045,254732246;1309021119,1023123268,1813798658,616921550,1218479717;0
===93396496,2092418555;1573552357,1599352373;89903377,210741615,952090285,1842441485,1220083661;0
===1768145963,1661208588;16064477,406207431;1951163234,188636813,1072972400,1759456457,453631678;0
===1760393518,554625662;100566830,1914073314;2011747361,849060165,954073551,1712069745,1278832140;0
===2102784570,1128915754;1199279560,107232611;1929864840,1229420214,1075171332,1086664209,1870668210;0
===684274670,1738716805;1638117851,1096708664;1807185475,1385222669,790159704,1068383925,245397028;0
===949852497,627952443;874094966,788324197;661218780,792222750,568873468,144384799,487427859;1
++1377757115,1003627764;141018067,466590039
+++1951578655,1521901904;1846812807,871027312
===1854705560,925987635;1243896979,1851813213;1042990097,1765405560,956668757,807236731,534083614;0
===515044880,1319677716;746732043,355306192;855649070,790577632,1351648944,203564234,610709361;0
===1841556684,227669294;1423867586,2088912644;327331492,1208915917,154484583,122782851,1094942854;0
===225910088,1413047067;2048490741,1944595373;1107505236,1365744568,1893392125,1719914818,1637050937;0
===2134956635,1517935365;1199492962,40070107;1334993238,1403115097,1684545504,1356368369,479868752;1
+++305919897,2031405932;2070030211,1170675615
===1881073158,857104378;1009041405,1911849069;1991433759,2046508745,1204860630,1041575254,1552530380;0
===84958472,1660471339;2143763907,91646403;363249892,1833476678,322744542,1825438503,1861266314;0
===574921831,898062721;668076094,311378865;283819244,2007742807,1513943969,930817835,351682097;0
===1257370923,88018576;77130094,1976917099;1404092602,38371285,252583145,1807249881,1953511450;0
===2081167543,64586800;1566818034,1463337429;1445005291,652712795,1044958496,1291045396,95433833;1
+++494221898,1456422803;433510725,2039136170
===874026094,216770551;1411221557,26098336;1335909903,2097340688,1900097464,1941909507,1256284675;0
===1211873283,48637908;2028017898,593326795;17063101,1160073958,2117019028,1134610432,561024157;0
===2031517582,431551079;1199943456,440727689;976148015,203560295,245637795,1523302429,52346798;0
===502552251,1615856064;502270365,498608069;2038250232,1258359719,671515496,36453324,1269812569;1
+++1738159291,1257907538;162543632,1997573687
===646617582,351963496;460346298,528437640;1200567500,729463020,554321896,617703745,1582942167;0
===1750274884,2096506191;31915031,954707756;1993891024,1982304081,318924780,1932651650,1497012788;0
===1401202489,1598492401;622328599,948997967;65806781,1478661318,1168089451,620864446,931659649;0
===1077029599,2113575679;1345199695,309632910;1671058208,1761495235,345445224,807872429,1756156160;0
===842964489,262397932;764159348,1187207386;1647967231,1753856443,673403138,2028718315,1386688307;1
+++145436254,526562356;1318223001,1423738589
===1026554754,997031906;1458072891,31287661;1976351124,315321875,215156203,1215530862,486144926;0
===1242898677,407491643;399370384,533942587;1190980464,2133409689,1586967987,1029076891,1195186802;0
===952383789,814156519;309719966,487645132;567963242,1578283234,1018906328,1459091182,1233718406;0
===507371555,1062494279;877799215,1100170272;1228371503,1346517924,2053504783,818046101,1287949807;1
++1815097980,1851257695;531479436,109783933
+++1696554625,2114370965;1117750758,1630344263
===165864185,98672686;1272100409,964974913;735892540,719295826,609569965,964494952,551996064;0
===850241025,1403325372;2025593756,273662213;1926433575,2041903035,1895421273,1490329872,1568014730;0
===370551839,1181315653;569487456,1723286406;543957107,1713777965,788058464,1609783092,655600968;0
===1794818605,1756879703;1735768919,836859133;2098378116,522285970,513098645,1496279269,1805651501;0
===580807289,1484779913;2144011899,87690625;134879647,763876025,822837424,518827424,1194894929;1
+++297283869,1186318430;635935522,1122772246
===1108189183,762433765;1804739477,27576954;403641088,962257512,1115085943,1086097938,724447034;0
===2007657628,913679407;1028011264,1702685593;976901269,349826646,1156829327,1732863759,967552716;0
===1772909469,294235004;428030357,167489096;1420166140,619739466,1071372427,257158234,367688843;0
===1925719833,288855469;1909456503,79103383;949074229,1746150820,2036413295,1298117896,930157192;0
===1463542287,1778423922;201991370,1648777302;844904079,1626582776,804362179,1480747628,672807410;1
+++1481962693,414424919;24706602,875922904
===1738098029,2004184247;724709305,210841137;450190988,947309986,1309711955,819201115,1255340040;0
===1412055582,64854965;94526420,1884748799;1195658381,1972109169,1265547445,1919531175,731332896;0
===817701458,2099913242;1985966191,247770591;1695321485,499529700,701186068,963213797,501538153;0
===257788130,926400549;190352065,504712681;889341256,209022116,89680263,760034662,260419821;0
===1182672770,216682152;379532421,96870031;909967435,120777655,24877316,1002316218,430469398;0
===1025532887,430228265;2141987080,984118167;404593956,1249795832,962074132,687684898,1824770877;0
===671712043,1630830170;1109149264,1194523379;582163741,66865414,1478483254,1052086748,353517299;1
+++1463110208,960518072;325189781,2033869606
===346197844,1107056887;565388517,560074163;544047260,1811924790,730751020,2105892751,1285123294;0
===1202578830,631298674;1593454019,1277322695;1480411252,246102937,832549682,1195814017,764333430;0
===417141419,1779799040;602506522,582006617;1502934702,1249145229,986368904,1534641058,965083500;0
===5865641,438036071;1545292939,756144378;1730431894,1419207003,139933167,806718905,1010341983;0
===1942343883,508973398;61834447,2039722287;345354958,1230604901,374518913,1889172008,2000284340;0
===729459969,486978733;72893109,2075118487;23700945,2004155194,364939943,908617708,131710589;0
===992249236,452820854;2010558464,595265665;2056917613,1881976953,1654123667,1192977335,2035821492;0
===805590774,271357959;1427651829,281680017;49689500,1755864628,315613712,831861284,2113951519;1
+++99022222,333039911;766443505,1782108509
===1232653966,607187994;1258685917,174151415;2126036356,724160532,1148632031,239570216,1019855744;0
===397345647,988236455;606115068,1929773814;655293171,595313834,1253989467,2041615818,125931650;0
===1062613269,809381757;1374895343,1313363933;354522778,1059103895,1085927308,503876435,33674252;0
===2123678753,995663870;1607693627,1516420826;186005961,1060670230,1717644983,1325978480,663648719;0
===829769826,1399429922;1731048566,1620947677;1593020501,1562050546,88339666,1573918213,661814324;1
++1669384655,339862811;1065673679,291487650
+++1529449387,790678998;2129183143,2082055204
===813293112,87963884;1200182177,1480193301;246193884,2046127288,773303493,811418297,319802025;0
===1147879055,598550316;1532499342,1135615895;1935716172,1463187490,1054801636,2082833990,1754781392;0
===112368287,612297238;1694389574,1890255858;1887084813,538835393,1201518652,952334607,1602484384;0
===1299845570,213500793;140650201,1754660501;1699615203,1273262725,237388059,1729048131,203078808;0
===171587362,632350733;763305517,1279417761;1604785246,405924832,1149147344,1444744923,472953044;1
+++55387525,390076660;1705601015,581184286
===1351017905,876107782;2070541413,2129812376;169353769,811558638,866542715,925137452,1800701488;0
===1687095882,1712592971;539523256,388725335;264242009,1135323206,1941102754,1429864272,1057970956;0
===732647201,1810554766;892740241,315880672;24020100,49018222,2107213817,941311342,1677394282;0
===2024013096,805049091;1314540080,2053743086;1038111282,1995670093,360156754,765255386,1911914050;0
===628273564,2065857970;793961998,159301345;1825634707,960289840,1187484308,1459558120,553668216;1
+++352791736,49115671;285581612,1872810784
===1937721562,1360686345;1949551872,251833694;1930824294,243985792,844875954,358375638,18402771;0
===1202571669,1875146376;393588885,637998903;1738098385,889261002,1306753422,1763385962,999981881;0
===1332861790,39917460;1783151606,2112849713;1638780909,613742576,190277262,1175786132,1956196960;0
===470189969,943305958;2083095714,422310374;695420332,593547695,2128924596,1263452783,2147447108;1
+++817590866,1396145075;942858235,1215122604
===1592154682,693941066;1064528235,1313429155;166751129,1997695432,23731501,182017908,68931574;0
===244889954,1330199366;901121015,245526545;386068842,438069984,420523680,1568249026,1476209243;0
===105439850,1172704871;1054972858,1232749472;315430877,819659754,279861228,363881059,377967197;0
===1991915070,624469765;453995002,963934692;246967731,617411418,2095363693,337214652,1403554479;0
===759797153,150591431;666773277,1744759355;439889788,2100462279,1230146126,2123470126,664339539;1
++55184085,866390987;1557517478,518678604
+++180433999,1989896533;871383804,1838116807
===618211850,540822171;1011961613,1164823245;103947865,456682182,967744203,1033968405,676338073;0
===975247337,1854759258;992944186,381167357;1011137834,838967164,1891612717,247525497,1472419946;0
===1463004634,905573012;616034840,838288961;57733570,1465239962,736977913,1695140003,739794583;0
===233064989,1487062042;753364626,1847759551;2028446847,1013403496,412430787,1310701032,927186538;0
===325615569,524930940;1418096498,1839099980;1352918335,1558290044,288893512,923212832,724482190;1
+++1524832527,128633926;460606598,542092226
===1971923607,1133180277;1858700207,1152767952;1340966193,1683458708,672400055,1351097749,814235886;0
===725962052,1535585360;1172691389,1124750844;943043641,446464102,2131036701,818837938,686212798;0
===1974650716,1053664991;28465062,690845824;368896288,1765602022,1403290782,1474840526,1224909536;0
===2133816836,133702252;526231478,13708955;1690249830,1068424673,2120124917,1212488868,573871122;1
+++1050731190,334796147;511624997,1580988518
===1005558614,82488362;1076314735,1341912946;316118660,974393470,907678127,1654922044,1491864788;0
===1890979670,1052457627;1599726025,1883407737;954093136,90258136,2072379979,2048027336,78077464;0
===570019042,1905021978;330513432,357311168;1739516690,1538390408,1130140565,1069512293,1308766520;0
===1224236845,1955880836;698297364,833994868;1722229201,1247968794,1757202849,711455367,2110330397;0
===700222942,1481431415;49579281,1813752543;1210047886,1459744196,2013553603,2078870661,1337219036;0
===265951775,1562729530;278146746,763027102;809157545,889423944,266685448,114419329,1193988046;1
+++1981241021,2102429726;35131934,1130799511
===2001641111,411189922;1546760776,406675138;959416552,847107623,349495374,1123805936,1922430703;0
===814945531,1092468701;1018393252,1373657299;1627198468,823966499,1599340165,1158416514,29426611;0
===1172934622,175094314;836575761,1662519607;901107299,1190909525,1343606211,1604535849,178464818;0
===387265428,94190178;1036716259,154927638;65295557,2128216303,1483132664,2125403852,113092681;1
+++302416169,1995434335;2052536340,1072514158
===1712964341,2139525216;121558604,413994184;2031553382,875738011,1625873922,60395613,1035312862;0
===442942243,1558472987;1151799078,1470833938;1420989004,1015779936,1850536110,1337497820,29428663;0
===1222396262,1981536837;742175616,1629872062;650151956,1056055350,387301746,973029707,466737940;0
===1209800169,255136605;1027839723,1965078500;1038014185,880168628,708301863,2046012459,1338386373;1
+++2011600788,471656971;861718789,1027554078
===740027155,133646072;1308490042,1307661580;1259041646,767686227,338777835,927379021,986500977;0
===696437067,1507811051;1607208680,129893402;1675582121,1811394720,1661726116,1193768421,1173326494;0
===2106245172,493379399;1714256725,1909063262;1162600101,522737552,1436309859,1836686058,406596766;0
===1388985078,593289052;1211080383,119961844;1217556207,468784158,1246722812,1109633502,681166252;1
+++177621183,210331364;1920825920,344311705
===1659572731,1113155710;295891621,1003637453;886360915,1230372988,257036968,794491359,338460360;0
===1164409481,1594980185;1472674489,227894514;216527174,174912241,279826666,498825616,1489314363;0
===1065701096,452597517;276421514,1271039074;381632306,1584678849,108749135,1885111203,1105184871;0
===54234562,1642080506;1190033934,304182887;286541446,97854708,1358901225,1516364399,260855358;0
===422445426,2063166946;1651022893,1874388191;988343653,1976364923,850624882,1450647935,994237906;0
===150071023,1220017694;379063269,275020888;78042107,400257858,175895237,812387451,1885216791;0
===1648672332,803376310;211098894,1609117225;960338785,226126909,277905826,1865501264,1179397390;0
===2012150781,710863642;474970498,1093056984;1997594061,1474018037,670236058,432536403,564188860;1
