6;1;5
+1254356509,2227665688;861928316,2435262828
=707897097,2820523998;3545154395,3230115914;2804409032,152865111,2489283535,1872787349,2499084251,1806318220;0
=1459908420,1260260446;1754259568,1972215313;802057606,2789393018,2178845317,2683285040,2869338994,1799162074;0
=2120671616,1843258878;3263902112,2754882534;805124413,2344587344,1700975367,1531255611,2676659300,1871084173;1
+1295454783,2682377294;2909997611,2253295635
=2816180927,2817159894;2238112281,1943865713;2558911011,1519906309,832873892,3522354752,2721691757,1064700175;0
=1899268177,2112127184;2471134774,2741012759;1693028267,1264391024,3901214832,2478141347,1515770731,3087873035;0
=2319715009,1925199726;2714747377,2554550322;2764200791,2514219943,2196947200,3368009859,1677168812,3673783062;1
+682583770,2277547108;1320555887,1798246128
=2874342240,2590840012;1401873108,3219584213;1515881969,2425000880,2797913728,2455429501,1536621948,3455482005;0
=1445814295,2303760519;2031585285,3598528930;3697599914,4049246250,3443612102,3526498083,1921592307,3633390525;0
=2033218984,1626915707;2151347589,2417139857;113592982,2123980798,2760128684,2353177406,1555873387,1646709644;1
+976141754,1756838240;2109160904,1702779974
=227534499,1825186394;2807721981,2621444864;2920975373,1768574975,3266836946,1719583654,3213947171,2168927810;0
=3192961474,3306882270;1192378890,2309526049;878874353,1873602593,2992561687,2957596512,3119151330,1894811241;0
=3266089345,1967294734;3273225515,2397492236;2123366424,2690754252,3247453785,1802638398,3406951715,1210333821;1
