6;1;6
+1515227864,808068681;1115578030,2569051420
=1239862728,3185387548;847025584,1327761243;1800282708,2953479809,1006678152,3407230926,3113213179,2006096639;0
=1265037353,2181362214;1556917904,2888096551;1072354029,3943637538,2973400397,2899391122,1255944163,1589125645;0
=4068282274,2648811940;2051441028,2189349511;4223292576,3119229384,420191032,3107835526,3260614540,1854234163;1
+3848720443,1511950557;1621606653,2930642618
=752437626,2566716435;1317933868,1668097657;1995945034,2123652874,1693467884,1833606736,1993614368,3825800757;0
=2361132216,2290891292;2818888014,2762657255;1575604968,960068617,1551979479,2167613023,1718909796,2533685175;0
=1160542703,3275487912;2894720501,2938362088;3208979161,3764991008,581327805,1794044406,1644206842,2362414442;1
+650031340,1459417308;2333552679,1013183191
=3430493828,3106399819;1954133992,1939424841;2497379271,778295448,3075176202,3429449713,1109309127,1751458740;0
=2697283080,2788370323;3342993574,770375675;1584380302,1202991823,1465818883,2764483140,471981421,2959144082;0
=1807717966,1515523055;1578472766,2501095434;1735452091,3158544900,1252724281,1775985333,2686044488,565876451;0
=1807774003,3371741222;59838973,1657962639;2246431556,1378728162,3255015133,2706394581,2298311436,1177611743;0
=2876362150,1163887949;2820689936,2074366098;1289625362,1193611899,2304051668,2959892868,3188696633,2319708487;0
=2371103046,1375349224;232362229,2724274393;2891945485,1092492591,2962498386,2437749562,2604780000,1004878107;1
