6;2;4
+111579647,225041829;336121800,779132449
++1351979165,876276860;1927522265,1822646184
==1899203049,1822738927;2079742179,1493043478;500907133,782856524,1999136235,343136377,1039221350,1198166286;0
==1136354132,1871349237;440224460,1322751525;1076805835,1229670501,966152064,169287823,157041562,310809811;1
++1449910323,160228943;1846066526,292501565
==213191576,843856239;1582510080,425810806;1525582243,1780672886,1172435055,949388970,458298795,811299013;0
==1525052002,924264728;1026637719,730845271;1932283052,531010209,551601376,258822681,103041010,783093776;1
+2084481539,254430832;1255894272,1178109811
++1988133264,1456473933;1481688731,1444844575
==1503226525,34628193;548918817,191475370;360215360,1540294579,1583667697,1735864827,189848787,1117327505;0
==188967714,90831935;134500968,338746505;167973194,1800944678,1511852578,1179399324,1154560813,1858550064;1
++1065363358,1675955835;1809735303,185386079
==18730873,2027134918;345034216,856082800;402568741,236527356,1334383399,1607925808,1634076356,514579836;0
==247664762,465874227;269497025,162135429;645621218,1113404466,1435743794,598064379,1405045531,1167032223;0
==2024346927,1527026333;1135777779,169747360;1747564173,456538468,458232592,346331476,589210980,917320996;1
++135703848,1843410515;2081463138,1903317285
==1445983554,620245500;1462423195,1872373254;512521057,659638588,2025626147,511538908,819915171,1932498163;0
==1917525827,1376612566;414395279,1022921398;645091549,1235714360,2140114512,2123724968,293791609,801174182;0
==302184248,434293499;1461601484,1501227811;314107583,1272965713,1284311725,2084140628,1535163262,1119525196;1
