6;2;3
+1698627780,28516851;1412267873,583642946
++690048829,1459329687;1917012133,1904052616
==4012040,551908483;1666466228,1818450638;731522674,797951188,1318102348,395788637,1946672944,701882664;0
==1646431747,1808854128;1622785688,928762268;1068872474,679388117,1186632827,1647568972,2100067878,1873839680;1
++346190887,637038008;1500436162,334881470
==1251311480,1830855239;470024483,687853529;1819017224,760465393,1974025091,1800111609,1423080507,1364067231;0
==1277960511,1823204004;1173383768,1842498138;1117262141,8587508,213192974,551594632,1015762279,774528985;1
+250820303,380089173;1538150152,1768896518
++377314361,1894211059;1524086865,1444941895
==2095668031,442818590;1854759748,19980692;585757870,364747774,34045236,1422839167,516445429,1563677873;0
==185004659,1855017959;493027889,509239576;100619191,1227131448,1338080077,1616501745,1709233620,1401840508;1
++252406497,82857766;220910478,558972656
==1821261445,1551569654;1565995359,1173109187;1313547860,710605151,164669525,79004118,1438239369,1009387808;0
==932557473,1222684053;1466868670,308972695;1425267431,2093438891,506492305,197875187,1350722518,779998807;1
+930764605,1135225283;833751591,339392190
++1831278280,457469493;1868101882,1454318108
==1133067204,1495709673;79861684,589072909;131462573,757673013,1483178636,1167399105,388088026,2118860297;0
==354714437,165064160;1793587884,681489871;291903097,1025355556,2035196513,944398989,1450683790,697945821;1
++1231434779,2038897096;1871029569,2096861415
==1135589335,1313106051;681886044,1422489608;1898789008,943523249,1300644740,200722226,1502960661,756378617;0
==105019362,799112439;1883280966,1036922732;209136841,1197357099,33841619,60814146,1577299803,1615042109;1
