6;2;4
+3650339207,2702482437;3242550476,2185457812
++1912478388,2206323653;1409810989,2218566936
==700898443,1742865998;1052588569,2387762853;3593739182,2457903361,320443176,3386053528,1249889778,1551328208;0
==2888312502,628913393;2845975181,2718207763;1384762503,2449450958,2208475187,3096340155,3377446904,2460888591;1
++1996212142,3790818859;2060682505,2439732989
==3457293624,2917007267;1801280355,3748553670;1833645910,568826256,1014064654,2748846092,1809053111,1772096350;0
==2507938285,1883976907;1495152104,1533390711;2095555267,2984253679,3251616343,2546993191,3373856450,3092083526;1
+2175759360,3558553979;2705970716,1085445189
++1716320968,929713348;2548680543,1117336465
==2562988740,2181167319;3336530435,3723515445;2448790157,746807141,1914450050,765195673,2831292362,1974417417;0
==3407190308,4103852701;3718586817,2801922452;3208845937,1503822389,1805590458,1526461039,3015541825,1811967286;1
++2158320343,1928611519;2127527528,3307546165
==2429672825,2232412639;1828480323,1378371904;2029418858,3904356187,2179143666,2254646493,1185521403,3513112247;0
==2677044246,3306875597;3167642258,2318049427;2314269183,1526747918,2215505038,1845044187,1550266815,2840565552;0
==1808556033,940761698;3111309034,2928622281;1032859248,2425837356,2918828864,3793848469,2634760441,1831324377;1
++3073250077,2209042305;157034596,766395816
==1788733828,2076103542;2197622908,1655406775;2543154710,2373211274,2038961639,3482610579,2374460524,1100937212;0
==570560146,2153256000;3599767433,2974472749;2785218406,1133298903,1887391446,919583545,3091175804,2439952616;0
==3696274772,2633643078;1646162056,2078547931;2976853713,1038736718,1376862428,1305072102,857075244,2925681221;1
