7;1;6
+848622492,406243868;468311010,527950082
=1049817051,974231478;550890674,1198695298;1874707722,2010767440,2012236349,1564906235,1856414464,1586848626,2099131845;0
=1839914545,839179798;1683141842,1352152692;808446729,1301092918,685271332,846298129,2114580649,1678625313,2004584640;0
=1828327708,279618726;415958454,2009394760;2086273591,1024202798,129586224,1260166160,613845108,46362933,797048126;1
+1761380869,822697774;2126227215,2024629034
=785681065,1753127915;1272059482,1069418834;1096229770,8801705,1908467510,152687374,1615703180,803193831,1249908831;0
=1385093282,678751758;1250404604,1723771863;1321367868,679747858,1053707400,148596946,1155820991,2080958280,1439249548;0
=1851459075,2126581518;1964839274,1916811497;1120243193,707007705,1481061878,134598136,1441323833,1676203896,1326508657;1
+1573907869,461283988;960688752,1483209401
=478274089,721379574;514218568,79640298;229309641,1469534084,1797971366,1711639804,1247955370,592147422,1212772476;0
=486154529,1287015836;1839818521,1252854991;1758247996,191369790,1031643352,1582044328,768200070,1926675951,1724581503;0
=1923638757,571083631;792845080,820931650;482524421,496385797,606372235,531657890,1554355122,847180321,1441694164;0
=1410230058,2125721635;874778324,495371855;2130213298,750793697,575506638,1855681595,1132695439,1772360363,94430737;0
=1435737002,1161955604;489626298,205512944;2130318419,913393524,394402286,940755646,1759946327,1529490373,1539850684;0
=181863808,1223121218;903074144,2116606542;243416756,785152386,1740140448,453490472,852009051,706139029,1555827821;1
+1435023311,859121707;713575744,1859679524
=348991992,1418348892;1557488342,1149429711;1508971489,1119436793,2044946566,225990699,1115401306,242822538,580251292;0
=198287394,822361945;209382435,1189912829;597209912,400585951,311930140,1269212061,798782334,1950904457,2013132020;0
=376726540,1381332637;245901641,325854654;1591686584,914578312,900935617,785670460,927421729,1547392431,968864103;0
=854637384,1507728222;585987199,1559428871;1900315055,1665223964,2016347062,238136849,1865725991,14061848,907448962;0
=234643420,86987796;1587502699,849633222;414959511,1762194125,1192192771,169147159,1152982992,1508820451,1461030970;0
=535067008,1456739930;2020151834,1302898089;1698992134,1266065259,1416970382,149875214,206715395,1610112614,924238361;1
+905420300,1654754249;957121873,902567134
=860461928,1670554151;270689233,163578628;1153760128,1604973877,1964230416,961268640,1417259397,1492974954,1082531508;0
=364274575,88692318;1007110965,383131041;174071150,1630053136,1622941898,1496619168,977424216,134301025,1352415598;0
=1551293970,1490515248;978620337,1501075658;410796978,607216437,1846354161,2132426418,2036815936,365570569,773976210;0
=109957127,830639903;1571441792,489221859;1683135959,2014187982,207983866,17860814,213761082,1510998343,1495574292;1
