7;2;5
+777208453,1705333431;892575784,487226987
++110269503,1353476583;1940915148,1955792556
==1405266974,846901595;147939873,1860236032;1836615179,1236265575,1427088125,385527946,2005127985,1669540098,1787843048;0
==837736318,752415930;1070794697,2137854671;649237516,1882643026,254854577,1907328378,356770890,2094041395,121440697;0
==796498224,308783319;483230208,397374792;842005456,774942442,1940345863,1498825218,1914684488,1821519419,1587241808;1
++1305531444,67649590;962918675,123256534
==477648197,1794666217;869121073,666641073;968350838,1157413199,1152199666,1945778867,716381173,162592794,190074981;0
==279990883,1620814519;1521190207,1177825156;1035913717,572682652,1500934253,2096078191,1593541317,6211748,388405294;0
==1074856743,343884442;955350717,1872867981;2116408519,1510358605,123505614,347927445,1002496314,630628701,758282477;1
++1388829975,916557599;363867283,1316563912
==1768238028,1798882617;67760539,1147713350;2091013711,1240972389,1938560578,1425119692,1197203316,1149660574,1367898004;0
==958172129,864403208;1883245793,502877543;839857222,2065298354,1334093933,1750370066,1269755086,1149801476,1507000147;0
==1551677508,2065080903;1188530436,1199098081;2069224971,639774379,959705709,1567253569,867994862,504779806,1804445900;1
+2145257149,59050174;1484015578,1425437166
++57912807,1806360038;1544607024,300635958
==64991295,1332199389;2140648136,690354556;1969904084,2142569208,1937967380,531211501,2062768225,207950756,1833762995;0
==350270886,1153081657;1309010735,717693043;1133881867,794870454,454187009,1964029470,331983244,1247474635,862903434;0
==1323712266,785267480;2126504531,303202009;613902223,113236867,862840594,1846594713,1098473577,1071111685,831367200;0
==565074669,1660214835;1701172821,1395642364;863734804,446825796,1614358606,369199224,825183005,1339188905,1678107061;0
==1852633220,2043986709;1181539439,2124040968;1365387406,587847245,1847914135,1270955888,956948079,1811553845,1719199425;1
++362342635,384486489;210836671,616138059
==1034694560,1933554457;1808078967,234351201;993986711,1015440200,329712769,1806967503,1917643627,171974823,1519791301;0
==886960557,1622511929;394545673,1391193430;212626049,868832750,2043596420,456899677,257648523,1867846398,1950583088;0
==1293679761,572273266;241787863,61783040;242495224,2116627106,1073324451,2140607049,2059745461,1514521969,610506053;1
++739016010,950535964;1173790430,165022188
==804450034,508352335;2010327396,951269937;1296196282,231415742,1366830922,1611854972,749273019,2071532125,149348068;0
==930043948,1868995513;270223905,1270161674;944188028,1138610243,1141619508,1538560904,1877370246,525431013,1963855881;0
==602053721,421411601;982000641,1765751075;929870877,1548314488,379399047,320090697,1003682989,844825861,1230033611;0
==235631161,1465875562;54320310,1645552612;702880275,599316421,742936994,100022110,480690594,795389407,1784609818;0
==1919426589,1778032285;924531890,355940916;15147264,2088892930,671084633,714883010,1224516916,875142869,2071730600;1
