7;1;7
+3526279647,2047421795;3820383062,1270648797
=1831030390,1111140884;3001269175,3612353770;3471127467,2054353094,2003670325,3263804950,724490378,2808238801,2513001729;0
=2596563752,2311325624;962185371,476613780;1098235273,1496812474,2355127387,2384516215,2544750250,2039880021,2188144102;0
=429956684,2236547407;2020410813,2271443687;4022371434,1956091048,2543015793,2714665595,2720607882,2760895340,1500759997;0
=1722190388,780281685;1771486206,1110372499;3508424574,1634921874,3574278856,2993906148,1611282092,1431742110,1253233160;0
=3003632365,3167189760;1416299284,2860787679;3421419585,3450916579,1895773978,2839500771,1003524282,1891133445,1256357201;1
+1971551478,1194448712;2904785770,1903794408
=1523450373,856254448;2365266905,1933411209;2010788433,2276116775,2887873101,2377820347,1068165205,330025162,1868083156;0
=2372330436,2690316760;2068121351,2695440690;2225015522,2430284615,1538422390,2817808564,2037622869,1439299001,2098686065;0
=1598508714,1731196616;3936956322,1689384917;2578066231,1002332264,1788077931,2189926419,1203933125,2151585475,2124710992;0
=2203830579,1801514895;870785803,2414665141;1846516545,2469978823,584888364,1956423780,881433823,2383563518,3200354558;1
+2321621467,1854249408;2027847159,2531434934
=1099597381,2220597186;3157439233,2903095696;3010093765,2110844995,3788950853,1113227573,2820547226,2871728341,1711779078;0
=1407834938,1770015936;2627010059,3963182358;3248868786,3138750602,1826878131,971968736,699820160,1166367631,2225354476;0
=2976658241,956893030;2203304350,1675111701;1457628176,1059699671,2382526505,700715226,2878858723,1520203735,1783287893;0
=2695496721,1686101331;2924599439,2247105232;692258738,1284052805,1198925410,2485902243,2393917795,2202754727,3570942068;1
+1164574424,1979344188;2086052367,1956832206
=2157857900,2748168700;1736690398,937023168;2026115152,1862539361,1493918801,1980708603,3137892581,2043281911,3125687407;0
=2236418650,2045026364;2108009434,2393604553;2453276722,2636299883,3785005318,3840581312,1525142696,2756434533,1280711722;0
=2032323830,1974194871;3537631879,1631548797;2281529728,1570617785,1870189382,3167977410,1491412510,2131301717,1814605500;0
=2637409252,2407278124;2869305178,1933428776;424286908,1978771919,2164541697,357784450,2199959173,725494390,2082054906;1
+3444738347,1862929770;2126701373,2371392563
=3937495523,1363896260;1584424892,375814720;3634868954,1953120953,2102621291,3116759487,1048799133,3094634460,692502377;0
=1246282975,2031092742;2215155865,2184907962;1357467433,1479853875,1337360788,3769154059,2797225477,2729604349,2295793493;0
=2201484829,769226370;2810279166,3655184019;2143357141,2081108089,1756264076,3101167453,2919953884,2481532593,904216240;0
=1656820547,2775996972;434527783,2168875115;2028373743,2093673332,2247188121,2589212871,2281185047,2915086567,2635560581;0
=745750545,1484526365;3932024497,1738176318;2180473304,2108926328,2476290558,2952105922,2372253738,1279214103,880658712;1
