7;2;4
+2742224570,1565655555;2583050897,785775045
++764638482,2418002170;2592709610,1714773906
==1270953497,663369007;2115395589,1390008286;1707758806,2541437866,2798385691,1747989831,3046538483,2187531784,1814691910;0
==1429940966,2054849833;2148381229,1045922247;694664558,2047087399,2356836985,2708282918,937199473,2485824531,1093906527;1
++3436507670,1699641847;2247469025,324997981
==955810261,2866440128;1263221934,2181756647;620019704,2750351622,200142660,2806220898,2347668428,3258405399,2005708383;0
==2555994200,2037005082;3236880248,3537334027;215462882,2129516014,1087944766,1267740447,1631082740,507006053,1428404009;1
+2680061892,1503845239;3859323469,1279132690
++2431947377,2116440787;4165579610,2556443112
==1217443982,3473263936;2090062755,3215820561;1680787498,340100653,1732827928,2027865681,1641223623,844733180,1450789669;0
==2428707165,3694712853;1715324690,2456762801;718196535,3318277244,3238206171,3690551273,2053331951,1699830987,3625937609;1
++2047496409,758595842;1657497827,2296468333
==250056457,1584675091;2516907262,2363795424;1660142022,1746482961,437845817,2852892690,2891267961,1870761133,1691775628;0
==2855754595,1961823346;2196169476,2258882490;1967489916,2174143566,3324405176,3997032948,3311618025,2483348982,2543172998;1
+2836959275,1496965892;2944148023,1836215759
++2508539309,2939890548;1567877153,1903210871
==2425274221,1615528094;3074414802,2632429015;1560229963,3141535729,877958366,4029132239,3414989018,1936861153,2171213416;0
==1014859289,3117217660;2978873150,3816812638;2354734111,2358143591,3858147175,2051503436,603705161,1526206951,2740354284;0
==3363777318,2910611152;1668132969,1465714038;921213593,869930913,1868138431,1072199328,1335148503,2832032367,2442612708;1
++2119458051,2258812341;1700962070,255743070
==2977605092,1519465936;2880025116,1462492830;1907402295,1716206118,3395694056,1997244237,2918889661,1945727820,2225362977;0
==1575283032,1914917257;3456179840,2894385156;2295841540,1515730932,3670605908,2146503002,1969788129,2257169207,2608889354;1
+3044636047,1345154673;3284588495,3350184327
++2938537991,2330112053;1859057962,2742601908
==1643858026,1321550674;478594642,1887618416;984907194,1155805463,3594598067,559202697,1967370887,2086923062,1959522497;0
==3201658404,1886124284;1809600767,1915026714;3824941826,2113409368,2509550861,1742648701,1779069722,2783401358,1825613979;1
++2616716750,2728757865;2212752462,3235011550
==1540506454,1776139362;2835943020,2067625785;2690546670,881150649,1470663685,2743024760,2669927055,2952657080,1165811132;0
==1156072631,4100664865;1966514459,3322098421;4090346297,2484837355,2612049564,2330167458,2927268567,3835563485,1184931339;1
++2244827757,485656559;3732067129,3019955854
==2726535115,1510105295;2363457621,2236845687;3184874359,2650661156,2470890702,3229818910,3866783449,2310739616,3645468449;0
==2673611190,1641110028;1758682169,1999714562;1844711479,2766711737,2441632954,1447075226,2550196479,817786619,2729394516;0
==2990287265,2125522576;2710612929,3613752791;1184064851,2748662445,3950675603,210151229,2609018524,2489091660,2107396164;1
++1749454582,2527194518;715689895,2474134167
==1686298923,2582774239;2350857528,2222947574;804947469,2714251503,3426783540,918836482,715713143,2491663755,3619634534;0
==2309975670,1898542670;1248081517,1899669383;1924148483,253934344,1759349484,1849530832,2331664235,3070064509,1011246612;1
