7;1;5
+2580274253,1192683538;2074547184,2515515372
=2552894390,1022340101;3370576180,3015955492;1678736496,3492365281,1017700955,1759824037,3803453577,1394186563,1720083167;0
=976259937,2955922950;527099214,1693909855;1473146416,3128558869,3289123432,1207880927,3317673681,1533801470,3179944562;0
=1539270120,892257074;3447910366,2370572791;3017409251,2455026080,949484640,2492452724,2324418854,1115203900,2587783183;1
+3055939931,2308911481;2373689851,1004590027
=3086751859,3041845172;1114786064,2269490902;1994620166,1578522506,551475311,2793318083,2717174022,2265455425,1800801197;0
=3607490475,2951839305;2859983487,2575813558;1656895634,3201304079,2195515651,2308964017,978943975,2558940901,3206114355;0
=2089672667,2314759899;910138042,3339236905;1534640075,3131981816,2192896715,2969358893,3428645046,2342580853,1274862944;1
+131342475,2468167198;1184497067,2722745281
=2075012935,1210674896;3546292212,1459289582;992371379,2085848466,1417499906,1147742463,2104489954,2787605167,1599155930;0
=2635040359,1777675039;2161385558,289910457;1059447562,1332664708,4050483548,1402591067,383531821,3308984784,2590232128;0
=753622416,2193106067;2616045939,624349282;3174756152,617196509,3139440265,2599399779,3391545847,2794204145,3718006365;1
+2784760783,2382957132;2172499891,3897158827
=1681755463,2417483128;1005499980,4021321187;3012326861,422204674,2027627484,2511808999,1480510645,4028847590,1767212127;0
=2200565196,1171198976;3222039365,3269221842;1288232144,2123196919,3320754140,2678532306,776483005,3114481098,1299504963;0
=1703699558,2147455781;3249627617,1581158701;1536979990,2769433939,2948010597,913050889,2496472745,1360134785,2466042245;1
