3;2;6
+2150079896,4012642734;2496387076,3222448875
++2068468743,2386382773;2562093728,209818474
==441081088,2208472381;2713616377,1180678956;1253791990,2424715019,240278654;0
==3062994451,1713909887;2417171666,2500806500;1116679065,2848954603,1965583150;0
==2194114488,3512733259;3923496122,2269203425;2592402473,962612006,2134334116;0
==1641535201,1959953777;3786545801,2273150932;3355386358,1086545988,1584018919;1
++1948763800,2817771933;1225065199,919523781
==1767289636,3135326701;1872338061,2196143471;1361734105,1328685278,3528078258;0
==2895287297,3361482964;2392820924,2618559770;2610997173,2919794458,1385551158;0
==2920037600,1780740733;481958005,1250801927;1919497140,641978273,615266573;0
==1032259516,3859780843;2015294952,2566000532;2341111462,3653033654,3348015919;0
==2167351641,2007277837;2605313926,3198795497;1670745769,2927945307,2853028106;1
++2165114526,2625033663;3129162601,395675329
==2064220805,2104619727;1712589730,1658060216;1139363911,3210606890,1313466978;0
==2212437758,2922437312;2843674791,2983736597;1827276860,2934346006,2465713106;0
==2759507563,1772941138;1502857223,2142228133;2475311104,2189677809,2004647510;0
==314262020,2395432927;1068974298,3388346394;1754021423,2105437832,3459434093;1
+3903822236,1356558615;855684897,322557238
++3189777437,3328974391;3017653493,984854134
==3554325708,211108746;1591619790,1552549593;1098947758,2716369087,430933548;0
==2049515528,3434224199;2111342869,2423497332;766737417,1579374128,2190296447;0
==2188925083,3490004159;3600744505,2388678972;3078381042,1992188991,2056711933;0
==1747467441,1422631281;3524430676,2081797563;1422518606,1089308427,746338853;0
==2169438834,1604767232;2182615728,2912409402;2084055721,2145441374,2813500840;1
++3105439104,2599310472;3589145265,1253638559
==2676730188,2232018058;1793758191,3887753055;1359165011,276851954,1753143376;0
==959748663,3475734743;2449280593,1080730797;2362686355,3153875786,1600170550;0
==2032626882,2884768282;3450964816,2344639563;2746371999,2276827700,2578449960;0
==3261846332,3912120311;935443255,2650875515;1812057909,2579985717,2939009124;0
==2184295252,2260849445;3608154681,2297586635;1067445561,262492716,2576564478;1
++1547815995,1569415675;2488201503,3242876930
==3326575138,1693437205;2346756932,1738666037;816418478,2227153112,2156121716;0
==2293931977,3559074698;2259235315,1927276776;2334857040,3568952074,2155351607;0
==2313642045,2585890631;339720641,2595905214;3001533167,2528963655,599025614;0
==1238526261,1646102588;1130064845,2928123269;401518061,3086266611,1181201461;1
++1707921486,487670936;1625928095,2733400640
==2561774755,3505790745;1910629654,1963142838;1804544513,1465441252,261816018;0
==442358102,2463808661;3965819898,3405152941;910646232,1026576386,2876262279;0
==1814438525,2293952581;1952411593,3702717148;3510300997,2832685317,3220066644;0
==2106977517,2037720193;233694532,745790032;2271835393,2460580051,1922991266;0
==2956384501,2509172458;2640395888,1963759947;163670322,1090245546,2259313938;0
==4143690664,3296062408;1689892567,2619439052;1402644436,2251843744,2798959020;1
++1995419705,1609199393;1579709382,1157466420
==3022463969,739064066;1083661759,1557820234;1253920518,1775122492,838703740;0
==2711555439,2327226709;1789353506,2156473421;2826297126,518126662,2497599478;0
==2233600346,2803055054;2043346079,1140600058;3010159121,3650151036,812953674;0
==1581916237,3162672193;1714709651,902166225;4048462791,2438521497,2209057206;1
++2414842330,2376419267;3538578223,2946751279
==1169486586,3312888522;1827007058,2381491236;3360924580,1877288868,3264900359;0
==1072803098,2113116433;2169936524,1856063267;2177557751,2510306179,204880563;0
==1955765578,2691946220;1850235442,1687435689;1398183483,1572840564,3164373553;0
==3114465645,1476510473;2272843946,2808348820;1709143250,837585733,2023167877;1
