3;1;8
+1885349497,1890405764;1680744316,1351133731
=1117712954,1867321374;936404771,94836169;711913374,353990883,1888874278;0
=371928612,376152003;1588446120,543086420;1571237044,1292720685,794324727;0
=150592178,155593344;925279322,1502265727;1321182964,1811562032,906762467;0
=976413659,1272529708;1196311578,1545019348;1937387376,771449686,514855275;0
=2109013975,1004719080;291390663,2114355111;172319667,1341886995,1906836421;1
+53323402,704545426;1810846307,1806304604
=56627349,1091668084;1647160340,1026904018;1590859941,411218518,543446796;0
=2010382664,1259985513;1978807915,1863708441;550205761,1174964145,335154440;0
=215141064,984965162;504766310,598500362;594230765,762154178,980697343;0
=762865184,840362075;1937150350,2271776;817516090,1337159938,1609986667;1
+279807153,1695249776;890046891,667026992
=1655359285,358805538;1492910951,1944527798;946670493,1806067722,48271198;0
=304266123,569111602;1764171722,774313021;1769440188,1382250081,401821128;0
=931565137,846457379;1560420872,2065148485;1947881590,1408693000,974266261;0
=1193958013,113803634;522855281,1111387262;1436143294,402983085,183751273;0
=660086848,776148421;1644105678,1907051987;240465263,1588380605,613959264;1
+1802262810,2122874633;546228502,848291521
=193308502,476062988;132471293,2042163495;1134712172,1990142607,638834817;0
=1187059026,1306047872;1458815260,1111547703;1875401370,1263801306,570234211;0
=897621208,1766052701;1877849252,1186915720;2054186599,2080369510,1331066547;0
=1680165046,1224388741;1111749045,1611246277;1332946860,578392615,134311513;0
=1456939609,388470162;2116237297,1377291421;1804378195,1102243923,459680574;1
+1481723515,1939078579;467079706,1911987390
=1920436477,817609900;1340111777,1309674048;1593105102,513202436,1221801329;0
=2139010447,1802003288;292995862,406939161;2139882880,483693900,534614495;0
=1017415592,1487284873;253146230,27467339;350368230,34726228,1925291204;0
=397338054,1853415106;106373439,392630773;878610834,1222518852,672926243;0
=954407205,858849835;501161014,1191168817;1103570241,1082122629,79742209;0
=353981883,907453276;2117275636,1242521903;704538661,1966957121,638726237;1
+111243237,408587107;221090491,788669781
=853500566,1329807086;1376536740,967699949;921074439,1843892257,1336328156;0
=690141819,941485778;2039331852,449218581;92826163,1429259901,122039925;0
=914173480,940578026;200502454,876211172;1770962771,2077795853,305426227;0
=1214041096,429328988;1791478621,1718617020;1517521451,1554621348,2002507953;0
=1486375877,154490641;421707073,342274788;422607337,1147875632,1580870630;1
+653559969,715598317;1047577759,975561197
=685919200,1145958673;1238821366,1294694259;285097798,1675869000,2054467282;0
=1206238803,1214480962;546528359,1271888914;349950416,1613321247,1752385000;0
=1979304122,1594654261;1116116758,551619485;283601071,64893752,2098947683;0
=1635760667,2113664384;1042222232,92219526;1635776919,629054619,1710471963;0
=770986504,894952583;468553132,2037276820;1150539493,474873070,1731653871;0
=1555639657,1515280653;2078377433,1037863419;1484663650,356886014,1234447852;0
=1991188075,33022365;765826080,1867186022;1527680785,1854725320,1021544304;1
+216823967,1141731539;751749608,1618350481
=176259928,1942101365;299390807,1640727322;1853901902,363657906,206131743;0
=1181409136,783791457;1500299445,86557926;854724051,143131014,72892975;0
=403279485,732367998;532371006,760913613;641594304,1345879155,476108324;0
=1614549243,828649740;2006972896,1355103748;41678051,1877655744,530956005;1
