3;1;7
+1605503011,1621216940;808754590,1152587068
=1099812581,1880900797;25172807,625210330;396658611,1019896244,1762538666;0
=1376736811,683563639;738355485,285854858;595875879,115235321,898084571;0
=685034261,28812245;610817948,1516534778;1034569353,163765908,1594097920;0
=1244816331,1073111423;2011008080,608681039;404784978,1273276598,338184795;0
=423890696,1270797340;837352741,696259370;739658748,54938854,1976064911;0
=1215855572,1833155858;1094700170,399565395;53697832,1439307140,373244889;1
+430769548,1141606247;622383648,925103642
=240331919,1633239846;519841601,407895235;1805549401,1148431966,1860127947;0
=256809975,1968108684;1271219759,2092915797;1188329256,561899025,193283468;0
=1749381713,78408446;1485104707,1199443511;270663269,1558946144,899822608;0
=1451995978,2110815757;834825822,1259638873;1574226068,889368162,1345104771;0
=433913656,1333819955;1453239349,903515781;1398271210,423605290,989812592;0
=1592342184,762149686;1397693759,583802230;1182451784,511369223,228749394;0
=594195620,1281100498;916106592,1608547765;991120866,290903072,599928487;1
+676611063,554639556;1407200569,1611635839
=719215793,365080525;1887116735,1899175955;882921579,797980497,352362281;0
=2002369175,906953034;1603369368,2107961280;579646077,36596729,1650947084;0
=578808094,896804642;678481068,371961595;1143706599,63786118,1816047387;0
=1586314319,1319411256;1862638175,89352078;22887224,2043512953,1316407926;0
=136580968,643945562;1690529436,2107850274;1230266341,333851660,1460547826;1
+1397964907,1700448251;2108345422,1530521014
=1690854081,1685493901;1052767058,473535182;1914209882,807022226,933696434;0
=612795463,1044890287;1944627438,1348171203;1757075617,1052074834,1456929356;0
=465186325,2141892370;1912090509,466148897;2017228942,1943237124,929134859;0
=1933632696,1287773749;1112967840,148963399;263162148,1001335277,1373604243;0
=394211822,1881260127;2020054245,1114902377;1550776713,1924733140,1844045454;0
=2144833325,1407087664;338330059,1263660982;739831295,2102176024,251230398;0
=1619854765,1775503438;1825961213,1661785898;1377843370,156895173,1700006316;1
+1600040236,1939811468;107231728,1551656063
=1937440616,957703329;302658008,1600596447;68728335,1877736577,1834199631;0
=924278407,296292883;1457718977,1281817489;823673192,1172251056,1980895442;0
=1827391815,1523847833;233333471,553011323;479312003,2046230263,1115088267;0
=893519489,366978536;732913475,567952970;1568471024,1219601671,2000421501;0
=387066662,877379699;1444326029,1632325268;1195194130,1389575519,552859790;0
=1678893316,1609328316;1172143049,14141460;1872086921,1665491467,1937569881;1
+318872248,1742121096;1883542537,1617387799
=520994265,368514091;2055299159,957548626;1599055949,57306502,733844936;0
=1224562021,881718557;2111013084,1359730805;69255123,2066257122,101335206;0
=1326789066,2108141441;1495516401,1695951846;822174860,1484244250,221668467;0
=1280438604,394756306;1364425314,615271140;1142735356,983204928,431077603;0
=1575552765,904913327;1066912799,1775825458;1084609163,1956610254,1409674033;1
+845137567,1173935045;350726834,50171570
=1590470763,251550705;1981582367,764194977;1970112025,1065703534,727967220;0
=1214791719,391845943;355305596,1328234417;2058084342,842707811,1134191270;0
=2023703594,229955487;679390418,1526095962;942132802,1316182693,1664247018;0
=2079365760,706304402;2080949212,1625564768;41081547,298334671,1238068397;0
=111628567,130011010;2042730798,178401153;694472164,148683047,62566338;1
