3;2;5
+1451428328,1371039376;1894361451,1504264019
++1855533102,1339112779;1955125432,1322855990
==1296132622,970122628;716653840,790726799;75008899,1348263913,1642466202;0
==1730330636,1623149518;152359549,1257623518;176373108,752961063,505306909;0
==1035519076,871458235;1995283820,1747099216;1725957184,1365778048,751137621;1
++354867727,1878002347;2129457290,1209335250
==1546050243,537125753;1753727077,1140554218;282462612,1516357773,1520225220;0
==1934721940,1960500242;956990054,2008681339;314034541,441460997,71887099;0
==1672908131,1888350365;719032027,1938203681;1181998098,1383753150,1236358123;0
==835482654,447010100;290844858,895403802;575311663,1896855641,1094608616;1
++1133881802,1683760721;46222368,1644485171
==140499450,504305160;1882904607,189544144;619583681,1694405480,453428703;0
==1206655081,1604922434;765747656,789012457;1658162819,443393776,1456281587;0
==724878226,2108874509;1497031879,1892388869;1608405061,1876849855,1338628293;0
==275559802,2138954995;1475764812,464950970;1557382129,830869996,1515710914;1
+73265131,175988544;964442505,1601262306
++1618856588,1506535834;1354971184,179849510
==379855811,805753022;209807911,368844947;1310527284,1588164325,2137912484;0
==1388345251,497755598;1294262384,1819198373;1430049186,1871278277,460208611;0
==651183922,377820733;889164421,140867675;778203104,790964698,587788693;0
==2038509622,1062575396;36214469,900709830;1200271247,1575221965,1342328651;1
++611201486,2128398439;1427222114,1782354456
==817222812,453212538;1651430944,301178399;590157642,1886803099,894998151;0
==1998196098,673942442;2001406453,335917211;587546194,1557031098,193205153;0
==282321860,292882894;1120030751,835467830;1584093961,1670015262,1823956328;1
++1768423993,1948349942;1447358045,1591052502
==1951421133,428875127;394747824,2034065299;178301043,540884442,2033648680;0
==794470099,906282073;1838388112,1743263559;772478864,240771099,1227046588;0
==935712419,1366861138;845050033,522300794;1089457281,87082793,1654323642;0
==2130822964,1664985067;1544128013,1361886647;487639013,253895912,1948846323;0
==2145298735,72477879;1052829601,1926349896;387764969,824668244,942114495;1
++648528768,129021992;1279263566,1906969174
==1046670346,1044066918;1776960052,1810292271;21707200,1892716904,391843264;0
==1089096665,1385470779;352983318,198865153;1862104302,247700629,251240218;0
==762221665,1073828910;1222880888,1648803646;850127031,1607099964,537708959;0
==69328467,1478493680;1679407566,2063791610;22634142,1442386064,1078300480;0
==592545714,1071666989;389571767,498752324;34236391,309750543,702187024;1
+1961891387,14111045;1678971060,811503520
++1333852576,774550825;936780091,1717373146
==1692098533,1683010027;276588729,812845577;611732367,377207065,1248738541;0
==1831638730,590589278;2060513434,1803632909;206541795,300646193,988111184;0
==126916770,971408701;1317204540,2044066901;1004106961,103018415,1029416731;1
++1950031015,1689324123;316050318,106964289
==455306724,518024270;1186092561,2081056965;654858383,996784164,355287373;0
==850034745,624006614;1149131368,845657883;1366582964,525958424,1824586047;0
==1055916597,109201101;1778534332,768613806;1915596855,203051363,1601545914;0
==554182893,925618914;1321543055,743098149;325085308,383229940,400850426;1
++1863922550,684957101;200920090,1569760323
==762580827,565023744;722273738,990380983;654290295,1097011252,170952337;0
==2051786373,711772755;958909858,1624332859;750619034,193304029,1004947681;0
==1306190941,836976512;2101248942,1708764680;1952047492,39795382,712817101;1
++774633568,1833909805;1315949235,318710379
==653568370,492875286;713685563,1681653022;1508021391,2106699342,1023011414;0
==1601194315,507603914;1972251473,715234708;2009583791,356327727,204069923;0
==347473012,509733222;166788114,1204962404;1153413223,1960773427,941007877;1
