3;1;10
+928422550,1264560117;178977851,1040712511
=1063193210,223848891;1308340165,781092920;1848562369,2128346762,694095130;0
=406392189,1434536992;429664166,732881708;908568607,1404544850,1730146574;0
=455652529,1959147579;1552486410,44718175;2006533357,1986846548,444438953;0
=493874945,2083981361;1197387053,1156193408;638156275,2123173872,1466472053;0
=947990502,1386393679;383192695,1434373138;706341671,1881537583,457739024;1
+2001946401,259830529;586655057,1693632259
=327604942,1523829261;1627967180,1236173417;1563090160,1348633844,1389504257;0
=447298435,121931119;997489282,709725670;427219508,555469315,48655188;0
=1798934766,1061208159;2033397812,2107254147;1958240130,1787934973,1226771950;0
=28975801,1041434548;1837241052,945666231;112006469,1475601772,2102821412;0
=1592130071,11940062;1737036968,375550492;1757197516,1132286322,858267308;0
=702683751,2090966200;401763742,1443129900;753277339,271019477,1233461172;0
=1658078117,926494218;1328139796,616682395;2143269878,1580602554,234648394;0
=2026202881,1064192655;653322755,1891639670;973885433,1846420074,136541868;1
+511897713,1181716808;2044001957,749504308
=373382483,795836612;412934200,552710034;1156017439,1936630079,864712052;0
=1247526280,1934480386;1661057270,1722648369;829006258,605986415,1952897533;0
=898275222,919208732;723199209,1076721081;1821849467,729665074,798674125;0
=1398505184,1002039410;1043189145,1452844987;1324909009,1978262350,180916966;0
=1593177241,506292715;99707919,1846977513;1356581446,714211154,2051609939;0
=1217795643,441984009;59774800,1454152156;777477833,1537670739,115341283;0
=65309847,1548258306;2057502607,2060662410;1628083442,355500496,827758262;1
+1323137092,1916156038;1201954396,347486216
=1046434468,1305416896;533935936,1808308477;1776549605,1056696318,2048069995;0
=239045672,490258452;334380037,862052432;1404530714,1293748755,622839346;0
=964819905,1942020506;1192685080,962560473;1494263918,1505068874,1021141204;0
=1526780261,1543207987;1771531416,868020026;59321911,224291380,555280233;0
=969857572,1495078286;1107001732,239001013;825383445,2051218994,155642544;0
=653495075,1410773320;1230994746,971581769;689665737,1006015299,1240781018;0
=869741089,271638475;745501916,977011061;109644733,112122039,749858852;1
+1521290036,284078718;1280139859,1609618464
=301494954,2010911738;689060207,1574271491;1020386566,187139719,2035868080;0
=909788659,1963357755;627501105,1380721706;1379974550,332075197,1789609425;0
=1730390657,1384692152;422356028,1183948225;739904499,2091682698,117728714;0
=2141912867,1353023088;2045438296,1455122365;2108619418,317584849,1174895046;0
=1921204367,1998135763;1477969187,94146721;377015074,53745112,1919553967;0
=612386908,1569011744;356367142,1944912823;2142621152,1892816325,1658988672;0
=475258040,608494864;1365266031,1563348526;771096789,1320132896,1125612668;1
+1743523681,1383981136;1794578596,1315577859
=757435072,1594416097;500898097,541757547;1077011656,1697417019,883993569;0
=1803619138,1709988340;1727393894,1292088751;1583896988,791920489,1878818029;0
=1587544085,2134609398;1574649708,1525034116;491227646,431111855,2046985091;0
=2114191383,349279634;868670215,717832403;837014651,1366510073,1144016312;0
=1892528202,455730755;1877773591,1322831184;429039008,1133192485,553711242;0
=1170357486,242878831;1365270785,260899807;1185636157,1991316812,1055963438;0
=71862133,1967447031;2041019635,261457555;1928720523,1278695126,2043523122;1
