3;3;4
+1332489842,2023155893;1771991458,631627752
++1577157114,1261955550;2003781452,961956274
+++796241829,267913138;2132800705,1313308270
===608778228,693357651;1750807043,1071391480;385233952,1035189539,1087675963;0
===313984896,365662050;2068952071,1894941496;139309303,1325972002,2055906880;0
===10029738,1826503171;1550176370,1850234740;1090204129,1351968216,939224243;1
+++899490682,1859251509;1214566311,1655190486
===1987880109,771655985;337133869,1455797483;716259136,1695169171,1589565906;0
===880841868,1577141478;271231237,346724495;1423569885,917950122,1516428628;0
===1603713103,1175921770;1098783702,365836299;858250521,317328976,930741736;1
++2139751593,1100850559;844824298,1060834093
+++1489301969,563458525;1477050219,1760281404
===956983387,1162078540;1055069348,1233872803;824768129,534083535,2110150733;0
===1386965661,860920118;21887532,1010058699;1747939520,167043069,1955694314;0
===1080387129,712007426;701710394,1998910293;1246297338,1756198976,1743097706;0
===1105652176,754521021;376326586,1867764600;792711879,1891075861,738598278;1
+++1990621229,1527095005;1315798288,1801935784
===870741599,69378621;1416722264,1420543645;1027547109,2045139750,6383286;0
===1894957525,525361297;79503242,913412276;1953322772,1375581833,225911228;0
===645804675,1260173445;865202830,1105608024;1398489998,1643241922,1235847828;1
+++1951639360,5380144;2059363025,2013109178
===1934937218,1950910186;1330173966,1284968725;1163669758,1002793009,420804483;0
===1038856122,958522401;871986836,788406374;1368831244,953998778,91069846;1
++1971651193,1775583792;1965298216,363059525
+++2096322354,460683872;1269264316,1946621757
===1937969585,333662020;695564120,179544749;464210583,717652751,1979055652;0
===2037480614,703060027;115668733,1431308602;1332720298,1332265992,193104653;0
===158204771,370769884;235989461,965154789;130936857,1802663836,2146926541;1
+++1333476295,693504204;493797255,2091151070
===298801052,1023652022;1508157346,418857349;1979508105,118481747,325292160;0
===1008454196,2105582807;671088837,283389002;30452811,831286841,2020031937;0
===1604795891,958269780;1593049154,834946705;1485828040,1894797473,229000359;1
+++1567506353,542727116;126525920,1541021602
===1524831615,992789281;1525547343,278111242;1391189364,428407676,931590647;0
===1318282598,2051183118;1291253906,431097675;1675941557,578281568,729249716;1
+1616433380,782196089;379344070,781463705
++1399195996,1327206724;526907347,1004132756
+++269192206,257907144;1471939623,1684296040
===2101439641,1192902131;262123957,499443771;1714442404,524463852,1259508058;0
===836149767,1626822260;1630980643,1660903538;423012301,50332995,1775489176;0
===992065452,696137919;343458368,1083207273;135655867,1316148589,1402237857;1
+++1520329930,631679516;2083516932,631788026
===842802740,1460620736;1525430595,1281027318;140572021,53765345,1780746959;0
===747654405,338414973;234951391,119345828;545811377,796520712,1309008385;0
===951413903,209298849;207320194,929775144;1903077355,1463523306,1963001778;0
===1292986504,1061475737;692914021,610246788;1478613997,524634670,724635318;1
++491864785,178635847;2022646118,197196381
+++1357505907,788009221;779170558,621014928
===622667217,1172187564;140980031,208189553;870383192,1704056219,580892902;0
===47053270,1678397103;43067647,786624233;1790354308,1939064696,1810979024;0
===1046839020,1508540024;181054033,295866950;344006316,2085082101,1263458575;0
===1377769074,1532340037;849560292,767351650;1119438531,1206325675,619763892;1
+++583349827,349276723;1371750490,901099704
===105647475,754751364;630923146,1332651965;1611434886,826661921,1272402920;0
===501735072,42988041;1389715875,122526338;53811110,1759213376,1032395866;0
===944709124,204983419;2084272585,476068340;1127749465,1913314513,498470078;1
+++1784782956,1277181288;1087979421,1046986884
===869348076,1036844808;2546999,1103239431;171856187,798999932,252536112;0
===2002332256,1044712086;875302807,2064383549;289002505,229206366,1011180073;0
===1412883241,1751330073;1060231386,660216008;1220376053,445904991,23000938;0
===1864256837,490778004;930621560,1625195756;1393359284,1225560909,1378861458;1
