4;3;3
+2077602256,1580640675;1055515660,1559738433
++1939238283,643272294;118722584,845218862
+++1063627541,1867730537;1275070741,886509230
===1816304085,1647839550;2086491515,31543458;164964344,1596582546,732275149,2036065087;0
===1440919923,979237169;361108738,1306230252;811419978,1208190639,1706993204,1463009936;1
+++127070848,1692775908;1200681873,1371626285
===1843636865,1658746576;1051366524,1985428230;1757743014,529749465,1957059355,697266803;0
===2131060245,1282403116;2128746382,1014172913;1678245121,623864760,536185672,923306938;1
++40886238,519388295;81449883,341876766
+++1422580273,99901815;1362046260,1550809772
===1422818079,2125404801;20390619,1751564827;1258217683,371616167,316867024,900195796;0
===678310863,360768290;1546847839,1493842886;767968033,76024227,1519811348,1925914382;1
+++1971158960,784213417;1663501984,1344218156
===562990782,1622933865;1288318040,1001824065;267028760,1011397846,19316872,486281670;0
===1382761847,1418419587;95631308,602307303;772824393,738489002,542405396,1003627930;1
+1129662394,127243352;1589086827,181041490
++1625792552,628696461;820060881,1959074970
+++1002933232,413446721;1111529552,1635113293
===1628201843,1205339433;1316515366,1586690976;35728501,519968840,1214781662,616951842;0
===343354122,550135262;1286536478,20964349;600305685,837055682,398940811,897952829;1
+++1936573896,1419999996;572090426,200391470
===418567253,1555577783;1008854606,767055579;1354818587,1775483562,42773089,2111374728;0
===1744959165,920222903;584761983,82279431;69814825,1072407618,1881666791,1917980342;0
===1917769956,659554686;895182883,1577813228;1455247574,1798239467,355632193,111142452;1
++1738641588,1934332579;1656704874,1304159995
+++1663825087,1586493501;1582628990,2053674207
===839098779,1139155685;2020694980,154742996;1385639015,1631321584,6483997,551130376;0
===1156653832,488659641;1073790031,53210025;996951820,723771663,1206722144,448945195;1
+++1426875039,386700683;1299924401,99696739
===818128635,215216121;477496839,653504307;50273190,1512696761,141844495,1744500915;0
===1195497303,723070354;1086051087,369254608;1078408208,1078824321,170443169,14725370;1
+++1416783668,1040446582;845660308,1108666069
===1887249212,1402954048;900812161,1373359407;2043259137,1420911101,113864430,1897468051;0
===2033052137,1299561392;1116971635,626669056;1214886832,1401376652,1009547535,332718761;1
