4;2;5
+1508595497,558864933;577566110,819921456
++704818727,1857557143;5374680,1407805536
==1489771521,1384807908;1469500126,1565101275;1985814845,1174342126,1159198433,772728591;0
==191908775,1246305023;450335311,1927401188;53543496,133623943,1221598762,2054726470;0
==594728870,779278421;846189044,1155102248;1132957452,739055503,738095767,970167968;1
++52337711,1968423672;445950836,1402258118
==1534938902,1959792708;421896519,1878553720;62727384,1702695486,195142113,1641988577;0
==1790761082,778258150;1010190932,584169011;1219621010,1292778802,777617936,333984658;0
==1143198036,2035270807;584958084,2022707089;72691501,2032283184,4003596,2043437805;1
++35601505,1078230388;1647859313,1587566648
==99924069,1085952975;1242893351,146090700;217059383,983333884,1728797728,423296887;0
==2125800658,1916698168;495977190,2113340691;1321559769,314674193,289453513,2022511600;0
==1942072666,2000957750;1570601205,1525570916;1495854036,870137565,1455905227,598879939;1
+997242474,1674043638;374845826,439898934
++757864438,1742407437;240379726,654933346
==379166700,440852630;294268573,729177351;886550222,833484856,1851444322,894887388;0
==1376985012,1902060370;187852116,991580515;231889448,962488779,859475785,285912377;0
==1576896306,1973915850;1687901781,532121622;1888530965,1619235088,1997494965,1535248936;0
==1618063837,106071339;417840176,412963407;206730429,1568128675,1902775964,2126031259;1
++542998408,1199273170;1680146001,1017320982
==216285727,141176788;7017385,483318875;1558862976,1444476506,2072151377,530989510;0
==1353652569,41384934;1476904737,877589102;2013262499,1550626824,2117462930,1634366910;0
==800946885,2030800184;1751083950,2078356684;1242564017,944967219,717636855,207597016;1
++564656254,298490073;205399653,634922447
==220994728,730283959;1087322807,1259919693;82644697,144022676,326199007,1891367442;0
==1523510324,2066815378;814749960,1766434172;734854668,108844743,1587413037,71708373;0
==1221178656,561113936;205221610,1711882473;396070190,1858949833,2044567311,469829724;1
