4;1;8
+1951384266,809585443;3191153378,2235492729
=2531754587,1441906573;1314700204,1372319977;1081100334,953504901,2907298020,1223618833;0
=2504438968,3097655883;1061308026,2623524891;3294101160,2193175375,3744650123,3391304791;0
=2337511261,1056730870;2261877025,893523480;1461120968,3928966280,2509911300,349900730;0
=1867465820,1091979936;1097386723,760164461;1176455540,1633088931,1916219542,3066648965;0
=1063124944,1970565699;2188387240,3853715736;797885021,3776420995,1224447048,959741051;1
+2265381969,1417872987;2403995376,3210196106
=2531176591,2942644937;1554110083,1083242434;467870603,1258436172,1148414703,1074747482;0
=1176973760,2629611384;3977840342,1852807552;1731777907,1400048303,2101158221,985223892;0
=2032093511,1291385077;2423335325,4113223783;2413400121,3386508639,935876141,2430179690;0
=1961029231,2813830783;2240907732,1664869827;2876004302,785502589,2695139492,2068686969;1
+1540188032,867478040;2356290017,1421910344
=2142071744,2103532740;3063681799,2192950221;3599523821,2260794251,1745990609,1473568293;0
=1241825296,1588131165;3054135884,1251762972;2898028146,863277274,2770059796,2132942766;0
=2897706103,1093586508;2115305463,1711047907;2943587799,2104198357,1281616369,3986031193;0
=3409305706,3093766626;3087835932,2450653869;2178353710,3246362206,1757638819,2115388771;1
+1877618122,3152696136;747176038,3666672456
=1720022722,3139263711;2433008730,2672427968;1265761194,3566022373,3062947193,1671808837;0
=2736923306,2008680095;2551112328,1201134786;1549775105,2359426458,2432829887,2174497620;0
=2418341517,3273601499;1706898132,2297453715;2725188527,2097432597,1528738023,2261698108;0
=3774933860,1829716769;2056118923,3258133550;1289339228,1859440029,2323889277,3499124886;0
=2233055779,1311792303;2968723047,2131479278;3346297094,2180893655,2729700506,1493807016;0
=3335955118,1291768494;2959097689,2520874675;2187234718,3230595261,290760038,1033567393;1
