100 6
0.602878 0.229945 0.504224 0.791679 0.833403 0.664959 
0.819623 0.145454 0.281538 0.369192 0.669328 0.320914 
0.408106 0.760115 0.810107 0.233265 0.257124 0.798471 
0.568600 0.312501 0.654007 0.627661 0.856419 0.861204 
0.163583 0.455911 0.639906 0.422366 0.199408 0.053428 
0.010980 0.802286 0.283373 0.515203 0.593965 0.116776 
0.180162 0.413587 0.262231 0.461700 0.782779 0.931559 
0.782614 0.190884 0.691674 0.592721 0.424149 0.948799 
0.391193 0.992749 0.261300 0.045200 0.620409 0.117719 
0.906404 0.783992 0.573631 0.546310 0.206358 0.773038 
0.599738 0.217338 0.575324 0.883111 0.732541 0.169288 
0.999887 0.912703 0.582876 0.262118 0.374404 0.365654 
0.193677 0.157018 0.556539 0.885351 0.749739 0.980688 
0.834150 0.140932 0.973437 0.095450 0.186132 0.593846 
0.213169 0.092535 0.377839 0.786799 0.638846 0.584197 
0.559837 0.238584 0.801535 0.135161 0.121695 0.534076 
0.304450 0.121582 0.446780 0.887326 0.383700 0.821184 
0.252980 0.577377 0.978202 0.809519 0.462728 0.727941 
0.790207 0.296878 0.868873 0.763644 0.392328 0.055005 
0.357490 0.605496 0.147540 0.735328 0.392296 0.786386 
0.319525 0.952133 0.024969 0.121060 0.087295 0.146664 
0.655137 0.391745 0.268246 0.101916 0.279070 0.651946 
0.923100 0.532050 0.229323 0.901301 0.341569 0.692051 
0.629242 0.131776 0.988929 0.498115 0.895420 0.381257 
0.553120 0.252910 0.986753 0.700660 0.988238 0.379049 
0.487046 0.307764 0.331182 0.512015 0.428824 0.418477 
0.658680 0.083961 0.810222 0.926926 0.185877 0.089292 
0.578873 0.108977 0.621342 0.808196 0.010278 0.962911 
0.500247 0.639520 0.094687 0.489176 0.137636 0.990107 
0.870433 0.690756 0.243017 0.857186 0.391416 0.231255 
0.236236 0.878462 0.539019 0.567418 0.390477 0.967843 
0.985895 0.049157 0.051803 0.796117 0.976083 0.237680 
0.885409 0.554956 0.346657 0.506751 0.363152 0.356935 
0.469662 0.863399 0.996455 0.564349 0.352575 0.134091 
0.554456 0.223008 0.824847 0.797473 0.080195 0.216263 
0.028728 0.316430 0.094724 0.567747 0.883848 0.485202 
0.535589 0.869743 0.534359 0.587393 0.665860 0.510442 
0.825073 0.551268 0.065398 0.171730 0.058019 0.428550 
0.528665 0.527681 0.291948 0.525120 0.092030 0.644524 
0.659211 0.646486 0.867532 0.484058 0.443958 0.947727 
0.700321 0.472686 0.264157 0.795045 0.040433 0.148005 
0.280246 0.576023 0.017748 0.814605 0.163415 0.683608 
0.325047 0.988488 0.234877 0.390445 0.160217 0.292895 
0.818994 0.688882 0.820576 0.110943 0.214002 0.912606 
0.755466 0.873213 0.559091 0.622998 0.357271 0.003050 
0.570725 0.057592 0.475736 0.834882 0.852637 0.516169 
0.982887 0.132883 0.092192 0.000635 0.947488 0.255607 
0.684243 0.272535 0.244095 0.919120 0.662979 0.404312 
0.212015 0.481973 0.093194 0.032591 0.592916 0.307196 
0.945197 0.348382 0.180409 0.504288 0.971380 0.537680 
0.507338 0.542105 0.595272 0.983074 0.376986 0.447909 
0.499243 0.359873 0.580792 0.591435 0.360508 0.528279 
0.847042 0.044751 0.800814 0.091136 0.963871 0.463793 
0.495448 0.175886 0.945766 0.588642 0.208477 0.538682 
0.895838 0.153674 0.887064 0.076247 0.657962 0.858444 
0.613927 0.165300 0.400549 0.209200 0.148374 0.777535 
0.657108 0.647617 0.137408 0.237900 0.239051 0.497915 
0.766179 0.086093 0.542666 0.566993 0.177229 0.506537 
0.030787 0.672677 0.682423 0.976553 0.261319 0.890900 
0.515235 0.157157 0.044575 0.402300 0.233404 0.702537 
0.260744 0.847332 0.867837 0.661293 0.056531 0.016211 
0.438828 0.713640 0.663827 0.576235 0.951540 0.902879 
0.074151 0.717719 0.988972 0.616817 0.284713 0.166201 
0.123354 0.315499 0.838878 0.805777 0.292052 0.100197 
0.696678 0.807288 0.257354 0.741253 0.209587 0.490759 
0.443790 0.470331 0.338090 0.311627 0.131624 0.394622 
0.327838 0.570452 0.108262 0.991665 0.146687 0.059801 
0.894544 0.220838 0.777520 0.883515 0.837656 0.062233 
0.049716 0.961010 0.377732 0.888594 0.766788 0.669784 
0.988791 0.463466 0.477072 0.246145 0.204718 0.686660 
0.736903 0.648508 0.156991 0.074994 0.960135 0.288615 
0.469616 0.287972 0.859067 0.577877 0.279637 0.005755 
0.637678 0.174181 0.226593 0.415199 0.057697 0.064249 
0.477431 0.107412 0.025259 0.855163 0.996006 0.792047 
0.524948 0.984797 0.255512 0.002020 0.230941 0.460230 
0.688679 0.967845 0.108738 0.845670 0.042838 0.068873 
0.134285 0.512454 0.356845 0.993353 0.090331 0.636483 
0.999107 0.728010 0.810664 0.225700 0.143208 0.868360 
0.289949 0.620640 0.975773 0.315208 0.475803 0.971779 
0.107255 0.000750 0.956575 0.362767 0.002770 0.187517 
0.822997 0.691449 0.155361 0.931735 0.537119 0.198200 
0.000608 0.671405 0.710654 0.357454 0.664757 0.800985 
0.993936 0.663864 0.528995 0.804600 0.889565 0.672203 
0.672961 0.179514 0.292843 0.648734 0.494722 0.768646 
0.620513 0.601976 0.769396 0.577088 0.964743 0.772166 
0.764605 0.787740 0.463615 0.919966 0.719476 0.000735 
0.118166 0.720084 0.672139 0.828820 0.077538 0.336896 
0.629805 0.071474 0.000761 0.158800 0.876074 0.890325 
0.831003 0.549035 0.069839 0.123846 0.197769 0.564561 
0.892491 0.818281 0.166537 0.661887 0.395369 0.131280 
0.434053 0.159974 0.919021 0.897668 0.079940 0.638496 
0.898403 0.198106 0.358581 0.570542 0.026926 0.436118 
0.907438 0.656731 0.507592 0.908199 0.815531 0.383667 
0.798524 0.646534 0.932702 0.868363 0.770379 0.130470 
0.432924 0.662871 0.948752 0.599462 0.324758 0.344121 
0.730742 0.758811 0.504095 0.649763 0.656479 0.584035 
0.288259 0.554881 0.782141 0.646840 0.125423 0.809067 
0.082958 0.032861 0.465798 0.590551 0.941060 0.281329 
0.974217 0.739584 0.927863 0.906919 0.607948 0.698242 
0.037390 0.040872 0.361113 0.986141 0.640334 0.685871 
