5;5;5
+2341398465,3081981881;1626169268,1184507112
++2410997954,961908923;2677995923,2156364929
+++1725823425,982655894;1322803995,1415366025
++++2903423446,488549664;1088179888,2187945951
+++++1644054564,820810528;1151077727,439730077
=====1436944949,2093529380;843239225,1144610723;2000489763,3018124143,1900819515,1559458747,2959643435;0
=====3152951485,2590764671;3356474535,1344704947;2866045380,1397378807,3421589048,2547796018,397641443;0
=====1168444853,2836470440;1949106378,2074385151;2426383915,1500648940,3662564541,1932498051,2305299371;1
+++++2566471139,1650049322;975634416,1817845634
=====1914878727,2234415994;1680733664,2020135382;2235827276,2992821059,1480495674,2198258333,392709641;0
=====648740511,2283266314;2563492806,2276559132;305938740,3510670836,1531264656,1353352786,3298738747;0
=====2669129319,3386341647;2248214177,1585446399;2945945383,1981430630,1913627493,1191570196,859985194;0
=====1897372110,3288005269;3058063220,1407546362;2491298545,2441940301,716630582,1406087403,1721476671;1
+++++2245598784,2789325802;1793350305,3114365507
=====1612772572,3048540423;1198781054,2285357954;1455915543,1960075875,2713689940,2500125382,3444537955;0
=====238179206,1312101441;3839455471,2279374168;3490491920,2264282252,1357470030,1523321427,2212967946;0
=====1293579066,696218930;3020873082,3245007733;2030694475,3067159350,2090403966,2315872096,1782283964;1
+++++2297481302,2415444804;3434107150,1092267969
=====2802847507,2607809154;476881286,3123952570;858571333,2796711022,1563671983,3503863513,2274159452;0
=====2267347367,841417078;1952558343,1939615838;2355463036,3173294111,2503826962,1459565201,1341841124;0
=====1998280448,1816325027;2578190315,2692393659;1918218136,1469319335,1160273269,3097282739,3186877611;0
=====1760602685,1978302310;2668861439,3422730307;3514107581,2312817793,2689362868,2176411845,1574233508;1
+++++2752859836,2361711948;3145767222,1949498752
=====2272437747,2627062270;1230587345,2180953108;1051627231,2217268109,1746952917,3716865405,2452227872;0
=====1677360322,3667266323;2156230882,668992619;419650157,1133034166,1068769343,2771102308,746172325;0
=====2338898272,2831596693;1521807499,2195363904;695996092,1822350512,2567107238,3112199568,2188452287;1
++++1783531523,2524644649;1657465149,1863243575
+++++518087649,2705972398;4105617944,2269868918
=====2034810103,2824558086;3074088045,3152888105;1165676619,1029774980,1260911775,445524375,3137070468;0
=====2364338825,1196934368;2014362427,2563646676;2130224272,1968295132,1145304860,3704137030,1428222892;0
=====535471120,1629616072;1599391877,1613350443;1440483245,3262578710,3204460297,2190926359,1334351682;1
+++++2345017178,3225268034;3470608955,1993155343
=====3217324191,2182177937;1397850609,2004730608;2198194992,2762572451,578661146,2792434039,2114378089;0
=====2495813279,3268402340;171429052,819284078;1710484772,2224787626,2086457901,2959479237,3313023940;0
=====1235466145,1810084058;2049346536,1681657741;1600805299,2719999366,2713746802,2525342498,347767336;0
=====1561223876,1957615177;2591877592,1883294397;2777616048,3930523081,2456206797,1989759529,2776961520;1
+++++2709958682,2860292747;1913273283,2319982522
=====1683667665,1986691417;1663126176,1806794454;1856297779,1021590663,3294743272,3013699092,1440019312;0
=====681041546,2353738616;2875484172,3318400309;1728728907,425858075,2508133965,1533135209,1266991461;0
=====3480669428,2599453733;1827719863,1887828493;832746016,1832989169,1967335997,3781960637,2072514646;0
=====2440487994,663819535;3041322039,2695018520;1809119919,3654667558,2769139563,2064098973,1824419449;1
++++475833827,3647497617;2926820352,3551498291
+++++1925018589,2908880241;1805908309,626308346
=====2554117238,1950335913;412873088,1098630248;1356898640,1187656940,1135010510,3008539203,1947203393;0
=====2726800444,1375137720;1331539688,446304067;3328820030,2445688984,1954965729,1299264549,1895075735;0
=====1509472690,3512216137;2730018931,2034488737;3424596038,1290123332,1412726312,1056828744,3992277037;1
+++++1894024382,1927121721;1498289327,1877123992
=====2061571832,1018940778;2431803416,1351850296;1940666634,3191544895,2266640084,600057313,1609830319;0
=====3402358166,3542199943;3040040273,423126734;2930264693,3363686017,1808159400,2586902690,600694885;0
=====2723758957,2298223496;2564642416,2720286358;2565308155,539968268,1754253228,3433019429,1332846610;0
=====2303996571,2253842961;523347013,1499524976;955451320,2582223092,1386264655,1649719011,1463485766;1
+++++1773067149,2656245070;1426782205,1913617580
=====2948791199,2879344621;1644609336,388062804;1177687704,2690899987,3228288310,1166458997,1332633715;0
=====2409923519,3143832074;3738511035,1300388738;602353500,2716592179,955149397,2927081608,2211070113;0
=====1263535264,1910768681;1645469528,2011893324;1731827918,1961243366,853689920,2192495457,2618937866;1
++++2039515460,2564091349;1305193044,2523452897
+++++1490613398,2473886855;1397513540,2175574895
=====428734198,2100846055;1397036450,2375798177;3767304134,1826466670,3063294224,816889976,2603842430;0
=====2534080706,2479856400;3016549528,3081756297;1988073357,1891163741,2841649547,814631432,1731299590;0
=====4007423295,830366025;2020622639,2526502893;1798004536,2441538550,2694885901,2894332120,2187985431;0
=====3263175461,1296415156;2283472854,393548992;3199810025,2532119530,995914339,2845538096,2443211837;1
+++++2485346044,2181993129;2480804746,1082884439
=====2174531111,2368319611;2638678075,2339022044;2533396472,2962138065,1128829109,1059654460,2804638288;0
=====2359348218,2386913102;1150992527,1443018912;1538959964,551408087,889838756,1177846405,652627730;0
=====1837122152,2394652524;3331698371,2609513230;2367196924,3408477746,2278941018,2246134821,2217455720;0
=====2175310582,769066355;1534335393,2375424408;2285984219,2135999017,1532177935,2596477122,1051295073;1
+++++3453928480,2307845614;2216486274,2787261494
=====2210004877,1396290342;3203965382,3756156965;862380877,3212882923,2210226021,2497108004,3192383238;0
=====2586545886,3045719687;610374369,841464299;3531094047,2657707543,1813785726,723156903,3231169766;0
=====1152965786,2894567788;2588525797,3561110166;2645814992,269830338,1816704679,2752553705,1500835421;1
+++++2096264957,2670624546;1873096449,2250036037
=====3473376487,278447374;2216541145,2557698385;328807957,2321817445,546155762,3172872774,1433413142;0
=====929283246,4029166750;594409984,2590939156;1413460209,2281919104,827662297,2343456111,809528576;0
=====2388965236,2075463053;819947063,2157540345;3094416039,1787474664,1208278619,2660676014,3774625200;1
++++2592124441,2012782914;2805346515,2176564948
+++++3342585343,1303196529;2279349822,2283513451
=====2169083172,1208978325;1575072768,700783935;1331771717,3130244806,3553413163,1728918692,495097449;0
=====2879804732,2980955108;2268908687,2599266081;2640164744,582500524,2536775436,1545385413,3026025225;0
=====2982178084,2154103531;2882918905,2829971026;1489762630,2323491394,1819725622,305925426,680395705;1
+++++2594400672,558208011;1799854400,558212991
=====3255412494,2042966774;2488548758,813081015;2788012933,2288285124,1381401709,2732682524,2248382235;0
=====960695793,2062881260;3348923676,1342005207;2461829043,1604151259,840708468,2158993227,1868994131;0
=====2835415007,3666835223;2252253204,2179159288;779156163,1503949825,1359322687,272388885,1520783893;1
+++++3218335686,3538365246;2610403857,1966716472
=====2300771025,1639621549;1745886453,1386115092;3049526363,2416087599,2253821797,1563314340,1180924159;0
=====3000527563,2682448326;2633346189,2693623677;3141105302,2048766360,2561723105,946909679,1871884154;0
=====337885629,1237103339;2061244974,2016714249;3078460235,1109326509,1329231461,2128997297,1295718705;1
+++++3543179819,2557882580;1348984281,1060119386
=====1012555161,1579238483;3607246510,2085883439;2446361069,2818091410,1426545234,3414539664,529546634;0
=====2860952458,1412275654;2717902148,2162162773;1552629900,3880783781,2981642810,2481226403,1991585062;0
=====2084812879,877688274;3441108908,2332071351;1894754519,1417975813,2281074756,2195096296,1980312755;1
+++1600122636,1153079941;3147824052,2849708032
++++1449414509,3255042142;2950886163,885271759
+++++595506561,1043837734;2001566666,2677177730
=====1809552832,3031423809;1814250677,3882833375;2310525303,3531540012,1239066205,2083247465,2224903845;0
=====2595664816,2171152803;1663431259,2001067284;1203113497,2393862488,2749468303,1906303108,1055075497;0
=====938031311,2970216463;1063309321,472346316;1696683741,989974957,1655021684,982104074,1805577889;0
=====4155041270,2202492649;2179317600,1223827046;3075163764,1531555686,1681499353,1095695365,2149250492;0
=====2293712536,3131417432;1925572555,1515889090;2218582210,2613008155,4044218187,1734681117,1634952192;1
+++++772471941,2993706788;3164375872,1704295430
=====1078531678,1987007309;2577003333,2492176355;1659577264,1672789132,3121537224,2220627920,3032884737;0
=====2213513755,1317474909;1588826548,2050864021;2386899880,1470198922,1381397709,2836025599,3397415592;0
=====805675512,1799247493;2671163872,2499132535;1726289070,3011246532,1021969030,1955695898,3541656044;1
+++++3306890939,1560936307;667958966,2146830265
=====1597080552,1362459779;3284402243,685075710;2779600629,2360235233,1573799004,935137615,1930549021;0
=====1384057322,560213965;1245412409,2234974674;3459783577,1656390376,2104882780,622312502,2336933907;0
=====2972896365,3733527818;993978570,2674299410;1960945927,2588242512,2547802557,2813483889,2151522308;1
+++++1961814675,2815601968;1707999385,2038708113
=====1709950516,2408665935;2059828820,3476742712;2566264439,1639365412,2863106605,1981697136,3153046538;0
=====798935752,2831837121;1617345923,2739818570;3898449682,1843386135,3055246482,2881770263,2932855462;0
=====2797654243,787574487;615626306,1527149390;3108706494,814164664,1442273983,3732470326,1168861082;0
=====1836293681,235303496;2334475598,3374373522;836073205,2102158254,2525755428,1310207938,2386208446;1
++++2077870348,2528391139;778092240,1638409728
+++++1125278915,2202304587;801945913,3096416497
=====1791326804,2500278545;1856545702,1582068693;3191628043,860345757,1426232216,2760901287,1114068704;0
=====2984537894,2500037845;1482241364,2399062961;2786269664,1808104735,1240377910,1860929343,3440047389;0
=====2961804693,4214644271;3037103642,1476680093;2138122692,2845476186,3183328399,413626239,646042691;1
+++++2469686098,1739305198;3321467696,668385232
=====1946865700,2729596036;2574879476,1937677476;1720510455,1373369774,1975332340,1053902809,2989466049;0
=====1697281949,2615510332;1552544242,1974222157;797381581,3443946453,3866488758,1687284688,3427097103;0
=====3347723758,2990860611;1853840970,3308904385;2518871306,3405374868,1740437178,2037807654,3020231597;1
+++++2049670437,2051864091;2878073520,2361604819
=====2215921204,726817472;1929530789,1943974179;1737360966,3268527770,825466553,1585265119,2262857163;0
=====1808749457,3068397438;2602455733,2602306141;2550979751,3251483824,354394310,1396443027,2438720718;0
=====1970010666,2385436316;3003390835,2627742165;2006039365,3092174923,1740714078,2286132047,2052139872;0
=====3168000571,2535684326;1350620683,1801963251;2826969428,1773504532,2237014484,2369510447,796742376;0
=====2323803743,2919594288;2901678039,490659620;1809765891,2793907297,2175266976,2919751398,3368610464;1
++++1516242672,1717060889;1871082340,2924172054
+++++3265220110,2403145600;2378859968,2369846571
=====2730432239,1340460127;1890943490,403184136;2365025630,2915160377,2315448421,1913493339,1311926553;0
=====2410396671,124176463;3031771024,1215646103;837644419,4169878851,1090224269,988709686,987648601;0
=====3443824402,2246849458;1681218938,2813229151;4084005914,3267734221,2942044976,3759833425,701179139;0
=====2781225312,2274698794;1782142410,1928278829;2360926176,2939241857,1196532346,1742621669,2020334643;1
+++++3271429163,1733807168;3303044318,1953816672
=====1499679925,1158109507;2644917251,3513898718;1937346322,2158818527,2640999653,1137202686,2332953978;0
=====3707465345,3582818448;2828499866,2288353423;4050924177,1601393126,1684023089,2394617819,3185630446;0
=====2437008015,2182183475;449104470,2517066723;2787156220,3732278613,2404634162,1499863741,1790380408;0
=====1581941509,2324595685;994943969,667827359;2859728567,461243375,1648802311,2953024455,1198109868;1
+++++2490977731,2153065705;1881520737,1497684625
=====1533276795,970855691;761052271,3352726583;2560372752,1058032702,1529559414,2267634929,3064697044;0
=====1841286721,1965859075;2456796059,1273004226;2065926397,2072755454,2531213622,2180068719,1151827225;0
=====1672177793,2461757887;1938089058,3229049661;3427399082,3184676721,2351358854,2113240309,2909267704;0
=====1864227269,2268478541;1367769229,2677458124;2095929501,1321638591,974497731,1999143213,2205261801;1
+++++1156413255,2594499144;1359094245,1260080753
=====2341213304,2466723780;2346845265,2202386118;2272161240,3791805960,3308313023,1601991796,172480187;0
=====2463823685,1578627693;876107189,1763216700;1655634144,3544511611,2327398625,1786528215,1349025457;0
=====2456311789,2437354812;2759956928,1147992905;450122698,4119001780,1728791117,562876069,2715376689;0
=====2769276966,949517517;1766653915,2602937512;879621820,2652684668,4059405497,2705535481,2622250312;1
+++++1644891930,3272210945;2289761395,954172603
=====914447280,3211031003;1961205657,1661416349;3955344677,3769238899,1875967924,2558626453,2420128829;0
=====4055752443,1342273570;737650687,1937408673;1994843723,1978039628,417761221,1995466827,1655147840;0
=====2501907180,2737189456;425382496,2346419074;2012966524,1048458843,1486824215,2690434735,1763348361;0
=====2103135096,3471663734;1457459209,2811414676;1977125306,4037952498,2036610731,2042684752,1983730371;1
+++3509187399,2440405683;1278771715,1102715717
++++2498275226,684259285;2394664305,1378954490
+++++2574885339,125879103;3457161868,2735232957
=====2307500275,2844572625;1852326383,2402304850;2275521658,1771782610,1561820909,2860317822,2152864428;0
=====2695201459,3409886477;2276751139,1890258869;360852762,3528421971,3381758266,1454086335,2063310787;0
=====1086828452,648799350;2556794044,2083228618;220762307,1330130892,1990645427,2674016398,3361695440;0
=====3650817591,1710930904;2000173712,2398826999;1883681209,2678492759,2109633134,2472394818,3462303295;0
=====222780001,3188779642;2363043124,2055122975;848674180,1167966185,1039031716,2454514574,1355213737;1
+++++3223429634,1367878711;727027761,2121633287
=====2443195136,367212368;424302393,2379172935;2832518577,2276362411,2428525169,3279997557,1985082392;0
=====3369921963,2478234573;2445819341,411070359;1538347879,2339043477,1953841661,2156936550,2125047098;0
=====1714966868,1983797276;1397031194,3609750806;1486502338,2970948305,3450750811,1613436640,1142671296;0
=====3632093671,2114809877;988603584,1967683987;3056759782,2454106476,1181644383,2326919116,2293495956;1
+++++2892580139,1886625418;2917589579,1160894213
=====2895935240,2504193260;3238833755,3057654400;2551580818,667876271,959245589,2603321953,3035176520;0
=====1515363943,1803521373;2346293188,3171914096;1867375151,2030301149,2883721274,2270826677,709355107;0
=====3085382178,2782939898;1332328201,1990021552;1709181687,1181468629,3638489777,2149059491,2102701363;1
+++++1481662142,2900596456;2660268611,2351303658
=====1085373527,3075230832;761438714,601447293;2563535568,3632840170,1452721420,1884805010,3225252935;0
=====3734400905,1190196991;2281984166,1850734377;1279351183,2995212024,311076481,996939456,1259854327;0
=====2736109133,1545473308;2430892248,508671484;2374470197,2208093859,609950193,2460825844,2212672705;0
=====2699806229,3230096070;1272982264,2816316160;1999043509,2578837657,2381339810,978151826,1461419799;1
++++3481223827,520769690;1660292402,3431310801
+++++392230840,1079165835;2755288041,2656112855
=====2500961173,2500031451;3622673155,1356643655;2498092838,2278548592,762540997,1902412040,502740921;0
=====2102092938,2809605876;2264093064,2067221395;750973460,2744700162,1748932590,537596812,2415763788;0
=====1224900416,1637027912;1335477595,2676471068;852480088,2060525487,1165527233,1733141650,1792345072;0
=====1232976388,1936055665;1508105050,1307289299;818997951,4071212175,2234094212,2638467306,2147697124;1
+++++2916355432,2219537996;1663454680,1899173879
=====1471453979,413518614;2400921357,1678279819;1760100126,2017666293,1467983681,2374967619,2817571938;0
=====2938490310,1517908224;2251919608,927603901;3186494717,1167006208,2755576549,3757586526,627100156;0
=====2313337483,2688042105;1409007139,1786341626;2601835612,2154558863,1560333570,1575481819,672441184;0
=====755038790,3490679734;2306615452,3641203232;3672998487,1315957347,2768964702,1906220616,2483251400;0
=====2681237092,1438538398;3515999729,2452087806;2436604382,2374761997,1888811179,1448810995,3315252371;1
+++++1297180349,858035378;2032957418,900855126
=====2024226176,1337994681;2840484866,2040556057;407511794,919093188,1118700508,2644209934,3088196337;0
=====3589933528,1360684484;3626037365,2205033586;2633740011,1330672261,503793842,1874181464,1183612607;0
=====1904959630,2290324918;3387047675,2725045943;1996043459,1875930515,1784620695,935885037,2464318820;1
+++++3005777566,3314001730;2481722384,2667856060
=====2633497508,3257733744;533967701,1853832722;822043521,2268493357,1493321887,2509158964,3015885370;0
=====1068092155,504814936;1356805567,1486274101;1821329544,1321852299,1960797319,1796624215,616383869;0
=====2211430745,2486039654;1426237411,2466870683;763036901,3184666263,2060073580,2136200372,1492847943;0
=====1767544204,2779784537;1835525378,986076568;2993272111,1814858717,1142762136,2129141542,2800820086;1
++++3422179091,3983826502;1320387269,2428203728
+++++3597245659,1359121794;1933978124,1846043007
=====2300295516,1451502998;1763467197,2131953640;2209453737,1949101165,1600243301,2383490293,1960816206;0
=====3042234229,3341821249;2248782127,2959659382;1400732476,3418045541,2735694476,3913130990,1389102453;0
=====3718039361,3210093341;3096685160,1872900079;1330763164,2501765730,2545987177,2164409425,2453628969;0
=====3560808022,3388709035;185996785,2316471196;2292883348,1938704282,1673753912,2550223533,614454249;1
+++++1051948388,2359363752;2959628722,2595271214
=====2497786328,1717561923;1346488791,101250429;2793223888,1789133271,2129314525,2081755653,2327679732;0
=====2840649852,2283971440;1460145701,221120179;1562830549,4027159663,1916478738,3166943909,3103858132;0
=====1692768160,607229420;1741085043,3449291789;1914632440,3053471415,1584259555,1157109721,2059572320;1
+++++1379383305,555267186;3107509575,2150317295
=====2386581451,1780004251;2646073707,1984685222;273715711,1961412904,870118711,2094888903,3647530183;0
=====3456292175,2690287506;2752346315,2334806840;2153388230,3532910882,2623892748,2842155131,3167141326;0
=====2755215925,2119274040;3049662728,3165647378;2246690141,3081137928,3629596923,407513840,2196304884;1
+++++2568155221,2598745427;1526413557,2841101873
=====406173387,3238412534;1657353280,2887826532;3111620254,1433325203,1576472170,1394681150,2236675221;0
=====786552395,2730287736;1089489319,2410259863;2322997321,2512361856,1310684783,2161447613,2866512701;0
=====2429405580,1697365115;2868426250,1518831067;2131396768,1670769613,2915023667,975145421,1821403033;1
+++2744165497,2175029749;3344069071,1202385716
++++1009176326,3885863638;3282466815,3332634814
+++++1821423211,2904302619;2495188110,3279017596
=====3107107467,1799498583;2895324677,2643566867;3258893588,1414613942,3410533556,1190652536,1884808346;0
=====1767867482,2196551668;2693621215,469555351;1828571676,2279449392,2240772791,835741810,3399773456;0
=====2832362306,1774467344;3699152283,1405687441;786498289,2742499361,1035145642,3163374316,1541125052;1
+++++283730381,2318769186;2502870047,3409201968
=====1960835380,2488776956;2868954167,933967177;2741743650,1495148852,2131905532,3835563405,1373215355;0
=====3942813446,493142000;2099283518,1636142135;2932938596,1643921824,1981392476,1355128721,1937192248;0
=====2519476644,2184437914;1526074820,1906355484;1452582809,2629889866,1736900160,3776436304,2849689803;0
=====3443433600,841336287;2675232550,2425179620;2234557687,1884484998,2353708901,1370970366,3809634954;1
+++++2279753768,2625245620;1114624243,2729306214
=====983254022,1873772220;1244358614,2024173298;388970476,3441646323,704556334,2887962875,1781266110;0
=====2734340885,1821413142;1374368566,722694185;2429616803,1635055445,3099384479,2873792902,2426598062;0
=====1327543876,3017220322;1987472482,1365001130;1278624639,1222048374,2776053977,2293929701,3469266059;1
+++++1731806291,1934841935;1169133847,2487001550
=====2973278822,3473590675;2887876865,2711171124;3323017048,817673303,2275656800,2646272513,3418065020;0
=====2199558618,2857473421;1038725081,2174697175;1116679013,2148974889,1992484519,1942783444,2330197451;0
=====3000373283,2729487553;925007881,839290761;417792601,1752076277,2469052196,2832671686,2043442035;0
=====3142476154,2520865616;2486701295,885343459;1951504451,3383103504,2500400639,3529657281,2424640112;1
+++++1336573768,1588860779;3681338328,2034493088
=====1869150049,2634184853;3375733660,2978786281;1600392545,1338438447,2411925160,663845872,2813907230;0
=====3191997260,2977550149;2455142147,2128439721;1839825994,788574527,3464552748,1739425775,3096264848;0
=====287141152,577634457;2671915947,3508226386;2020478466,893518374,1450015355,573297267,2556931591;1
++++2948716031,1872731233;1469939850,3286993884
+++++2501727039,3104018999;2625423150,2969889923
=====2955882319,2306601962;1253963147,936956596;658993715,1339865903,2746355950,3182592650,2624617986;0
=====2201357858,2511647801;3341822120,1684038426;1681700997,2252584962,3128229099,1263685223,3088040427;0
=====2492671463,1586585550;1595677817,708928807;2089055338,2184089896,933343030,2280984582,2999429053;0
=====2692523512,1735997068;1665152212,694182283;3258647131,3711863933,1037975034,1956329993,2794909303;1
+++++3647996378,3056333660;1685248857,3290572783
=====988629466,1485661019;2020949636,2487732411;3408594773,931328607,3162610104,2398782547,2972304631;0
=====830862436,3632132336;2058132615,3411802980;2140256690,2338813906,1862383125,1408819885,1573186090;0
=====2958785690,3132160628;2827305141,2622516331;2427640812,1866078887,2796322241,1545096496,3319611880;0
=====749170348,1660238740;1994354084,2384084931;2089346586,1218130266,1085476018,3294927620,2913483626;1
+++++1506738552,1055007629;1181651183,2304149384
=====1485116423,2298451728;3612773290,487595305;3059248162,3378031332,2011679724,3802692591,2467108959;0
=====3546020431,2342910850;2964473345,1982439877;1808840436,3717350629,2657382257,569233644,3811809809;0
=====3951419172,2182598900;886819226,1508316592;2061543600,2091884877,2405052777,4064983757,1792971065;1
++++1462017704,2094233451;2337831928,2322208087
+++++2213626738,1442523165;3523286476,1924628885
=====1953845428,1211799816;1937938787,4069950106;2187881341,2250804967,291683724,2882079422,3128103165;0
=====2811802570,2504610794;3075792085,2416071800;1301037014,1225869761,2571979570,2604583403,3025581824;0
=====3523901608,853364936;1256979663,3330964129;1731892597,1034093671,1251038034,2221383955,2133298076;0
=====3548347664,2568027878;2157143459,1011142099;2034258836,2254266683,2294608542,2490038966,2295111990;1
+++++1594669763,1619976434;2680237728,2376606097
=====1245319107,1394941964;1836983605,2711285071;3631591846,2284834973,1055576302,3302772254,4007627204;0
=====2626785820,1645363140;3337086238,1694360672;1302939838,1654354261,1086379487,2138516386,2418645201;0
=====3338907140,2425405760;2346288078,3301912108;3689494296,2550778774,2553100026,1433448767,2068150598;0
=====2555277667,829065747;1607240212,1378536144;3883664409,733853944,2400279621,3398199686,1815623428;0
=====2360390342,1397696434;1280311873,3002749450;2642965269,1357141946,2314253030,3195372748,1307455618;1
+++++1934250020,2914240973;3250673024,2129260593
=====353365086,1792971727;1836120289,3719861488;2184688963,1659721685,1938129943,709532885,1605537394;0
=====1227635994,2339445581;2524987954,2400162509;1457644621,1651543008,1684555615,522938004,3827072668;0
=====4121058078,3086702780;1173958152,1676006633;2966933468,2958568390,2199552219,3866670278,1518692969;1
+++++2090138548,1331131045;4036994884,1602020408
=====2589024754,2750619650;1064346034,1071389851;954684999,3314223606,2506902757,438513330,822037563;0
=====953874152,2677623635;2483957634,2032930122;2912302710,824916682,2304547363,979887205,2617490043;0
=====1151234597,1345427279;2420006097,721326118;2123561476,2835411109,830960206,2861111764,1656428955;0
=====821791880,3311998112;1870971217,3579412516;1463560909,1502356159,2522143209,836093260,1454927580;0
=====1440579387,2196051125;2452714554,3278762632;2831836510,1850030365,2893297142,2381464654,3950297148;1
++1833392709,1362815178;2007023784,1327988918
+++2525563618,947043094;2577997244,1122784630
++++2695318997,2228258967;759569891,2115703896
+++++2608897677,1448904481;2953092808,2454261130
=====3862818362,3964728612;1598188454,2556749965;3651740948,1735344005,3746919865,2988977394,880904150;0
=====2213019793,2347295722;758544108,2823793527;2912444803,940186414,2716537029,3050555931,2441612409;0
=====2645055410,693778274;1604757487,2000919221;1840625976,385687280,217360929,1983351191,2253362615;1
+++++1413966436,2427840171;2320459738,3113830557
=====2540569978,1732367409;3244790582,2852489525;1718054794,1768804601,3343633365,1403410053,2420988431;0
=====3166783243,3497160297;2576035661,1708031545;4040952122,2415633305,3458171798,508179876,3001917634;0
=====2656983591,2752145435;2074855295,1530880620;2984958752,836490154,2120616368,1627140907,493022154;0
=====3497490253,531102692;2737774370,2283093078;2253675808,2547171306,1672712251,2093454007,1097430670;1
+++++2868926158,1973350855;2328250540,1005578716
=====1583178913,2744226476;1986100259,1791915495;486787504,2664665384,1631034807,2473886532,3526265438;0
=====2701132696,3093429671;2902045990,260428387;2751989145,3433373842,1787939308,1581399460,3107688018;0
=====1468583104,2456843493;320870137,2302980695;1788630677,1495751629,1549500897,2254835934,2081672373;0
=====2513570568,1556095103;1009630082,3069482577;1840038473,2109325886,2963987200,3440422937,2854913524;1
+++++2780856945,818990762;2020706812,1743722347
=====2977079193,1685879077;2842322434,3111404867;2013892469,2014726816,2115440121,3041079380,1427647940;0
=====3378752483,1122585601;1232359630,2571334653;2108068542,838209173,1714350325,1856603767,1477310773;0
=====3244247069,3241931337;1078512470,2545905311;1269015359,2843945609,454258045,3989029056,1194324269;0
=====3418862971,1335170742;836245136,3521655547;1442233854,2188285242,2485158701,2842169745,3326200912;0
=====3056459443,2376749444;1083181401,3881801297;3018356017,1450390823,695690077,1638012829,428946438;1
+++++3066282913,647616363;2654581962,2558365375
=====2153644231,1870655691;981492005,2061876276;782210025,2648744223,888880616,3065610015,923872954;0
=====937333013,2195890364;1070226043,2608804690;1125210156,860147717,1674436780,2303961602,1735879714;0
=====1813162631,3659179247;1729117265,3364589538;2289626175,3320709776,2345529218,3559009661,2935654563;1
++++2499107938,3606843488;3077942206,920160011
+++++3805303153,567429731;2309101484,3067892752
=====1637376909,3906719326;949586925,2797145475;2006099593,2763429540,2850079335,2669326198,343840752;0
=====3063831246,2821935835;1820107016,1655258271;2282277240,2501003089,2271436950,2500762919,1376634666;0
=====2028755035,3789322810;522119929,1119166471;1823583855,2593451245,1613125840,356934059,3228020188;0
=====2693810724,3798966787;1099650997,2120975315;1486980951,2896641223,2714084428,1003745931,2416485419;1
+++++2534661505,2528883157;2300482254,1529295522
=====2533457131,2945685183;3866592982,718509926;1560895262,2658702057,3611721344,2364005949,1319601139;0
=====3345934826,2879884488;993261330,3758359687;2082050307,1637580109,3293799896,3027335218,2575416454;0
=====2045134044,3023383404;3503582269,3993615145;1968303010,2133030394,950980621,846155324,1800061894;1
+++++2540453461,2102316099;2155036887,2164796242
=====1937751946,2063034600;3480383614,2649705950;978350633,1691741243,2596358545,1403438502,2003500874;0
=====2355332724,2717313077;1227266244,1980820790;1693678460,2917409809,811604335,2480875532,1287002313;0
=====1684071572,1552096634;1290461906,1963556374;1899972629,1190172240,705903483,2019669364,1124108169;0
=====3069612399,1952233302;2288623408,2569656082;968418166,2087408183,1208980865,1883201270,3032726433;1
+++++2396361660,1966641295;3264802281,2726772268
=====903835016,2616713333;2108618325,964231897;2377790538,2664542395,3463239825,3919153176,2316455490;0
=====2849088515,2801643542;2967432552,1552874565;1751407244,2869493464,2163361085,3700987016,1891623054;0
=====2248912595,4124141080;1697006246,1911856340;2325969931,1899970386,2535583836,2312184117,2404433804;1
++++2145979277,1983474399;2594696731,1516386992
+++++1806435598,3362041587;2025279776,3269670035
=====3881722389,3196906391;2418228614,1464025100;3348619221,1606490694,1886679291,2234112870,3793269684;0
=====1255688346,1522550453;2291292845,2972902359;1743955651,2625313590,3324058453,3434725117,948791062;0
=====1768501868,2499586005;275690228,2401392807;2312969748,3135868926,2509590572,3586656143,3661537593;1
+++++2116340273,2805397673;2188139345,4126400420
=====3374315274,1470319489;3038127855,1736906561;1899442112,1584710745,3868820380,2583096116,408609766;0
=====2840014388,1120551045;2860829728,1132308381;2624125211,3108518573,2119969771,3706689797,958139345;0
=====2315837466,1760419473;2566887213,3018885373;2824416866,3304119083,2653058473,1182291878,312818843;1
+++++1268349010,1152444754;2875221300,1790002393
=====303733865,2025511521;2624975650,345124387;3343992175,2439663682,597548588,1112103973,1471070088;0
=====2922270020,2655752369;3524722523,2298286648;2718654677,1152847351,3148830690,2537711229,2447666157;0
=====1009439770,1853998432;1697129775,2378964730;2030956784,3011202461,2055245007,2387826097,2030291319;1
+++3336621153,2693992388;2528703990,2332607642
++++3233747632,3029922588;2576455303,1676722149
+++++1367923728,1126163217;832799895,2283465598
=====2765607185,521592116;337029348,972619114;1286694710,1655406160,1333583254,2377786702,3187910435;0
=====2712121305,2147919760;2579608541,2709000516;1781580606,2108098747,3497552947,1900321305,1814248205;0
=====907098954,798389874;2139123120,1533785028;1918768520,760500995,2151282335,1484632665,1428403747;0
=====1558697118,1897180909;525745267,1018228232;2954099953,1681805126,3411378442,1729586128,2660617938;1
+++++1577553850,2109891808;2893541724,2723957967
=====1600593200,1936069116;1801443638,2731463977;2905567416,2427555902,607931761,2029724808,3030586169;0
=====1520833525,2625727412;176201058,1000236366;620695037,1089091333,1848183132,1336432615,1016292564;0
=====1500708211,2364278784;2769809560,1981884525;2060685422,1527275497,1259751976,1382573880,2424907831;0
=====3307201928,2366218426;3116102224,462441591;1243108528,1257174848,2112055351,2376560127,2419942938;0
=====1068207537,1393152499;2058724020,2933543641;3138963239,1131478820,1060861688,2205005434,2642293311;1
+++++1073630900,3188112862;2321183086,610369461
=====3164001980,2587265737;1627487445,3028553019;2235884481,2259727405,1499452243,2301369876,1329459711;0
=====3756729831,2250041483;2603984031,2520087138;971645700,2199115770,2083451580,2760836418,3249283955;0
=====949583918,2791272117;2637090518,1319306893;1367451213,3260449874,2333600015,3890825689,2981216140;0
=====1817327599,1727317796;2461871329,775454284;3533729680,2685329916,1929973071,1267382342,2240369744;1
+++++2774062973,1552013648;1291177341,3071902279
=====3623418744,3352942331;2312346925,3235309519;2057295943,3795987153,2596384989,1521246790,2356288458;0
=====1878407685,1956841970;1573285487,1758477560;2349077104,2053389728,2175980864,2098454576,2677065339;0
=====1601271945,2123731905;942632148,2408704208;1271429406,2213617390,724698660,2628007821,2840525799;1
++++2534597626,987331873;3385761263,2132449140
+++++2152861190,1519265162;2981426790,1520203618
=====1658587047,1188058302;2868508747,1747530812;1854409383,2976766752,776878109,3502521017,2742840541;0
=====3645179116,2750797835;1949070793,2547383276;2353451871,1984073902,2092019439,3692606047,1733327863;0
=====3816943121,2999013514;3588971396,2073117007;1770243583,3507432698,3194853573,2368140338,2608064447;0
=====1739829710,2088613339;2002221356,2618776678;2338226742,2397028060,2157256983,2313890749,2619839038;0
=====3672489458,2823404400;2671343672,1760718523;3215808820,3088218192,2409026275,3339091960,3145611233;1
+++++1956667814,1804127026;1280635620,2634450091
=====833051326,1919869108;2622475854,2153960349;2964882298,2637721444,827941966,811707375,1381230976;0
=====3589714869,2759626477;2326973562,3043269654;3396221605,2586602979,2222746862,2171523559,1097797894;0
=====3116866520,3275842182;3417153309,2697556405;1977887370,3807020559,2235798366,1401366511,2070589604;1
+++++3466371895,2993440496;1502325481,2193738970
=====1632588913,1514074456;2962552049,1658826295;2954662681,3013661668,2455493266,2509657535,3260813530;0
=====3587042837,3594388884;3330762619,3061582198;1061441046,1674128914,2282578404,664089109,2024834947;0
=====1621867924,1865355359;2365974229,1244412142;234047559,1163472723,3426881921,2525552883,1801389920;1
+++++775365595,2390125581;1107392962,3113096801
=====2775717442,2886492132;3281600698,3805880136;3977259758,3648305246,3320904759,2810507112,1648823721;0
=====3204715906,1722898940;2181739223,2716629184;1745342040,967989052,4076322189,2015177577,1184297072;0
=====2868693983,3263585024;1873140282,3724832227;914355825,438989795,1584554317,2464480699,2131520988;0
=====2295693660,3227270913;1245547599,1963324507;1415048935,2351936801,3021908034,2576602189,2063702385;1
++++1799623862,2878077499;1509382483,3679600752
+++++1863750632,2439013111;2385126959,2076328629
=====489546113,2789405127;1736655484,3245071938;2478087762,2233240568,3916877929,3139115431,2118525671;0
=====263956297,2619514583;3551369022,3105454240;1680475629,1772392618,3652286046,1776200457,2397639259;0
=====2445126636,1947447814;2681970868,2357272424;2969433190,2319843877,2189902379,3221144420,1559407054;1
+++++3748140609,1870270949;3120949031,2929333089
=====2155295417,2313117772;1262967798,1590035094;1223037226,2496383417,1653597907,1025015956,2864010408;0
=====3270643993,1042250589;2141331019,3580182899;3349077516,1167474787,3195804712,2999682051,2288956834;0
=====2311324139,2350895015;1380610837,1483493662;2252660917,1302392021,1085304450,2309679622,2365603427;1
+++++1244890351,3446606573;1685674090,1519325922
=====1739718736,1089635798;4062152429,3266104918;2083720537,1156505286,2812580885,1389446060,1431418640;0
=====1305422698,3355139058;2567035687,1681020429;2291080971,2544119831,1441136514,2685004689,2526393984;0
=====2491907755,1591034128;2400711502,698541720;1726601153,2906526842,3263272881,2363244922,2899882276;1
+++1544625831,2770704849;1719125976,3524760484
++++592198623,2305510427;1569441173,1151001284
+++++2789190831,2191465326;3478933865,2203081730
=====1991960612,1577926544;651686639,1564985384;3061633584,1583966305,3213644198,2335649793,2553456919;0
=====2208307184,2082739463;490744115,855300971;1649034354,1694001063,3046613375,3557254059,1440608809;0
=====1962186725,2139665506;3381136816,2216479163;1877317442,143962787,3176568581,2976431352,1180448331;1
+++++1677575325,2331634193;1656885533,2237967067
=====2874150493,2110433675;1239300367,2012130022;3816006091,3029433678,2124697024,3239351913,1896049294;0
=====1853974170,1880132435;904311967,2902961345;3853353445,1637775914,1933642302,3726971450,1594846760;0
=====1498426527,961238324;3167997525,2314998548;329115327,1088268159,1214823265,1930258808,2806287662;1
+++++1959319066,656484072;1799246120,2588647845
=====1892441514,2646953457;3014957159,1450416085;2063385935,2444677269,2137371384,1778000013,1138188606;0
=====2185384043,2890946888;2986298476,483597796;3176827886,756141578,873922118,3588529917,1048110083;0
=====3536140477,1230452478;2442300230,3956443082;1028761631,2748695880,1531807130,1493028881,1231357093;0
=====2213220094,2528139306;2167811790,971287644;3455522034,2531704364,2554613110,607889018,2827652511;1
++++1178589304,2321210233;2845008979,1019898571
+++++1075097930,2935987351;2737472855,1993987013
=====2557141731,3996481819;3532464690,2675691176;1281843434,1996460136,2734573565,2235588065,1110369305;0
=====2500698447,2874065040;2688329658,1676626001;3058045782,2470348390,968391761,3706596748,2652635701;0
=====3918168784,1824785702;1611793628,2298539617;3013359424,3257437017,1719633724,3286913317,2063102415;0
=====2636000489,3624834126;2199801690,2171771948;2526179146,2243987436,830445967,3411189587,2111956478;1
+++++2202551454,3845434998;1423353936,2993429027
=====2320612712,3255340406;1514029386,1825858501;2533095255,2909387264,2807680826,2390086557,2259135226;0
=====2808565926,2239593275;534700927,3101524138;3738895963,2788758360,568415785,1569725223,2049554340;0
=====1796123016,1865330938;2451053217,1973033531;2227490093,2527085442,1028947177,2994819804,1496716334;1
+++++3113909656,1853269927;2463849075,3893518191
=====2387076500,3426839414;1074283231,2435754724;899160483,3506461117,2260902009,1939643477,1901905374;0
=====451168882,524510991;1111619921,2868254407;1480324481,1885343790,3309088003,2044810412,1609729972;0
=====1397255617,1053945261;1131458535,1946318364;1682371952,2333648128,2706352406,3742760113,985847576;1
++++1506419186,1982393756;1806161089,2246493204
+++++2033531433,2362888806;3437993228,3101687168
=====3173395163,2312880107;1209789752,2669095295;1972215997,2101045084,347448138,2259705274,1011483502;0
=====2517792045,1905331361;1750428953,1169497912;1245112503,3249929094,3608858555,1703987584,3430578181;0
=====2265107516,2777819987;1403805383,1724883201;3665756241,1861482238,2090231483,601930852,3653178879;1
+++++494139488,1776596446;2235669378,3077623237
=====1910382370,3587898561;527076544,1795305971;1423203324,730038301,592009042,1444222580,2853814028;0
=====2797850521,2329797707;2616200555,3335193470;196043171,3797615660,1666139440,2670262692,1874906614;0
=====1325813001,885123263;3149496923,1877263811;2663043826,1732162598,2267008383,1675617090,970053812;1
+++++583615762,1941897639;3199791769,3586891989
=====2133879995,1226332104;2040050705,2349573794;2178646632,2322130933,2519535498,2414332541,1914677746;0
=====2757181530,1712995015;1458081956,2010842201;1493150164,1380471839,2592496052,2331696100,2983925454;0
=====2834948345,2954180393;2027771005,1921602583;1435816479,2859695728,2901608661,2337674971,2448352082;0
=====929759804,1303601388;776555457,1609073589;3044688470,2602432498,1569872021,2072857212,3083882433;1
++1407285705,886664310;735000356,1930329896
+++1474002655,510123886;2650867770,1003347084
++++1345201113,1220101386;2128158632,2338038096
+++++1296852354,1713769666;1970931766,1159916830
=====2030756963,2238769480;1795094582,2771918859;2394046612,2230517855,2176731438,1835005658,783043584;0
=====1604233219,3739373968;1301281820,2655780853;726530230,2078250168,2484536218,665620660,1834158730;0
=====3776912836,3675727164;1036228026,849331330;1783163336,2790956828,809359078,2363144108,3079265688;0
=====2228637214,2515568939;759617800,3080670570;3454181215,871880770,472145958,551459567,2145647584;1
+++++940996525,915729066;2549470433,2333750325
=====1448421461,3082687946;2110284187,1407673715;2029552265,2553233008,2862581203,1805195223,2982232969;0
=====2103925442,1739194608;466913495,714927194;1662997048,2848991114,2504752546,2654939616,2833838387;0
=====2077353592,2671184414;3310319749,2761626490;906095496,3935302609,716806062,2305307985,2187437030;1
+++++3860446033,2008442634;2863136621,1487448332
=====663315617,1647226023;3180004031,1324312850;2651792701,3570915517,3001858983,2070699301,2488426248;0
=====1066073278,3561051574;3176906659,3421101012;2366977482,2051398011,2626017538,2464498248,2306147039;0
=====1805278100,2174246671;3404428998,3735278522;1671463844,2342008251,1681519130,1745321881,2242848653;0
=====2795689826,2154870258;1934828744,2965612351;430877696,3572924466,2304727924,2245724121,1041866912;1
++++1719656905,2313225637;2436578114,2924845893
+++++746707591,2272975911;1842780324,3090536643
=====2999612112,1876287337;1967355799,1497618203;2108975514,2697911475,2445675624,1947328664,2319426672;0
=====905402771,604149637;633279378,2793226060;2505675319,2929410201,2691645390,2260269248,2770896830;0
=====2948679059,359981661;2593748708,2167734233;3601180840,681470190,993742336,1953720355,1085734927;1
+++++2562570180,2978608942;3530886699,3110809849
=====2186472962,715040910;184590421,1000408718;2394743691,1858448903,2884693292,2285721605,2888920397;0
=====3422361650,2482029693;2456522844,2180923444;2144531414,778224500,1453037876,590261867,2872238566;0
=====2061833958,2135900358;2546738094,3931417901;428394085,1342225339,2881963176,2342014352,2746633284;1
+++++1528358028,2263700524;2048658944,1887151374
=====1671150577,3643211863;3778754730,1622285464;3401579571,2827806934,790609511,1297105894,3489367285;0
=====969882871,1150215393;3042505069,2336034101;1597441867,2419799773,2162560651,1383513523,3356774734;0
=====2950551457,2407785025;2410731543,1884135451;1592811984,1306339366,665909011,707224574,1231272401;1
++++1333764821,241288154;2552577607,1301413630
+++++1707750202,1303666250;2301955607,1802085800
=====798353578,701340784;1644041703,3968296698;2594918382,1625609178,2934716935,1890845359,2320323640;0
=====2685295635,3062931920;1615242024,1498301082;2221761571,2241690507,865187135,872156569,1693695804;0
=====3875145718,2364320297;1394674574,1788696530;1749197428,1061175779,1555789806,2741400670,1339378140;1
+++++969437370,1817312758;2209610639,925122754
=====2389497296,2003616538;865142034,1250307860;3720739117,2893545163,1809944848,3207217722,2278052005;0
=====2485054117,3294468946;2208499280,3209517859;409847516,2847102773,1475045082,3416179908,2581099175;0
=====1232073887,1333033198;3388678846,1193805271;1566266677,1508338049,2444217017,930910279,2924519757;1
+++++1766253986,1825173149;1790454709,2535991215
=====1870584084,2160572364;3445929812,2423657673;2093993225,713882260,704782855,1196635996,1750772006;0
=====1475676525,1951902385;1983527116,505596734;1708935543,1553623566,904266776,1705894756,2111098558;0
=====3331863421,2693606485;2225752406,1660228774;3484972911,3338843933,608900363,1902320743,1881298402;1
+++2579800240,979244223;745224476,1949602177
++++1223114411,1815416637;3618566290,3397120203
+++++3234077999,817179503;3089858829,970259031
=====1357704057,3394144255;2226356270,2322550934;3602535165,2225984562,3078034128,670129294,1737751643;0
=====1216072845,2365216389;494007371,707476529;3323922573,786008897,2644598020,838477697,2166321450;0
=====2479220063,1947433067;2863041623,561673737;933973134,2266358335,1402751280,2618767495,3228665949;0
=====3777198572,1559238866;3348480121,3587635181;2384090454,1407945070,2898598109,3577976984,2025963328;0
=====3138011204,2877621321;3511224211,1277568283;2826482630,2175449015,1317719088,1701583147,992791400;1
+++++1433146219,2436460688;2423223467,2823389300
=====3514077392,3105986711;1800688493,2149157832;2549112940,2994346566,1171499093,3344337199,2158612362;0
=====2771244379,2253427269;2129534755,3631157508;2579692819,3387532525,2717268322,3315488486,2666755571;0
=====3624098744,2311951371;2206566589,3176507633;2189828908,819215410,2773683849,2865186100,3058238451;1
+++++3367357694,2053084192;2289335629,2131447959
=====2833886579,472898934;2142312258,1433686774;1196343103,3497404686,2425246014,2157912894,2697564087;0
=====2746188136,2221015143;1597007411,2681591771;3816034981,1238566843,3070629364,1725764122,221309824;0
=====2543737126,2289606323;2909914528,3034901337;3704705560,2914789444,1921481546,3083941060,3539431306;0
=====1603435367,2003077209;1194627375,2547591794;2510206616,2377202425,2513783370,1796359679,1565530862;1
++++2702880186,1953791347;2698773625,3597486055
+++++3563067182,1944471248;2963496099,2541891922
=====2757826732,1445834934;4012454021,2270362246;1625555734,1390331264,2041903671,2978054996,1876485814;0
=====3214125874,2046844634;1440519582,2140742463;1682740430,1308663326,1403466254,2523149829,1192307611;0
=====2339345026,3257138298;1563632961,1179053660;2815394196,2516799384,2762334817,3021461585,3643914109;0
=====2333684020,1237702047;3229310621,2568785170;1587090772,495413306,524262148,2864885073,1953605589;0
=====1925040365,1085445730;2967673032,3385836527;1432337157,1457586298,2028846294,2277901328,2206285600;1
+++++3456758079,1502466304;2682032832,1918100450
=====1473551960,2382611906;1494229566,1654446771;2830118144,1409892423,2400719137,2149390080,1887988164;0
=====2193241733,1521574462;2438740664,3336059614;1136758767,2241626290,1221176638,2706096668,2985155710;0
=====2268204995,2032040646;2001792495,3277269768;614108292,2851963056,2364906303,2011325895,1290609836;1
+++++2697874353,1326874123;2520977085,2720944825
=====3527357940,1652091562;2309620868,2095346742;1708000801,3051224079,1717647744,1101064605,2059407706;0
=====1274675663,3873159241;1912173773,3926236132;807691220,845439151,1353359894,3484326804,618557738;0
=====1169847960,2274561419;2682014426,1034942148;347161584,950407685,4094127399,2726993269,3558838368;1
+++++3279144021,3119712516;1666030709,2080233000
=====3337730056,2436523269;887151144,2783817266;192341697,1170499460,2019904216,3491958315,2465691370;0
=====2929013073,1701981671;3536545083,1219145881;2597200166,2414705001,1337331651,1856366285,1381655451;0
=====3176248833,2147946984;753246904,1972549284;2784999319,1899041799,2059282527,620998947,2822227904;0
=====3301391874,1699146861;4260931409,936663508;3538927369,2109776345,1317985091,2160724964,2631129031;0
=====1676182749,1217854772;1491450818,529621118;2856924953,1534547580,1247978370,1407732931,1421671353;1
+++++1284705384,3787806063;2171156091,1311825283
=====1280782700,3387877722;2328183138,1034958528;2737952982,3365943960,3646877089,1268324043,2882179301;0
=====3036630006,727798505;224831554,1555082687;1455322179,3339301179,1320626095,2545862747,1502622468;0
=====981891758,2610527445;2713489626,2117148552;3738823151,1424778489,3828105728,2055791612,1669918004;1
++++2045583984,3440304695;508081786,1864636522
+++++1229875493,2746084267;2089833299,1583395843
=====3361650030,1402315742;1746671872,2803623385;3101231953,468760328,3886618094,1709360902,1475274961;0
=====2431024497,2044227542;790559690,2276280862;1950330173,1951487468,3698437786,2066361670,2361522152;0
=====2305148391,576324957;2384773686,3518231370;2639816741,2630315243,3181588220,2116385650,1149321331;0
=====2846734216,2030207738;1970193440,3027020430;2086365243,1813366479,2423878015,627725799,842527042;1
+++++3000718498,741404029;2727027678,1563504884
=====2223267579,2787731762;1157642186,2940607585;1308023174,2469932285,1308642432,1334762720,2609596825;0
=====3048404265,2614176963;1648226411,2278512018;1372900333,2349235137,1699536663,2570783980,3145178214;0
=====859704480,2763889667;1096982185,2100614299;1793227450,2979107293,1629374974,2281851128,1125117380;1
+++++1493704537,2093516043;2144649531,2803513472
=====2689574520,3041073191;1055747442,3041546908;916695033,2438435932,1193609869,2161881641,3577110354;0
=====1261398605,2181557198;750997337,2434631463;3008774540,3466212825,2904719787,3899316969,1916767767;0
=====3040747867,1666624038;4107070712,3253903768;2485680726,1751110038,1063245974,2334594005,544828644;1
++++1163802205,1774606684;758710512,1468066361
+++++2411693728,3219373548;2322644883,2552820166
=====3726417964,2941654627;2113214511,1131056029;3229489678,2257399014,2962556512,1463834313,1920714906;0
=====2635492326,3556985882;1416718844,1331803954;1507905488,953056162,2019163620,771088597,3716834512;0
=====2486502037,1955242008;2682227626,3472894377;3236688243,2206064171,1306938773,2366612342,2375434973;1
+++++3335909695,3676760079;1121146221,2041336439
=====924042771,1450781715;3207575238,3603370661;3113609886,3801699438,2128743291,743520811,4006435498;0
=====2009643831,3900513197;2179448419,3177270580;2167080322,3000050028,2606260524,1768758917,2221784790;0
=====1662040827,2881201137;3443275896,3109917710;1343790296,2079453112,1910249410,3394802367,2185946996;1
+++++4040029668,3504593087;1676737345,1166908605
=====2246525658,1912119440;2456369754,2159351486;2017707950,3928614549,240587923,3745412524,2911434725;0
=====3114041134,3050777400;1888445901,2201806951;2035272472,3747792515,1847255534,743787463,3377750729;0
=====2399154488,2498494126;3644642405,2373203213;2883860026,3145282759,1012556464,1223226382,1520466510;1
+++2439530007,2253407606;2235641751,1985087088
++++1217967848,2240941128;1751871788,717769685
+++++2052590298,2664331688;3948866464,2743398475
=====3486017745,2803065203;1152605827,1311619677;1947468109,2451885398,2152648004,1187286076,1603340997;0
=====3705909745,1915988438;1964837911,1933459115;3543339110,3130520801,2717153252,930019381,858262431;0
=====3205152433,2311548608;2594718191,2650262391;2304469156,3667879324,2344104986,2273491244,482346745;1
+++++2610257848,2883980078;2372839814,1522129018
=====1122609372,2353289063;2043424665,1418053630;2190149053,3468227207,3094705002,2967127748,1202751574;0
=====2434014570,1023502177;3502002639,2607351528;2715637268,2233511966,1541712087,2512296489,1494350450;0
=====1592985177,2455249420;2295062995,2502974223;2095084733,2175053844,500633773,4018913161,2920287578;1
+++++3696169120,1383646043;1612953779,1735127805
=====1440816495,1472184270;702877792,651382281;2063213045,584602421,1137212757,2054168578,1329624345;0
=====1875113234,2798940564;1039046515,2159085442;1972246371,3097992293,3198746057,1926621767,2455716716;0
=====1635351428,2393005747;3000090111,573718408;2242761649,1816042848,2224170129,2277298679,1717653113;1
++++2355092320,3703199130;2634937130,1716028679
+++++643542948,3011676459;960844791,1500766975
=====972435165,2928002873;2077950269,2265461209;1667606423,658715947,2276997653,2875541859,1090652528;0
=====2146667734,3159099799;1121598868,2967782153;841458416,1883056630,1685452434,3456387855,3263890817;0
=====2597538084,1890422352;2382771877,1111557999;3051951735,1341852575,1648678812,1672219767,2028217278;1
+++++4040538753,2441442328;2530905822,2059473806
=====2435368988,1841532842;2258864058,1875027427;3372498870,1688479692,2337927901,1236626078,1304575115;0
=====1534857711,1115036101;3143071565,4079239006;3014719064,2442369828,2111389064,642203650,1954696841;0
=====3146246725,1513535993;2380008154,2431435443;2509884667,361473668,1918923509,1355773048,1968090952;1
+++++2919539763,2236306555;2238475341,2342504147
=====3527880331,2384765925;1285552617,1564209203;2226138839,2888727613,2407137895,1355644876,2121938777;0
=====3451074335,491382175;3833542626,2573440151;1300530196,1395828954,2333165821,1091256874,930320362;0
=====1288325249,1744776257;1675556213,2548533994;1896918801,611598498,1058168262,2366517769,1849210986;1
++++2394565654,1815084958;3383384010,2305339989
+++++3063099130,631869581;2043491714,1841034712
=====707540239,1351392702;1057253960,2273477885;2379605722,2819964544,797124250,2473590706,2241756208;0
=====1564374404,3660348631;3572905967,1203119077;2230938987,2209035623,1552928628,3099474070,927405582;0
=====525448868,3760804056;2711384954,2118245689;436613840,2975938636,936100893,970505968,2760179367;1
+++++3537364880,4055871909;3153570765,904219519
=====2259056242,486924814;455615772,3634683050;3955824943,939935836,887038690,1904832833,466569102;0
=====524529100,2267839829;2500488831,2173903266;2168487751,1984663592,479366346,1949729161,1023088312;0
=====573103598,2208821398;3706807705,3091321865;1943863915,2166500509,3157887844,2722708398,1558168264;0
=====2955956650,1444568942;452185931,1544545424;2335385852,2255250258,1682838530,1714857069,1876643776;1
+++++1845717917,2016911697;3612270000,2090872816
=====2879251642,2312560023;3743307309,959471374;4040998251,2522129004,1704252848,2669594501,1460176283;0
=====1461443067,2408663482;1453929251,2162197099;3771273569,2014425085,3245158737,2556991343,2122776393;0
=====2676023333,2390144539;2943302483,605324164;628024467,2624088887,2678002650,3147952890,2121430803;0
=====2414358776,3496110253;2790939976,1854426887;3473401121,2545423622,2169156639,1813659648,2317117129;0
=====921731461,2723022137;2077683717,2006477643;1882943456,3331571188,2380780992,2046251484,2261882366;1
+++++2790762738,1685394948;1232104460,2641565213
=====3826465477,2161624702;1322208196,3620755342;2680451156,2170328452,2824849473,3131718171,1885160065;0
=====1647162769,1305570785;1519723587,631414441;1623467327,2263471987,2030349566,1526897803,2964779439;0
=====3271403965,3381997114;1309723287,2599009732;1309737688,3062614520,1763676532,2313298575,2250039505;1
+2214479033,3948455264;2090016529,1913033868
++1392728580,2786619674;1245242391,2680759320
+++1549005271,3012496470;2736063596,1130223927
++++2681367448,1307835182;1181456328,1596966295
+++++1050441664,2493336933;1624840214,2877565205
=====1724939648,2583485287;481363987,2455817755;2579863443,1741302129,1469465424,2455972788,2287719944;0
=====2283154407,1538418820;3135205713,4008811939;3002831932,3599132498,3243344652,837364058,1579184753;0
=====1651366295,2919066558;509183394,1852643349;2669128727,3552939350,2633773000,1766050581,2117090678;0
=====2467566469,3411380602;2829623782,3347971664;1533189862,341314733,2190477880,1335596476,1856200831;1
+++++3680331908,3098612587;2335501660,648841329
=====2140932277,2606176720;759490147,1774334551;1860188715,1800032602,872107467,1710038867,2046880321;0
=====3692130369,2690774419;3024527307,2907134634;3487787911,104047348,1335761114,2908609395,2939793994;0
=====3221747745,2249238848;2585604181,1585835362;1891194529,2338866417,262929046,2824126627,2750030478;0
=====3620693454,2418030683;1388050023,1271784588;1250841957,1993998031,1432839187,1508559953,1537565451;1
+++++1406816252,2292542985;2283228086,2371013466
=====1777736123,1149362894;948789554,2586451800;1884149704,3141521438,2704887405,2700261069,1221362861;0
=====1596361972,4087701922;3055845037,239096571;836940762,2149595456,2497260436,2912448060,2077062549;0
=====1623402703,1853719589;2027942234,891513906;1893541793,2589783495,1864055368,2847348116,1987007173;1
++++1242019193,2096674105;2872911564,599045951
+++++3405515169,3959804885;2759921431,1001410018
=====3119176289,1976142827;2023281818,1975640957;3271326171,2004003780,2496716566,1684086420,2134184998;0
=====3894512566,2843282853;535073650,3435598558;1650017375,1258728626,2276109448,1176950865,1714130666;0
=====2309965010,1808077507;1969578734,2060219440;2632513357,1563680120,1318343653,2302761692,2212700116;1
+++++2086117702,2295299041;495971667,2152450200
=====2170921031,1341269686;3678457920,3175021947;2241380168,3450159757,1936231506,2490034738,1596448533;0
=====3389166084,1655717840;225362018,2759195562;305751673,2103420516,3397962238,3323758817,2011765662;0
=====2411907663,2742624454;2044958810,2155653179;2193053266,2718812031,2402878209,2431407316,2637796888;0
=====1014704290,4009165775;404953517,2908638290;1988257488,1305671559,1566749778,3481557265,2471398856;0
=====1929602625,1457351250;3263757052,3206785464;1913843971,3100503611,1307797450,2543977236,1961933882;1
+++++2481759968,2302608550;2849891314,2210774643
=====3208390113,3548754683;979175028,2273507462;2275907376,2169674853,2893706010,833615434,1937931287;0
=====2071349705,1598582352;3189485099,3053819462;1944784946,1919779927,2152706179,2967348042,1302516554;0
=====2966504609,2981546117;2627513184,2131692600;3049304372,1754851781,2259797074,1631289701,1894487193;1
+++++3324191781,1176484052;2975915827,636092084
=====2088080673,876025486;2037554552,2300521359;829273442,1619920185,969560322,1347188371,1772546520;0
=====2153668846,1488540807;1522411870,3184293407;2488116679,1989965762,2623121656,2011068564,842023270;0
=====1958867667,1167492275;2416264594,1231521010;1396887091,4014948848,1250327639,1538927075,1088135635;1
++++671601786,3480088657;2397056662,2033055536
+++++2199549265,1477013521;2303823506,1520309200
=====2289776969,2443267376;1971953599,1964197181;1133078992,3240503395,2975203722,3121950051,3039290239;0
=====995772220,3396738423;841389141,2652925361;2446644465,3025170118,1605095528,2065416801,2113616500;0
=====1053529833,2692606713;1449222054,1053304552;1047954379,2459659325,2317552619,1654734485,1505013360;0
=====3479945758,1054709520;2151211958,774349887;1522032075,3137223107,1817650711,2415610813,2670498751;1
+++++2705532720,1654546626;3470115424,1538348205
=====1232926149,3502621476;578784901,531738402;3059799210,1259419366,2621413479,2415887476,2710505896;0
=====1058962200,2664994317;2081873158,2399567985;1146275664,2231455647,2585698543,2076711914,402430183;0
=====1546160752,1129794678;2987582830,1209302068;2613331726,2378134154,1885428817,4079069459,664262161;1
+++++1769393202,1249725534;860584390,2575993453
=====409014682,1831744149;2782116655,1264421335;3335013845,1865581000,2019140974,2371312327,365991238;0
=====1883534941,2859987614;856437702,681272771;2631171826,1699257194,1184468730,2540232236,3716307912;0
=====1349406739,2311885318;2347112279,1049348303;2464605127,2848925360,1689109166,1477772997,1775384752;0
=====1316531992,2112088091;1719755325,2859999960;2176036839,887446743,891421779,2541711508,1843932593;0
=====1838636386,2268185178;1731554555,3056253772;2316605493,3081012004,549141920,3195020124,3749169832;1
+++++2385263704,1096019018;2314949599,2046775414
=====2247664424,1228798756;1245703721,3214491706;1813340565,2657358286,2045263839,2533899053,2738454703;0
=====3404968648,267348814;723772785,2666908721;1952343071,1758078827,966566538,667048330,1060098310;0
=====2371216630,2269101114;1624610258,1698077739;3154363105,2372903999,2330077668,1856672900,921388465;1
+++2359650891,3862251932;1466331317,448201777
++++3273816238,829377579;2117652097,2750205319
+++++1017162673,807762753;1781864117,1316809544
=====2292734791,1122530655;3723629023,1659898254;2055613938,2756387632,2068743457,1693025488,3698249489;0
=====2228402995,1421469239;1790516449,3286335328;2288278719,2133081125,1470156338,2305248777,2282898918;0
=====891286095,2914886183;2955184998,1058986302;998884514,2263378757,3122665316,3444603242,2386310182;0
=====1636279357,2842692730;1698854230,2035363229;1598173400,3700941320,2905612731,1674622124,2210787101;1
+++++3865646856,1729001737;1622975560,2679272892
=====3604732909,3271803508;812027104,2182739423;2714607899,2448950410,1620746227,1705005401,1039213095;0
=====1293366822,4264008251;2550676379,4012402207;2477333858,2663515808,3179183373,2746873374,1295479957;0
=====1638631814,1363291796;1474682354,3248993756;1043190073,870276382,2991287215,2449277608,1596427737;1
+++++4034887070,1080800059;2467663156,1612551796
=====3958841648,826566000;2538140004,2988989166;516628284,1945314502,1150272456,3674873998,1460513862;0
=====1313812170,3449394480;1570856423,2700122875;977517978,2647495935,1527887662,2700831134,2083397578;0
=====2766935845,2395525251;2350325686,1416626002;2495378697,1970457543,1332211255,1807156269,2814904215;1
++++476423097,1289663173;2707012801,1936905306
+++++1280580162,1028137183;1768434630,2373670069
=====2572997309,2315368698;915764955,2131944213;2679800167,3699047739,2035376192,2894324633,411190204;0
=====1402101343,1666198783;1714203887,2386747817;1773600736,1803146157,1013874240,1991453541,1873004347;0
=====681828424,1750731102;1743143490,3298242091;1680108197,1883506346,2924690559,1421855720,926924512;1
+++++1883634514,1615962413;1889996747,2924389432
=====3537820133,3681874484;1839424707,1456151988;2116217126,2364638268,3283982670,3073303262,1763073893;0
=====3383050191,1431397319;2329297760,1665598957;868178446,2504027738,4040043221,3352030068,2867885561;0
=====998974902,2601009447;149508598,2606585093;2004803085,2997463633,89455694,1788132345,2262319112;0
=====1476576967,1765873066;1063610057,3514996497;1459949694,1823475522,2548963920,3480898078,499806680;0
=====465258904,3639663930;1723098916,2628959127;844563364,829052851,2290390888,852439596,1924117561;1
+++++3768762734,2527311473;1958111027,1742931367
=====2459092993,2029466709;1824778314,2618533258;2145328037,1871574973,1835599155,2139770173,2014741901;0
=====1618259738,663075414;2023840945,2490310068;1017294439,1513982660,2281195894,2145737367,3876586462;0
=====2204293189,1612849153;2086727252,2015851744;424871358,1554654045,1553055443,1058883950,844216199;1
+++++2838072436,2807492111;1675617331,2647410087
=====1960061307,831692104;907471808,2780031686;2886169972,3488128183,1337342320,3139779670,797686042;0
=====2522662996,1712273269;1743881679,1724095094;2445905588,1672820030,2968178779,3281551381,1850526050;0
=====4111500607,3404149492;1204726343,1994762008;2930036714,1665477699,1758231381,1850069690,1587190801;1
++++2190736702,2152023694;3236003537,2328735061
+++++2585812306,3258667730;1427268027,2190583238
=====1901697064,2761159469;3080009597,3144722954;260450033,2512187539,2120937411,1002784001,1631643577;0
=====2071467818,3089306844;3339869931,1052322629;365575146,3183714759,3145306991,3322080190,1324088568;0
=====1419559705,2947023198;1728917413,704549082;1024301738,520639538,3558745610,2128039918,670117549;1
+++++3440159440,1696125759;259258032,1646300825
=====1988302772,2235263372;3674396572,2867369409;2509622228,1897339368,2380504351,2755955621,1155956726;0
=====3658770564,2407450382;1285229383,2258426972;1416417642,3689424770,1760698978,1907666488,1552628820;0
=====2641724956,2356019730;1671793175,2425443562;2196283663,2937925394,1088064669,1071234803,1573881749;1
+++++696579207,1920412963;2566335779,1375237824
=====376230797,1868742647;2927329835,1025727438;3201225808,579776804,1480019790,3509668193,2050315726;0
=====3167968671,1679611226;3020788591,2474007324;2359922501,1694570169,2005979899,1510336594,1617857198;0
=====2084294476,1808827147;2120820047,1208952040;2575880965,867265944,1729403056,2216588545,2291265848;0
=====3659133355,1973716000;1528696259,2024745318;2308302895,3423637243,2473130522,1669761674,2554487164;1
+++++1449855496,2075989269;2346015037,2146155900
=====3940444983,1504955121;1336873008,981472607;3634026694,2686422068,2005401325,1258722349,1430368604;0
=====4110219180,1317442119;2594298930,2547786743;3508765035,1668739818,1359244555,2002170465,2990769331;0
=====2272243565,2274077430;2513048785,2241302772;1013041754,1285762688,2120580289,2031631962,2016642916;1
+++1903481004,563623494;3109532902,278946011
++++2441039378,1365967291;2152668965,2052235658
+++++1002769361,1747662962;1800910538,1545493565
=====1020142203,3321545870;1693068626,1986161098;1005149473,2484813132,3248324668,1907157695,2281428858;0
=====3585244226,2471405745;1857946958,407828025;2374322964,1503790970,762235801,2349046817,876917880;0
=====2699226922,1610820006;1417266620,3027628091;2144267591,1303386879,3168541504,1622789283,586535157;0
=====1984444031,3616590598;2752725168,824603033;1294275028,2516915990,2092443204,1933478781,1301646722;1
+++++1871567323,2601786690;1722285714,3258518109
=====1283101489,1302257997;2015045207,3037291081;1182686674,1182338839,2510109463,3096074518,1717333886;0
=====2564688501,1665510931;1390979391,1959592056;1902259427,1449438810,2599091602,1534581891,2518839636;0
=====829461030,3049493802;3382440020,2233186402;1177585898,906081104,900011597,1626119704,1647681844;0
=====2912909658,3262125252;472722288,2234098733;824426665,2229043120,1748905360,3062599591,1723035398;0
=====1514889410,1537529132;3184919338,2763809284;1932538397,2953291027,2156763262,1169320619,1529125276;1
+++++2025442027,1740288309;2549235010,2317629990
=====3440239566,2789748631;2256899539,3350672293;2457096269,3242542293,3469615346,2190110893,1673354868;0
=====2192072833,2013813853;1475448454,3419528498;2060343489,3223627117,1903438656,2112837558,2113915448;0
=====3218641017,421386369;1898542192,3803099058;1045002104,1933651087,2589747613,3449830257,979386939;1
+++++2202690936,2844121283;1227825011,3726761340
=====2388297007,1735633432;1388817979,3470181654;2872086950,3323945732,1727600952,2469512583,1665506151;0
=====2387172193,2948493041;1377532602,3365240898;2018637269,1574245809,1111685870,2085365625,3094794209;0
=====2252020242,3856344464;1784598217,3114672701;3918420988,1136195369,1214334485,254885705,2850204526;0
=====2927369575,2298791967;3211714460,3933067197;448484316,904646261,1046802601,2356136227,1762174449;1
++++868233527,2089979500;2240115220,3040210655
+++++2308302993,2826330433;1881972301,618985191
=====1637295679,1530620435;1820696874,2827154117;3434888233,1858564528,1964958148,2098406596,1573641704;0
=====3494488852,2133534986;2338305828,1825842240;2186112237,1441881243,2888856276,3251127639,1338912461;0
=====2215842807,3189779313;3209352945,1238379732;2232763467,2783868499,3096108227,2871241600,1903092305;0
=====2263174955,2903777016;2619288224,2836599264;847314912,921771660,1674934805,1054157014,1184292956;0
=====1511002998,2475877054;390953817,2899148226;2570322346,2600446348,979698274,2751030729,2506008905;1
+++++3565736888,2785405392;2126138270,2825274440
=====1995103755,2005134623;3643930474,2234731469;3751863436,2108455145,2967750443,860588005,1679756297;0
=====2687626708,2186372034;584861309,613475709;1688483591,2047093520,3148426202,2713929468,1909057190;0
=====2192189076,1417081572;2218208816,1004012835;1308496262,1853039596,2396142972,2503560958,2663676912;0
=====2017944404,2511825855;3029290561,3481713857;3277595677,3111991503,743708962,2523763884,2495860393;0
=====1908738356,3581288031;2745538465,2638265554;2312068388,1147580990,1942793597,2401751953,1924573989;1
+++++2201473447,920480118;2698601101,2364153492
=====2482715900,2157393739;869629581,2276763381;604510725,805705226,1726597893,3282380996,2687512419;0
=====2344996373,3179378571;1206702048,1599183207;1778761622,2528479514,2229402802,2391555568,1821505224;0
=====2728722219,1829046449;2207110547,975940158;785674960,2333615022,806438689,3008293857,2877903971;0
=====1923361165,1865749181;559940852,2689865119;2686800399,3395017522,3009834829,3256419672,3810107004;1
++++2693617560,1796729153;1535652777,1925958165
+++++1068180068,2118609941;3750043467,1916046552
=====2594750921,2189848547;2166335290,2349573030;1829698906,1542599334,2115117808,3092699409,3412192137;0
=====3362882550,2326793229;2084436586,1969573192;2557719112,1966377228,1831921912,2593617760,1693533330;0
=====1117514633,2063689682;3561634895,1925503288;1011760307,2817732996,1659032651,1940101331,2045817999;0
=====1914878596,2231273847;2295662497,4021345576;1081695834,2314320115,1859626291,1375639260,3841277406;1
+++++2593436771,2188659397;2652308525,2993320141
=====1535989122,3700764176;3176721038,3835717219;1604188412,2381468824,1679040619,1654287370,1242888628;0
=====2016279276,3163018403;2255318415,1968017859;2319029832,1369495104,2111476450,3384784529,3181936228;0
=====4010638394,1075924461;1213821795,1684031344;192541952,3600429990,93775058,2335217298,2583395964;1
+++++1797072804,2109525726;2726007699,2788044741
=====885031180,1997050599;2460545948,1351393869;2738757828,3019009015,3031613168,708014617,3528759222;0
=====1955567309,2035547204;1479488491,2080794796;2581947551,1859927727,1609663356,1351198998,3127078321;0
=====3435808849,1395856630;1129633461,3802989811;2826948306,3211513317,562035165,1976841155,3237130609;0
=====3762395224,1403067768;304622891,1468536785;2153695400,3577878800,270436004,2473511227,2712350180;1
+++++3239861180,2183935170;686765078,2225749488
=====3232078890,2112832812;2880453270,3814272017;2353800491,895870446,295183854,3211464718,2001003201;0
=====3698650997,1873118244;1777982970,2161160850;3263201329,4212156892,2160859937,1365455612,2140299677;0
=====2944985828,2989463459;3200845751,3042991633;2469189734,3575230913,1062583523,1508730046,1956818329;1
++++1263110722,2131459133;2364576117,1944493084
+++++731963323,3826655996;2408415559,1299200513
=====2968642794,1983398476;2777812274,1986076465;1995193525,1672913416,1825254672,1605009373,4028258622;0
=====4121640878,2010346524;1807755194,1402101027;1329974675,1771682562,2984640830,2717580364,1357911593;0
=====2654437926,2275014572;3033955680,3413701363;1829859061,853492388,2247925339,1653638621,977326406;1
+++++2166358068,3257910535;3809287388,2090271756
=====2812500002,1479440823;2489827848,898126551;1875837736,3519265276,741890674,461723916,2136253031;0
=====2376611364,892017482;2150940375,3118573093;2071640792,2377575266,881957691,1995686039,2066943228;0
=====2916954744,1609334926;1530617182,3420658345;3212170747,3467910839,1291707493,3180802821,2481739617;1
+++++2687668284,2991958857;2275647472,3606033305
=====1848139312,2609168106;700546434,3377718963;1324695772,2847960027,2020569223,2653196010,2959208548;0
=====209138251,980189265;3029655492,2575832631;1810635936,2442744939,2805374500,2645744610,905635765;0
=====1675795593,2956907235;1669110479,1794466756;2494590608,3950473561,446659880,3291330085,2875804582;1
++++2596290910,1375908390;2266645421,2511014260
+++++1869989059,1658360772;1699538397,2727445251
=====3297109894,2130000714;3942848938,583189484;1524396786,3634728225,1559034021,3886321100,2237059310;0
=====1876983295,3092124708;3827988398,1782565914;2373256030,2324455551,2552044584,1745249682,2862205558;0
=====1638601101,2030284370;1797011456,1417968012;1479440781,2062691461,1757326810,1232085123,2359612243;1
+++++3971543374,1494457006;1436794176,3365384927
=====1941420266,2172766445;2578392589,3255859828;2149107455,2142144343,2723423635,3329783118,2505950253;0
=====2259679661,1962197384;2186085938,1822183691;2056910281,3002836030,2868185554,2223218361,1859341213;0
=====1186276595,1890814677;2263870818,2643612442;2248026645,3077980921,4114591022,3135176926,1641095509;0
=====2704740269,2181610905;849608217,928610627;2206343701,1120501149,2972784021,3140487395,2008523079;1
+++++3946906586,2305399354;3360915332,746804399
=====1008636397,1103847035;3061141943,2746342650;2389771153,3049631034,2921939805,1265155563,505411173;0
=====2812648588,217630014;1572970289,655637497;1938990020,2622724129,3531723995,2682626748,2778429239;0
=====971334800,2587119298;1229290109,2659484883;1867911172,716588821,743973405,1644593697,1607897379;0
=====870752904,2153429680;404684534,2101690952;4169115623,3369477660,1974738797,2004498687,3344701045;1
++388596489,1232475943;2726658677,2909915223
+++450532375,2137831575;1725442102,2819910956
++++2179567803,764977031;2211244972,2550985642
+++++2095312844,2586091069;2891383768,1281636725
=====1845042647,2060994691;2742800703,812362205;634284769,516110968,1013065722,1531474504,2699214984;0
=====2275979641,1156710834;897412313,1621693955;3648901228,1406852793,1832750101,3428467783,2154034823;0
=====2864345104,2105573926;2636628077,2112664763;1449859580,468819469,1751967791,3768207308,2660244908;1
+++++521131881,419114711;2266405493,1251219894
=====1975510124,3189079167;3181921933,4072104936;2828697402,1174500248,2575810451,1306726551,696814989;0
=====2230679318,2871184473;1765328649,1387383476;3380968909,1682741307,3907067938,2324447632,1682385526;0
=====711425138,1571690619;2361850239,3231662352;3162042658,1441861141,2421936307,2578108722,307734414;0
=====3331205579,1800155104;2557738197,2170070063;1735948056,1825812449,2683577628,3745228258,1680749353;1
+++++784588504,1556352705;1567310129,450638901
=====3939563680,1748906066;1238081176,1595372352;1757919779,2279987579,2079304044,2731283324,3904309336;0
=====2061882530,3140102879;2136062781,1069512335;2333608757,1280379999,1712474906,2043761780,3261177773;0
=====1909256129,479866751;2261534508,2219981547;3377967298,2187540998,909180044,3682831015,2220531692;1
+++++2284414962,2935994283;2108558437,1993232193
=====1161534440,2983617920;1792778790,931268984;1000109806,1951537309,1690364405,2479153951,2108776662;0
=====3343680369,1114514872;2526656140,2132684566;2359541216,362904615,172530846,1199733716,770691207;0
=====2011344951,3128606433;2471667103,1813457329;3000656965,2453549370,2563545398,1910237951,2184433313;1
++++3132798342,846922504;2107291869,2937202657
+++++1500068225,2309483081;1716864677,1969457045
=====2827435038,3585124530;2537329693,2632061148;1833412354,2313697814,1893003573,212477109,2117301656;0
=====832666671,2608168714;2274988243,2864730264;2353401494,2656644891,2000329224,2205586261,1485242599;0
=====2969646310,3304711100;2123582844,528293180;2517128879,2134048661,1066483244,2174183978,2482996903;1
+++++3417102043,1865765760;2872509426,2140461739
=====2348498460,1283050453;2238495500,3358848671;2440762086,1409201524,2865955455,1997137004,3662858261;0
=====1450406091,2600309678;2138980391,704700372;2320396284,3487720400,882210916,2032015076,2316249315;0
=====2822532406,1467004067;482106475,3462729621;3226167969,2456983833,1336846989,2138511413,2742370957;1
+++++2510937987,1753253530;1306170870,1604360025
=====2181068323,3217787005;551102423,1332549711;1288333855,1614158023,1955043328,3477633275,2096879442;0
=====969717257,2927352341;310997311,2443757922;2574431317,1148923787,1426576140,866153270,3289883419;0
=====3066856751,3219186130;393117380,3102441881;2044038214,547363814,2025722424,1301118289,2880612398;1
++++3157073629,1552392950;1625771677,1382964099
+++++1713240727,3063503658;3814306012,2807398689
=====1316191066,2401207603;3211221869,415946944;1578677044,1432524246,2214063480,2240407431,1063823750;0
=====2860555745,1761834279;2513543215,3562575564;2064427822,422577594,2104063825,2608077752,531518283;0
=====2317214903,1174582219;1109081130,2115603817;2533414373,1150491559,2334461781,1573303087,3246459860;0
=====3399469005,2879185050;2167454598,3466397865;2093787293,1889025307,2120768473,2279704177,1484468354;1
+++++702374493,1818518107;2213285692,1290082352
=====1161897946,1115955172;2544438695,2219036897;2515674852,2060570725,3452216498,2869942808,1951325271;0
=====2107855263,2372427083;1961217566,733119576;1007693807,1338014526,2747008122,1118390419,2294131757;0
=====1226315936,667431790;2930253338,420716986;1230047012,377333247,4007044752,1343614346,2598675801;1
+++++3310432102,2649161643;1380144661,909417777
=====2438277290,1868234895;2469000931,3369514268;1439883694,2186048735,2952981097,1748908095,2596468832;0
=====2924030900,3627537421;1539723483,3608936533;2577489637,779234263,1708102374,2651087439,657586534;0
=====1772797982,2423436869;3429115263,2331642057;3623756252,1318121840,1492103671,2734015374,2207169873;0
=====427413727,2263857071;1998438130,3514624525;2874724977,2666421938,3004815511,2329879865,1977222275;0
=====750354132,1398199683;1555209669,522764352;2072849398,1791383441,2086636774,1344414141,1883768714;1
+++++3142957142,4062981151;2630353405,2949632836
=====2281138826,2474232739;2212494298,1376919977;1367322829,1946376679,1877382433,1363269793,2869778944;0
=====650074689,496227948;3080331492,1692277364;2681239228,2195550527,2506431254,1323908604,1567904376;0
=====1569594450,2850538158;1149761174,3435990420;2202572245,2059768710,3456992600,3629211211,2108829627;0
=====3023023925,3615045213;4102430989,2497467791;3577642417,2059321169,3006012284,991575719,1004468788;1
+++1907278409,841576236;1851163145,2281534794
++++2263411830,3426362704;2329509833,1407830739
+++++525615526,2102628745;1872984649,1361528781
=====549404525,2712288379;1838870756,2682744303;2652608669,2496090708,1354804069,681318435,4085378503;0
=====1549467288,1536317083;3078507443,3117673080;2125537903,2838110641,1552043346,1869632114,2021990397;0
=====1305494132,2420067155;2558403033,936849764;2543281754,2031939150,3441946491,3202387411,1407224753;0
=====2526553528,2790359142;2477978277,1181947725;2292475967,2571845789,1868668385,1717455053,2619136182;0
=====2066728275,2846237054;1462720558,1262832604;1625085538,1141193260,3254555906,3320940637,2090453701;1
+++++2450718981,2307958983;2487681855,3067100620
=====2092520182,2079836023;2851738052,3468601287;2258065488,2631512077,2136368488,2436127600,2101253321;0
=====807179785,3175242810;759195294,935990514;1892877501,1669787371,3637931365,1552910908,2818156556;0
=====3583837633,1099090474;2240818779,1460822947;2522628442,467052423,2577793714,2049965551,1287287493;1
+++++905655645,2416662223;2641994045,889376800
=====1355833376,2429889877;2379420550,1723822082;1891385662,2283562203,2040521198,3404780856,3193343645;0
=====2055310340,1088833266;2170167163,2511627861;1901644885,3650202831,1981078697,937353104,2405008488;0
=====2548781757,2367617247;1334444731,4130812231;2018366695,3172529670,2028611614,1001495379,3424767259;1
++++2796850062,1051618655;883170986,1145043384
+++++1187000417,2964392857;2364596817,2612911192
=====3720401056,1409588677;2059458356,234592426;1652827684,1553431529,1684090684,2339030288,2656424571;0
=====3025308707,2853801275;2553083172,2151465962;1536542781,2577109641,482659469,1811367331,2752388606;0
=====1971797496,3995347839;1624477369,2715138640;2665467698,2532064403,1363779804,1323400891,1876869246;0
=====1027861497,1692393026;1285720934,1590248336;2153641197,1387512781,2712089526,1033745460,1550402520;0
=====2173165345,2808122253;2843899764,2747161081;989852313,2179149640,2864696381,1552213089,2045495541;1
+++++2352700467,2523024064;2068258833,2050947034
=====1556635557,2066331608;1410314901,1968293178;1031633190,1913408987,640236414,2447633538,2705594708;0
=====860923940,1559299741;2004311087,2624925713;3230631446,3595220640,4031159092,4062335776,818204847;0
=====1075348776,2033776858;3448096255,1667966332;2175226095,2289068933,1783154798,1898233866,1883340360;1
+++++3122797374,3568305054;2011906291,1296888028
=====2987269961,1771577089;3809531761,2459628220;1651109350,739062806,2538182018,3384741925,2538546351;0
=====2341759163,1808917093;602038958,1994444816;114342133,3712506367,2529577937,699489146,889716162;0
=====1050212671,2605720041;1078622624,3282114943;2047062193,423817334,3437684648,2700191380,228077943;1
++++3424845326,1590712143;2447563688,1862680912
+++++2945468816,2172240475;1782885052,1705187868
=====1303911442,2356557525;3680468695,1503201524;1116913385,1889339109,1387549183,2615932913,2550471206;0
=====2541700727,403338643;2871879695,1313119704;1724364767,1359150654,2648887218,3000668837,1872327834;0
=====1825617610,2605410784;2547228149,1568351915;3630338692,338296729,3029173655,2676564976,2729856070;1
+++++2276120914,2542494077;2592742010,2419105177
=====3394603124,3211321806;2166178639,1394303232;2268873797,2331735334,1517358664,2757149424,2625373111;0
=====296540763,2231894511;1732306921,2813225881;1810831105,1795374792,1352502449,3157711244,3680241416;0
=====2943245926,3995392889;1166571339,1313134186;1804478197,2448742108,2277856841,1712322952,975072923;0
=====587457806,2512105642;3773489768,2712880868;1083369387,2535826151,2293119961,1951934217,3396630983;0
=====942115172,1085322614;3264796941,2895075407;2359960458,1082280566,2949025753,2468065407,3208058154;1
+++++2082497021,2064254968;3080061306,2469288826
=====1325850038,2032546361;1839546296,842085515;2406983898,2240881922,2457189079,3317655906,2706999499;0
=====964471176,2622258073;2244165923,2727043966;1870090773,809549189,2019439531,1694921926,2204385481;0
=====1849965105,92849868;2017333020,2290826784;1812335746,1211532110,2219278776,3237309977,2250412281;0
=====2366439236,2625744867;1331595586,921789163;2012069882,3572708194,445454664,2049482150,3436908994;0
=====2350232679,2239858673;2786098624,1863952441;2875507979,1153429188,2104474038,2404020781,459294597;1
+++++1101456328,2277509417;1512009622,1161942396
=====818641067,2653198805;860924838,158066435;2159160660,1013363585,3278809941,3710483560,3262119697;0
=====1599221158,3347163360;2912438889,2116027041;1539634886,3018755141,3311927624,1306121863,751190507;0
=====3528358536,1112582437;2773117256,1977524207;761610999,2551674873,2893310234,3516505053,2134477309;1
+++3315525595,1995458364;2511872444,516347902
++++3589592122,831446685;1789751362,2657692062
+++++1747516949,1122784538;1540981242,1201813242
=====1152889386,2150371735;1643845500,1746971535;1551049296,1060420075,3415568627,1784332381,1718946223;0
=====2426152452,708565067;969376171,3087928810;2031753922,961351002,3057766776,3232117073,3151165512;0
=====1621720506,1302999716;3874236293,743021324;1780083289,2172333395,3426082219,2220212042,1509353277;1
+++++998482857,275074016;1624218813,966437302
=====2959975870,1425132799;1932592897,2063281231;592142672,3072494065,1077606420,1378083657,1031935868;0
=====1470441640,4090309640;1704331612,1932075951;3036230491,1792926459,2870406093,404147288,3340747020;0
=====3099557535,3371386258;1355488996,3311354956;2514263563,2655938426,1039693837,1823972047,3867894761;1
+++++1446055091,3636582610;2577769086,3093011731
=====3108462573,1380832986;2360688953,1192023549;2166098106,1627853561,2739106710,880116282,1306769204;0
=====1148275363,1214365068;1960415319,1639912132;1964049297,1709250855,2091714673,2475056125,1280683985;0
=====1996499867,2088206621;1565969606,3370379851;3627690664,1669902237,1792253704,3240284154,1447740734;1
++++2961512884,3543571590;1565941112,1381845519
+++++1245282813,1615804421;1417763323,1682903752
=====2011234678,2244526696;2831174866,2203632410;2431967261,2678729574,2927662171,1964431713,2265160537;0
=====3448369344,1165533245;1385478716,1431715552;766598324,2391189304,1845696363,3402598139,1887552176;0
=====2758843609,1862401151;2053098484,1315817164;2871652459,3523424424,2715106168,2137911118,3235540134;1
+++++1218916316,2965757448;2563531896,3791161431
=====2740512442,663216212;335673461,1702948752;3177579214,749212344,288860436,3522520952,635571631;0
=====1768161674,2961097347;2509076456,723836074;3551166064,323376381,2204892098,527712291,3796713591;0
=====1216315645,384618896;3270017724,2241611800;2648562338,3152376797,1965294756,1221850698,2536283731;1
+++++129556408,834733525;819010202,2060176181
=====2095618247,1651274853;2429171269,2419796773;662584459,1782843875,2163721389,2510560359,998784605;0
=====3483549648,3642728666;1769179605,3894513685;1185956206,1568904301,1047246580,1992568512,1702962857;0
=====1634456012,910237226;901658746,1937117613;1301826993,1642041065,1870968649,3350990031,2623999418;1
++++2080609294,2275413678;1816064722,3673326537
+++++3400704836,833483657;3044891042,2627454523
=====1953818031,1983056886;1549548839,3055584081;1724403171,2567154393,943479894,2327504321,1600848178;0
=====2314004499,1947543427;1674889608,1578177352;1813383946,1917147769,3990215867,2223135493,2661242612;0
=====1358551493,3145815255;1501490265,1699543859;1242716732,2400353537,1519922232,3303200749,2836783662;0
=====2147077364,1367071293;2951248285,1449444692;1520636486,1384676667,4054499019,2953118842,459322884;1
+++++1654472273,1977113889;3036941681,3306048370
=====1324554653,1740927710;1603658753,3447307020;2489854221,1658179472,2286382620,1971512073,1103919579;0
=====1952373406,2344523821;1427569273,791120022;517992730,2649431472,1730364231,1552477452,2236663332;0
=====2678916614,1081675477;2306701022,1634179899;3463307020,2693637439,2323253439,3029940405,719704819;0
=====2613378489,2095041040;3611150084,1840698939;2860052395,609182089,2107336602,2302304043,2153536812;0
=====2609041473,2557655279;2159641237,1129719879;2856271619,2981508642,1897808054,2900585307,522597288;1
+++++1963842362,1741351358;3312253654,1970436964
=====1709033217,2188658373;362533414,2054628777;2136205363,356550388,2578251690,2016708080,3649353612;0
=====1254743461,1308244896;3429209990,1405218392;727533778,647143887,2056519878,3244174368,2512437461;0
=====2341651167,1798803288;2128841697,2371273572;2691195642,1448729774,1916198721,3970038360,714895839;1
++1722727047,2822937360;2572703303,2468733368
+++2043990329,2961186296;3249442804,525487560
++++741624454,698031569;3533323737,2079208288
+++++795387468,3394969866;2651064567,2988670808
=====949717737,1974143166;2378636706,1959168195;2043129151,1399450156,3134545827,2130970419,3944679357;0
=====1705398342,1053885949;3050483790,1492078414;323041399,2819687748,2607801042,511594837,3136366054;0
=====2399579457,2821291630;3182309077,2865012685;1603410804,2114103874,751689675,2320314601,1629516423;1
+++++957960509,1882065681;1733251209,1473959941
=====1953247692,674639589;1212405043,1540255604;2543599003,1709077205,2646057390,3681386720,120444939;0
=====543149660,570063020;1616332230,2888555507;2223616522,2716414903,1390182566,2038483724,3653551866;0
=====2385606819,1803868290;1202662037,2958942010;3097201215,2187410259,3358920162,1143167063,2014021947;1
+++++747813588,3609199285;1749559344,1220848907
=====1589530259,2246182561;604403382,3200600112;2516568781,1616575231,3215947312,3529864613,2394648090;0
=====1531701195,1147824124;2134546106,1570571078;1672035768,402891159,2417618543,1952531917,1008903043;0
=====1941011245,603942044;1586014581,3205436631;1052398710,3128356290,1441838085,1003613978,963204427;0
=====1712231859,840055478;3340454848,2739667298;1730090018,3610480588,1953833601,1333739876,2007551450;0
=====1794243564,2308087711;3397960544,3833363664;2283390895,2593707388,1954089411,2039465035,999770720;1
++++2763279332,2591418905;2792165017,1952881163
+++++2558059741,1345352492;2643989779,2350462641
=====2556491817,1571110372;1268976404,849178894;2624493597,3730880021,2685512162,3449046925,3619069244;0
=====2782181294,3121561030;321117587,1088103666;2888556643,2074506756,2192426818,2762241749,1551363056;0
=====2038130094,1872554519;2708135243,830183473;2295285163,943613237,1306566407,3549561227,2960193726;1
+++++3769066541,1532871024;3611219818,1866364073
=====1695810150,1947826115;2286102253,1153649925;2603067341,2866321944,1802724717,2126497064,2082923585;0
=====3276895517,2221249938;2339651670,1032414053;2204905683,2709370055,2515150900,1295228254,1004071844;0
=====1493990892,3015313481;2305574646,1297271180;2239581084,2182818855,2711346272,2097762997,3140477700;1
+++++1377314431,604308691;1499935549,1812040895
=====2864365515,2961859498;2793849316,3047694138;2464126693,1383583075,1417858268,2048325004,722748037;0
=====1525289785,1531823856;2449489226,2579686961;939961220,2323595224,2057668426,988727273,2790488400;0
=====1351928842,895356470;2846108215,2451361210;2082694741,3053983710,2069440340,2098581302,1894044579;1
++++1502962491,535002549;2348180930,2169866732
+++++2361043637,2293958550;4166086913,1463616974
=====1831023703,2809284856;2647653756,2154296974;1059802794,2823720590,1245712496,1539472056,2121485853;0
=====1189184826,769708201;1683405079,1811785890;2661324399,1528717681,2844446699,1626972526,474410658;0
=====546871640,3558040742;665016244,3021295755;4093317723,3458680238,1435251990,1716826390,3580016133;0
=====1570311529,1116830732;3168077994,2828484623;2529019744,3171421247,1104622091,2011108757,2798835750;1
+++++1734899712,3116564234;1542604309,2448641788
=====1978873069,1056046185;2444299834,1174846752;1940993639,3700071404,2532187051,2777374539,2386806449;0
=====2005736583,3235242507;518742701,1675524347;1185295409,545170052,3643642223,1884671336,3240709249;0
=====2458205934,2200145441;1435123569,720819975;2142426891,1809291474,3346437511,2399557925,1762729217;1
+++++2835102116,3781335693;2610746648,631075659
=====3173459056,1150621787;3042395107,2947165037;2178622606,417847690,2559661733,757538943,2303206002;0
=====2467095306,3555530841;2735107711,1314274808;1836843845,2034789213,2632153086,2319906330,3398210626;0
=====3193117264,1039225811;2334207243,2074578318;2918538691,2259030804,729658229,2088661517,2030661428;0
=====2355544165,2431081350;1666669239,2954281096;1434619172,1947410401,3856141115,2713951475,3055167927;1
+++3419259935,2414574775;2367126109,2860886256
++++669703852,2445111470;2780854949,1264074484
+++++1054664937,1846619854;3076840785,1948042805
=====1663722030,2273242703;2270888697,949793248;2840611574,2614257490,1005700448,2911212632,2237027230;0
=====2106753902,2420477012;847195620,2539480220;1150007014,946463605,2125645948,1402982590,3765961289;0
=====2872016808,2330191035;3706268428,2220450916;1965717276,1318049415,2575433148,3068019255,2303744989;0
=====2248088449,2464732752;2726103808,2357778083;1735591484,1320671923,1624842190,1977263992,816897837;0
=====1391645572,2216636831;2771787807,1742746441;3917424616,2866896310,1159773254,1628605178,3136546131;1
+++++982453077,1588229559;3129502539,2543644924
=====3662405226,2724746253;3924350886,3050876703;818742101,1328675849,1094153175,1966764796,1851349759;0
=====3232480016,1974544274;2219835116,3939494052;1292662180,1366511002,2719886978,1491374527,1420973367;0
=====2238055782,3400456767;2703035321,641729758;3234586040,1240654890,3148061405,1471466667,3795018436;0
=====3723185376,2558334968;1535430402,2662211178;1608083160,2545678061,1622486584,2994066018,2265541369;0
=====2731332912,2396991114;2517294279,1569803925;423159372,1710366506,2098017153,2522898070,3603250992;1
+++++1446382487,1368954962;1353757317,1472801996
=====2525263479,1449432029;2278891143,1917489417;3764558524,1470180576,3929502527,2972003310,2035615077;0
=====1494442014,3045005289;3177709272,827642729;2079883166,2047526648,2947253024,2429444231,1128102509;0
=====2731109092,2871320380;2907307790,2678874437;2749945041,2939753346,480907676,3732733973,1338509855;1
++++2832651326,2264477501;1577945195,888332559
+++++1570828321,1777599414;1348759718,3643022588
=====2324170852,1093082747;2141282147,841998751;1535439123,3021130882,961839587,2571385136,2810140769;0
=====3194056205,1147184575;2347736334,3378965335;899874225,1187394048,3068748809,1709708500,1058541311;0
=====1372920381,2114889366;3880757649,309210755;3275413779,2235681680,1151941277,2945476142,1084711072;0
=====2182653674,3616582056;2525944016,1882953507;2657785455,3741665795,2476138249,2810145892,3173430740;0
=====2740450047,2604774145;2872628846,3184797171;2243685465,1791916334,3222447065,1165002929,2771879508;1
+++++830739360,1140345990;2938453020,2266266978
=====2025259441,1596933945;1525341049,1728141506;3016478193,3301823647,2281066388,3546514786,864235230;0
=====2124053617,2051964194;3898232067,2492391148;242039942,2141345730,2018500862,1635521010,1694652221;0
=====3748101709,1878838179;3970464844,1660730520;1654614894,3470032587,1738847549,1607990517,2147188660;1
+++++2368087117,3601172531;2296968118,3519432099
=====2037151172,2303892172;3080022955,2080217614;1992546176,1836670712,1317411382,2483864508,3445033297;0
=====2954726341,1908958831;1251359534,2714682923;2517112594,2824841864,2129510968,3097357078,1820511356;0
=====2349222469,2211265555;1132959205,2306420489;2784892494,1389542035,2372783230,1606096187,1781183238;0
=====984772329,1539817196;3140204792,1914946348;2379989232,3100669688,3045867176,2675218361,3653739145;0
=====3215073010,1760206849;3202206654,2994442540;2585153536,2451171369,878934205,2619284128,2057770042;1
++++3196966278,2990403123;2471712386,2433131540
+++++1400017192,1999744439;2252965154,3560068346
=====2661862274,2173909982;2372643810,2989945030;2387173989,555101663,2894144606,2641403399,3267025288;0
=====449945437,1432644360;1850548865,2753156385;3034504355,1414906239,2701543561,2810373012,3201090421;0
=====2246218264,1659984777;1538007788,3965884482;3423497416,2136453994,1887866014,1079158727,1295753558;1
+++++3118365772,3064632379;1733077722,2001239595
=====2403511887,931845370;2185735353,2595012978;2498205153,1436729051,1585539159,1610407288,1917878929;0
=====1522978035,2659260139;1782354010,1611814530;1834887752,1741836673,2004488705,2658774957,2740511972;0
=====2266840970,992023342;2318669418,2774610931;1805594337,3526974755,633715802,3576577468,3335569711;1
+++++3522470149,2925102931;2511450358,684320229
=====3053006075,2271050486;2083519094,2329748555;2595525127,3610929859,2733111827,2212700485,2528309914;0
=====1868517519,3137309657;1382980112,1156332078;1123309499,1367667737,3924104994,1920537833,1893500575;0
=====2668314262,1007642380;1588597810,522385151;1457033037,1674003426,1701891571,2213095807,1727019316;0
=====2974232499,1905432067;1050045449,1931597107;233503188,2084075682,2762517768,2692559043,868317021;1
+++++3456996552,1974927084;1185081253,2505946853
=====1645306489,3278535888;2433848381,2178552162;1619096883,2681906992,736330563,2769676297,1842722985;0
=====1661377420,3017683658;2966936374,1655767323;2393343112,1816429652,2612031954,2913416516,540560399;0
=====1825951675,3166036192;2193940868,2618700016;2298653055,1864146961,3383248050,2087953645,1950220099;1
++++1766988653,1617043888;1182990912,1226556531
+++++2581744965,847077208;2086652665,2262401262
=====1775334158,2644357048;3004238105,1766121986;1961708594,2930700277,2470214812,2391279395,2754287879;0
=====2267987362,1151705609;694112250,1704443632;3041380179,1721420680,1682196529,1492669717,1288657774;0
=====2636509896,2714281380;3770950891,1294618184;2353460482,1078108347,3161700011,2206206776,2189831853;1
+++++1995893539,1165433721;1912293709,1645744514
=====1902708966,2207798852;1358664420,2398485622;3091925504,2676863158,1628833579,2679551988,2517068489;0
=====1690853321,1808677370;3261152531,2458045010;2492634490,1503373814,1328477204,2087406091,1913043563;0
=====2806757770,2225357377;1334962461,1820822403;947903204,1191466550,1656913808,1898633519,1887084715;0
=====1854559728,1846076127;2232633382,1713728849;1003531921,1040893910,2942538892,2460242971,942789635;1
+++++2242165121,2785272260;1501803737,2429199811
=====2131323997,3214534784;2403893784,3308612435;3375067064,2635382280,1688491655,2625196560,3211695485;0
=====876434495,3441884550;2050168995,1937367378;1679951069,3206509642,2179116410,3385470239,2637782696;0
=====455972654,811542806;2397555111,1741946388;3563925449,2220226082,3198231040,2714556262,1616614362;1
+++3866223408,1241184152;3077544739,1585232039
++++3524685779,1726017965;2174785672,1391749848
+++++3662356919,2617129319;2446359232,1471046585
=====4124154749,939585729;3331959750,2054340846;1866522345,2643176603,2019977716,2626369180,1310893356;0
=====1041907790,3552212101;1930865606,2224254641;1788927529,1282394567,2327837098,2207951724,1623182492;0
=====3009389651,2463872496;2548618708,2736034693;2152430566,871549668,3287805481,1396314831,2582293698;0
=====2430024364,3613574113;170064643,2388860681;3088735538,2854298549,3474493827,3773486733,1520024652;1
+++++2496385740,2192742886;1250476607,1689117286
=====1892158911,2855509411;3075852264,2648933130;1363205121,1644937746,2576342535,208731274,2359581104;0
=====1898063401,3368331724;3175593128,3197185412;1461994679,2847239060,2081455715,1873949314,3348584325;0
=====2240415790,3538456678;1061495111,1341690280;3226745345,1772949748,339261586,838683451,746526435;0
=====1540707400,3454171851;2790286045,2258833460;1874892140,1624343571,1061516798,1319703692,2610605391;1
+++++4076353986,1543590870;2429173760,1667647178
=====2242306383,2630368284;2380847251,1989725710;2569395183,2314516234,3179637529,1310481363,2719788010;0
=====2428817512,940543588;2229670024,2657679035;2284562863,1730839845,2791351001,2105171625,1755705204;0
=====969848825,2170109106;3236993982,1693079361;2036569258,1425149613,2328183289,804923598,2737193687;0
=====2864722682,2327888859;997541855,2694759690;1944867538,1786834177,3001031335,3859332117,2740941797;1
+++++2808863212,2230060172;1556516355,838779396
=====1828658054,2467270220;2648185996,1852930722;2505303602,1664093333,2151371363,2718900271,2096861019;0
=====1867436135,485684206;1996137634,3006553366;2883107399,1414884514,2602639758,1576632360,2127638925;0
=====2116851912,3164242123;1448700772,2171112301;2357451233,1396046724,2417119443,2205717790,3871968439;1
++++1919779834,2425311008;1354228954,3160979479
+++++1273840569,677072460;2287642297,2942863570
=====849959381,2432295391;2085700755,2543504986;2596635564,1435667417,2631132444,2123989082,1792111838;0
=====2293057723,2104965919;2775244687,2011138136;2401903487,554139263,2273129467,2066689528,1347952979;0
=====2385741924,2606082328;1885411431,2136063018;3393784805,3334953960,848529131,1583350464,1933923023;0
=====3105506710,1763028274;2491653844,1888760623;1748402496,2797429013,913224315,1704461919,773822165;0
=====225840416,1710376690;2819743101,1821225183;2396258158,1883468279,3000088762,1567506297,3441555467;1
+++++4220942946,3596878426;2507284587,1993925507
=====1752456354,1976203570;3559285463,2346800391;1540981932,1896360775,3883306880,2985898349,1488238826;0
=====1299814736,2029151029;2185822463,1188608461;2642713729,2153362145,1332295171,1035158276,4091458984;0
=====1192442853,2436412257;1255098494,996225549;3164327125,3467660373,2869198594,1899318277,1037660871;0
=====3783601110,1803284838;2347156456,704498848;1968153675,3645295395,1927168144,1555191677,2596083327;1
+++++877883259,1622793431;2133953741,2206010383
=====2103385331,2055422110;2170603470,1797009850;2277113944,724922167,1913636149,1607009621,2968421433;0
=====829672841,1254895767;2577757230,1682561365;1072223072,3566443756,2531852964,2168606765,2307732263;0
=====2931799931,3088954590;264822397,3516252938;2761108221,1688475717,2687387831,3546516108,1370469099;0
=====2121783717,3494806928;3020453756,2828561732;2832194760,2729727584,2240731489,863374610,1350315805;1
+++++1599119130,3101864915;3924801568,2030447711
=====1620847047,1545318917;2012392243,1734139472;2214819749,2768471760,3381610843,2626820068,1952710049;0
=====1802929592,3367964814;3585397613,1924516970;1780793158,2594998114,1332273650,3362710933,1974169964;0
=====2944848856,1111576585;2516007370,2787520854;2624047140,1262632789,2061708239,1632686229,2174513037;1
++++2433310440,3333886957;1408762351,509128490
+++++2194656809,1890086215;1107363424,845160824
=====1987152373,1544726711;2711500885,1762681514;1030468691,2197642411,2837534704,2216312788,3253354557;0
=====2479345900,1909692684;2656116791,2532569526;805797054,1287147151,2424748944,1612933512,3321544972;0
=====2250181316,2497635597;2440950072,763397753;1538283721,2557706770,1597050956,3072123344,1859230529;1
+++++278819787,2782527290;1930230282,754703561
=====2533992543,920059530;3468848123,2086631238;2433176380,3356070108,1977924854,443267254,2089416467;0
=====3282229287,1600428726;2277942089,3070768542;599069746,2293379983,2544575238,2774112508,2140115738;0
=====2080016811,2141914384;1504913765,2705942286;2277545434,2889633785,1734882027,1244397527,3098411646;1
+++++3859826500,1302182108;556566693,4004812935
=====2487522185,2364721872;351299591,1939216116;3015850886,1683550954,3369839699,2751339391,2343378656;0
=====2988937539,3512054301;2670109750,962824602;1821909274,2313044786,2392469441,2936572264,970593585;0
=====1019921481,230302395;1963549047,3369845169;1779411404,2372968760,2909213179,2299346352,2927615021;0
=====1150761377,2436469521;2588278721,2525927225;2385005733,3106556762,3001709053,2545769097,2631555857;1
++++2902604238,1264733526;2230154635,2852414276
+++++1017890860,2348482334;3165678980,597852927
=====1976992849,2992005037;2409846250,1910222531;2780368863,1697469612,2839939674,2198319318,1813528809;0
=====2617587837,1796589549;3283920855,1865188767;907125556,1994280917,977395050,1821576036,1831601248;0
=====1405159499,1098205343;3576788042,1337029116;2753035149,2749467575,3060276230,2979374236,1276565485;1
+++++1975366094,1832152880;1542392034,2467628712
=====3545676464,2141022498;2456294102,1938897636;2391127395,1039507213,3351231338,1020819053,692608001;0
=====2029248094,2424699304;1616091809,1977998959;2146069932,1328332404,1442343388,1783808720,580394313;0
=====3295922436,2296656458;2981840381,3209778681;2166060211,2014816028,657241362,2568890579,1410880076;1
+++++218468337,1553975458;1971428938,2594271397
=====1938094499,1737121839;1306024559,1814278136;3407351654,2370506563,2339170021,791653628,1332890374;0
=====2972613069,2115779318;2889367299,3227230804;1235948275,1896105127,1307348718,919420773,2958332287;0
=====3038964850,3564474995;1212850366,1443115729;1349746363,1298620462,1682892437,3425215764,2035656729;0
=====2360821631,2683969581;1169703064,1106534510;2339895207,2346132127,1676547354,2369536440,3454967221;1
