5;3;11
+3631704875,2245734544;2938608714,1981345969
++2939037038,1696352006;2451370804,2054436938
+++1565680929,1501150515;1510033873,1591501623
===1637705923,2646374385;1422795840,2380434949;1748764966,944310146,754647017,2589601598,3363073259;0
===396226634,1588855626;2672916978,3229608596;1440334562,3459147954,2695738446,2145635327,3638264528;0
===663203214,862240091;1218630340,3068896732;2560477286,1085348380,2679343376,3903007802,2818660634;0
===1479407268,704948007;3341471296,1110409388;942259228,1766746482,2522342060,2440905308,2571593745;0
===3027209163,2708549323;784355701,1684089993;2739330079,1421644668,1149368223,1808584450,2292927019;0
===2817981708,1948055481;2842211228,1652233299;4054227602,2489456392,995064315,2698047384,2222475757;0
===3101689319,3235596682;2148015281,2802701249;2611506290,3417865769,3051742935,1563543526,2111533779;0
===1844422157,2943495455;1601369065,1902194743;2512831744,2469334487,908807276,2143416678,918099231;1
+++2181155326,2478319366;1481820939,2787128806
===2810667326,1602375755;3074128819,2971750326;1701668868,1602823831,1901255171,3246793252,1241119926;0
===1540899049,408988588;2059549612,1426133007;1339949516,2398426982,3866158287,3018082141,2661221977;0
===2705384769,3630506394;2849832475,3541501141;3351185937,1229809390,2829170556,3432137304,1528012318;0
===2596478259,562046360;2062158841,1114712327;2848077647,1079347474,733697110,3012950608,2951775544;0
===2149102374,3154470006;1598462197,2375730026;729740607,2764031143,2536311120,3341307704,1488562944;0
===1683906793,1127250457;2333498077,2615975833;3041745404,2094021945,2824769850,2110719994,2274476034;1
+++974765821,2922035614;3873821979,3604482925
===2533772475,2567503973;2274994050,2635750967;1660789217,362945045,2764414185,2923239691,1153186396;0
===1008867973,2521934612;1607682991,2205918535;2735179552,1919174069,1998750724,3370626660,1867081218;0
===994667643,2350571416;914875835,709410409;2875252000,2259710168,1317562251,749650568,3061941167;0
===3293017217,2917702904;2221030701,950958556;1573313474,1759341527,2671066904,2416578310,2287689039;0
===1570178339,1752987601;2042724520,2219090472;1962532093,2223462131,1532178468,2024141968,1130463991;0
===2357360122,1530509116;3695223234,3994139121;2537796067,3724719657,2811130402,2535806967,1214064857;0
===2543192811,1623753148;1709021975,1757229631;2499910316,1137806697,2592914301,2405793734,3526931168;0
===1845030983,2328466928;1956702578,1606986493;1648312650,2272917728,1759711988,2233235872,2392259837;1
+++1916228605,1143690118;3079347234,1720196125
===1734198968,1272530170;3303052939,1489792951;2194009980,588205240,405612287,2657445699,1730820882;0
===2304694521,1476899728;2036533025,972883206;1297810980,2269785997,1826664249,810156860,2246440170;0
===1735304869,3233208694;2887479138,1919614115;2423267286,1565480303,1035596622,3091731609,2382038829;0
===2277367240,3330398222;3484758113,1594720133;1452860299,2154823661,3627250554,711911252,694517522;0
===2727936390,2426497236;2316130430,656678950;2993340902,3153258724,656227502,720231714,2790333435;0
===645419121,1034584483;3076774161,2401503804;3535908587,1960762483,3562252296,3560121468,984914729;0
===1153686312,2197691255;1922340798,1919910394;3035136572,1621342353,3344793589,1616818409,1859323750;0
===3171997906,2014229943;897298953,2460385685;3091405074,2087134628,403942887,4070232402,3243442771;0
===472864863,2080474094;3107649669,2452273140;2637332905,3384804796,732863752,1847735586,2757746854;0
===2879688698,3105152745;2850748970,1938071440;2029747900,493256441,3854934990,3330060458,3482352767;0
===1568667678,2798147162;592691922,3053766922;1109921188,2127342744,2895195913,2107709418,2876673649;1
+++2223236999,786228410;3153028380,2487572690
===2449754961,3066745896;1715362731,1400368269;1900345789,2208008448,1803453693,1455605191,635460607;0
===2490395493,1688098015;1659946563,1814311332;4101984645,856479579,2054132182,1317689812,1205048041;0
===1105359135,2911278286;1810587690,855315091;1481493820,1671472026,1932240568,3738758787,2638483789;0
===3092593810,2621660537;3022462741,2360410804;1995099527,1859320214,3065461329,1233426435,2557303171;0
===3599458548,2095978026;784688477,1919629695;2050269252,2599344095,3381073304,3047613615,1956436865;0
===2921384039,2759508785;1787461262,2047114998;595203049,1958002283,3368738009,2818613608,941866975;1
+++313054260,3356768436;3211957834,4044535576
===2011757100,2482636419;1887219794,2635464165;2212541473,1571450756,1878823086,2049815955,3381697355;0
===2599696388,2748362130;3439796851,920307409;1321170756,719555688,2932828465,442661674,1320284742;0
===2179956005,3211376477;2181126295,2132259041;2035596475,2198884240,880678533,1769468280,2421381482;0
===2290074381,2811797733;1063475317,1705475432;2175630606,593887089,793018602,2002342204,2038330677;0
===1345430798,225077069;552690395,3891628703;2225701825,2090992411,1774598037,1986380737,2992761288;0
===3006254168,1371833160;2288213268,725947750;995782347,1289640902,2826999493,1979265671,2304679148;0
===1501383127,2272672144;2915458204,2016998660;2502703009,1948603567,2319857402,2833659297,3903607504;0
===1680502794,2472911964;925411183,1556179300;2288728371,918357265,637789414,2912240987,2087917115;0
===3185910374,1826816057;1965747638,1686246706;1099706262,1388411860,1864473458,1868531219,1475506675;0
===2270390781,3052443664;2810940416,2005252862;3224267846,2377510606,2849015064,2294290488,1423795761;0
===1501391356,2404965913;3493558545,1832878228;2922379815,2158283785,2555899648,1869100692,1890629149;1
+++1690786019,2419606491;1420140211,3152746178
===2718049133,1489181354;2139730918,2465692169;1558040448,2525786594,1952167942,1823430164,3197367398;0
===2327239063,3792869233;2374408765,580714181;2570684084,1932832059,2105682086,2151129618,3198331257;0
===2738162805,240058510;1491569778,1174936329;2135680423,3082305078,620005608,711396507,3837557038;0
===2795065524,1370882317;2078803590,3137284111;1734056904,590399098,3230364474,2891777261,2121455846;0
===1757551037,3544809239;2199903709,1846894970;1521678841,1592507661,1954912430,1485636107,1013138829;0
===1306808622,2240644755;2091811020,3575611645;3180969368,2218779084,1636091857,2248139531,2157755528;0
===2754268248,1374812063;2691741130,2183625591;2591615131,744799731,1585417612,2659058767,1271428697;0
===500531690,2780902465;2540081879,2311941122;1929140421,2104649868,3351781943,2069853785,2924506885;0
===2302237260,2195315069;916338713,3012101224;1594690148,2179492500,1561360490,1960272770,1136358057;1
+++1372570272,1545069086;1493477271,2872307708
===1874290402,1684378589;3779773453,900274021;3177111102,1985543373,3483634191,1673057147,1060126052;0
===1245513860,1913899706;2601523393,2168959604;3589656016,2513300987,1931600067,356731035,3333058113;0
===2238699664,565806497;1491558257,1314069408;1841865362,3322677667,2820538555,1102554793,1512358272;0
===1049926472,2177829793;2981268139,1154586261;1814209544,2104776212,209805229,1946289531,3905716373;0
===925616119,2033842970;2996629251,2333953159;2567377731,2275974288,2226573640,1449137979,1279801412;0
===1657975747,1597740668;3584905649,2540995885;2507611809,2039756850,1937478710,2337788620,2572820352;1
+++2681272305,1360388028;2321070449,1759995421
===1295901369,2486089159;2995844618,3878768382;2706306801,1466834952,2784498238,2865138407,2030858800;0
===3125420570,4092721687;1923141367,1340722153;983887758,2459333937,1426390978,3003261181,1115062052;0
===2107733518,647743910;1815302884,3573665923;2172657057,2935844493,2357580003,2117815417,2605007768;0
===838068639,3324635007;2112186349,2787721709;403927523,1656735192,1351721531,2393497028,1749178294;0
===3143655261,3928395269;3019734900,2913977915;4155972068,2696794120,1845797716,3657777295,1814585549;0
===2599573744,1473057941;2461176677,1652006321;460118314,2301752538,1923401006,1957015544,988698692;0
===287889429,1728435268;3538547135,2951673861;1599426982,1974865230,3955271259,3154405846,2784836602;1
++2000881897,2864006856;3168313162,2924589089
+++2118725561,3023995337;2418246592,2155140259
===1433845544,2900518260;1149181128,1723908462;2113748548,1854401983,2845583017,3937064809,1350525117;0
===2645043484,1965925189;2802511266,846446012;1995643131,767014841,2114656742,367546561,742823038;0
===3318569031,2210666821;1213038075,792823818;1252248982,2709632632,3211397819,2873527919,3830358379;0
===829817550,2208026702;3208634169,2128520271;1361316366,1474433310,3986275437,2134738860,1466530250;0
===2869166820,2270881990;814778354,1789173876;2640977643,250447574,2282080686,2632930409,2655614262;0
===1787183287,1123248513;3199119401,1574957352;1440609186,1776186437,3878600193,1399938326,3268681923;0
===1280466373,2140551380;4004763143,2806473504;267390409,1345367301,2547789687,981396095,2107250558;0
===48592149,869841940;1536049976,1558987558;2002341852,1108368840,1245008275,2973961506,955699473;1
+++2270790424,1846111643;1610104583,3035278245
===391030123,2576550035;519606876,1565555057;603566767,2853082857,3040456297,3491884828,1768053812;0
===440505187,2451525410;1338261264,2181253070;1010294131,1793075534,1934179515,1399080111,2679479498;0
===2457593742,758619452;3062481785,405302064;1502479281,1586729691,782286886,547582553,2473486442;0
===2079559391,1116026594;2689937711,1234042192;1153333134,2470612487,1427725217,1314344757,1640890465;0
===2844315560,1454617647;2680074640,2946740523;3358563073,2484539296,2555758462,1996453290,1154608509;0
===3047206220,2041470819;2614606276,2613396671;3974863677,1400034995,801878596,3013792203,2005387474;1
+++2389528651,2055904236;988043889,1523861246
===514633677,3489774656;2438849530,1913765273;1873235605,1485747172,451105352,2037681301,1860428516;0
===2106457850,1181863120;2555146363,2752416208;1160282894,1875667932,1540679230,3120799273,2667122650;0
===1877441428,3781872532;2088070164,2136547134;2417795567,1092277723,1644674566,2125570247,1052484784;0
===2095998116,2012174085;1788516023,3474337995;3071903897,2205728811,1536805233,1844704067,2202725854;0
===2124937733,1520005807;894062044,1936648140;3464379240,3114198852,2165665833,4187500491,1487906611;0
===1271717952,725580260;1950127526,1693921763;2846172602,1207859147,1806191539,4158274899,3665318604;0
===1597353390,1686791339;2500744170,1384252636;3711302319,2199610568,2165265103,2708233029,2042926614;1
+++2807423455,2518308935;2075938478,1612361676
===1357817645,2092785613;2323228484,2923435587;1007087250,1788082301,486263244,1727736153,2110335877;0
===574875844,2351209015;1484396844,449928794;2572328218,1598355692,1776117685,2319270179,2797727625;0
===2930171787,3951348362;3230093531,1784932619;3244253954,888097270,2183835818,1784823549,1128606915;0
===2726056552,1308261030;969256104,3164813188;2013905825,2625025659,2708730680,892575508,2261794031;0
===811658018,2631097693;2614589022,630715164;1113461248,3276924752,2494385172,1048430807,1653974439;0
===3714161704,1734251514;2438722729,2893905885;2582380070,1480373540,3413710404,1965969724,3654972743;0
===3377957953,1020601089;2210591533,1955841230;3638683897,606187074,1639377935,807290591,3666632446;1
+++3280402393,983517237;2164185697,1859247148
===3190473919,1188041227;2810164702,2979954165;2235706796,1990912639,2210461792,1871774291,3304852627;0
===1907573707,2022809693;2795696888,3512625070;1678147665,909836880,2118712252,1338787945,3276406956;0
===1016645254,845566680;986517480,2169017973;3131921433,1393655888,1773101429,2367880069,2318663259;0
===266860370,2487625257;2365770333,727223158;3920351945,1578847578,3477400547,774863016,1600561609;0
===1053975662,2140095644;3905727125,3376575396;591894839,2503316171,1769738284,2611372593,46863746;0
===1876959447,1347909879;1893108231,1014892697;962069330,1967696487,2987350952,2192896502,2739539686;1
+++3517389257,1126555196;1363867958,1873223417
===3549602663,2730318292;2391386120,2413543555;2252936309,980281415,907976851,3449882694,2091658368;0
===1401101215,3194824150;3006527919,2129238709;2893682773,2175397443,3052588087,3044843844,3256333856;0
===1464942337,1617375203;1377303501,1907907936;1039502405,2344583012,2538025426,810701358,2397688371;0
===2808945737,2108383671;858390747,1189271904;3425468742,1214766594,1980526118,1884466250,2022879883;0
===2108803281,1674356070;2225305727,2008170125;1608809857,1495731531,2167816314,3730041088,2583237532;0
===1070412823,1472362876;2449698679,2771925839;1342656765,2594652284,489953996,2625906916,2990223749;1
++1855146902,832514685;2085873530,2847876691
+++3380735443,2220164582;2188537309,523093729
===2520440410,859313686;2640635424,2050578184;3041857180,4114616986,868341196,394946559,1118849432;0
===964484324,1751155879;1620916245,2050785734;2208835434,896405637,1737326015,2496221405,753370173;0
===2564950940,3160966099;1523988782,3946146582;2192549415,1459969788,782847378,3154334854,1247684256;0
===3227129658,901711670;888599597,2159137035;2598463454,3273463472,1764804393,1030660163,3394935605;0
===1872907182,1532123128;2406348051,1908597129;2259406639,2298821584,1653172884,2443079131,3534418277;0
===1195571842,2071532554;1948279004,1861850633;3180939810,2137142497,2285819428,1858582800,3367885146;0
===2373029298,2076007687;3354980480,2379685277;2240604857,1933207815,1551778081,2113405982,2854248174;1
+++1811597182,684074630;3722443858,671666900
===3696270888,2095039886;2750790862,2327888323;1687266534,1214291137,1870197835,1352878969,1922119032;0
===1608787494,3389479100;2094054036,2120679030;917768435,1364156116,3369773982,909011081,2017356517;0
===2804441459,1589589555;2995601290,1136346592;3248564224,2718021624,1009135745,3885606734,1199684349;0
===570100499,2937769534;1431064678,4213710884;3609733369,1517287359,3223603194,2681864443,1123897416;0
===1524152765,1534747023;1605645585,192915424;1405698041,1395622916,2338179928,1341129443,3675146801;0
===2313876898,3681890232;2316513247,3094769824;391490433,3667124713,2331380630,724388340,1385503345;1
+++3416114941,3089050904;1771775382,770083745
===2354829300,2327388504;2427953350,3519921965;1179260156,2154391178,1095186865,2512830665,1649683692;0
===958429248,2296750981;2929380845,2852418714;456293904,983376611,2292395743,2643571635,3826187088;0
===2304780544,1387384093;1548333736,1302955569;2387134805,3151643997,2170871534,994661118,1324271348;0
===866091621,3524694018;907589334,2988395041;1745536085,1518228086,2486429624,1685026627,1388670571;0
===2636749557,1987676794;1687544441,2245819912;1227013150,2632675314,2030964691,1175506644,2514848126;0
===2519240427,2486528031;1290056369,2178622816;2118028573,757602476,2166800621,1475735957,958599974;1
+++1496230427,3554599503;3571766895,3386414471
===922255073,2742590041;2678545261,1811335692;806489232,1492463241,2389434647,1841126416,251505075;0
===2680465168,1705583386;2597284286,1722622870;2123342672,3376031156,2112258067,3158496396,3856190827;0
===727068275,2333323790;4204457361,1952903635;1047765375,2588865929,2908049480,1853973604,3347762970;0
===2314310665,1221877775;2457577643,450085167;2175951393,1406128431,3637141723,2476557455,1642323628;0
===2586756174,1953873853;1229115980,2719027555;2191078200,1073287555,2872123958,3523242888,718128139;0
===285369403,2270439405;915166396,2310849408;1905527002,3081361633,3081918870,3658368029,2930878799;1
+++2359672674,1181572503;1165157425,810461096
===3398299945,1685989133;1989056928,2345731177;2915398452,1484186345,2396057451,1644283686,2168628241;0
===3219525914,2025799772;1917801393,2038898132;2284142195,1494266438,1531560549,1265596538,2790248436;0
===507157231,3585433693;2282774142,3083381105;2687067132,3338955495,1806369229,3586762805,671229358;0
===919700539,2809421656;2670775973,2394211397;3195508033,3024853858,1091667812,2367862424,3720967179;0
===2229460776,1744053329;2349187037,2626523265;2625025302,2133931177,1223487563,2625902149,1594917365;0
===1145493517,2491875434;2365029495,2266831561;2018897750,2101619439,1118199359,1490019718,3143005844;1
+++1476832122,242748732;405022223,1368559917
===2062709140,1875004506;2798626344,1840897508;2149162649,2130020217,3213167378,1414559801,722007761;0
===2666791325,2360155342;2315339292,1385447724;2256718609,2657571177,3300189599,2494581199,3705772186;0
===2360905838,3419333170;1475212888,1633312290;2261741458,1868645714,2861982094,1691817341,2133182628;0
===1534153583,2841887097;2821534691,950022806;3260799141,2574024666,2339757468,2995019499,2209387653;0
===2951167210,2285330560;3216417412,1574277474;3136704745,3132817281,2823910399,2274564206,2996815145;0
===1519135587,1089690046;803005931,2855291117;213925318,3286305558,1593499355,2781440171,1438444531;0
===1792284140,3296139533;2888955730,2056093539;2736016202,2309656232,1993502955,889250474,1096769376;0
===3149977500,2657542136;2250953734,793747900;2086182537,849100538,2572151954,2739699112,2775153117;1
++376036638,2867606199;1937234358,548419322
+++2062136152,1459564211;3078524958,1943200338
===1859445393,1851950075;1491654232,3719972144;2420744121,1547081101,2846595719,3470382467,1792106152;0
===1869306210,1895810492;1770518292,3324024100;2835553018,984464547,1389638912,1756713119,2109084673;0
===2802582256,1705669419;2100091849,2648230556;2603147221,1546798968,1898664769,804762053,2474967150;0
===2485521312,2366143737;1084541232,2498362260;3211894764,2723683222,3209420908,2239591051,2229921183;0
===770428531,3777851649;1303783576,2241270221;2632278952,3063940624,1796605742,1259815809,2090175989;0
===2739512592,3276877045;2668922997,1272465349;2813903203,2047453302,785031485,2541668186,1740006576;0
===2260228978,884236694;3397183568,3676559103;3072818115,2337375354,3439188604,3044449946,1742796433;0
===1030322779,3071061192;2954876002,2004039533;1938950527,1610606083,1457182996,1285634172,321863181;0
===2085925764,3753833343;2065873908,2241021185;4139795423,1892775929,2530215324,880275842,1531022530;0
===2008033803,1325453051;765574214,1195515910;1647894544,1882661508,2344724895,2838105337,2236631711;0
===2311750497,1110772411;2540325675,1904856365;3008685231,1380530570,672623414,3365255800,2280693644;1
+++1075805104,916264737;2323076638,839997742
===2163113032,2306602160;1166602814,1153933021;1827520190,1913600980,1179329004,1060999278,1341852724;0
===621414290,1600996210;2326093088,1992675406;2393192767,2500704966,1348396448,1443299691,2795703960;0
===2181261264,3244750873;1028851140,2418494911;3070184767,1035016882,2033107991,2921606146,549282857;0
===2061843648,2966945564;2564636313,1884091089;1868536313,2468188167,1076389044,3953743326,1182504360;0
===2575177373,2252629539;3175892807,1818522574;1551218891,1283509275,3283921363,420532573,1443564636;0
===2034570222,1603288290;1615358927,2526331561;921186043,2941518591,1161206887,2452460046,1135619191;1
+++2307349792,2291144994;2442252901,2311582981
===2399181612,2769719749;3085462367,1130347481;1749269199,2010389640,1505129128,4102770528,1533241900;0
===2306403173,429228969;2793568582,1506236065;3222467264,1824500222,2045575445,3335120386,568820259;0
===1005294762,2266729353;2360025100,2757001045;2035160524,1187055456,2972571058,2820587295,2299822303;0
===1622680946,1393239165;1927310811,3276432493;1136209313,2490169715,2093884195,2175754828,2097082541;0
===1557740514,785192839;3732922346,2783871364;2342629190,1448419380,3238163129,2444037944,2770510397;0
===978705536,1733313816;2800912541,2501641595;2123896788,3554157175,595771926,3616069310,2252138083;0
===2732946866,2936626675;1608163066,507502759;3681774099,2335523773,1602866364,2916879320,1442981018;0
===598828497,2731136967;1820489311,3094487984;1679333970,1609334748,2401872381,1939159015,1655067571;1
+++947468140,3595473532;2730367990,1486679861
===3421350538,4268873706;1752001015,1778403944;3590842190,1440069686,3272997744,3498166718,1111544065;0
===1119468836,2700508811;2342481202,1721848916;1875798384,355354566,1644168534,2470628396,3102020980;0
===2924892734,1711805474;1998474090,1651621853;1832322794,2163577345,1824756221,2125122886,2523958661;0
===1802974101,3424283867;2894233029,2053431598;2891306863,2558790876,1311252702,628441145,2379274648;0
===4115866650,3231508713;1764509008,996733525;3339539707,2251940560,1718235053,2681382174,2908135362;0
===2891273881,2931032847;590210773,2406383486;3615988917,3069861733,1926664308,2797295088,2919272204;1
+++2141130537,2170609569;3608237021,2759734481
===3481138525,2897130224;2542166046,1278360524;1064522189,662546741,1565829353,2034424140,3527734088;0
===2382736921,1408263731;2610966462,2008309429;1532322473,1490223235,3877568241,420454064,1383510183;0
===1333489830,1434992183;2351323040,2103966737;2831899312,1315408006,1518669823,1277413230,2779047732;0
===566775271,1305371431;865642793,2105676360;1481202347,3205145779,491365461,2382206938,2086512178;0
===3469247156,1820502046;876661367,2558437966;2206234788,2487930312,3915029945,2213202381,3230429750;0
===2254585444,2369468800;2336160422,1699054478;2722718732,3418935499,3018578676,853565888,953305173;1
+++1608413221,2006988333;3633558731,2192116600
===3727901689,3661882079;2350804172,2249159400;2292650286,2098563249,2110590537,1889220334,2339488134;0
===1688665080,2190970892;506862483,3022665763;85183211,1298930414,195750990,1255377817,1690431919;0
===3134935605,2205849334;2377665219,2808499385;1313954633,1320829039,3439972027,2279826435,2557902108;0
===3179380478,3981630226;2365697927,3663734734;832118989,1941116155,1919340348,1480803349,3374664369;0
===708908748,3438606238;2102819202,1047601686;3007393712,1066527392,1373594814,1047824029,2832658047;0
===1902206883,1628090982;2075275160,1475894688;2003897345,1833909468,2694604005,1118439878,2491387891;0
===2089799306,2580897659;3022567407,2775174962;2213278881,2700022401,2765779377,1548587440,3850921918;0
===3228932037,943836136;2229551008,2248580941;3480762912,3723721749,583074281,2764375593,2719465479;1
++749732204,4153062142;516839232,1741626037
+++2425363152,1205747867;2661542733,1456661154
===625625377,1934031788;2816290971,1985096921;2621500125,1433252453,555481123,2210370657,3157836501;0
===1187531667,419855088;1646678747,1081510796;1060974777,3238889257,750804668,2813788976,2415679074;0
===3930710701,540079706;2162185399,1463826649;2446055119,1147226547,530231433,2217665038,2369977250;0
===610792416,2494341539;2176739999,2743964354;2869062688,320496852,1511977894,3890997674,2442268179;0
===1673292907,2653781586;2311178419,2605016322;3114112546,1316595422,2324936502,2001398991,1681283746;0
===3224358705,928970505;1185209266,1319405394;1852793490,2826126028,3297021839,3454744521,2990407219;0
===1883070981,1922068386;2208993704,1224444903;1811552651,451737164,1437326733,1918491851,1925221118;0
===2753778779,1933441626;852250266,3436919941;352707853,873364168,2896769990,184700921,1444584650;0
===3068684953,2136765380;2516343420,673649109;510464551,2292320061,2292454553,2386570520,1605043694;0
===3505519826,2405270058;3495135813,1229064378;2243649568,1577050694,1937346916,3439459852,2722851115;0
===1839772975,1854921576;2480253744,1470751751;1028218212,1972664235,2059976515,2793183908,2004149931;1
+++3186373009,2164654010;2634669659,3350850079
===1865392033,2891018033;1688449784,2124997449;2544394226,2411996944,2347710366,2239041325,2618744793;0
===2703795300,2058207516;3303243106,3003982825;1957498530,1957659592,2568986057,2074623731,2934884031;0
===1842780609,1998536814;2144469427,1566932231;913206343,1853408044,2229077213,2219725235,1346761519;0
===3068071171,1824773456;2169375958,957032630;1787804313,1126201358,695850637,3025103880,2408765618;0
===1916104345,594403223;518573261,3149795139;2100928734,2479444160,2259699520,2085969793,1914794943;0
===1907550767,2325835975;1767727164,2495068869;3242152793,895112836,2526675527,602067485,1252758909;1
+++2384615988,2483765882;1702701354,2143144352
===3418339061,2406112251;2026353530,2075380905;3310415316,2419933475,2471046668,2034814419,2232447846;0
===2097537593,2754572084;1936703458,2347039647;1924759394,3146413933,2118498191,1385703799,1084518499;0
===2361378912,3469463164;3532761973,1699489160;908305779,3219987052,2446855378,2323516806,1588643874;0
===1382882592,2449723389;956595060,1055186880;2633346814,1993979187,832235335,2613690972,1785544736;0
===1726272491,2084866159;420377177,2458729256;1261739009,2371501682,1328085520,1914063421,3294823465;0
===3379587602,331288660;1903342178,1062873695;803615567,3710226410,2166489231,2310446265,2358786881;1
+++952293317,1678514331;645616701,3292602882
===2331775801,1744605954;1687296290,2905928552;2614095561,239063692,1847017791,2019600342,1648993469;0
===1290455703,1649310789;2542699803,3131023589;1991411116,4085214993,3113706695,771266431,2607221772;0
===1323023464,676620033;3125101116,1876431401;1389156684,2307999467,2385128582,2147104225,1912340815;0
===1944451421,2099232850;1537238139,1596590782;461780855,2603748991,383588758,1517392068,3020185854;0
===2539091096,1949939254;1534316725,1212104066;1172516639,1219530534,2992731134,1775662508,3348457230;0
===3248990376,2351151453;2369506073,1956628001;1907957808,3056707407,3231461197,519619876,1157589591;0
===1278740977,2790037668;3677651261,2869546455;1240464857,2693892155,2498234932,2289714687,2967978289;1
+++2908607618,2076621631;3345119219,2205115571
===1368804956,1651221500;1807457834,2678746170;2959309385,2503822391,3397067542,2774630161,949024755;0
===3060606605,2567498607;1209258548,1733680794;2832677817,1648796726,1323284555,1186891584,2186003812;0
===1495818369,2220789319;881493581,1773182568;3227190646,3883959059,2661201744,3822357009,1747955788;0
===1390539345,2950060828;3657707402,3446627843;3879092961,2667051978,1820305461,2814396958,2606251236;0
===3333921011,585116453;997967028,3030459728;2455323141,2368154285,2402847668,1461782870,2603608911;0
===2445415895,1900580189;1775263490,1814166268;2519320172,1307456807,1476565881,1963209139,2238300614;1
+++1115362745,517856611;2868003019,2152602901
===2586157700,3596050412;806308093,895805055;2755436383,1750608587,1542677261,585492901,1982770844;0
===1052275012,586839177;3243756658,1003647503;1906688226,1310542706,1378572630,1408168744,2368560959;0
===2354031075,823722568;2470867907,1473594028;2595169436,2016455132,2151256442,950832169,1414699250;0
===2445075311,1089520582;2711392297,633140339;3378793645,1388571860,2433611150,2076007948,3094276867;0
===1374022863,1724064363;3141670398,1006038351;641061508,2405206981,2248422551,3382043951,3137750633;0
===2645297164,2256715107;2949571596,1651099637;2676065632,1679640753,2179857697,733760279,2227693101;0
===2859210385,1230864388;3502105348,2977089419;2974738720,1155017077,1034429487,2337507311,2338620868;1
++3237040746,1362919262;2489118238,2851239207
+++1900861030,3970826582;3601239509,1929113886
===2409232217,166517670;787482289,2650455799;3205889453,2238551080,3393551318,3032735445,2389409352;0
===3130458988,1642538072;1896596677,1549496537;2281101486,2151114530,2458490947,1878657533,807654977;0
===1869960261,2709024270;1240230583,431517374;2256670399,3393869327,3217304219,3251678643,1765602391;0
===1620562803,533393046;993772197,2690013285;1104343153,1613445506,916041388,2524751537,2548194494;0
===1123632198,573860839;2356661247,3340959797;2050695677,2654419202,2999374867,1861948055,2669283561;0
===1752824404,2092025087;1496032486,2740854416;3845713568,1467782672,938570582,1048260349,2196232032;0
===1682770868,368859098;3850297005,2263480627;3025028600,2129396239,2386773122,3900493705,2272304330;0
===3788735159,3532762895;2083374731,3358766099;1949499974,3118049198,2957286189,1404338845,3448082505;0
===1429131725,1803250729;2089095453,1174512041;3027500417,2885972865,1908110238,570256307,1965243861;0
===3293705950,2660189769;1328579770,2043321411;3034140065,2744626501,3808330383,1075562604,2765251786;0
===2105636353,1208900008;1296503805,1805197733;729103646,2594122759,1774120201,2131326447,1355836567;1
+++2550585580,2616804311;2837456833,1334144323
===1985170213,3016849211;1286522115,1352829311;848913865,1282601540,3535662677,614941090,2396094499;0
===1604032242,1022617346;1327226931,1106345697;1658415963,1192045922,2349924860,1150331777,2307446899;0
===1536091139,854156067;650067204,1998778718;2340885988,3977442607,3323736775,1527892236,2492116187;0
===4007880050,1158317131;2547874081,2771598752;3913612339,2534827000,951737343,1904216717,1991532721;0
===2983125556,2102422484;2225087280,2363871216;803068856,1659384916,1156563322,2366887572,1567916406;0
===3247645536,1384700367;2122169815,872105353;2658460282,1069366343,1277610954,3026061516,2002295573;0
===3208878030,2215282155;625682627,3072159249;705703856,1017153078,2821745553,748703703,1247601696;1
+++2618763135,2767415972;1974198640,1967910434
===3708479898,1763601643;2581332286,227144796;3021701323,1074296298,1624811936,3039017997,1866513997;0
===2587366720,1616669683;2108477639,2903914611;1753833939,3473209660,3286262666,2099773080,2350962703;0
===632833858,2368112341;673194219,2696348997;3124574641,1316251137,2393220207,779175563,1721659695;0
===3187714742,3389842749;1842420955,1235514008;3407021473,1762175546,3220668521,3286317104,1043659408;0
===3028049959,2692065388;2724816559,1921607354;2612762268,1875471217,1994377213,2174164590,2317501994;0
===1949428259,2217639501;1864976346,2256007493;3055038207,1621349349,3916778224,2679356444,2181801733;1
+++1236321387,3059436958;987322537,1113509697
===1836998669,3053372743;2194354188,1148295915;2321981886,889711634,2639824692,1058512771,1693143668;0
===1422733730,2271157953;3094464040,1740661402;1535018334,2986391690,854497419,2945471133,3601358796;0
===954253017,4151850979;3936837805,2492236803;445599855,2077758524,1316294137,2907218612,3511507301;0
===2167649205,3019799092;3608708599,1564584835;3753277536,963535762,919749469,981047556,1983453041;0
===1047930334,2647390703;2365071830,2493113286;1238951702,2813308173,3280026811,3535544217,2376648361;0
===3344928435,933189026;3008508725,2105415642;2186362983,1513173125,2421472352,2044203736,2191832211;0
===1936369796,1980556785;950642206,1293012750;3072887861,1950924150,875905569,1015633384,955294767;0
===2092434869,2866678949;1938247407,1063737373;2027623033,1646764223,3293666698,1568113741,1884125403;0
===2126858227,2973986841;2298454970,1044354034;1135528754,1851933335,978477047,2335389278,2378693150;0
===1794609805,1877161182;2520713313,2729065240;315343292,2905278747,733879707,1952071734,2145968698;1
+++2471747853,1823333814;3575060153,1654473935
===2177855580,1546559957;2477284482,1594468257;3884473788,2015236951,2475654095,3966672265,1659192306;0
===1873086816,2909172177;2585911504,2103580668;1733946737,2144215925,3182910436,1574977538,2754353263;0
===1594301060,1905533686;1703793785,1855990099;1557043855,1977070750,2883247927,1732387293,1326532196;0
===1796252016,679229307;2031721721,2605605673;2363902503,2103406278,2028672801,1137046194,1858507044;0
===1920224836,1555910054;3757096294,1947759308;237000066,1048191340,2296593361,4057949187,3351946615;0
===1088796841,1708741945;2408398150,3219204466;3539832643,916232260,3052621831,3325511609,1818753319;0
===988452525,2969385431;3208761103,1586239961;3110159201,1365198467,1065752019,790598959,3440708343;1
+++2086018367,2274046427;2844406199,1816411497
===2451186380,2380834338;1254135476,2315766674;2747434652,3290830251,2328231409,2285820520,2635384462;0
===3661659064,1462302305;1071429256,930097306;1121066046,2231844042,1533153434,2188329644,2321829538;0
===4049847097,605411168;2011094653,1876171737;1797182441,1156974607,2224878732,2191562614,2284177942;0
===2427329243,2227456187;1557207306,2211925049;2245842943,3274878346,3360547943,3529352408,3385164848;0
===3467830090,3027749056;2219984839,1870395755;755476745,1681542560,2096868742,1630136943,1865924269;0
===2997690519,1472334369;2464156451,2624544057;1460293702,1975614464,928120025,2410178194,1932370357;0
===2983307927,2885260424;3758181249,1796749533;1828765625,3770313836,2702532919,3002571592,2322732737;0
===1299340505,1794759185;1353041270,996651301;3269758101,3541374531,3625101275,2400375368,1338598096;1
+2250817735,1391896790;2970478698,3278296319
++2839058505,1933988954;2888014490,2163558049
+++2924396049,2532805187;1263767660,2725685694
===1553644506,2159591824;1578037559,1564196021;2324258841,1588170578,1634111815,2073357334,3945160302;0
===2149950663,3165443922;2568614155,1796305094;2581384462,2364849897,905595905,2063901403,2763014032;0
===1646583541,2089210342;1855973371,2285354118;3416514299,2083095821,681106807,1325004614,3376316172;0
===1531346818,2318325147;2925919749,1937335976;2603336032,3381893163,3460908061,3415956353,3461954880;0
===946973425,2200189280;3082996930,2935048641;1566885016,3725902458,2438602612,715587992,979566533;0
===2443167207,1787504964;1404554822,3253972210;2045751642,1886691735,1852430777,1480886895,2079854324;0
===2647694752,181870039;2124449176,3529424621;1071645216,2046801362,1202098214,1648551163,885121211;0
===1923015769,2408447983;2662292437,1660988067;2222741833,2648934925,3026329929,1029449426,995556723;0
===3032241062,1912908780;1979208307,3466074618;1325185983,1195157226,3275562700,1092878542,866956785;0
===2667260637,3472459265;2145952685,902970399;3174965249,3306908911,3006287720,1403780580,388559245;0
===2006858316,2606229376;1736849064,642432619;3523118604,334317090,2534913441,2473548243,540825030;1
+++667795449,1823022864;1786608680,2724321275
===3349086138,1842504282;2200643927,2929356304;2799484804,2679652347,1837206395,2361591388,1362101438;0
===1633136340,2107289261;1560347103,911542380;2550234625,3837467694,2317618000,2103830593,2558761186;0
===3153603330,3654990059;562887769,2388157867;2158014563,991456970,1859065850,2624725209,1110770098;0
===2557047752,2381405056;1599544812,995633088;1095374303,3505588197,2360859428,2061616705,2498031846;0
===2309961717,2381660533;1043575311,2580883398;3042603588,2336728950,1198990083,3771050578,2279760480;0
===3533457702,1583109543;456330128,1946719445;3513070715,3406965776,2864755125,1298806845,2351286755;1
+++2386484181,2509052857;1857621475,3047886855
===1174654038,2173446634;743737563,1841812743;1839480090,365380953,2582521168,2728586059,1947200860;0
===3033333220,1299647656;1471069319,1548526499;2232370547,1416010106,615414688,1261078774,2242403212;0
===1570945218,2865238401;1718639253,2671278028;1749948256,2176121078,2434750998,2297635751,3609846635;0
===1247086001,3369863619;2163484493,2835051107;3893174109,2647317248,1898890078,1391541943,2550865956;0
===3148930042,2042959938;3379189560,4172055420;2775831093,2472417985,2355656625,1551148334,1974045537;0
===2253821448,2193758552;1089759643,2182979813;1755347942,3277130187,2641020357,3441037651,1390369892;0
===3161664986,2188380003;1416325061,983081559;2366068685,2560902740,713008892,456690057,1681065966;0
===1172566236,2650016323;2056639000,1527354064;1489509170,3292855403,3735256371,3329549620,2794492473;0
===2918329782,2877368574;2068898224,2230340009;1954592734,1354400216,2000553163,1765072473,3072632134;1
+++1921694368,3104711325;2371308763,1922414523
===2896443269,604732962;2060191655,2324830611;2443313633,921981242,2107409155,3011360036,2688986804;0
===2249357083,2042780028;2402259936,2716108005;1076373842,1928908900,1278875690,2607193080,1800998637;0
===2786338050,1447368885;2565949594,2554765213;2390105212,2545246917,1039148734,2470817933,3717554661;0
===1825330173,2107183855;507402240,1925359611;1884808225,3462289279,3674089722,1700637823,2695276391;0
===679978871,1618648972;1051962862,3254604135;1907495786,1383628089,2384079715,3275872560,3569702384;0
===1850220382,2704010001;3687348300,1295775449;2997032362,1917308840,2172277425,1896465394,887255739;1
+++3776998651,1392171296;2593286766,2304149216
===209172521,1295006429;2219129885,1264715915;3180868516,2431163265,2184844478,454919381,2431430262;0
===1539156640,1685534481;3066895428,2968185484;808902293,1232861005,2967176156,2418010668,2653868892;0
===379213314,883997167;3205453580,1340627732;2523207233,2083544258,2714094942,1866061358,2342443906;0
===1639651040,989135984;1306521902,2486895681;1892337820,3001579969,3680777770,2461512307,2816948368;0
===1800860810,2094184774;561108920,687186588;1628163771,3912069725,3358696213,4114225303,3109154288;0
===3568541263,1588210066;2772796039,2623571153;3160160933,1633037533,2521409263,2142845980,2128749563;0
===2049517953,3336784291;1583333736,2671396525;759082644,3011691861,1114158595,3032027767,2545058494;0
===2017152289,313159377;1141445109,2535879923;2592165490,1614572578,540835745,2718118535,1843918279;0
===2811048355,548450517;2648531309,1704593459;397624980,836508502,2469603225,3078725727,2306830653;1
+++1714074563,2016298990;2118095293,2357984864
===2010492922,2259128240;2133692916,2203966300;1766294603,2009157067,1957572691,1141300574,1173426642;0
===2562276113,3519764912;2044249375,885176558;2486032177,944008099,2140190091,399595073,2073932283;0
===2675661353,1961880245;1632838008,3687734590;2664547573,2908464404,1621976818,2767893118,1535851562;0
===1037922887,1893590205;1981829978,2401326320;2654682888,1739443668,1487362714,1454639945,1276646958;0
===1478912416,2579237298;632121442,2511038695;2839586072,1011162199,283335181,1236900747,855926191;0
===1614140530,2577945680;1169732058,2784363924;2219108072,872486991,2244008680,2945173082,1525915114;0
===2898312302,1765789164;1712777029,1519778483;2927934540,2113840774,2609890951,3100102388,1241923710;0
===3025080136,611399817;3682339355,508224548;3197793664,2041688854,3640127791,2118861521,955061048;1
+++3440278553,1995009858;1749436737,1637109770
===2860397876,2055007219;1943792260,2185626106;1341436636,2219992385,2661476402,1540382452,2014846405;0
===901775707,1544021518;2910543706,2337806621;314582723,1464865008,816307433,3289007299,2931061424;0
===2293753459,1736366692;2175973075,1248248440;1714398130,1955579434,2821544161,826684626,1772189924;0
===1732632392,4272214715;2529413760,1208503678;1217664835,2395098371,2795911106,1758516792,1456655452;0
===1979340512,2259411964;2210786033,2260520413;1574425424,3321458398,3424253280,1876699126,3059049705;0
===3536461498,2420456610;2492513625,1995756085;2726411840,1810244732,3491321228,1283821422,2462174255;0
===1951651576,2045753763;2269734915,2141784460;4201054499,1725308637,2511412106,748387776,2371184604;1
+++949798398,3248265639;3692724649,1463380543
===3680595184,2616540393;1730220570,2891487447;1115413525,1672863391,2676183560,2423168978,718229165;0
===650318061,2242612428;1963594646,1510698787;1913394677,2179665165,499197217,3115788482,2127816300;0
===1941677425,625588557;862473620,2729755376;986975626,2203200001,2362015461,2288765606,2608742309;0
===3468842181,1254566521;2304516599,1256592894;2106669347,2467238935,1760698348,1406140774,1264134879;0
===1864594462,2593224906;1669514388,1516138024;974847944,3012033729,1749837541,2493698541,685983476;0
===2351354470,2697327658;1999297683,1357243183;398148579,1257683859,2487358133,264729694,2434419850;0
===1521721955,2078377423;2375654523,2488187567;2272565912,3165629597,1982279298,840418809,1329636594;0
===1327782649,2801858536;1859072352,2661515628;1617136440,2170168861,3305087620,3395614241,1188838547;0
===1642963856,3073904119;923983333,2859119425;921294791,1293516352,947215046,1301377146,2604125440;0
===903317428,3880735743;3320142541,2213091166;2326465063,2120637294,1154210879,3197342709,302495328;1
+++1485966425,3697395767;2454820614,3392443156
===3113447675,3590053605;1950980431,2965692319;1686745467,816927228,1072748931,1799431733,2750655209;0
===2842491701,2904316601;3070171964,401850165;3355723749,3916091220,1069618743,3872275389,3865445240;0
===726986591,1733639829;2161446085,3517169672;2829128510,2276750714,2625668582,1632994674,1759509122;0
===1794226510,3769706347;2194098219,2987768401;2499633263,2956623757,2570146071,1023822226,2672881986;0
===1070699865,1078492004;1171473660,2717679017;1934080774,3159792214,2558370635,3144205837,2055400867;0
===1538867319,1464995819;2195908434,1434083984;2085530809,1625736559,1809528206,1849192622,2880476494;0
===3175133248,955650557;3066726250,3201432330;1226882791,2130209785,1443821349,1120147528,2779378953;0
===3312177308,2322035655;2540309871,3413276185;2014717330,4121076611,2414199502,1512030235,2205103869;0
===3405812697,2729706940;3133055949,952653402;1512781238,2079414235,1760738559,1582072869,1347857241;0
===3329548193,1149193599;1234697176,2568990690;3136445245,2454956791,1820371256,1023095603,1152501004;1
++3001461900,1720821997;2151060836,1272416961
+++2801984525,2345743741;1216341196,2846273945
===1199066848,2839904042;701085521,2388918920;1478763841,1750915218,3508726847,2637757882,2631462604;0
===2252721740,2011233411;833748985,1988778304;1042137351,2001451218,1014103455,359598404,2444899124;0
===2018466932,1171352636;3736502618,2712242072;2163504585,2169996697,2252824491,1321771778,936239412;0
===2425119261,301950819;2830286492,2292677088;1508605994,861631323,1464930296,2906267980,1274947990;0
===1415445387,2298155295;2978715857,1070301243;1985460266,1542487597,2054531763,2924616997,3266601350;0
===753400725,1947287207;2361159037,3393631333;2044702421,916730001,1223802542,2729942336,2190300589;0
===1884588808,3292864474;850273962,2007014496;3114920104,2009763722,1958202117,1865582738,3041101654;0
===1508801004,2665170825;2048218938,679958441;1983868537,1728026767,3678221959,2720393062,1857582984;1
+++3089702706,1104849899;2176592062,1954807465
===2101484346,994537045;2087064321,1231619474;952196200,2900700255,447812411,2301000285,3241153220;0
===2712435507,2170307610;2806649577,3146523280;3101702941,1853929693,3122023066,3243755016,3182781828;0
===3253274023,3186387408;2373731216,1542256143;2681594995,2804498206,1679999340,1666220116,3503113420;0
===3576161516,2320197585;2297811452,2175670666;2064653797,3507552022,2315724589,2877949852,2323803214;0
===2398799491,2513383954;570019269,3397359237;3009040263,800276301,2931028277,2030292867,2704175732;0
===2511458295,2631517620;2492246873,1545663272;3483685394,2471086231,1593094500,3178513065,2221798142;0
===2799882676,2997510295;2155048437,1893222049;3217794408,1293521771,2663537864,2592300166,3716549837;1
+++1899588778,4012160017;1135205977,2851065396
===1955532166,1573437452;977365190,2251450188;3071889467,1292927654,3516135834,2122006017,1853597794;0
===1938584517,2250893442;1072593687,2509565372;538359634,1874729074,1166605982,2024317653,1709538232;0
===1082144960,2486480205;1911763347,3358311581;2131072159,1132490243,3628570862,2289058996,3258248444;0
===2532085226,2853502760;3743316450,1708265055;3880249370,2074569975,2565762030,1765849383,1382856572;0
===991860240,1148731454;2205244247,2078486670;2931167799,1428117307,2048622858,832694806,453740325;0
===2794681204,2974826610;2736858229,917483771;1622234360,1618532064,2221945914,1482223908,1169130108;0
===3539180571,2230799859;1683433146,693342821;2518524213,2124146348,2858692912,2163050744,3649178999;0
===4146356378,4019165335;1857432043,3283092532;2102790672,1565384400,731889542,1753945181,2072591882;0
===1557992087,2507329697;946955787,3053919144;3643741203,2183562981,2702891645,1690938020,3430862726;0
===1477069489,4119929211;3187374012,768900797;2075300950,2709277147,3098809879,745003918,3450497983;1
+++3376793946,1941667646;2421298837,1813792377
===180945972,1037648267;1532312131,793118608;3620183482,727685520,2856052135,1341653441,2090682275;0
===1369234083,622208562;2589800619,1738580421;2068177871,2044739365,2330594647,3351755019,3440247961;0
===1756403990,2010294117;2081060493,1982736282;961593548,2196972292,2867568078,950959135,3714474026;0
===2546013911,1786052496;1933706581,1344908645;3286607648,655353658,1372595460,1037550097,2844579365;0
===3537033274,3495454246;2034412253,1194997891;1296300290,2014302081,817707860,2463786463,3585739089;0
===2607550039,1670204473;1697490876,1994581605;1084767299,2157938026,1996364307,1475890410,1481690447;1
+++3810491638,3439609108;355456992,3259702022
===1347535798,2069710200;3174432894,1477396333;2070251712,897740934,2594467338,2593864266,2387573735;0
===1768618680,1824358224;1852493044,3134565400;1098021170,1886214505,1007771305,3309336568,3873276247;0
===2924461779,2531296606;3379503899,679181995;1134973948,1436460691,2852250875,3213509835,475285071;0
===2921632533,1029787997;3837230413,1858673064;2716986320,2117921236,3443748458,2939165351,1891952338;0
===3365253155,3050775107;1244548287,2961955699;2208246879,2201230989,2133331056,1422360503,1723932586;0
===1695375792,1036257797;2238682996,1244208801;2515319220,3249011096,2592703815,1291763829,2187184279;1
+++1749712761,3514543817;1091825894,3049534131
===3184532752,689650740;3196257733,1328677654;824749941,2456163858,3016039587,2703456081,2007640490;0
===2055200332,3381940850;519807895,2076304564;302390915,885898706,451031928,2685317679,2882341394;0
===2169570628,1592390757;571585126,2175528358;1162039919,568458258,364685543,2474033877,1949194293;0
===2892743978,2550099917;643457010,661489940;1761615897,2361576926,1672155706,1019944347,626740388;0
===2005085881,995834008;2659674333,2431808209;1895115314,2265063962,2415316168,2703541331,1919152410;0
===657838957,2681445361;2914428178,2419064657;1829425093,2010412850,3892498861,2540967916,2143822210;0
===3621890631,2733486809;611609462,2944443967;2220926430,1450950371,2352062299,903890482,2974276218;0
===2154733279,2618755446;1966279555,1559690504;2630831596,890988960,1679004526,2398078000,1220836706;0
===1533777604,2955171348;3864160481,2627257721;2740359961,3629407294,3027233274,3296028732,2113019295;1
+++3013080398,400300689;1958495946,1993231809
===991163604,1777708178;3870336744,3724280344;2722835349,3041427819,2692943915,1213973596,702392321;0
===3853050907,1087481782;1812264466,2203391049;1283355387,2574130879,605195565,3066207966,3125487190;0
===2910143986,2582560157;2619539258,1343560678;2249650878,3245117299,2850405340,4083034114,2398828962;0
===2898460345,898726194;2371932345,428299342;2517023076,2783034466,536303087,3716909039,2096113797;0
===1090136908,2331957060;1650800378,1888540080;2652286411,2126790807,1631183664,1886891315,3039573391;0
===2553152592,1779834991;2121776021,834336135;3636838313,1558978916,2123921414,2008901054,1659231104;0
===3113989200,940345872;3152780716,2996030013;382313532,1206847208,3019000445,1737191288,2294723127;0
===1927563698,1737032156;1246366393,1911554200;1398701244,2935128308,419954241,2663088631,2331216361;1
+++1750233674,1344242313;1759515912,3667140336
===2193889936,3209338768;2253105764,951448599;1264048416,3642717639,2400854323,2216029450,2164678995;0
===1648905623,1984139980;3457871094,2298698747;2149457035,2779052455,1979240097,2731376585,1809654403;0
===2927534140,1474036935;3065839747,3768302165;2310772834,1828021369,871073547,2474870145,1888661035;0
===2225934878,280822346;1544229065,2336358497;1658558932,1252764853,2214222480,1149012581,2389029073;0
===2730648605,3130988190;3044001909,314289464;2492848621,4099947051,1742516141,2624118014,2304835581;0
===2319671009,2358769558;1623676233,2816456945;1479318346,2893365537,3319434396,3104205305,3080499453;0
===2994541155,3138673041;2929232120,1993448153;2033423756,2830162156,801944904,1181824264,2129746154;0
===2550638323,895442030;3443215430,3004669461;2829469554,3610623909,3140648660,2140845462,1873160439;0
===928018780,2266539661;2349341448,1991288077;2090013954,2381286091,3060807815,4042690617,1074312168;0
===2104201905,2388193579;1736616856,2149497722;682919280,3267541240,1720045618,1155598923,2409309046;0
===3278109192,1447289331;714794770,2086430091;1952726959,1406772001,2354676180,1139425552,959268997;1
+++3106889399,3229816959;1114521686,511216616
===3621319730,511660349;2398039044,814039019;2350729114,3153270601,3130781444,2372464537,2715440118;0
===1309472777,2557451955;1116855507,571516835;1590818954,2789120763,2199216063,1910179788,2550831968;0
===2114756429,1975430985;756776660,3302851449;2421105171,1352704879,1263079622,2293021429,2571698868;0
===2070040845,2861683435;3554416729,2661096101;1029736473,3302124750,2514369504,2303715756,3304304562;0
===2999255482,1610494255;2685580740,2125699307;1600325519,2552191645,1209031653,880399141,1974747161;0
===2565985140,2731116341;396615760,2717398647;1383447621,2122755265,1615551286,342550811,1407440993;0
===873928171,3427322831;1773653778,3024920846;2669282382,2492021538,1230139137,3463741747,2005835692;0
===2682993283,2885889984;1654435735,2857170249;3282106363,3402592974,868197163,2769348831,1914348321;0
===1784940002,2414492051;1252892895,3224889874;2072800164,2029176322,2521087647,1425933554,1129212409;1
+++1123997957,545378020;1994636096,2155478224
===2245541182,2993133298;2671420419,1615235878;2430641939,1122024963,2349624169,2074438630,1236950807;0
===3107665913,1901716778;2080514097,2373717320;3780054487,766800976,2843797722,1822835672,2836621689;0
===2974529523,3029352159;1266343413,1950042144;1584897087,1625776568,1742706005,3102115830,2793673134;0
===1508419503,1125581040;2012284894,2413246175;2119422536,2214379657,1978505467,2953007727,2583407331;0
===4200098337,2899321500;2167448644,2047260175;1516445361,792174258,2000857791,2521615990,1998639185;0
===3480361923,858967712;2149833438,2935401648;1305208567,2766222789,1161907123,1260089002,2418891538;1
+++2731823928,3578168637;2294528416,2554077447
===3317614672,2023000087;2281932235,2608627473;3121298743,3828750115,1476679745,950517243,936831874;0
===941000087,3367444280;1155137925,803200160;1545694724,1351913463,2796496873,3098384922,903024311;0
===2531885481,3342602965;2368297391,1397637904;3124843321,1753760582,3459220383,1513063759,3353597251;0
===1126998509,1761583377;3747511541,1819163563;1040407201,1516424715,2954678866,915789370,2597598905;0
===2991832736,1757804330;3386978942,2472282847;2644107196,972082395,3907353019,2854133610,220473032;0
===1753023855,3341032060;1042223253,2136773093;1294059888,2928006729,1646589781,3129539495,2138421772;1
++2221788555,2084084593;3174734973,2090709078
+++1805303399,2212452779;1077507201,3311082199
===2925018381,1764978661;1620959335,1292012209;3433956843,1453767589,559743469,854019797,2038878323;0
===3073417235,3520814180;2081345864,2183394837;1301990867,1226358830,2278425171,3061238860,588316378;0
===1611193978,2403398182;1819492053,1263110769;2824774237,1636990956,2995748705,2523487021,2596420583;0
===1430098547,780089812;2426244722,1843843257;2251048168,1995950633,2194699931,1777611548,3258647221;0
===2689288496,2753018092;2164055152,1294353738;2610024795,1583288702,3042652223,1831323590,2054178313;0
===3644145232,2147921585;3716822906,2983526662;3335021403,2488064569,2646152655,1047710273,731939877;0
===2049137420,1110761623;2116184361,3296857867;1491280085,524291337,1942520434,549204261,2621649994;0
===1540614239,1782313949;1538173733,2260806520;2468251941,2607977783,2179678433,1177233766,1308515385;1
+++1194659641,3149934087;2754895383,2579961125
===1506449515,2781915815;2423784974,1305101117;4228399291,2596320575,260483010,908408006,1877680782;0
===4005090234,3048022756;2462406953,1099389438;2893409669,1066935208,3030787334,897943425,3775701928;0
===395104361,2131717623;1813838731,2295186786;1754758979,2391259580,2211840949,1794931750,1700603104;0
===1088205770,1423440040;1855024657,2580173949;2442817374,2886345269,2478139279,2647617327,2921902422;0
===1504318718,1867737465;2148692248,3028590627;2657662559,268957149,2827122198,2019389025,2869081405;0
===2651439501,1366260465;2692586571,3935389037;2277274749,2055061587,1059461864,2251151683,2830893910;0
===1739892890,2542360385;2498034642,3480654068;653005032,632771244,1437788110,3217583812,2657395356;1
+++2569068241,1928210548;2315932000,2060830688
===1783309594,2234960458;2560130866,1338650311;1983810149,2588487071,2303409583,1752058121,1995799780;0
===3121021578,2497283468;1969025515,2420490071;3438524861,2675104080,2940719891,1383393404,3658196648;0
===1193946480,3117530748;3319533075,1992510387;2082156926,844538263,1408124019,1583571504,2741285377;0
===3632628734,4000376382;1119117901,2595616124;2339424542,2823923888,2469464294,893586970,3389509058;0
===3756525811,461723099;3722398047,3808256477;3681661595,1979513102,2265109266,2884388952,1593155101;0
===2714873626,2171413931;3443489724,1607017667;1633558530,3360108632,1980853834,2743114945,2650479519;0
===3314809844,714493219;3717921817,3375035254;1537329852,2033167203,859832382,3404938552,1613977903;0
===3302887657,408320429;2746571209,2919398859;2018969835,2102299596,585886465,1656901866,2839852542;0
===3371450740,3045715906;683198016,2272396346;1622858795,1913921767,2260150496,854486318,3623241121;0
===321198532,788882244;3347154820,2671068622;1943608679,3551582596,2136581148,2903531676,1662740452;1
+++1917289206,1622541828;1043324628,2205577672
===1482197020,1186030320;3343979500,4002777453;2083852022,2785872231,2694311882,1553235081,1072640993;0
===3610512246,2269068321;1512081394,1621428760;2950375554,1588141692,2685952205,1940502770,1979486197;0
===2580522362,2383582708;3919467440,3027430670;1500496440,4034042005,2122384750,3985373416,1694453739;0
===2520014746,1670872583;2393366115,1666920540;152913217,1286755909,1855699760,2707855865,445432371;0
===2292630851,3594745993;1479749662,2837368815;2997718035,1263661575,3275684251,2416617678,2732316005;0
===2540759285,1846645190;1646283273,1922852960;2928052046,3452854036,1566210455,740324958,3508703143;0
===1588066988,3677861919;1284158603,2978878183;1984290666,3737123583,3080506173,2244992039,3297824848;0
===1840201014,981319167;3399667093,2482004061;1715582269,1371571381,1965907585,2348868317,1755444533;0
===1289102031,2985177356;2445533630,3193409635;752685692,1950228876,1753842831,3512195529,3408480777;0
===2354735662,3097726158;327604597,2808918056;3373321120,2119670319,1970115511,3966470942,1808439981;1
+++2562725203,2318800786;348205095,798104218
===1309171229,2027657234;1201904526,2956816119;911353160,338972642,2278754227,2023702408,3092622565;0
===602238473,2005139300;2824665957,3052642525;2791345985,2023176391,2171444091,1392872600,1155005275;0
===2040474298,3173927228;653362830,1848304088;2868104374,689527938,897790512,1448675531,2476907844;0
===1331050966,3345701051;2433939898,2374083374;2427289492,1628398372,1983367652,1079611014,1285715252;0
===709445845,994815282;2175316986,2286307365;835606971,1633206723,2486731385,704579620,221441329;0
===2122705536,1968204734;2379883197,3277625412;2225388216,2037891833,1414431311,2555067273,1604457630;1
+++1952738461,1649051748;3517062576,1668593979
===1833748400,1735323403;2316738374,2120288370;2442811121,2641380812,1212748174,256401111,2565115113;0
===2986052420,2712150698;354760803,2104270281;1589948101,1995599829,2448340028,1715998177,3350846937;0
===3175956308,569713706;2810100601,2559718854;1676608031,2542826422,1918355976,1895554146,2817101810;0
===2902038562,1946890185;2621481820,2131156533;947012576,1530026111,882425184,2636827458,1628437358;0
===1435464299,2125338354;3400516889,2724843052;3112165141,2611512482,587600284,1788631328,2593446041;0
===3636614153,651578716;1581367369,1940920146;1600120538,2412794891,2145081357,2321369689,2938314298;0
===1144179520,1975620802;3072001915,416661410;1885867963,3241983895,2435932215,1228711649,2776600663;0
===1824784854,1320235317;1885240232,1202790752;3851679562,2797031001,846729276,1541610762,1890884564;0
===1003258742,2290623867;1297039033,2496036461;2040819962,1028499998,2197200085,2117727039,2440125575;0
===2425111726,2652753895;2192434676,1572360297;1782414405,2240388770,1743543424,1359225805,3709974040;0
===1997467404,791326139;2667309490,1739021758;1727112271,2167197339,1677216784,787798767,2827505866;1
+++4013504438,2293490341;2113215199,2361562683
===241204647,2733679214;1614879493,2039637481;2912284153,1038316530,287098646,1323496302,1685728451;0
===1408581917,2577946508;2371746431,4074759604;1160732398,2659321206,2152248717,3112362717,1798468018;0
===1715263390,3301554921;3488520082,801222442;3787293031,1491370204,642054832,1809290625,1411410190;0
===3021871291,2920103942;2967032762,801380810;1033645986,2809609227,1002739697,1689148117,2502793756;0
===1371639402,2430584228;2234828594,3934079453;2765768873,3559290002,2871967790,2573398319,1718399408;0
===756441859,2348850942;3151465581,1914179040;1870181026,2525317507,3744901768,2592093427,1944444055;0
===1694075535,1992698141;1857624589,3564083725;1353828938,3143437527,2247041033,2702009869,1138946284;0
===3860951568,1992714291;3035412807,4186542811;401176983,2690230275,2932998447,3620463456,915122680;1
++2225258476,1645188972;950663441,2754629351
+++420403994,1818258921;3618209473,2996917630
===860699464,2258591553;437512355,3241735908;1631220589,1341257029,936885180,771683002,4088603037;0
===2310031505,2390783344;1519124857,2346074237;3340580311,2297739868,2359265700,1316180519,403483586;0
===1791003473,2545341185;1700266534,2791766067;1711048251,1977163238,2938751458,1032349812,1346829997;0
===1359421257,1012784252;2199299978,2350699189;2658074467,3293237363,1863706714,1420197535,3099481400;0
===691264715,2676894684;2311902705,3146695743;2807750413,2967343348,2741923901,1780414402,2926409490;0
===1525917014,2571903249;2357431729,1438617633;3329236062,2113908168,1672077010,1001762756,2913996273;0
===2889119411,2322399356;2240920633,3012000302;4050139114,2901854222,1815450313,2405018705,3546805048;0
===1607190779,1141999213;1312949423,1907453705;3673868888,1699286726,2952209292,3597777880,1108764564;1
+++1177071381,2451549710;1936094559,285878604
===2748697225,3012409250;779646645,3058191152;1173941551,3308400806,2681387017,2202130140,1384684586;0
===2009427297,2466926228;2738047710,1941852570;2405177027,2987517345,2636831361,1065778502,2560045018;0
===1960524219,500613144;1996335839,2154638411;1770614055,1559970345,1477058328,2290516267,1910549813;0
===1032123766,2604911946;1915078881,3408030413;2877639712,2925069235,1971176773,1779390355,1724780998;0
===1548976569,1469472741;2587310823,2579006605;373002306,2842997344,2222286992,2224048855,1131512533;0
===2765549809,3017490595;2097291579,2892097229;3212518281,3092152373,2161371367,1328839998,2580504509;0
===1982844172,1333376996;3948797171,1361055984;2336118753,2561943216,3004410758,761793981,2149498871;1
+++1892110912,1671547974;906766385,1546567703
===1275985352,1312209761;3519416926,1156025272;2580790406,953049868,2071782180,3461048653,962245692;0
===3560359862,2623384342;2482281861,2953776032;132323740,2456759380,3451159378,1736086255,3068944617;0
===1980525283,181135294;2513587156,377798910;1468320127,1529172560,1746790482,1376789682,3507704675;0
===4224151263,2024671004;2983024282,1058834606;3476065932,2170869006,1647286494,1215770000,2037051064;0
===2679645861,2013532206;2550270764,2535356993;1266854092,1598382316,1654078463,1163845231,1034926624;0
===660447926,2981960495;1555773122,2928152337;2141223849,4049619936,2365960553,3648256049,1710052901;1
+++1165767537,3467269250;3492918781,1439099954
===387584892,3728281320;2430156876,3467861956;2987131034,344548431,2019648625,3287801178,2290553484;0
===2569110547,483115533;3355180756,1498594476;2326787986,398503050,1039340374,1193909410,3608988417;0
===2501348452,1515707099;1356476293,1546073301;1152764287,3354129359,2746811961,1910194368,1285721387;0
===1992332096,1594852778;3572582573,2754289961;2122411070,2859583356,939061296,3162157537,2039175595;0
===2606066513,2415312778;1769653958,3224173873;2412286403,4055153080,1438626612,1793887310,2361566307;0
===3030373401,1417571292;987752200,1411016044;2375453693,1104513680,1405841322,484868372,870937500;0
===1887083710,2892371058;1517823097,2191551150;1194903960,1843676842,2137870138,1302413659,2630366066;1
+++1862405653,1013486927;2374441178,2418341660
===2435801495,2139764516;2526944854,1499742634;1864812865,1207217688,3756722503,1830750854,1441052624;0
===932554863,2357360945;1526203847,4171802834;4020025934,1649585608,1581383657,513439626,2144901246;0
===1456575609,1635584647;1359352525,4127683188;163679860,3236061019,642478890,3054172611,2393003894;0
===2123429569,2497963609;2602475612,2047940420;2320811142,546319346,2898154030,2096341917,1324054300;0
===1374189604,2376348509;566927096,2929818530;2333760301,1963942704,535580936,2570772271,1875196460;0
===1639134934,1541812838;1416231753,1035920931;1759112498,3865389302,1052523759,1451704282,3732406249;0
===3667611394,2302173346;722322478,2518735892;1034293349,2211440281,3162841076,2593673143,2582552209;0
===1562846048,2883806229;2400286239,1192454855;1847857650,1989029746,1678379995,610315396,2488329866;0
===1017435192,2015612762;2515057187,2502682625;288137652,2247363634,1428988521,1498493908,2771806174;1
+++1423546419,2894386832;1495432911,1705022833
===2817009848,443850140;1308238189,2501212673;3161860558,2577279915,1657815121,2435872241,3949015814;0
===1924312376,1570609548;1742968057,3771020977;3427431530,2082179429,1555796797,2302868807,1137007943;0
===1437353732,1137604275;2459392543,133699394;2193352553,2043031293,2419719325,1410151146,2972093278;0
===2277691977,1109701804;1639723100,1505663652;2422077705,2051683854,2989579075,1935999832,3050745289;0
===2867092809,2184284352;2699849320,2152347821;3204008051,1642771973,368071388,2194522488,1773621801;0
===1510650611,1660802956;2548317839,1338126581;2931738238,357435733,2505052454,1840316168,1345380859;0
===1922970143,3777556277;1069157467,3113036010;2690677289,952580620,3356548864,884728730,683468303;1
+++1190417379,2303570340;1282851097,1866528581
===2191983755,3173960636;766875270,2280109011;3894717754,1901711650,1292020670,802044066,2493363617;0
===3053007416,1277450238;3139107331,2722129690;3057202546,2815461068,1220653451,3767798059,2535569041;0
===976363901,2727149273;1211537841,2716641401;2149378762,2174023298,1709650967,746413685,2377925295;0
===1620246099,2176448980;2844630348,2570113031;2707123450,1415439521,1985970501,1678035121,2355237110;0
===2794424146,2387980798;1561947203,1879695317;288913544,1741475269,1278552009,918001787,2452755156;0
===2622402181,1070854377;4086898618,3595737842;2276848864,2251265381,2006838603,718838944,2686672678;0
===2862499009,2631781845;1649412749,1166322450;3522274127,2771828726,1759075753,2789587994,837576070;0
===1392871121,1943487540;3314687337,2438397359;2296964959,1890615107,908990309,2302914713,2902371773;0
===2625867677,2933186392;3313394458,1215285253;1041286620,3809107691,2656389415,2708334442,3571908676;0
===2931377536,2187700463;1354739432,3085250140;3709056273,2303012739,352800473,2015121955,2638738399;1
++3537726360,2668262829;2750941566,2342198025
+++3551638295,2419934975;2406960728,493918397
===1136306920,3645369388;2335296381,3635313376;1855993610,1462430780,1033419316,3521617148,1699680837;0
===2092113620,3191889448;2972077782,1491590557;2292381743,1593760296,1202755489,1067037886,3146942942;0
===3073132129,2410466978;1683083910,1706320562;1687231681,1587783582,1394164241,1817006317,3136377850;0
===1902895108,3456892243;1530147917,2553536073;1590866210,2496385376,1447295329,2825329405,571286562;0
===2905574294,2510713362;2455990556,1925312647;2386613563,921786402,2165676934,1168449033,2093368338;0
===1776865585,2073309304;1870754870,1390089697;2043505710,2921633511,2223082263,2160220281,2550411345;1
+++2253265385,2289004603;1107057399,1553683354
===2866573675,765470197;1618760532,3398691032;2769940795,3160610486,1863028426,3822681672,1966484862;0
===506058776,2184054430;1872849451,3181576337;2787005640,2641433393,3519073782,1916686918,579764617;0
===2939706763,2498870578;2347067506,3373103418;1125404981,1069284253,3711891693,4132401477,2479377358;0
===2829950476,1095699016;1983575635,683667806;2005516075,1345524963,3047910593,1738644138,2994249912;0
===2363166309,2300921860;2539655574,801012073;2151504240,2999107246,2912497544,514609109,3385075395;0
===2954657143,1142050581;1466363094,2845494743;1543021488,842275068,772312544,1417772745,1201869688;0
===2671444935,2618114782;2292331271,1303725447;4041290869,3192129333,1480292188,2352348938,2550416687;1
+++1587984163,1227987976;2608322330,1750400186
===1844185412,2310962953;2646127068,2985689125;1957194144,2428779591,2334940811,2440573155,2336575405;0
===2416726832,1591858148;3147194057,3065404732;2560426284,2750527897,2312284843,1821781946,3732893922;0
===2599958132,218409622;2310880593,3884903084;1857814047,2967831108,1430284140,2798680527,2174825741;0
===1898152390,1896998101;1598015999,2310520520;2768124403,2508199720,1770211292,3516461993,2554463746;0
===2900362086,2954816128;1222908534,2557842776;1388123562,2859322736,2974679363,2136322935,1959823726;0
===2070116598,2133982817;1500581249,2680983719;1929586761,1914104339,2786021450,1541198738,3734774767;0
===3406619088,2616718994;1762384285,3794341947;3516375516,1318612476,1513916763,2518947078,1940048707;0
===1284839797,1949401299;840054468,3735133426;1154336866,1772232778,3574523781,1732477167,2858321188;0
===2882013942,289450859;1254310416,1349242736;3162794164,2336894527,3058432256,902006644,1699536465;0
===2350270868,1341863466;3438109988,2605905075;613500273,999528158,1216209761,2093527422,2853924298;1
+++3004305039,1270526859;2132885623,3217578622
===1227931381,3230677868;1077843708,1621708740;2802520232,3579003325,1632259621,2569018328,2893583133;0
===1724762977,2817054063;1109146380,2618525477;1952783676,3269310257,3411725557,1619025352,1314261773;0
===2326517971,2230774124;2772314939,3475513866;2563127698,1765467530,1463412389,3739096858,543492812;0
===3814351991,3061812707;2468792899,2553686499;2929893904,2867943049,2563148499,3246541552,2986977745;0
===1026569204,1044109177;1306703462,3380543663;343501430,2027954749,3245161926,526560246,1812585511;0
===3471662866,2404701622;1535155071,1742797910;3079529434,2376322460,2705210069,1943751759,4170351409;0
===1842422070,1193963553;2902985480,2374839046;2474892605,1505048587,1579653266,3003594592,794250788;0
===1179295337,3482399542;1489127253,1806972519;2621858487,2117897279,1771019318,2821285466,2116912684;0
===3474375620,3002845738;2309956310,1689250415;3940072402,4046094815,3153457390,3082351706,1829672219;1
+++3513008627,3286566164;598331944,1931649761
===3632578944,3005248590;1937432518,236448149;1910122491,2337283586,1849486881,2831193318,1838515416;0
===25566483,1784195860;1682769756,1669211187;2252100245,689919149,3385862416,2657694971,939510735;0
===2968825176,1718328522;1802609590,2724615016;2186512235,1418604548,1388750945,2716732944,691226210;0
===2487244770,2808406923;419727599,1642632008;1835889966,3284595091,3264957060,3543948813,1860275611;0
===1752189698,2600634413;1530739749,1659980915;3032823946,2381668456,2670329202,3701398161,2994418944;0
===2261001183,1511565246;1761451318,3599060844;570455790,1850031687,2491029259,680769749,3193831927;0
===2861003844,1330638708;3556848336,2217878791;1373034004,3722974545,1975483387,3703271169,925310648;1
+++2494394940,3880361848;771526798,3174758492
===970635308,1562431941;2192386640,3107704542;3772766254,1943967275,2846079024,2035019491,1308300638;0
===1378203436,3069988457;2914355769,1963125439;3156154638,2170933992,1594292986,2894237263,3196336651;0
===2789804540,1265044719;761497800,1773738411;2910807778,1061593188,1219522789,3376251616,2224136212;0
===1805867921,2873997825;2849763832,2768802696;2743024313,2172813063,1457039977,1521960282,1421260949;0
===2809626380,1984192455;3831445934,1985083062;1835328821,2048874835,2084043885,1268447144,2024903367;0
===236874490,2149401721;3523679679,1282719644;968933594,3026478249,2631277585,3403542142,2897557552;0
===3095953006,849943796;2475561580,2858422467;2726404493,1712920528,1910300388,3166384760,3827783554;0
===1630652173,1257529933;2273412277,2077232351;955202222,2183208609,2089612245,1594486397,2955697430;0
===2978323505,1391986672;3066923380,2327642649;3265368196,1142159031,2568651604,852792116,2747078890;1
+++1086325256,1552809890;3026903476,1407631150
===2568376819,1435174997;2012253559,2444146200;3078088294,2294196726,840981887,1821283728,3615088868;0
===1467946437,1891034192;624426364,2179013498;2903465870,766969528,2191069302,1291449730,3838538248;0
===1686968146,2346833130;2678916099,2221920279;1147022668,3115396581,1771453108,812917485,1704737685;0
===1803642472,2415745368;3086985792,1952654413;1572534211,2173544374,2192606745,1526459479,3661695350;0
===1969766513,3995326619;1627869070,2783434459;3811160750,1122786332,1380901281,2344206120,2380085446;0
===3325238424,3462722178;1869663491,1886051381;1558442240,2500959543,2935839991,3444159497,1940269553;1
+++142142519,2290515267;1949260136,2910254365
===3713918206,1080578366;3039685143,728231084;2451783149,2475400002,2952040824,1691774053,1399914432;0
===1729450265,2169219054;1692579353,3027512035;2261504636,1151288101,1835119307,3144711075,2676101867;0
===1694721060,2135997037;2208625557,2039470909;1675488453,3543608064,1035070775,3272185281,2425314140;0
===1476848840,1952338623;1464331503,553938056;3126001292,2486632311,3649424502,2432108489,993969937;0
===1971263283,2591305815;3718193493,2608305508;160291128,2968427627,1276108192,1422310039,3604837454;0
===1390174209,2550845082;2526522261,1451668420;1597525091,2873107066,3416179897,3738220019,778806268;0
===2092415606,1620901298;1407178900,2479340849;1752099913,2075193020,3228268354,2532913199,2744400288;0
===1986623061,1238922650;1470836570,2717236876;750204887,2064440454,557821773,2285814249,2989785289;0
===1981339318,3111565314;1330299449,1813800000;2553931062,1729695578,2034239769,1134161138,2776522414;0
===2629103825,1082428845;189810029,747702244;1915504867,3097754678,2589244291,2068424397,2100115863;0
===1663249704,855282626;1641847889,950397460;2205273960,1793585633,1978014989,1609885491,1842819740;1
+++2913191619,3439223936;1962711992,1358990127
===2692505430,867385880;2254375424,2763899953;610326420,3165340085,4045250675,2310040031,957987511;0
===4084771063,2062906856;1629604142,1287320739;2370587839,1831358741,2238555061,594947603,682920105;0
===2161239798,1700050772;2211853119,1319018910;2086030625,1574491844,1933091370,1039859169,2146745467;0
===2152723517,272078172;2029187029,3321611116;2487655046,3154852355,3894448443,3715662924,1540579399;0
===2440137356,270380965;3408547854,2778671605;1861747405,1077668899,2570907779,3572297030,1338372519;0
===2779212100,1391170674;1980304619,1234398365;936670926,3613102150,1925135450,1902828867,2816608420;1
+++1539256862,3301200973;3394089912,2828736327
===2705210412,2498506203;502974566,1045573432;669484282,2916444580,2290249155,3308512877,1442117069;0
===2950462619,2631320524;2276298973,2558333604;2344633190,2604808370,1017501263,4019792073,1816049065;0
===1204261595,2587535885;2649823933,2219222235;1604093000,1998281320,1434597541,1939097128,2097015672;0
===1086369772,2602881925;2217317101,2490335454;2054547140,2478724450,3832343552,3207959062,2385859540;0
===1619307463,2367062576;2566637859,2105083959;3426175306,882817861,3393636595,2546355082,2331807329;0
===3638992336,243452023;2177101067,1329440617;1973470512,2718014985,1854190213,2957953504,2137483285;1
+++3350363104,1691804847;3711702107,441407923
===1441660487,1388369865;2669290593,3259566604;2217732970,2208300179,2752392527,1727885784,2726146763;0
===2093747308,2507326213;1387507790,2097590312;1315493195,2977140786,2149567350,1466516972,994484862;0
===2855725586,2656947063;2354616145,2726246744;1237246897,2325283445,1293614264,1407126748,2221767251;0
===2763636272,1695714451;3232464750,3289446186;3208777168,3249731697,1886860476,1710177433,1716333318;0
===2381275893,2384084423;2123842907,1201906671;1896770066,1727530889,3150889061,3086686918,2079854961;0
===2072221285,1638194348;1691834536,2262096369;1855988859,2608741289,2994239798,1298172693,2402203530;1
++1179186804,1976700654;1711947372,2284675987
+++2666351753,1296370399;1370822095,3539491035
===2419201714,649941503;1634455993,429530254;2988637080,1297983153,762848227,1686200701,1679928536;0
===928718538,711773201;2829278196,769118134;1814163944,1601640936,1268104778,2644743518,2469899454;0
===1118377777,2741503324;2026856846,1068616634;3256073384,1884548159,2157442878,1498892304,1806424104;0
===3218083037,2021744662;3268436807,1162939004;1694617710,3096940108,3606578551,2146630980,2066909393;0
===1841320121,1801693772;1825433638,1808713127;3166191999,3767200043,442486636,3385416606,3800265448;0
===2166647829,1552005784;1371472217,900055862;1859184916,1822011334,3198801510,3948809097,2627422752;0
===2261480874,2037248921;2909256563,4067797731;2016102411,2281352664,1911104777,2255599827,871245916;1
+++2423501176,2049476903;1863504768,3224720829
===1793567630,1498644811;2743671946,795739415;1163894473,2287682805,1066638209,2534214707,2493229481;0
===1895979745,1872114110;2290856389,2164455210;1021700708,644852720,2605464651,1458437282,2960415367;0
===3690341003,1569504290;656187519,89407258;1916688380,1443316475,2428302843,1620936020,3631584979;0
===167649627,2119382481;1501741275,1281592670;1387670638,2179633536,1812449499,2331634432,2449936063;0
===1937866020,2542150712;1534387571,3727568732;2957476188,4076814986,2793888084,987739532,2145284471;0
===331582012,3479712774;740329308,3707655821;974951867,2879587069,1960726837,2057982244,1347001871;0
===1300556463,1372002570;2259941146,2383809106;1981797922,2688083719,2312202418,1672562449,1606027684;0
===1314244247,2424021559;2754195615,3693681642;2384025230,571614699,286692000,1542829901,2841261301;0
===2103326714,2331048607;2189816039,1136129928;2293511214,2317076915,998411229,2054486243,2237465780;0
===2773947245,3915029361;3837312334,2813762942;3385897341,1112647041,517595971,105199294,1428406060;1
+++2789859486,1929595375;3145643425,1915120749
===3208276923,2235126683;2680211031,1677470073;3447259463,1812698682,2056923321,2015602082,1169496678;0
===3253378456,1638754260;1899765907,1452149993;2387359916,1712612161,3391745921,1814564731,2114884228;0
===2814591013,1937681533;2186812621,2043321655;1812737089,1905304356,511451592,2136917646,2014427810;0
===2985943607,2059692406;1781791759,1180898060;1468124051,2108461067,3367696733,2952042329,157886833;0
===2184307161,1758492233;1872158533,3054036284;2761023041,2011003186,1367009845,2825514635,1222019282;0
===1022682285,2731381646;1372527521,3080867105;2477714991,1948419577,2940669386,1502708803,1490889755;1
+++647100804,2498097356;2913756234,1778520205
===1433931242,1752133516;2164808478,3121306179;3380907357,2725651241,1805381499,1833768871,1128060105;0
===2953731483,2746907583;3267368697,3543782701;2647491450,2559029241,2000728141,2832335318,4064542283;0
===1634717034,756330692;1526852371,2098418695;971781658,2018580039,1071865999,2490023650,1935530863;0
===792534802,3297052627;2116042926,1420295547;3576217616,2412589326,3521862842,1077277932,1323347998;0
===3493269568,1433003467;1476712215,3104509422;1593810262,1186960907,3322857530,3071741786,2080029200;0
===2097612611,949034591;1787207909,1252558148;2409235866,2510900580,2540445719,3239831028,1173298808;0
===1222672859,337879302;2411492916,2541712209;2339295918,2389499099,3219137090,2088952044,2840892180;1
+++2311565800,2504256566;1885687653,3265664637
===331398341,2810170833;4142741536,1294656189;3296455835,2236399781,278678093,2277240185,2091607700;0
===3667445875,3443266508;2058487589,1681439345;3503491242,722122647,636161778,1478262631,2300719877;0
===653644643,2608567229;1439001694,2897903274;358915225,1518918622,1423656426,498816632,1010591890;0
===2322334968,1845673090;2568298873,2209486213;2969068375,2215687693,2726085984,2994196483,1230870407;0
===927963864,268053676;3029917474,1793892960;1188571087,2410424078,2606209584,1974828988,2874457165;0
===3426697118,2825949023;2159873073,3444286115;2450610519,2626814317,1980086705,3828172364,2879303051;1
+++1962868193,2620135687;1815485290,2020114717
===1650413320,2996852176;1277485739,142313118;1279189883,2357695877,1166890726,2616131085,2271127301;0
===2455419342,1665551462;3731509459,1707174292;2906562243,2169583956,3452037192,1289513096,2184227105;0
===2846724331,249040820;242254508,2257027810;1932222192,242239804,948745354,2158194536,1670571068;0
===2459998027,1598374653;2199527714,3074343525;1178318366,2836023685,1718428101,3838554344,3408058688;0
===3099057954,1562586881;1415774673,3139872747;2723400424,2467286332,2648215331,928708361,677913993;0
===2208442552,760585093;2440586237,2146270248;1409135806,2781051485,620699521,2664465366,2426069573;0
===3008234116,2104516450;1982929984,1507562843;817597861,2534800506,711555258,1588209248,1460318398;0
===2410089325,2219476750;2091794159,2295293471;2958702347,1494295151,2219393469,2175270383,1380388924;0
===1236555954,3081574529;2789923910,2178819000;3079624489,504609266,558554620,3919821637,2656337402;0
===1945568891,1519793524;1073007582,1073597632;1271011479,1624408728,1454157754,980962872,2700963190;1
+++1529107511,1338567036;1460502827,3286562672
===2229892494,3022717161;1196715344,898166592;1237044065,2694378580,3360492263,3424875105,2841734935;0
===220344874,1456151220;2328869315,2673080901;2853052440,3559067840,3060667464,1897379178,1790037454;0
===2273461997,2093255509;1719856108,2977002087;2482064851,1754060420,1426377070,1674564569,1335524051;0
===3893415114,240626511;1324228702,756100481;2883213475,772413872,1458168035,2815537811,3377006575;0
===3087922942,995861842;1680450013,782851052;902350683,1667176822,1604790750,1476882501,1721755894;0
===1541094365,3294375809;1840234215,3438248929;3540802649,2347141040,1493607126,2823197458,1811195682;1
++2177035769,2688763079;1782991750,1192469900
+++2269927052,2297207296;2162124693,4077432251
===881586527,1402627879;1782315535,1973991671;601911788,3043398840,976089178,2042331677,3110653273;0
===2466017198,1478375820;1098715839,3769162901;621079063,1061243824,31216505,247564352,1979843994;0
===2049975077,2984152939;1574604115,2551179303;3015931942,3753565018,2407301625,2531875380,3340741621;0
===249783882,1585156264;2680760036,902449034;1840180773,2335395403,1562760577,2542377349,1226290971;0
===1319524966,1179899827;1599801641,913196173;1835038973,1669006297,3636895727,2460533212,159679414;0
===1923376622,2118713488;3225463019,2585582794;3663009938,2667043743,2088614733,2118756168,2014113606;1
+++871770665,562815213;2139741603,3034394552
===3991339696,2413246008;3545296693,2971922870;1366762510,3079389701,519539999,2779512404,2387405235;0
===697445687,1468826642;3216247242,2947614765;1155193436,561149820,1114632145,3217127019,2451475819;0
===2046380516,2854461726;1819463880,2008069575;1952641620,2147541575,3849952071,745335903,752599613;0
===2575517842,3241595373;3602835708,1907334876;2620319888,1469318291,2176581371,1748751681,387527705;0
===2929146677,2309960158;3008452215,3609622548;3991449501,2976113521,2264237389,2364591835,548070549;0
===832535215,1001853156;1298923525,3327012673;844071092,2944963193,1548533911,3646195029,2464603878;0
===2879709234,2534073932;1169229582,2181151499;269023043,4051532701,2960304200,1594076827,3856370461;0
===678255759,2940528164;2386833722,3839376172;3471082124,1764001145,1229174036,1114549369,3073360451;1
+++1821006294,2043134823;657616634,3620589120
===1018565568,3726018672;2689593776,3396005586;2709984966,1654751541,1951474532,2840828301,2562660866;0
===2249337891,1981837692;2067181428,2059770568;854530330,501963361,3552859751,2288654369,1012240859;0
===1914623100,2976851091;420012175,2073121205;3077731970,3492014742,2724736192,2358156964,3020450567;0
===677735274,2523010648;1698442042,2620305485;1356109833,1334733695,1964812516,1396546866,2548264028;0
===2255312986,2520322127;3960487510,2085211829;2875444744,2216647059,841216208,985010170,1986675621;0
===1275319747,2427589484;1051229880,3771570615;2026317133,1388707416,1410741715,3165860386,3293734349;1
+++612883018,1419574304;1482003137,2290796436
===3210703026,3343944843;2275341088,3033289131;2410189385,1980483998,2289570293,3048312149,2495901247;0
===938030651,2254596767;1655944462,1784623627;1432499410,3035094161,3500837808,319406000,1763599679;0
===2990164419,2062735378;2172523746,2040540279;1683278434,2628149813,2198006939,1631889831,2070361339;0
===1182527626,2476493839;988024429,1234226661;1818427227,1825627977,2735870824,1948947508,1984502251;0
===2724004942,2888278149;2929947794,1676874384;2934691372,1139063587,994389225,2687059548,2266309962;0
===1579931964,196795758;3436872361,1069998278;2909495586,1568653721,2782964757,2260057009,2358512479;0
===1235181593,2052828756;2744427266,2964112664;803208986,2702492924,2051834293,3033865898,912585458;1
+++3177154724,1689789371;2114030015,2215389131
===3482495176,1047191496;1003775680,1688101644;337455696,765665904,3630444463,3411563283,1644501446;0
===2289557740,1092009983;1379965579,2760281592;2669849284,2969495799,2260118830,3577937204,3109517117;0
===2026525357,2715236793;2101041214,922069077;1702505400,1541705816,2028975763,735608830,1289447427;0
===2721077693,3329318593;2282565872,3268113016;2887705599,3428223139,2279562386,1803456045,2408052682;0
===2949821744,723274674;1875831136,953735810;1589796818,2309061722,1887698820,1656773904,942443162;0
===2489657476,89634666;2050745877,812291211;1289652145,3342062759,2117822371,3861349993,3481815441;0
===2819745765,2185711899;1536633414,802892532;2063824639,1920104652,3067658406,1482973679,3420564878;0
===2792047485,4073238386;2322317499,2870215391;2312877235,2676353678,1767764111,1443498446,1491689087;1
+++1644679139,701619729;744274196,2722836592
===3472978107,3449474246;312016620,2683323397;2578577800,1011117541,2499652851,1441467872,1904792277;0
===915795566,2330134065;1792546228,2662609535;2854542146,2124296176,785354787,1369622585,1412232089;0
===1541735464,3084537291;1636014514,3282909647;3105252961,3197634201,2571370067,1839280775,2715865444;0
===2884179968,2335512404;1983207834,1780469925;2352906338,2580051248,3048257560,2401903998,3003698222;0
===3201745937,1712189429;2949547930,1743157039;2277808983,2024339163,922608353,3973756678,2489301474;0
===3785971925,1718128050;2308985000,3329994807;622709776,3836567727,906210492,1893986506,3011037196;0
===2629730163,532692452;2366325845,3515164150;1167621445,3838254653,2970990488,2593439124,3138727564;0
===1927454273,2517083042;3554157947,2667926757;2869438977,828759716,2462967101,2435970296,2676212303;0
===932750865,3333492038;1696434759,1376918336;2438264585,1499757729,1979283072,2549568206,2257020965;0
===2995184781,1012101020;2351517126,1619881682;4092626894,156469452,2066595874,2451241619,605108380;0
===1352913168,1724590726;1418534418,367389608;1875804915,2317641971,1467916778,1993806123,1299159396;1
+++1692796249,2413945646;3727440557,1284773210
===3042734140,3070717068;3212164891,1809311945;3147042642,1173158570,2064114854,3206840056,2669369668;0
===1031271681,2018898852;840736472,1122587978;2544009357,2493966506,1624857652,1699895053,1450715871;0
===2958768604,2897808618;2278672877,2654415684;1202009528,2551423228,1871122979,2922579763,2627936593;0
===2553724944,2320906060;1983637728,457323890;1754724373,505851148,330044239,2749754846,2936515157;0
===1158320187,2910997116;2423680708,3220177920;3798310136,2289963707,3138367905,1846358170,1990208685;0
===3170614302,919279323;606415529,3259279755;2139629953,2602329553,1167831563,2948067440,972887122;1
++1050882516,878450407;2045298314,1137164757
+++2968911075,2663268739;2205072139,1059768166
===1943970183,4179683193;1633274430,1856638117;2277670174,1015184458,1399653155,2209971722,1392413515;0
===1333642624,2520885293;2687572277,3106268744;1318278092,1842592980,538463323,879754826,2506128462;0
===142029211,1086428009;2222199517,1036219896;1829341735,634652758,2626321606,783149324,790421554;0
===3569449597,929919544;2929317608,3260732083;3543401564,1499851525,3483454281,2028877227,2526152868;0
===2752995349,2742684988;1988022943,2521087361;2066193187,1617548218,1536656928,267311132,1670521253;0
===721712664,3540775890;1959761792,999789122;142449230,3895446555,1460206013,2787906375,2615643746;0
===2649652413,1632078878;2948932674,3695847546;2136769181,2805723064,2200741337,2037720895,972903388;1
+++3427025296,2649287185;1816119027,2679712500
===3073818748,3028602858;1012142247,2434735221;543265648,2357800415,3097312236,875789050,1368278098;0
===790220277,3578308446;3989721535,910422136;3104424155,1876714592,2285238432,2478891193,1037254537;0
===2236089309,3139211278;1422107853,2987768002;700911490,2683033358,3099875140,825232139,1981464034;0
===2354654661,1876677222;1947833381,1593595313;1500237006,1597379572,1942348320,3296053792,2723546578;0
===1399505068,1505294536;1505051135,1458067536;3216504718,2424290211,1838380090,1612848020,2764181989;0
===1358889042,1928726808;2501026678,2103918016;2976931408,469415072,1974959048,2140357878,2685319234;0
===3188231983,3110616101;760067230,876939502;1247405374,3316226271,735036991,2119553563,1947837811;0
===4132940749,2124547946;236179297,2272620491;1400261226,2452111736,2328402589,1401217314,2597531963;0
===1081188256,1155897648;3154875939,1877840033;1310801503,2697929843,2117985631,2723434426,1547262536;1
+++1841506832,1788918071;1628339145,709722310
===2249230063,940169274;2480549803,3213624952;1586188961,2169855229,2404343054,1980054868,1793869041;0
===996333254,1476461254;2899026928,2391939685;2138352485,2641672670,2321678020,3377504322,1889110921;0
===2774550914,2484580281;3056616549,3407372729;1572203260,2189617075,2797783834,2608908261,3124151550;0
===1410693790,1709087333;2629866282,1051463958;2946134416,2563757402,2633407658,1437271152,1995836799;0
===1209912332,2654859774;2360327375,2905478456;3345109262,1239375935,1830534739,1264493074,2384976527;0
===1880559649,3137140426;3264225893,1560597087;3381664652,1997635510,1320935406,2053378970,4036324849;1
+++1884481264,1369768933;1707700760,1934434083
===1889637588,2663457556;3234937841,1167115054;251270857,1951140827,2377417841,2297256271,649786207;0
===2173463202,159255625;3730762323,1154884324;1991680084,1110347059,1714218015,1082769441,2507897776;0
===1138254330,1814375885;911093636,397451675;2536983085,2310454984,3030138524,2880831580,675099314;0
===2170956247,3354721820;2925392749,2400051868;2781338837,1267165781,3383701134,2212743126,1788087336;0
===2358687192,1808291424;2831881253,2554258155;559941352,2758908106,1237369085,1530674403,1889148000;0
===540788478,862216750;597401786,716672112;1910540233,2163134965,2118857618,1829128433,2040166898;1
+++1551987951,2571693077;1650253586,1002786571
===1130356610,1630442677;1577573544,2028742774;3377192976,1321829506,1721895377,656807952,2440574726;0
===1520349144,2548306335;1174692496,2060485205;3114679779,1478414615,2200457155,1412037567,1612253153;0
===3225873621,3142488462;2857308122,3938362192;1566198767,3442589570,3345815100,2015254813,1960700271;0
===3339887136,2322525207;3327078443,2584204431;3745547264,1758640636,3534589306,2139478533,255300480;0
===3828909269,3339347692;844863672,761053100;1039233206,2647995641,1427708369,2264665839,2502818627;0
===3000708296,1073697773;890310858,1255454712;2654691986,2535501320,286438294,3852614446,788165460;0
===2229314909,1261144864;984038058,3111339701;2247775730,2049614446,3334995832,2079659193,3352707794;0
===1794698343,2454829182;3020276227,1559629834;969571306,3349341242,2482555294,3261038374,3155820596;0
===3912997714,2205445944;2222095827,1812482828;2611888705,4112685755,3227929250,1663305293,909414582;0
===2210421762,1373273621;1792466488,916413848;2067866571,1613208377,1334195111,3313162840,2446792465;1
+++988815585,2034297515;2452672642,1105386904
===2382519504,2437969804;3731006388,3315493227;647617992,1877306587,2542542052,3922732319,704380547;0
===1666251264,554678585;1866095642,863592457;3142099854,2555655245,2776972915,2665328764,2503853159;0
===1614836556,3512219123;2652960643,2475083633;1668978117,1604101587,2017008944,2602533721,1804054767;0
===3239917677,999193176;3763481245,2873965589;360207210,1384406512,1444743073,3056267703,2521586427;0
===568227102,1254933170;2155744173,1873329000;4138257447,2462685284,1215161141,1210027149,2351410574;0
===424835215,3049951374;1162376282,1309273136;1387582604,2533193259,3616982110,2343710690,2096378825;1
+++2193904139,1632604313;3192111014,2081626761
===3758654591,1193653458;1834707176,430766769;1514683979,2101873467,1440483556,1474627181,1294620773;0
===866272646,3159350358;1765940686,2732977031;3191205823,2172825424,1139483250,1484208210,1758690420;0
===3777285362,4021196778;1516089181,3340695245;1741705770,2138820554,2888054890,4009482056,2723017823;0
===1542752775,1506929474;2008551485,1813698226;308039492,2626943784,2483265612,2423165120,1490364877;0
===1597034746,1823472566;1463881583,2184481077;847301320,2365592911,927643072,752972881,446435347;0
===3420183851,1253924690;1060881510,609625254;947776826,3082887790,2659764859,2204462922,1774968607;0
===1169809925,3070073897;2007109471,2100392812;2376130319,3296387614,3131415726,1421734587,1814771896;1
