5;3;12
+987257258,1488037739;2132800075,1099582211
++355819511,1614589843;683452423,1993839788
+++928948635,1254821311;857084395,1527029388
===1442297660,1154244305;325280634,306355305;1779251206,955302665,627040911,1830797827,1083494910;0
===595261767,1091442851;760731885,848179391;1798738296,1311536693,76336274,444001865,515571561;0
===215957478,1767572483;1606165416,166542757;604933256,2073454964,878319860,462487815,1135647707;0
===1782382202,801535311;1212137754,1029219111;401116509,924871592,951412013,924078,1853913390;0
===198215087,2014554981;579498161,594153298;2019440302,742304999,76810505,519317582,31024795;0
===981288956,1499765578;647430312,574935899;1953987986,256380738,1188428332,475618555,60320925;0
===352114570,1586019339;2085982835,1732374;1275357435,1908577003,1066871164,1949949835,246483639;0
===1097121925,719082052;854394015,837719215;632132777,299367648,1335677892,1673327263,794569335;0
===624896123,402966266;1511450397,1562290988;1619737397,1487019374,510954056,2120534078,883603010;0
===1927191527,2053015789;1246953256,243068344;1429072962,838727760,817696401,1384290437,626236794;0
===646128186,1762804093;847420943,1617890682;1846995924,1220200922,1606443391,2134029165,1520477035;1
+++404846445,60220417;170223579,596324016
===461929788,1201970377;998602532,1153424446;1020538776,1528206958,1339661270,1918680059,947374125;0
===348821314,86137018;1594097999,912452706;1949338723,1275511525,1536279668,1960907013,905001470;0
===1465671122,392551693;2070752955,251872424;1108313738,1471161842,18130650,1175057670,1032031011;0
===142065666,1183285395;1133090981,1603483770;497413535,1709998305,143682113,2022878338,706210967;0
===1020101327,642226526;1289986212,362018072;1095372780,921286638,1833913110,1511734679,197480844;0
===1514539152,261967825;1658629128,1504816472;1389723630,1520532266,293479250,227124136,60811048;0
===585297239,1170705138;1478009510,727559755;706808707,1701178634,1606214768,2021750734,1054365460;1
+++253204874,1586250017;2066264009,1348785581
===1070328438,358032756;82635307,1403795622;1337474552,1927991043,124877347,348868581,1879512304;0
===111621939,1027276786;63155675,1854751716;1561548038,141245910,780925159,1449964473,850699617;0
===88032854,953684652;697759245,1824043097;1738537684,1855298751,369668976,1394656737,269310915;0
===983133953,441569368;2006989468,1468517974;849184102,2027523278,979510644,206054429,423602548;0
===394502384,1703485315;22169920,948178935;583618647,1965506327,1084290272,1184006298,718008445;0
===367718487,1527842825;1988545815,2098513496;1624006870,1570150400,1621595948,666732370,2079217711;0
===1133396998,598993055;991599396,1389821654;1276509306,768853073,1340943019,900757245,1203045378;0
===1555189226,1816708485;1179364863,77304704;973748088,540260393,363401046,2121196361,157232695;0
===514286286,1477845519;2018752877,79460053;1617614954,1978249886,1090006026,555667130,393015306;0
===210498970,1512750139;1862069667,182037982;899135143,1117414320,1453433816,1977539728,701428914;0
===1151332621,160954794;1616406458,1139429702;466812083,12580286,1205657084,52518111,1350586276;1
+++769940022,1984250504;2122534743,1968209422
===904025934,769620832;195176834,53420812;2011089904,1942241287,1221732001,83678021,538835218;0
===1288313456,640907911;1878113724,1449299104;1992205570,1485779802,1670558984,1575297884,1069128194;0
===291265707,1815739328;129323973,1970954410;538591803,902256920,1034650188,784331363,1891677907;0
===87234604,898348674;42451663,796137455;179744179,1965879948,616972447,1002233884,948618931;0
===852707535,1442672664;498440801,479115799;1558801493,1795726023,1631682571,1975853300,1350980375;0
===1418929435,1634529575;90009131,1863790300;1283191236,843528138,918331513,1920927853,1656363855;0
===409150188,81035843;1379108342,1139962553;1687985566,1261804008,1734572000,237870307,2104988639;0
===1122854074,810522208;1335365284,1261689431;1649786722,1757395695,475349493,414764384,1906574580;0
===336598023,396516643;1383530659,376247007;1641306505,816123910,977728509,1245374037,1561316088;0
===2086715026,73951090;715181059,1235875216;682407199,1637617510,2080938475,264475230,1751180425;0
===20891223,591547530;425201779,973734877;59210067,86655917,832454784,1764394528,1464999048;1
+++2138833020,396244534;359734938,462752896
===1795935391,68371628;300147644,2012491631;444812078,1269165296,449589738,1958472446,1389609665;0
===238923487,1689828574;1918826938,375334414;1130288644,365186311,520813620,1135919268,1975357253;0
===1337215078,1647296006;1690054944,1757366208;18214283,1224332031,1782575318,1707721415,2100061641;0
===383439787,643230868;718136350,503293511;235377075,2004665421,959831466,1024227326,2029712967;0
===1578137913,1779806301;641590865,618804241;1906426251,1891708258,1081547454,638317855,2020932275;0
===1873715375,1812945058;305812979,1682215785;1026841742,1654149673,1283513306,1185485461,197299630;0
===140172874,61427094;385857109,1737260543;1670641663,381633907,479754434,359945296,292463777;0
===1789095874,1061808714;1615280785,1564815527;1096626144,1784412025,586330754,2091110496,2133256279;0
===1431589156,163153649;1355544486,1892194794;1666280139,1421549732,880590107,1387422840,1490994876;0
===546507802,1407018262;1651968896,565436008;1678446291,374643222,1195461614,1411998034,824828615;0
===853430513,685672521;534552450,1273606255;1465206435,920661376,131637631,908524606,1652927545;1
+++637360623,1195463042;1743002028,1552966451
===66285305,615784459;859551077,2073008756;1487110643,246755250,755890770,1883856750,1889164467;0
===997041827,2086405757;961844361,388925821;1001186180,710893611,1171037526,668868640,1109684739;0
===1994592140,438084345;1895903256,108664295;1021302857,820091490,1251992819,511895779,2015204499;0
===939674345,4593283;1315846214,129520271;1081622495,1403699102,4197496,1651559824,1332754977;0
===1688555669,96287353;2034478114,1023540076;488383227,1592761441,490271815,1522798861,611756228;0
===2137626670,985464597;331242369,1771652298;789248104,1479068156,1284204247,1258180692,244306096;0
===717779622,1846980807;1735686139,212176642;655978457,1121807855,739772705,651096965,1260635027;1
+++1444439031,1808897571;1005685230,473041552
===765635272,337470936;1763815386,226897920;554070286,2115881004,1724008430,346876636,1302360792;0
===1516830597,1501517548;1429970662,2112649414;12301635,1527744706,1517362173,2139154549,426704068;0
===120036696,1209818644;1250562555,1438861436;301359317,907576294,1432312151,1338872935,858493127;0
===925484133,137002265;1904147691,488358142;239566711,563813439,993390707,1824868710,1743168934;0
===1133348809,1988000954;1331546661,738235428;1906502857,368748490,24920913,2029825888,390584785;0
===154782834,1533068904;1089060724,1346467643;1433325594,460946701,21812875,1312724540,251974886;0
===1502906370,746109596;1902763144,190607824;776178047,2090271063,1395173496,1074744976,1612268200;0
===1580645997,1458606164;362110529,895980499;846335743,615724050,674047863,1272914245,1356383445;0
===1322140290,1698593863;88145279,48017147;1693777751,172394470,1488263598,1715485017,1936522064;0
===1303257942,951870207;262180928,1038713314;1247217341,736553362,1850538381,1965352106,628825232;1
+++3608657,1473135067;61553087,1289047963
===191356930,1058192340;375411016,1877844137;454659378,162115998,539654613,862907022,393704964;0
===2106926118,1952365917;695779693,1093604160;1526862357,109304071,597279133,38905230,784917961;0
===220888691,226478904;1022677942,556934107;1184346283,48819426,1235359868,59946731,674604114;0
===1308982112,1578966192;607287052,2052222847;717122648,2066895135,2104677963,1977903132,1416767682;0
===942713305,929859520;102450742,1672334169;2125462566,1773660322,691480028,1151568663,218283443;0
===1292560812,337300949;412101019,438191616;91218207,1432979890,1328485444,2092814823,1089882254;0
===197897568,1271788093;158905103,133521887;71968446,1383953481,596344145,711662470,926679779;1
++506135125,1258256887;1291345297,2035275870
+++87146016,1630745533;712244329,2049581264
===1505301914,140130942;1529830476,957008473;248586984,42485905,1090812736,825615220,1854232435;0
===1968847610,203747051;202462012,364049142;1521172266,610758921,1134719476,1869479138,126031889;0
===16939789,318143001;250253134,452233344;1671058423,1257815152,669875143,46015666,1803095127;0
===1167673973,1088824354;389583927,988644195;1522010838,1774740939,346790038,1316447631,1343530142;0
===1518367784,1659183263;2057229114,1985722401;388685331,171748526,1671271614,787330494,1993659770;0
===617094177,124425439;1255963771,1562797855;1780820502,1962874405,1661448708,71160790,1283267841;0
===528305067,1132381075;2141598863,183787484;1070566906,1671429027,1489804124,583642908,43703995;1
+++394909310,77602613;1499723539,1261399699
===685691222,236321708;32774081,1576955284;1370331802,1448673392,1894048550,1513083882,385171221;0
===1567719317,760100592;1009283171,1708982426;1340645790,468454602,1896524582,1026662955,842816135;0
===171122145,1472922827;1559160752,1382665816;975147331,996881621,1763359346,1231308188,1279903965;0
===1598922201,1754898387;481040031,318368261;1102999006,999714556,880316266,436205006,1289940234;0
===123343190,666135282;1706967633,1993476614;753328727,1683470083,87981478,236473184,22501490;0
===1072360698,628379547;222202064,1328065381;1716966708,941078895,1674251389,1573181861,1667893242;0
===1665745712,1565225891;451139890,1881933364;1434824791,92371690,402754678,1306103099,1820200258;1
+++1004367322,330625352;582714630,1667217548
===672673984,1109206425;963210172,638896840;431165136,1789057992,1937785933,1522127592,348282903;0
===1653740178,598796541;1179512309,804871731;1230906780,458622556,1400996104,1956661806,794902799;0
===1333176154,1931188016;1783819924,333339332;6126107,1854697854,928875324,1111438856,365321061;0
===2145450619,1826383939;794046089,1839866363;116079499,1939511238,844921501,795549931,978178942;0
===863650958,457864151;842443422,1665673035;1932290287,1938889376,630737053,600406563,825702034;0
===2034570495,147382097;260953484,1518352322;1793281259,1077585669,2020239852,807026443,1869640990;0
===1465197916,950567170;1119599934,1966535667;2067892402,1274130274,1269771592,50592172,1430734726;0
===2047715470,133329628;2116666526,348352471;534800131,1066495724,1389213441,1090028815,1827797874;0
===1858047891,67544286;557111000,1796810530;1685399434,429823334,1737031969,177943398,1425456202;0
===1511068901,571665822;1526666803,391111849;574036216,344225885,1378812999,1857740558,206260992;0
===117136930,2145729806;1945075881,1406297376;1202650348,1930399782,1235836703,473748251,2020232074;0
===860331171,968436406;502846420,1337178356;481071886,302685892,1772946260,761585603,536490417;1
+++1089679538,1688133796;1341166775,185198314
===414298135,1621434944;2061464390,309729898;971756061,575268230,900669897,907586399,2065179015;0
===438036736,2141944383;1246509121,1723549332;387307183,791518258,1467261186,905999008,1131783545;0
===782220844,863876600;1213580508,643587542;1926085830,746008066,1778309457,1099482696,893514000;0
===407270102,300474287;1464544571,265374382;944737338,794620290,201734716,607710190,25042344;0
===1105371785,543494180;639871782,2003063166;1681384493,2142851054,2012339846,1393349075,2086586577;0
===1146694283,88282521;287117434,589269412;1969361850,828863941,2119698578,1659341236,1813276501;0
===909354207,1712039456;1556203751,1260383401;1990464682,222057970,144621204,233621345,667221302;0
===406105139,686404806;1570582105,500820883;1802187150,1001975149,1100027600,243543699,1486983239;1
+++849283541,305032855;2074914331,1649925203
===1261181697,548528422;349546203,569265212;1670678027,979722702,1372802592,1301581674,39957972;0
===1136259562,903381571;1806585345,775945566;372798570,1334519975,1212663744,1352210312,563447405;0
===1487138319,1664828960;429789906,387885397;324845150,1265800901,247754756,196907773,1747366392;0
===148458487,1856087918;1588056863,554251920;621251275,404053932,950912944,642925687,496507323;0
===362471739,437829579;592515465,934403273;1813697145,571722048,726352524,938491530,2056212988;0
===1660324077,249853164;12048131,403853348;210830015,2137315332,1021190884,108764515,1686109139;0
===1662809333,1382270647;1900041263,1428694836;548204048,1855121315,880055791,130587198,2068382687;0
===971104800,801885276;410402014,366108969;298717973,936773160,596199985,88438280,1034807701;0
===754896946,150657193;64139033,1131605997;246891635,1742929517,962215748,1689153649,1866593244;1
+++1956675242,1980254336;1637986229,1251323623
===710790470,1328864128;1452869375,9655096;1803119913,935267871,1186480056,961662804,702537436;0
===1186430540,319887398;1785015941,684426707;1274982291,704946509,1349727160,2029151627,641252642;0
===2119483743,1947245159;96427616,911215408;2137869212,367164300,1953734156,405842194,307047339;0
===121138926,1825033210;527286876,653602499;1825313072,1554031976,266669680,2060047166,1997275621;0
===76728402,548982676;2097404805,1860322821;218121999,1811091478,1935763046,747955392,1488411343;0
===1683057297,1898677544;564048577,716665165;1856053356,2117292633,967613134,808438385,1431133725;0
===1592277513,1968399767;253594147,203818289;639975932,714831042,817202217,1846483343,1174480525;0
===1882567345,1461309772;1329530410,1367816720;632922499,127461,2019119736,1808269604,1712979880;0
===1156731496,412563146;188642889,210750884;757455259,1156165749,33516249,1906657526,2055720148;0
===580733799,226207980;1659879841,838774422;1990160877,2002252149,1012057212,673171320,1869342535;1
++1166308845,1999447053;1191020344,189424294
+++44484112,2082722945;929739956,1627372985
===775083774,473950493;1704171004,1596650002;1490506027,194118357,1665955883,1901683110,604334177;0
===2106165315,989599064;794076096,498284004;2014392682,1077780375,1720224228,1596154090,209957771;0
===630140748,841840089;1860841706,394632657;1216341185,1350834725,1467529592,810728887,873492255;0
===1597309226,702095062;126957107,668433130;253182749,1370336416,1664196946,1590049364,1648444742;0
===1018980925,49677711;417550925,109238548;742857479,1840970325,1776925113,977035344,812909215;0
===1067801400,1186608401;1768543565,1879452043;1947098928,813262984,92689101,370566180,1534903814;0
===1952031028,1885761855;1318150060,1530153977;1104859569,7263197,815639077,1067643698,1870066342;1
+++487360080,1333962916;1590123968,814029700
===1480544524,1705119091;125775846,1913870245;1545730048,1199660896,143271958,42534009,225253690;0
===806374965,571311491;1761534060,1003981938;54889723,1775840741,307214518,1580956728,1485537275;0
===2114006700,580374148;799852623,76269194;999002485,642312563,72612479,2042504112,499187688;0
===694901739,1682918999;1176720693,979146127;531862505,1744517690,909170389,661223320,195302861;0
===1587757864,1602588997;481901224,79261438;1500052102,1998006718,1540233190,1264984679,145196073;0
===1289938826,1462904309;1394634051,165458734;1751484478,70270309,1157408542,843745934,804117557;0
===480793368,1824864179;291874798,1480660691;260984560,16196506,547584413,1367267009,776959110;0
===2095688844,597214902;1966403267,1721629943;445784066,597602238,300173056,748053432,1133068963;0
===1315486383,1498440593;1153434649,1352974027;1733932820,68496131,2037723510,347812706,225076015;0
===1794020370,2034108037;515023678,1515466872;966181228,1364209833,1371382437,2108758306,947464026;0
===1041128242,1591513767;505630063,1164547461;333236233,569400180,155085484,2087564712,1954095567;1
+++1529500976,1261986679;385933765,1655612312
===1739018693,684351883;1683175144,1780008913;926331519,1278705902,1839854581,512135450,1373860868;0
===248085747,1014374109;1794456393,804564606;2042599144,1124210758,1778077035,1922016908,1367681615;0
===949654784,991732293;877269931,1497492940;1295035200,324159718,552258287,1596200635,1268957694;0
===1659976912,1583665352;790304143,2132265298;836309383,1447049498,1747284320,35929808,393805545;0
===1429712062,677219369;727703985,1857129053;657524678,793387419,727461188,1941581655,1271859851;0
===483438347,289255876;730874103,123563172;1396050198,2021913965,451711284,1498140063,1736258834;0
===708531048,1350105828;888058781,1489253478;993987823,109483339,171313921,1877488516,1661390025;0
===1355773823,1652473193;921655637,1149948263;787243444,1604790862,1239767681,1953956906,880786332;0
===1428578707,929529370;1272893134,337379205;1916876653,1117604309,1885888034,725988290,1705571965;0
===1556165767,1908391097;1298046024,1214176853;1991897169,1309557075,1270277832,746530191,547646066;0
===258895536,2005813573;559235676,1331194516;1985434735,622941481,859968102,1797117065,2145063553;1
+++1038332044,1046719262;1386361874,1897750993
===1002879496,789079296;1226741313,211015751;80753077,2017738243,1760722659,52681988,275350610;0
===748988504,1382067224;1949592802,39119018;195000387,1327110941,21867984,258463576,1628279635;0
===416073883,1898583896;1143675371,1425959148;1990011819,1010218930,248570610,1722880884,456775038;0
===1019356154,1278841762;1104218598,1951237062;1965263676,95882867,1743450503,1838620516,1053161418;0
===1859733532,1945515579;352037988,432589620;848846646,450426347,423025642,304398365,419453958;0
===436903159,623051382;610419661,214375221;1546383946,369928287,2130444703,158746985,1274326493;0
===1215408943,2019284112;1139027270,1509072791;1945403243,1740466545,2131903406,1049817469,614222285;0
===1511887677,636243977;1731170746,649324357;1050713321,865299176,1890572367,871808007,1383145814;0
===1548040716,1107000526;455212697,395356977;1895516588,1344821190,172514073,20319172,810317740;1
+++943742815,2049267140;455950965,577982427
===2111845320,818844305;1855886676,2056095639;413363409,387204186,265481773,1970228846,1982215974;0
===171017505,2043773227;86723727,926913665;515418495,835680432,1802562726,704326180,1899103510;0
===1995548877,1813703094;1080992087,185766937;1242715013,284779786,864638364,1876454817,444262998;0
===1026053015,1131107454;1745482487,33280190;1914285724,1098004279,1875782865,361479600,1905882815;0
===822479827,746264576;1808797900,950838645;1072664723,1036997282,185060976,1549099106,100645148;0
===1554334342,1262224972;77557742,160739315;671880032,1536594052,485286651,1730795936,1711529285;0
===1451987950,1869544486;927147013,592964416;941198514,1467986873,1020951056,1996722869,1038171570;1
+++221471684,920511175;501529103,4505223
===1340927546,135208179;1056402477,1336936205;1603499572,2110572968,1683077540,730194722,1674777809;0
===350183111,1343033623;2028606722,1728194205;51203420,1007078810,1523720301,1303574025,1795798760;0
===634740027,1323484216;1043761235,1906506887;185769345,1307132703,2120613781,656625977,640271945;0
===1800429300,2049664217;1387354612,258883685;231507557,1994541936,519566192,534950416,257919869;0
===1163246602,2033481919;362233196,226759786;901788594,404345334,277937455,403552746,169059388;0
===772720129,2050629657;106584439,1274383551;145524504,1248615298,716729654,2006192170,1696440503;0
===171146549,1071060344;215693008,834806610;666580593,1577939354,1223882802,325639283,2146929886;0
===1749958307,1400210123;318859547,2076440382;101337515,1350982376,532455293,1645004745,2059420712;0
===914003580,1629308433;1933493147,854840915;384149315,619759420,1415872990,1626736737,372448228;1
+++438509308,1284867170;145264852,1083403784
===931787282,1559981757;1197248167,374141456;532703393,1697724138,1528173770,84629581,2049583915;0
===1799030520,576412433;250008727,64315429;1631813370,2105483585,518110975,698170308,1759757844;0
===471282853,488655120;1918551642,783920095;1834874361,1014493161,1166513499,708260470,1444167807;0
===1758597464,523779680;134216430,1605709784;1876132882,333340236,1773876993,419620520,1036906078;0
===904209879,595170669;1815845096,508532171;1217621486,721211730,1842276457,1321696362,1637372465;0
===2073913526,729609789;9281180,1611781070;1755082827,443499263,544876454,1093067037,476469860;0
===1180740909,737642059;972651870,24048805;747096070,1043295898,1480798861,1976206790,1496544672;0
===100870880,2004876655;110159836,1523560178;1875197590,691431853,1914502888,1624168446,1396389279;0
===1323400595,1945776507;1558103647,137549178;859944233,224349571,269581127,1758620198,1014271399;0
===471366330,1063252290;1850646175,1075183511;2099621461,175276106,23569686,2116848627,835092282;0
===780706348,1035775177;739140469,1436387636;979821386,1857405559,1242798185,1659641037,741639388;0
===996422479,1741150803;189633723,125529221;826336537,1855407630,556199123,1634992110,1560334178;1
+++538413336,1654949309;2123874209,1766858673
===2091210645,1525583820;1760603009,786039189;27160767,704708786,22256877,711301640,731476226;0
===1181454040,661435565;206876087,996524164;813434578,952284254,1647918710,726939291,831676784;0
===1345136205,606187083;1504171284,1065648045;1566424281,1764745663,1760706267,1551072328,1808707487;0
===150391338,516338400;1541249000,1424060777;230575642,1645385787,162939230,897414576,1366383793;0
===451276530,1829801239;314304751,1725150557;159385630,2140042234,1693715099,630998316,1952432734;0
===432773137,1311615691;1900886884,935653606;827543112,2140160032,1107848549,1494977188,1893420591;0
===1727027100,1931993592;732279533,2062718262;1786053372,642398118,8705884,1413231351,1653777706;0
===1058138387,34971203;1286041767,1852839028;1833551282,1667256118,1958616373,2119825051,698998824;0
===1896074244,794917329;758469241,392723311;1549750490,1918666224,1352598680,448430674,891948264;0
===256691303,881039290;360955563,844762571;752423247,976335048,387066436,254586748,993307524;0
===936893162,1468894002;1210748087,1859282601;1431421969,444269605,1969611777,104304048,525292193;1
+++1818113209,826607561;1697673942,1834678900
===801236625,1980763022;1647159281,1468482764;176328437,1133031798,1802237797,2087371744,795315471;0
===1587548495,832167385;598281416,753550155;1563473199,596104596,1614463496,1215228590,446666259;0
===541832097,1000567435;678572453,381091941;125578726,1825634810,1289899747,1472234706,288298118;0
===1664531482,353628118;2136392536,1222084409;465301769,1848138553,1760102416,1152266552,360344998;0
===754693007,1241504025;1195035212,1327220090;387350566,1907428301,250989265,204144092,1518121159;0
===685590871,1317853991;1820745672,1126408249;1010508319,695175636,676909363,736594458,702959524;0
===1550289385,898629549;106543175,373558925;212691770,1773150248,1866489735,1394579979,1392554959;1
+++2085070673,885975592;1587301882,1353311505
===2101113967,476582573;1118820422,1854934547;1843766963,640393028,884125180,1664389012,301046131;0
===454454177,746531993;1549136061,898976505;1541769459,33121265,2129025814,1644396287,386244617;0
===1305132756,1979263666;1404950395,1514365436;941043793,451746003,1874629569,1039995134,1878358822;0
===1365727826,256205344;1632663679,1920954721;1575295834,121079432,1761898789,1589967801,1889856964;0
===617548060,797964158;1253950153,2078388094;1150059443,785441221,714162329,1847599666,1629558733;0
===1785934455,1532984244;484129095,474440167;1591643943,1340916010,1945436484,2048121846,477757639;0
===1650754246,372632838;1668093222,1398238820;140978050,1714338422,2047638243,545085824,1501199831;1
++213413504,542188050;1335464550,1358276690
+++1637441573,1539073550;1986146240,1710727789
===272393653,207233124;1850214590,1205644691;875037713,1815447950,2027331407,1869085339,532753478;0
===2078303341,443669738;189076841,228061958;1372941680,551441542,1851074573,73023428,1628503516;0
===657404263,490118498;949840012,1773486411;228041903,236119098,896291520,1656652523,91179917;0
===231360074,1097226181;454557486,1108369499;1702754532,1416341349,769973280,2141756019,267097944;0
===351110834,384300716;1147919371,1083956426;1991699218,782239853,1969946667,325762725,1667150545;0
===1933266402,1163747445;1060632692,791994174;384594823,887425933,85122348,160653117,221999441;0
===728238740,1392706196;577917532,747782828;960889340,1853156435,49981521,123550134,122746546;0
===1510960567,1858725231;367895458,1288886403;1179262983,562130793,268617576,354773135,847812837;0
===1158950451,660507361;1041438153,1776496920;393308667,952494214,1536607073,253549841,128379506;1
+++933239941,1978307741;1775834919,808032876
===1046500118,385963138;491723482,151685146;1355622564,227803178,1331943701,1624641691,2022734778;0
===1490579155,1896744040;1689738190,1443182923;642326473,1738565827,1356979598,446086241,1104404449;0
===2093254300,864173323;954162992,886164305;1517035087,379840195,1567919734,1293983483,1651886105;0
===1064755991,1788728693;1616810607,1302859710;1831435660,1484963990,46534486,100708083,1119663795;0
===1217694023,1261672021;967493571,1726035427;856163498,346303876,1095846076,842860050,1367530502;0
===408964587,958991582;688175985,958680802;911111121,1578814136,2141426861,298775723,1748703492;0
===257972541,1728756645;13449339,1253027020;1144125817,769263863,1084660907,758237036,651047277;0
===1224519634,1318875534;1939991781,181099570;72297009,260609484,1375292721,273549406,181611833;1
+++347385060,1374458775;812208942,586952569
===569141724,1924047501;103478789,37786118;441518003,1262086441,2097762967,840005950,1713586601;0
===1746856321,144441172;2093248271,1803161031;1187538252,1564822791,76734704,614163526,1814530966;0
===1546312634,31705064;127908783,1737071055;493660999,481038177,1070652283,535363143,856653218;0
===625810488,1435806797;1811939631,1045794965;221081310,844446573,1209250370,1138629809,1223190915;0
===864175951,285631465;1350566164,2141354640;1654558192,120291545,1217548043,1363910250,1681792982;0
===1301671934,601681392;1395854061,675386665;833378301,1406550033,1122076368,372547966,1251838816;0
===350298720,2110476617;536675460,1458169611;315135715,1540169157,1554669825,832651708,1516086209;0
===458502207,1942283781;298686127,1338266423;1134113773,1413448505,116916944,1027822943,820347891;0
===1077382462,136690875;383176822,158469056;373148773,1434931736,809587751,540872866,864695349;0
===673956444,1233093836;1714839960,30414656;1685609698,1952712969,1227927897,1291861132,816387373;1
+++1850938826,47077850;1388432377,2117943804
===1359674641,688481094;545049796,875770045;184636103,1434250064,930846925,465438796,190351281;0
===1804796602,40089506;1802262781,1294131928;1140705497,716144006,1571033404,746510095,1019278165;0
===613198382,846937908;1644857339,843333805;474107623,2146769845,2015678981,885342032,522612621;0
===1410320108,220919429;1343256227,1413267333;155830030,2052024330,1312840720,1513605931,631811904;0
===1590920877,952337309;519628060,1275272441;1420330327,429142331,2061814265,514325798,1548762361;0
===189293898,300205971;951959961,877793567;1235274482,1898677427,621192648,1239681986,887038905;0
===1603922148,2121690157;1181283541,883842714;1295499614,632367119,2030201185,940485992,742486594;0
===784327341,1211242357;1044751373,835379396;325483320,371005581,2097870262,1417778234,1174126102;0
===246650634,236809247;537954924,409096876;428951323,69750283,111003052,193424898,732678068;1
+++2038335309,659110192;685589507,1904639123
===1503661884,2074898273;1524765167,1370064067;764525365,1961729815,1674854561,2052302867,1512185513;0
===285884761,543280726;2039487585,16781372;94100193,2108791286,1393402621,2035892480,1934074741;0
===1254037793,967281712;1520629387,1742163616;943818449,61952220,1497960238,1183355317,389034769;0
===1161288841,1254933294;1028943531,1027362530;544479727,1287431110,1258132796,415500489,1642020120;0
===1655811914,2049521825;2024253528,1850904769;1490083724,1824608898,563205184,246700695,1420708680;0
===1868159874,527742701;1212087405,168972917;707205633,2096134470,1735653147,1957329689,1038463087;0
===1968684586,489033706;482244243,1247007646;817933192,1446438631,1175968703,1522327907,808390148;0
===820353703,1639888791;93290834,2064740208;531217726,1972036779,2057355046,1067367585,2066983611;0
===115835720,885865960;1639676467,1495056022;1688843501,1684090539,640666548,1302600730,983807186;0
===518370536,746527737;1135632890,482429404;1806972029,350882964,1465352674,1483703486,1732078882;0
===1891677665,922263570;518164276,1253901058;214977494,780858862,646376123,1951255328,1487750971;1
+++1242656391,603679412;50533201,1600306576
===1836777477,921917286;351482528,1168673894;163523772,778745193,938524249,1400801119,917882161;0
===827339812,1146730579;1068086483,2014505640;372060221,2145350215,884569989,1925800568,324861024;0
===553995876,1497219200;1941037215,1122579472;2037140044,1936156218,1018509205,169948236,1974008306;0
===1476997493,258518763;1110880186,1998483879;1913474826,1727523023,1780551047,730261245,987789827;0
===814522776,1830038290;428667157,226376728;1055814731,604287166,414354635,954088745,336275517;0
===461374792,295066436;49176097,228796012;964103973,1679841153,1887383719,1833275291,1783499161;0
===1615940847,579735857;1950389680,1816391885;6232776,1289531699,1228049982,1230616210,1045505598;1
+++1944331034,817336057;2075211223,116941954
===292613415,2133042287;1108336025,725260888;581346238,1214972737,1668636960,1665610976,72946237;0
===1044882367,449581153;1821737957,2009163938;164328343,62310192,1474453676,2097223903,1048840454;0
===1029842343,1467373434;389545123,1270534545;404395999,2074310566,392238401,1069775472,2096931732;0
===1426480856,458518678;1248080864,1088447609;474894947,1746328759,221508593,554796109,1285423088;0
===770297938,1125710250;1310276878,216645344;324441695,193034251,1226253877,1032922819,1986283517;0
===1834837363,557437899;1897765615,2015734806;234927526,1364641342,969751181,1963997846,1829950362;0
===1240838072,2134299029;1007605928,876206829;2103439515,1159967547,1651624868,1946465770,228629673;0
===1390123170,55461823;1636115934,1138074826;92735049,3655188,759138172,1754140951,548773303;0
===1375411250,1044408180;1359348610,910697201;311324824,1581798057,1305616415,186810207,1358378065;0
===788138446,1184507562;192328575,1596184289;1430387038,54973972,1105758678,273400627,68190937;1
++165073956,1092542099;706116162,1544286380
+++581336887,1898266811;1260601242,773797014
===1898416129,518718849;1059794103,903010818;536823131,149066722,82682950,1998075221,1793779293;0
===2009428242,1697318939;1251312449,1268318352;994604628,783908141,945947666,1704570631,1904098963;0
===475994249,2028211687;1176500981,1971252129;479013385,61005759,1561799489,1398599443,2090485616;0
===1172654471,870643837;936042556,931161468;1156998491,725279733,626024716,438227967,693694735;0
===1746687112,983008923;1357389216,1577311305;1958859837,974763267,804233138,376949978,1664573778;0
===1239297229,1253981693;262258610,40434545;827670065,253780572,1276578684,1468179816,1995202463;0
===244478594,1230033896;229826019,1697339647;1228001380,1145861958,565837791,562928235,692327550;1
+++813494380,1168082328;228767781,952890856
===250632939,1331171072;1852919775,840932408;811863882,523522260,1441028888,1317893981,71655990;0
===2137970608,1522869897;1167064151,1532050693;1192747120,833488139,1234542766,681985011,1716934271;0
===1534664366,1702011429;339759828,421878038;263124128,761525631,647472656,73500961,1456380159;0
===166063871,653418421;400374166,518307550;913031571,380386071,1283897014,113365073,1911993842;0
===1711452206,1848148680;1211087382,1604093308;519824629,1742777343,1167002477,1962822042,573770540;0
===534470439,482402918;2037768793,1356980725;1194088105,1648900678,1759940303,511861052,998403478;0
===441672784,15705532;960238357,319509893;1080281577,1617747305,1703196900,384236127,1148844310;0
===626502420,1895690930;1600235127,553690632;63053194,1209219249,1930631016,1939078509,1670598438;0
===725596773,523317388;501005590,1455709589;190284997,1115666134,143852362,1545970354,2074800909;0
===1902090057,427086990;1846424606,245582648;1867577404,1888544854,391207375,1575040036,430900425;0
===1948442785,1027945903;1731102957,959838675;1584175932,655086730,1411628254,393967182,1372111498;1
+++2039782950,996760723;1051451476,1453273993
===1476419263,373699059;1143702829,1603800494;2137352446,1529672845,1134815928,1684484354,914993117;0
===1420726218,32106610;915293551,1044551144;29363381,34114066,1073926287,1507465830,560357251;0
===717328906,202697520;2116819291,859452401;686473896,481252033,2030798011,1448452241,1293596733;0
===281965509,492409300;513608702,1463954304;19604352,1984773857,818877417,529664862,1363231362;0
===273798974,524831061;1988515132,2084238364;1077071046,455854560,152811806,1355024791,207230730;0
===186718457,744666464;2135059828,1933084502;1824969703,122407348,1400949454,1595055389,113227164;0
===88618941,1361395964;1105179827,489893765;2131569584,1052233770,2083008150,1593661863,2130416579;0
===957996406,1467190161;1026269126,1007679649;1498916334,2109540639,24580238,559131173,1105488436;1
+++525914864,1168358609;658240942,1670318232
===1764450845,1740613536;1257417467,831356479;2126866480,810706250,1145190850,286185222,1694449450;0
===146200769,1842226816;479068968,663683702;940741211,826239219,510406815,770483810,716689315;0
===486509600,1299219886;2116692523,395706816;482779231,325740624,1139530797,1368090248,779013409;0
===1306171438,1584450233;886726109,1742765983;2008288890,1023470991,1051146632,1791451726,1554000071;0
===1155932735,1972555878;2107521765,1138217298;1214070471,312353635,1284865943,834119435,165339779;0
===1354228761,928496123;875084717,377586793;1010276800,90504407,921042905,1466645792,91476927;0
===1281973621,1514393510;1041948810,322906696;243567377,758666007,2021371008,1444805189,1455609390;0
===664843710,340685523;931378386,200134382;221756402,410472374,13241423,895723005,2037674763;0
===453379280,1381473257;867473139,261789487;810774524,1300117903,1004116724,551221530,797264440;1
+++454385021,593268449;792930655,464688636
===220933527,1318956246;1333714945,1699908643;623436421,1045350888,1436917701,876185128,1273300924;0
===566940273,1294844623;1958942537,250559294;1618464627,1355013420,78386971,971581034,1067894622;0
===402547142,1084604796;530702339,1845536008;1313208820,605194608,1243294722,1138337630,1210211015;0
===2125116752,115213515;2049317207,1074903689;482899667,43224326,1876954415,1379790133,1998795054;0
===462882206,769046840;931461801,1637891838;1119190046,1416700803,685292856,1782608068,824400535;0
===1825403082,1335375359;648861315,1524968252;652493128,1297762795,1844949891,632051521,777324754;0
===52502439,1126454267;672304521,1591881497;1951444983,1290134766,1000409278,856805251,262680161;0
===1183874626,1765072263;366839718,863788739;12525778,133469650,131120468,2066807657,964468870;1
+++970294299,1515340658;591439942,294493181
===1082874900,1954369565;438209900,885536765;1357630219,1295885002,742269218,2107219938,1965026612;0
===735752915,1442890527;1127035954,141045975;571519571,1351224210,573185742,1673631145,658706114;0
===1802400179,1968916813;2019096116,1715482971;1619209419,1118285998,921587060,1073905983,758725637;0
===447797323,712794127;1593792317,1322085852;1768795883,888926419,1810654062,928640209,458680106;0
===1661526673,176770080;1580090015,258696689;653595953,335076448,105562544,2125453289,29790632;0
===440251788,1798872781;711693593,1675110154;533614931,1638363545,2124407351,1997031971,1741739974;0
===366824576,1939475521;12545920,1824609480;1304127358,660487438,1492224183,548857310,1309842629;0
===1208646760,94191110;1110060537,347679653;351914904,2104639805,887217941,1485090359,1643275686;1
+++1111091535,636079326;484632311,1338992496
===1725309201,1727083008;1472631184,1382628557;2125624694,899060761,1761462945,168657556,1449439942;0
===230900888,768020599;790621429,1238474039;313802539,2082941765,823285560,1420779198,2116147628;0
===1920103065,1999859697;1682518831,1900317451;1181100260,257464391,926245864,112487471,1008324457;0
===1756918053,2115620823;1284598016,1316893578;1628424057,1339684507,1300953461,2126275198,348187294;0
===1429299214,1788793837;1565908101,1223933216;741663341,1193584563,62539238,959256056,1071774960;0
===1524935946,834776537;2134426100,368158786;785865413,1136879506,1492659756,102608318,149132829;0
===87530687,12631068;743602461,1764580456;2110626726,518746776,1375154878,362718535,1274017529;1
+++511314409,207277271;1869079488,1688575505
===1248544185,1081671880;254662701,194150496;835790508,619840902,909197888,1347072367,14747588;0
===216400501,1294965938;1553648871,910736881;1341085236,1589053674,1158114574,638095257,1671140538;0
===1860051155,610969154;182814280,739885346;1098145648,1203768651,235293713,881838381,591138159;0
===469760282,1192951110;1841387964,1819366535;1619633737,1908103336,1003152061,1977795469,1368668113;0
===1381478241,493656069;172139196,1225147507;646215710,1314036854,264121498,162019586,1387904788;0
===1528826185,420330229;1162185211,143060690;1544105718,1370733886,734563566,639123616,1838223170;0
===2108153980,199083199;300993191,1418254660;1658444603,657896925,858071528,1326173172,864917728;1
+++991006535,624794495;129141892,1931909849
===1060390037,587248339;1357596657,666908442;109173073,653915700,1385927909,2058055760,1008058852;0
===407238830,464394550;1755127489,1576574225;1923840574,1574770566,1661221027,630795001,1223414021;0
===1881141619,753044622;2111779251,1535806008;1712637576,133784903,1985792781,398484210,1731875720;0
===555404107,1543100220;192501641,1900551691;2060315691,527031949,1511961894,248620467,1860489886;0
===1439631853,1179075423;1134278107,1699693593;770512495,1238371498,1154009107,1308047146,896030752;0
===1608738649,286828365;1999044614,225698768;210323803,921217615,6858208,2014478910,1836026274;0
===221984174,1357751925;1531367075,1801460524;829187858,145119902,696566265,1640893012,435814328;1
++2004563590,1956297535;2037122468,1405363009
+++273463251,1450842681;195744278,1066183687
===474941095,396590813;734261653,1251674788;2005134966,1525643388,1604756068,1085403354,1415972448;0
===1293427760,1274675687;67084360,2088175209;509870486,177661764,1222386041,1179315891,2107971161;0
===1745783194,893331711;1727421900,1725409873;1783136942,336892408,1475007044,1861001337,1233826631;0
===1209378125,725662255;694069931,2088661472;496619685,1977487550,552742027,2093008883,1430926611;0
===583639586,802846466;1671363826,1014689118;132285387,699854228,1046429487,1708889725,2027941066;0
===1883611315,952254626;152434192,1116794984;679106901,1618519416,638736925,1734415657,1386103166;0
===835894922,428031012;1634927487,332400532;1387704069,743698217,519477497,783599277,1451215840;0
===2140406892,1761527475;1404837216,903214797;1373501051,1923173091,454930403,371769185,1945266339;0
===1690108922,1566270598;263750129,2056782363;1756225079,283296383,218602982,2006640582,1634017457;1
+++1763159160,1852020344;469449644,1182629376
===113051493,1526887872;1420271000,2105398252;1883837046,900290030,1855308139,403680652,1223484252;0
===1605835565,1149999206;1910380069,520863612;2045912446,2003697605,1247752575,566902016,1359037486;0
===821570712,951344719;1715326047,1633499097;1907743988,1318240638,1724668129,1256163736,1786628144;0
===2007159805,1908379033;152108480,1398094984;1665551226,198116220,905549025,51742104,1256325555;0
===1755233170,952303099;20124399,1599036635;2119426058,810498008,2047096786,197929084,1962840540;0
===1921422779,125982317;527674091,429386212;1890064765,1809027884,993415320,520647886,476813129;0
===385070885,1202479785;1460434979,594660818;213560881,2231739,1720025214,1785834786,1572104263;1
+++561887753,2076789806;511751052,1570383107
===815831652,1479649350;2039275018,2066426881;810059529,1885283942,1650154085,1266497801,225428307;0
===2129101373,1099755773;1594622764,549050037;1241500103,1165666513,725021547,1951285854,494779607;0
===1466585750,416282241;705309179,271033852;1362874826,1188074323,1151922957,1597104480,570964863;0
===141503561,852805171;294820165,1430166169;184924865,1736681276,1046469259,2067135807,623060577;0
===271247233,842501991;480244061,1935949590;671014908,2147021781,674431569,140254712,766087401;0
===171539533,1720967552;1510346402,775926019;1844504976,939031813,1388804578,1017903786,1792951083;0
===84583455,1468436178;1457776451,1239830894;1934883316,17124106,66282738,1285167931,1919438501;1
+++771847281,527614573;172268603,2044142029
===948649042,396850939;505853060,2142789088;589093486,997085011,1041445584,160671688,1399917240;0
===622705236,63475766;1386778502,1404243707;1159875461,2022857524,1578835257,1052585597,1653864538;0
===1024194448,1748133028;144099896,1192215152;2056842036,1872521793,1592788390,845124101,124468398;0
===1636624864,1533496811;1859239632,295893324;386056334,745263476,1131716775,144628485,1752930420;0
===1692716258,2087527106;1395696766,1258534635;951194540,1777272646,579847954,80827604,724561337;0
===572759309,57957995;2042360518,987647705;1775642247,427553251,840448163,295440847,609277720;0
===94128973,1885013164;1725313951,963838418;1011244388,414542549,1803681156,848226341,507000978;0
===256601888,231719273;57205015,455759318;1120324106,886116293,1184353843,495509512,897728463;0
===1299213836,1127398292;1637972828,1049244629;1000277799,1460761113,1165945648,357219911,1178700435;0
===968385265,167688695;505405234,743640316;1337247597,1750015082,863140410,265795121,516745110;0
===372579975,1498635387;1913297470,877315925;1302628838,1398842567,1519095063,1350001072,158709804;0
===190637994,1711540083;282764769,142359944;242759463,399737020,928515013,844633543,677613946;1
+++747034272,801885897;1447508511,1155916174
===1656691179,509755060;128862347,1402956970;1170478418,997706029,245550319,2088095071,1443130607;0
===71642615,1274895016;1717532060,1882715189;1441197732,1081420883,70636601,1940127694,2125500678;0
===1490551666,2112338760;150035531,1525182246;228708369,151531811,2082430199,796765901,473959529;0
===1839242566,404966598;1255462331,1318882402;1405822847,1085005209,1136396472,110642797,2074264991;0
===1771414615,1038546911;1550345834,735024685;1365933892,1718528589,1346335488,187680471,1554543688;0
===1823749272,590539762;1859538571,1050514149;2056809873,1135647611,1322805575,155178023,1578849554;0
===1698357972,129324486;189588708,344578797;320665174,1681838020,470816922,220331007,1820610643;0
===1146305160,1938582426;1742477075,1812193699;538207291,1958661666,1550627686,2106666425,458848731;0
===1632867823,349584252;1386466180,1513595066;1900342451,129706088,473197479,1202978370,1010329312;0
===1390005360,273841378;1461052198,93929057;2094416603,595989563,1998430165,1566012106,1480140323;0
===931492038,1031930129;876299452,739481768;245336478,1863147243,713128913,1904315430,744714642;1
+++2006844268,1986459388;1133619619,28777850
===1184008014,262259277;1311571083,1318674318;2050689346,1012236157,1350799069,699127529,1764618994;0
===845044426,202796361;2139027243,1327429767;1423630330,1557354971,901904770,949026024,746988075;0
===480267610,1294309680;1688098921,1732883827;2092003922,829368600,627968928,149783102,1696916467;0
===1037283176,1365146367;1698324436,941795348;1648508909,585443516,1247648848,724816409,1876947177;0
===1619988987,273422343;588943241,2073252464;1347919609,1103905258,725022476,123705430,901071299;0
===741455264,454082419;1830395463,1350733389;1175109657,540170496,1760535179,134633069,1412250369;0
===2054946570,1261314338;1575682693,5161109;1488590956,1654181889,1539690705,1720872978,773371575;0
===2071227585,1612915737;25900109,584431854;1940144902,1976584464,343389490,1126768746,1548779353;1
+++1807454362,661983688;2099334673,129101345
===359264357,1854149273;1001200193,2032562443;942247772,460047616,975380879,965872463,557508196;0
===407374019,1420285226;2046157520,1870438369;950684295,396658674,1019414359,587105573,161469136;0
===566631484,715969999;1229526877,181114039;1106392216,657998644,1202145667,376112086,1283569854;0
===259979791,162282914;1381136198,482440203;318305084,105679084,1913877373,1332143970,1198651841;0
===2073781208,581388143;1157418339,582582873;433455459,889787096,744404217,1314922260,1662339494;0
===740348429,45007883;823358020,1450622525;1337690059,2111496781,500198518,1919879003,1402348040;0
===730068930,2125792919;2058552145,1944007907;1396828153,237366783,349233051,668670081,2042726531;1
+++1691771036,596614106;1988306289,1854372261
===407856666,113952270;1045785672,19354173;902830220,1581893818,2037532533,386727126,875567590;0
===1526379400,816450224;1523638079,1211069513;1643135222,407733377,252769473,151040495,1468061110;0
===1482021090,1013048642;341548007,571421766;40592278,2122124053,2129980331,1725193325,21276658;0
===1439510714,1261977498;812307577,1596235992;1225752956,2136449106,1607112116,1855764546,335737922;0
===706916006,551443603;863605084,1288436731;273922742,259271091,2084109087,1694958908,1517241871;0
===1756451977,1571601498;1822700464,56551725;1949428288,829259752,880681530,2101010092,1556919761;0
===907717402,494093192;1051861604,260170283;88139357,2095668199,1150601927,1376277560,304144940;0
===830834432,1490585001;827206876,1611531441;456840988,1592951979,1578789412,2078540046,983753303;0
===944345113,1774400663;1168735295,2038252811;862941684,228771917,18724586,1842270999,2034970998;0
===1213541749,554431274;1985652362,302370378;1149989340,1332160493,1808118968,742504066,1770342064;1
+1438569495,1846078918;1724660024,144540638
++1987808136,1337825606;1408818231,132250155
+++2067557600,1724257645;1274439939,107333923
===1571498421,334178520;1426398152,402886008;1791190354,512837075,918501358,963633246,1751635749;0
===2122744782,298478062;33168579,190231142;218492812,1103510668,669279359,2120516,1501923040;0
===1748344480,1359406654;773986145,1728356708;1566108892,832559632,647948691,729980396,1873889849;0
===2003861014,1405870751;1919854440,1555816898;1470344692,2120082826,169528312,462611727,269904451;0
===1128266198,2022587336;1592581569,59975377;1634107472,1283754235,695109908,1509773331,1671928529;0
===1955749540,2018409599;965749443,381910306;631719405,2011134518,1165950915,1162101782,768467648;1
+++2114218519,1743365282;1357457122,366686698
===1628830024,1210740035;1130386681,858903384;401199178,862919226,579492505,1569737581,1837526604;0
===1144971994,1273255057;988138888,2048923699;905108059,1472967370,728319205,813065078,1508867183;0
===393770466,255781616;2059461040,330636974;222115624,1606709560,1362335218,1385005258,5731946;0
===1919587944,1867280067;1567234648,2115784643;1455203589,1019016314,1147246792,979907718,627365731;0
===1252433775,334097553;1239111440,156535325;475710308,2011671063,988787122,925452979,671227532;0
===873986080,980928059;151684575,539301354;1898816120,950385169,304488156,426644115,792490029;0
===408618642,1623053978;1843301647,29607006;998494196,1004617734,1880238439,1782849856,1370960163;0
===2068813364,1909746795;2006760490,1554445250;1083761028,1848317070,1819140099,1212291402,950893540;1
+++352292085,1018670845;1670236344,2078944126
===1534572358,1322939908;606865977,824270126;1149892074,1111865721,503499255,606100701,1163682144;0
===1676800113,375060055;422601345,1170256620;1308149390,716459473,1717385637,1059603931,478526360;0
===1607762477,1774802800;753381509,507205138;1975168331,450593805,1823491607,529008267,920909875;0
===67033593,736402911;229394199,123963785;1519769270,355046925,636127186,362759741,68089773;0
===436785944,75478797;395018466,1067309905;1618299841,1861666121,2137569375,124533201,1552754889;0
===1531190487,956535666;1563656772,169125405;743158027,2064513463,1522146099,560092592,440600207;0
===156905180,927416648;1551641831,398824678;1395413397,1060040344,1447026529,2034696622,1099826781;0
===681832431,894456275;327207104,174476325;408607707,2104712271,252370053,539980625,1691935175;0
===1214883472,1840848282;1591511356,1974815060;299792177,221362238,1279460039,1272051482,1502461449;0
===871828149,1361375322;1804343857,720243751;1299430433,2088600026,163690345,1344947614,1961137381;1
+++524183709,43739852;30415426,1990909107
===1724129160,361645086;343297714,726244168;1120343604,1196818750,702624342,65772305,1497855629;0
===2066281577,1218321645;824462637,577688080;1361756528,1539314037,1745206217,892460687,2111878503;0
===1719218513,2018514642;539232351,227769501;320190428,2101533334,409564816,726211862,1455428412;0
===1577528486,1922698516;111313182,1813435159;580332351,1927101030,1705519867,1617583410,2118995409;0
===1284246902,956093038;187934381,1412559902;854366116,921630385,991817879,1567752544,1493084782;0
===643424185,1532515240;1723082928,110699346;1617407386,1758158501,133023149,2025890909,727526725;0
===1035466112,2108353450;721238365,571612194;1739436136,1748313624,185945552,1584300418,1978970473;0
===124729395,1705497253;1514485942,2016137618;930013300,1095214589,1107223471,2048147212,1353900183;0
===975808967,1190838917;1873801177,1428303777;359312648,1237426081,1865723007,1789178961,1657547063;0
===256793341,4556995;351455037,454472;1154284391,131630567,533280848,1251822347,1127694936;1
+++1028845958,1452455765;891341302,514071662
===1086613856,193374445;92116105,1025043087;68678923,1880331921,693862014,917728584,909484433;0
===1887426716,1957474522;505275197,481121477;270442122,749302721,546236590,585358947,259828974;0
===485324350,342623436;1011609529,1907682410;830974246,1524538773,596223848,497179254,611406455;0
===1001181755,1691659809;216385860,719340571;1297011416,772515995,1804198728,680119668,139935372;0
===1882052931,781239850;1521679958,2004454160;11663077,1752629130,541227017,789208900,1085202928;0
===1640072497,313507150;1964973466,1150651556;871860660,2140409243,1837517919,623437498,2095417690;0
===933517804,1194281874;715648463,397740772;1213132353,1802239490,782635134,1093856980,1302037942;1
+++1159327016,1330393837;689180632,122298522
===788950912,1816753114;129793636,774542778;225000573,1861527295,1561141452,1716017091,1644720788;0
===2107779070,419332462;1951217340,1237027698;2078932384,799422463,1898425971,691220609,676110188;0
===1659339136,2135123029;589768549,1560407852;1606976271,2063248147,1467326728,515243941,1733186963;0
===136537588,403840236;1411083340,791474054;689059606,1508723916,1495918063,965008301,1547937339;0
===356232203,2135470834;1131721761,1449825452;608390476,625873303,1138649393,1042828763,669673970;0
===1811510474,1909554806;139760446,1762735464;1929244353,1794191388,810336784,1530419516,2017755633;0
===1336969024,1928632054;1126981582,692495202;2034526843,72174994,98700173,497588361,1596597660;0
===95914499,542549175;201188292,335391686;1830661676,528031438,1081123317,1145462357,731865395;1
++80160862,1481582797;676801747,52210305
+++99494924,1939443353;87535467,393720667
===1930806311,1070335351;1743504848,1966299112;1611471776,860659665,1997233784,146373180,1205679010;0
===1026962072,1380225580;1242207313,1127091462;491780120,1597960424,1048177705,2095771375,752587970;0
===1931655008,184253225;1318464872,874154757;1189761341,1165164859,1629035617,719547387,1022918443;0
===266068461,2053582229;954496584,122959517;920459812,601268042,994088920,84496142,1366492158;0
===1662410172,1374546757;221801007,1767886619;288491097,921202759,801360506,1391167789,686380650;0
===2048471755,1374878233;2071425095,1980898150;1479710427,1640416738,397963008,1951876839,2099233032;1
+++1022235456,1083284425;1482372553,571290379
===1812976075,701291925;2009681600,1092461561;1031174125,1658487441,2081439274,1010207850,1259753279;0
===1292565979,1250315525;899740190,1672443142;1442772438,2872652,1290753317,711618409,1289263302;0
===2034349861,544169323;366351366,1771016716;1505071420,1814855538,1684092903,1697519553,66030219;0
===1270070618,1472735297;1727925124,1830619886;1423498336,1476979096,571686893,860778423,1991264613;0
===917293979,687360396;1420280733,918008514;886840981,706949527,715951449,168571595,45571751;0
===162498174,1455440015;280606656,2083471067;2033540254,1562333131,262225291,1868322805,678827763;0
===1577239426,1748921621;760320251,574310776;1455179592,570646735,1269028969,1096042893,813199058;1
+++1873564610,2032741785;237482020,2103233175
===902717648,1707962166;2035458226,753666581;1158959513,99674173,218208879,974089672,1472469494;0
===2030978108,101631285;1220489468,1956280704;58870637,810067083,1802890089,1709190503,1947810527;0
===1448138081,1550894511;1710928221,345172925;543583222,1777605858,1979027321,1992879762,656517944;0
===1364597126,1273871888;2112178585,1750704490;1368221000,1355770189,1473113180,1753406799,906109221;0
===1265091693,897618002;955729635,1282828542;810352774,744029811,1428684265,108509270,554152232;0
===1060968860,465081213;1521377495,1079910957;1104638934,1436101554,743773998,1105620325,743574381;0
===885374960,1769035772;88608208,353888155;169790767,2112030509,2021725841,101895736,2870970;1
+++262260583,618436678;360391026,235664958
===290443816,1337661854;216716640,1541303294;878662635,2136602453,242018143,2090309697,2136503411;0
===2126260648,1342622721;1659170658,1308098204;1748562112,2025732602,1115787289,1964722061,1249599646;0
===386159671,1666388250;1394888460,641018544;1908642030,457315156,151574161,1964782955,781382945;0
===155313108,980585294;1945969595,288318268;607747599,664799535,1178917855,321435504,399200137;0
===744788166,1748218826;1271889315,1303161251;1848115219,2029333040,1738639967,361873651,799172950;0
===1622383281,1487371033;112936981,1855071099;196477819,511533422,1078197283,1105131323,33973448;0
===1859063695,287683834;844206092,918643535;1549937592,493508690,715707343,1141421919,672209822;1
+++649730286,294570134;2058614438,1465200775
===33075377,1966022346;1594780441,1304658872;913858992,1809610456,989261511,1881796361,1782616683;0
===1291716644,759420548;368670354,1127542863;879298061,684289858,1911678674,438473670,848406043;0
===1776805078,373236386;1773445118,1178407811;1266288921,1590913101,1075275751,1925255719,1797032207;0
===752870325,423455052;761374655,376718162;236062803,395047168,1454244137,166504600,1426521945;0
===1663895527,1525483458;75533345,1495652235;407456138,354068955,780983008,992272658,61378252;0
===695369771,77539808;1041884776,1738310253;905229343,504753510,2029176528,1560322554,2017355867;0
===1236613163,1066757447;370736564,187957674;1075090946,379743196,1395308015,1887268778,795435731;1
+++597578124,655907174;1009936639,1648427307
===1975221131,1839540287;1995536073,464164875;948066927,542595205,1803616165,2132378215,1996777571;0
===307791065,1678580428;224313452,2109724574;1806650814,366718042,2050868769,757712000,61038712;0
===1459318993,876816496;1241481692,2015553639;1165600753,232834942,646822152,72465171,422095371;0
===692314791,1177136517;1681704749,724628642;735894482,201398491,1150314370,1159083646,2104252160;0
===432336663,266491041;340333138,1187538891;785884389,899268255,646988450,1394203284,2101113806;0
===1074153512,40947913;2075920715,407366949;1547638065,456056259,1847540830,320060270,1896027141;0
===189232112,1530977390;1600677612,1390307752;31997188,340297710,234473912,402752522,1126678661;1
+++1506540788,1438453621;1962793007,1508481707
===1664664835,649952612;502665444,2017241168;1642634766,1131690812,1351823765,919937469,1870977841;0
===460666347,815314521;643795926,1359229620;1486901609,1157143672,281259065,520653802,2032497902;0
===1439629661,366307646;1937513973,1367156344;702297477,1588032616,1478752926,1216168991,1813412315;0
===2053735118,1890382966;1630318067,1442424686;1489731003,47818116,1649101140,1641432674,823683582;0
===382220025,744388478;816216500,1343420104;1171034047,837376918,1844373749,538821252,2053122635;0
===1240334279,2038445929;1436041766,146957553;1205257772,237439727,1387568110,774596394,1521741054;0
===1986732010,1340387800;1966984537,1663306815;325721850,809014889,2051012836,914094693,989264631;0
===733256329,4290590;2020950835,1400039689;1457598585,1055930315,1849183998,1170876379,1442947402;0
===179118236,1069250050;1028268123,426821336;1486362557,1219550862,1453413029,1176295058,1364862156;1
++454906187,1104335754;1416864719,1516086788
+++1342259728,855517740;1935073480,1688794953
===1082653667,499038705;1327546003,398727561;459682352,2137324544,1917742902,69285309,1020684755;0
===105784303,314203646;1011886063,1483995124;1782750952,1535038747,376737501,1180627133,801705961;0
===225875404,144485281;118186442,761507873;152006314,1908837650,389989210,118973528,91531883;0
===849687314,164814375;783852959,1456500362;1893014219,233314771,2129152987,1369113382,1286827333;0
===369547876,2093204709;166718600,894836662;664583570,720307097,813430611,1772206977,139766582;0
===660259087,1575428939;1573810847,426025634;1883647301,166794409,1499316708,317512423,698181271;1
+++1659002763,491443244;20695941,1839945590
===613229406,676887914;1206502500,304015519;897825329,1536251286,556392918,95524,152453791;0
===290531198,823741056;26844107,1227993501;1100667911,260111871,266406623,408870117,1956510413;0
===1146481975,1959801968;1706288315,546161910;2115857470,517293444,52144084,951293228,827011452;0
===1319800597,1842709678;80295916,2006865069;90401831,2097740657,766311438,1713607401,915714483;0
===1879260490,878269298;139270653,190408725;1237543161,1557716882,1361116958,1818213521,1400634739;0
===1207199903,1921005886;1162655957,1716227767;691759287,1180344409,202144903,934324407,621716016;0
===1868834739,1540056022;234200176,1061690207;1316328411,1753899489,2004354889,78927475,1648556351;0
===305537269,585295286;42320605,513309607;1245375458,1852576626,972092670,1306764761,54460836;0
===1411718823,754948863;197374767,1279684397;1119046810,618647914,831841079,342451183,369454483;1
+++537707071,1744407071;499227524,35427148
===725371243,2054069106;2046360853,1919814972;202346351,693121754,384881700,2011876849,390184850;0
===958680790,189508274;526464813,1525529276;1760619144,1452909780,113039399,1408151157,1224492425;0
===661151425,1316525482;1168331962,1032440806;65750790,1279230559,1476664664,169991134,1567603355;0
===1330038622,1645571410;421364577,1824178219;864017566,1863500639,876249259,2106705061,578086878;0
===1140085352,1784693298;187076534,1808188228;427879794,1752118865,877727340,1283900619,1726507403;0
===1073073427,2145345181;143099845,856038455;590032928,2005075405,2001141928,880983036,1979642743;0
===680653840,1490628070;322309062,1188813209;791236891,301033910,1196742510,2029608794,1200654038;0
===2001408297,1527769047;1013470729,1605305331;1466415794,410677260,555984395,1872596017,581016073;0
===1717812639,432508490;343860056,1946777264;2105863565,938594759,1305288839,914933951,1325382684;0
===252891582,159314630;1472515808,657085159;321734733,1778745835,2146512020,1128341295,1402525423;0
===1798525505,1932823236;1911685287,873600470;2137938565,1077905530,1660739475,750903197,2088315614;0
===1674613355,2118111481;921690982,1424362187;434238058,1362089011,612915584,1810705230,1169749324;1
+++1081712857,1793889627;1432198197,1019509091
===396776536,1351801942;1873133369,257100516;1447245631,402765207,1759542596,936217062,2146236520;0
===81472103,1580024597;413631726,524752370;959015812,1293298544,978668226,590760989,666590243;0
===775630992,1568583314;1758654025,369134574;298528354,626873287,917748948,1620437373,1329088773;0
===1835523111,1929465322;1197317111,1125175972;1698972292,1827762984,930799731,1332455113,36007772;0
===511181688,773392556;214456042,1771476430;1257532867,558567431,1857319712,398016601,1341083015;0
===1769580370,899501839;298071399,1156695808;1429802592,16924653,1610770003,748657674,1465249971;0
===506314010,1303178075;828620472,574733029;1466451529,630871951,1979139688,1455554050,422571505;0
===512483028,764101321;1047276973,1955929794;700495342,989378554,1541094951,1274382029,372285399;1
+++1862175668,1539532478;1454942595,552246026
===1558373661,1859028124;1780353415,1404707339;1533613899,1545055609,1934253494,1939297477,1102264568;0
===1956299382,1303920126;898806350,1563424297;1394478169,470472736,986721398,876320513,1459300672;0
===523853804,1688663199;1772505612,371909240;278163344,2147236530,1341498151,1923083669,72483744;0
===754112302,473672101;476128536,2033162995;1484064666,132849739,518162947,1156471806,276439718;0
===1568367876,361559555;1332791421,1440316700;1213108339,1863267181,2117538,368837534,1075531905;0
===1388003987,841611154;180328301,1486273565;874503258,882116807,1186361886,1207148322,1919269324;0
===1915410449,402037343;1993522968,790444866;1889705055,2101848959,396852343,1862467397,13626979;0
===1465300392,897520185;60450243,120990785;1068824615,834181549,1126315043,454433680,1717943145;1
+++1725053550,1632858499;2031155324,218941075
===1361646499,1475779305;623620857,1710388231;1135232582,51714546,179975603,187765879,44580433;0
===913671295,300102954;1720431574,190465978;352601839,510477543,362325889,939825739,1411564591;0
===1877147635,1379374791;1201725347,892815802;1978388038,1214405868,1580526594,63133987,605617290;0
===1854857746,568557121;274259442,1195019763;884960246,887900058,951311521,1316309290,1286887608;0
===1313464267,1283422226;263897597,745926122;1046231836,2061315527,1802379855,798228071,1390773408;0
===1859310117,557905790;691866753,1136948324;1713853057,376975592,1453591858,1133261130,2062240537;0
===572508032,783286542;1332681424,390475900;976518309,1957656627,1810808120,1427686113,1948105963;1
++1444731502,1748107786;69504371,31913519
+++1693473295,348846438;980160457,1200009748
===1281142583,1299985277;256192776,2117378283;152404805,383827751,1917665680,1426412339,62602054;0
===1100123827,253087645;1513015305,827480097;1324718270,90620413,2043286657,1804004878,595966311;0
===1451872512,1643970898;120559800,1703645111;1315341284,1989002192,1982880271,753242959,1342077547;0
===1548365903,1834840757;1799599889,702113493;1012332180,1043568693,1042124333,700317704,1209672771;0
===1992105043,32343387;637696746,406596022;1930929704,169014137,1970478764,1618631389,388455603;0
===2091895093,1933950270;1527591927,1239913573;1700955339,660747521,1378347894,533979714,673483022;0
===702989140,1639434946;213023700,390266120;437999824,1150320479,516012133,2010151050,1065901711;1
+++278681614,173196602;1890950794,963601736
===1398830635,1451620095;924667437,1025450878;295859973,527352103,1182008285,644006017,155184894;0
===1126469597,91472240;411394183,1710156175;1934091068,382489461,1811224409,2121535546,1998480666;0
===1688424333,1043687348;482762180,1881418445;1138440896,446335330,328447248,1056272786,842757949;0
===483507051,897807329;1155458923,1144494161;1789627056,1335122159,632179629,1648937926,295624310;0
===1830099606,1226301137;514323791,1246514135;788287095,534478847,1412215165,1561733971,1716586244;0
===1841727180,878900213;347260377,1393374837;1566049043,223150373,55885209,159091772,1039569203;0
===1599784753,16342981;728270811,270442592;1068077219,52887931,908286535,1734162602,168248080;1
+++1105528362,1968303309;1987030952,2041143850
===1407046863,1132342756;967133494,1204117373;2123029245,1614213688,1956858004,853882403,1882829065;0
===1590846036,1985346267;1115098803,675703325;589457430,689787884,2144649538,1041273233,2050539953;0
===383556672,1399107237;1834311394,1470146232;1916945930,1180370611,1453201378,454872901,1242922453;0
===2135667904,1601134525;2050023310,1361744535;51996561,95774023,671673328,1547268463,1241712554;0
===1034546043,482208551;1108836490,1931543726;1982831553,64564710,44075458,1250829208,766871663;0
===1166033157,417536043;5218640,1795697394;1669626682,62143162,2096919908,781938680,198578827;0
===711913305,415113484;483105535,1976618595;589976783,580874799,1389161416,106563178,199923858;1
+++2114303978,826100717;1584364996,1647933672
===436306361,1381598968;1391291110,1410953410;2120316633,1943392844,1933000324,585819751,19577129;0
===514070499,863842284;1446905945,30930787;1017427931,709756716,2097280721,539436362,671528375;0
===1279549024,1950324875;1299316544,1832417109;1284348312,943961700,1112829441,2134865512,440096689;0
===813971502,469113766;567908544,1993689283;1106895607,1671944589,173628130,7051379,1600480062;0
===1887043017,1330595971;1997068723,325908456;632498778,911761590,1038162009,3749217,2037729002;0
===625275817,1033449801;1085904640,1796893180;489870648,153354894,1049997235,827364765,522428871;1
+++2063148051,696227445;1268677463,90027253
===4624342,1120053456;1281303513,1373872038;2088073111,975215338,1095674038,1525878968,1279638695;0
===1580108586,1129376466;2023483110,459240731;914623694,574079373,497730452,1515413273,595066785;0
===823883479,744638538;1041801636,2072486724;341279550,1605045432,1968869925,776193787,1898058974;0
===71380679,1831677544;1482377820,1178956387;460033509,1418797932,50577566,1178146214,200725509;0
===2092984777,506717794;1305999864,1337237102;645048058,1235072304,550155192,2112316589,1436407471;0
===408215352,344330124;266661084,1025982283;775967998,1378647784,1260391829,1357641625,1745320259;0
===1795584408,1548093625;1059494116,952628367;757149522,1340648938,12095264,2083106088,1963393581;1
+++864925906,1925724628;2052384089,675023800
===678994144,1565657181;862831430,1834366210;1539604993,1175927865,2056183730,1668350696,1524980938;0
===197537775,284953316;1532013570,803301203;59722931,46283407,1383253300,772598974,1796759483;0
===1638656456,4654473;1340505300,1930293929;1711916623,143561702,176127860,1186746494,1826965016;0
===415507135,1738718408;156079629,95908302;770826377,1522601639,1986854494,152218041,1890015033;0
===1650654660,1204482315;147234279,1305311460;765930013,1958854991,2086274257,192269513,738748926;0
===234410470,1506843167;1876322160,379063099;2084406769,281940605,2080670597,1856655050,40555357;1
++1689112059,1366337972;1774665329,287767427
+++1771601320,300021647;1064201872,338773741
===1519554919,307430605;1500772176,943060672;2072157257,535741381,351099961,92273187,756165364;0
===668621305,2020483501;1929933274,68571549;814362836,1312957236,1901635454,1997033378,1689083975;0
===1380149362,1103715224;1380374931,1152919400;1446998031,510921715,1859968299,2025536288,632809556;0
===244443988,2012064800;1370076488,213032213;2097417905,6297803,1587551060,1502602100,205118416;0
===1754615607,1779936812;491851735,784030114;1618222992,1445727662,1670737712,66321300,1339725733;0
===1699339867,81710748;734373223,826356159;1716829028,537526172,1759889693,177222599,637094017;0
===1654248906,1841231234;2000656864,1979254561;295557723,2048560850,1158398516,1406837313,131177277;0
===1651195248,2032406103;117537971,1615454221;407516298,1062919144,1609646602,92728913,1426878153;0
===1604329755,74286989;1800027916,350559315;2035535447,1946998473,19129833,1109471281,418838959;0
===273592351,947981526;126364315,35794341;169384950,1627816259,252627132,1964976242,1443344239;1
+++959556922,2106889431;1563876141,2089290849
===990920264,942187880;462630095,2034107353;89635583,1252300782,1660651389,1613466355,1658798954;0
===574373335,825578289;1291350724,842037722;388929639,2106025952,690555718,675348666,1200352625;0
===779116731,224074377;330884835,959014491;2044061489,1603105425,1205896603,1048540884,1937219099;0
===1648629741,1595455445;1627414456,1197027160;858732800,651673141,251963986,923992007,821085764;0
===1359847764,2139362839;1634130617,1349296912;829439823,1805361102,1179694877,2142705629,2016891674;0
===1519105260,812700449;1551197739,71794730;409245744,343512075,152379946,596875755,1927844326;1
+++1687698976,1040471681;1780069375,576917544
===1936174380,1010996147;1334044291,2002706611;1933956769,1680632192,405259175,2029341057,924047301;0
===926785520,1248607491;1807386129,1146508507;1074298569,767654751,1902144782,262940268,1584959150;0
===1008443245,868225306;2042538245,1494071545;46772691,1243646689,1737557810,1080333370,1255670978;0
===1212910033,924564162;1944982136,1734029712;1704184661,645745866,1127199966,1155002225,802119881;0
===122104551,1846262878;1410345300,962768037;144998014,598112629,1094567279,98459837,1579457561;0
===1181862371,527857222;1004147232,551260443;1638288007,1347511564,34445517,1774722035,399661788;1
+++273169798,723681065;185605587,355358092
===1432668111,225237307;273786897,517000488;1011150651,845294742,1394555487,1762748244,460596743;0
===1198236263,2103627299;302803016,1914494377;1631846015,1905563972,653709677,1711325478,796454299;0
===961035458,235018018;609054881,388172728;1993764804,1171542214,1598430055,1680466729,113490586;0
===1200300474,2070293916;158811170,1665931819;425370269,1447082846,1758100214,1721856761,341901784;0
===640804410,1713684787;1243697644,1269877409;1159885503,1434251539,2053477185,2033352860,1420184829;0
===420350396,717648543;820037442,850585004;308947880,1495879146,1031838582,250325275,1150316902;0
===982360806,266323644;1202185376,160753941;574363330,1419853779,355823477,1728988200,320511317;0
===376080731,1850353066;1005397820,1867931416;1272737373,1444523682,2095497650,1471813532,661652410;1
+++111591692,1704157754;383831182,1455414115
===1495162036,2031706594;1410311758,1700474843;1932768953,744563970,715836450,1353717734,1999278504;0
===41838986,2051641506;1934669516,446334999;1944412859,563872142,454921016,392929179,1223536321;0
===1572003298,701746143;459317236,320622;1552358037,1947189748,255312479,439221746,76587565;0
===1567821883,943000123;1307374255,3770256;1335211890,1747044804,1760720903,1697736806,573038637;0
===1088971504,982621157;480951033,629412334;77523386,970475083,622827260,1503501756,155255904;0
===1027560003,1565508005;850170969,337655960;596344499,1334711537,384995614,1894666027,1986532263;0
===957773621,311909779;1725018593,1021249713;861680984,1277354196,1718073722,755533080,525727274;0
===1561439988,2016277441;1125934176,532733168;165816511,485569079,483813625,270733774,2124301423;0
===1160027319,1366053536;490476772,51638318;101896836,1822895734,1983178707,1799331442,1547582461;0
===1949210176,1671946345;129366794,1564616918;1247407281,354771026,1886823753,1781301085,1113485748;0
===922236088,989361393;501024596,1441943036;946425795,2122012631,1315993505,760417163,1771757674;0
===198764401,29514123;1427626138,623584916;2094046611,726965941,1144654040,1210991326,413295982;1
+++499311660,1355526504;747304389,1547997329
===1453250728,1505592558;1097311936,1965932858;1226824857,1743625881,1457731423,1926999080,2045195964;0
===1141709004,1464027009;1327936139,395182478;1750713245,2123833255,214002555,516394476,1421905120;0
===927586460,194638360;1233483329,1752166067;2076900181,70075966,294086019,1431092603,1262469677;0
===2076243620,399746827;1173392540,266147071;2120233683,2137613288,2048991475,118652300,180589453;0
===2025107793,473094147;1600201638,1308489973;1854100298,2092716112,532359045,1709095384,65690746;0
===175373354,1596627097;1825180705,668648482;2049113447,1217200977,739759392,697768423,386681743;0
===1562556363,1774537762;1766915238,2139181630;438058788,1368835273,1531176932,1754495664,45425703;1
+++948321845,141313343;312649810,261969481
===118745546,1526848826;655129940,166986183;2004231556,1158146956,249599982,723094782,221439072;0
===2133010071,470753760;90805873,1329118669;1871677515,997849782,1815329408,119632146,1252481907;0
===114885957,57650603;538649322,909508304;1748450312,761344967,1782816105,1100154761,1533556472;0
===1228426181,863079069;539359746,738268403;565873391,144290569,402386759,2059163490,889803969;0
===161913581,1131119389;1554481851,1773684724;368097599,1351597757,640943894,1877103024,1847277265;0
===155677401,985146696;1638817330,1144905851;1126073516,1495028884,1856162025,1589241722,1924626792;0
===615027535,1341854457;1620448815,484395585;1364856791,1002975357,1464284970,1884178041,883801696;0
===1218758165,1560794886;1999330184,324439792;812712712,481296983,1198165026,1479463684,1063049567;1
++595567636,679573384;1275773069,1259689432
+++1929126434,614505049;1719891131,1744411130
===104225933,78240987;1975827928,707774896;1032844793,1859458893,882439321,785675797,1397358045;0
===492257532,2033748547;24571635,838851821;1572131247,534250857,447466794,579991401,45724565;0
===21428991,946446796;968176527,792054941;1010890434,1269709601,532553755,633169053,925406942;0
===1423658825,589156132;497425952,941923986;1159554575,1344754383,1348550160,1983091866,1241698966;0
===1769712271,1166567214;1869443753,1059773735;1713131589,1212867812,1177437682,1709478869,1886947112;0
===1157578447,2080373386;1097154122,1482461497;1510104237,1302823517,417003045,1830493774,1813355752;0
===882321455,985002893;1355566238,1004286313;2068218311,53122329,367830153,2017130451,695096255;0
===1196435303,1100236223;1171098732,477134384;916199004,778948462,1430247162,283570387,445381137;0
===222308048,1275590943;207890571,1913854709;1986308475,152639221,328389883,428238579,248750269;0
===1846545852,1227082215;1597572604,716712864;343074037,1746909937,609400432,2061295390,1801944783;0
===1300095640,455518544;989982993,1513373403;611280171,275446750,13440562,129466774,1667949452;1
+++1063434680,2127862368;1503341787,1498063883
===564415081,499387403;909332609,1472855335;1964301432,1912673631,1443126036,54433272,1834075921;0
===1037864325,508552823;1032899506,1169323851;1117105982,972112459,1900311907,1743377819,1050831169;0
===992762164,306348467;2061746077,1071285491;1197932379,815079474,1162645002,1796963424,1000405442;0
===1359370385,1815101658;769755570,1710388174;1184966019,1497873546,1525598604,1592337904,480169878;0
===1520636084,1008832041;1376287471,1519368129;2025407223,570874867,568221707,1783184558,1537431172;0
===1693420531,1316297208;576115918,652011996;1141055983,1066970871,586063540,756585116,1743495690;0
===1262254875,258250110;1090702724,138683592;1694693333,222306519,870241591,347717397,164824096;0
===449373519,445282388;428158199,444317072;428255884,91476591,1192097428,938547157,1706661921;0
===1367364680,928814952;1920987530,303143193;1873380122,1636058051,1861728787,1837315879,1468724609;0
===499745066,460386359;1108375190,1002974488;330274730,894514969,1142377616,1847708152,2114885674;0
===2093896831,976491307;1215721110,1663377479;169143316,1076593715,1339154338,1718808183,885367108;1
+++272702078,591666487;67107192,1451288147
===156513913,532866536;1961594726,2104614375;458973562,1820142851,491505093,245446609,577498560;0
===2094577175,1239030880;1975858706,1943505831;538985332,1725788825,1144882892,1075072600,1091848885;0
===22894175,1485386065;879242400,310229053;1622909287,653146368,856946503,483282322,196736113;0
===953814123,622091789;1905360937,1031903943;1038412385,1605075342,1994880666,702388637,1192701222;0
===2053973625,143934674;1463836280,1548457885;730827941,1892467497,425829834,1282855993,1560806213;0
===2001080556,1664354437;2067192200,816831517;63480264,681607235,1787453155,176000807,2040830816;0
===1927361703,1919321947;1979110395,706527305;1232959086,654910276,1318133478,1903323904,135374338;0
===1052717289,221211271;1414627513,1841723302;923237051,2120348669,980544568,1702619239,1557453452;0
===1344311666,1490311486;1361712731,1324492443;203286515,1158543800,145192236,1488182350,1710307150;0
===1748981888,240140965;927100727,61771442;1905717080,761016237,527535114,638912781,2073208967;0
===573499639,1682949121;1024465669,600725470;1338422250,1350491813,1630882993,1537773769,694805132;1
+++1179366673,785912950;90950272,907998609
===328254671,966406072;76545226,148114224;1364621285,198008938,1739583975,783350982,1630267728;0
===1809429353,721062355;1924883752,1857583459;1608358718,1337525711,1618071721,1944705545,1534127610;0
===1796305600,383134157;1605406767,2059586164;1492874680,524233399,1637036745,580980517,2115870924;0
===147395559,138547342;1258785086,896646858;1318829860,854571119,1035605168,490337592,25719608;0
===462412861,1606487387;1151932223,1569976271;1378484052,727740769,1848780450,1166634572,409555879;0
===1647488956,1266229773;1225767501,2042461961;1151816637,111350190,56931412,303331281,335379134;1
+++1021647586,1108518531;995656223,1158502069
===1547611948,1092878417;56434659,651330322;1162523241,467733835,961196108,308172432,442258325;0
===849251190,53482513;365371523,2043545906;1199577701,20243404,154854729,736021414,875673133;0
===266179497,1242108649;1782975624,590969513;470801323,1122419490,670445935,711014048,1157022323;0
===892225326,327523550;1697839995,188203182;850741150,48905949,411767555,1055784594,1907972516;0
===1425777166,724142172;678461005,247652577;1273216967,1978894,1496429195,1782441878,385024344;0
===2027035144,1474502261;2020871112,737853206;135059467,1012416598,1340573543,193490808,659403365;0
===116848704,1580974310;179477973,372884394;1640246571,1881729083,852094937,448013037,967589759;1
+++1919803302,1861743759;1651152343,1871130061
===355502486,1481269662;1877159120,1109015158;1448105023,1355855930,1667784213,1433950796,927818831;0
===500803023,1005806957;626267819,468932734;1818859055,1703926239,483689683,2056960714,19363243;0
===213435020,205582071;1872737403,180961286;1662804327,1971583034,857775902,1596582278,1423702623;0
===1553422396,1351868867;1562036778,1618555070;1677099134,837327984,1964611389,1572651100,1386258480;0
===127052691,1248199794;1999043787,1078671947;360491458,34009826,25823895,1206660307,1420275343;0
===64238064,53256526;79184504,1431711336;1319073034,380594523,1302819653,2134373537,491086779;0
===1140946792,129445316;533684325,1193359101;1753208902,1183250002,1892863451,949827412,656455920;0
===493814506,872127010;732364390,95503863;222237879,1802623752,740641164,1299846263,570162433;0
===2063632006,1008266774;142204095,308763514;352025829,2011443357,1510228898,280222480,55000845;0
===894193096,1022961908;75329443,638144263;1524979686,1814808265,757306198,393606521,838798004;0
===887475799,996485336;1885212736,1671724987;778043122,1716172694,680629988,1744016012,995039170;0
===1446822326,2119236270;1712736118,624954904;575271748,1690993743,896721065,1560145884,1693072776;1
+++140717852,389673986;2132788620,1980578812
===2103377648,787310368;1865199115,102037604;1359868040,327873111,696803202,1087130994,533433379;0
===851586875,1759894359;1293254986,2066877525;1435671751,1360392025,1342643177,1713507972,749434043;0
===1145684480,1771940712;1201608968,1063796322;1733514530,1230334080,732485347,1805017905,420816840;0
===448612703,941543278;866946227,1307702157;310717073,1500262116,1337757257,471332062,358616367;0
===1709461045,399739055;1877331101,1485121343;1787637833,1657412205,1418144712,1124137534,627475120;0
===1803528872,396777288;1227356218,1989441547;882429494,178424134,1247874720,1300937913,1560304711;0
===1501167110,973965085;808614229,135724769;786787475,899732313,246631969,1335131482,1951248557;1
++1850780325,1203903690;331179870,1925912711
+++1352000539,1953100683;353502915,1269715907
===412320587,1546169209;1350597594,1409921412;81359460,1231078954,154047068,871278893,1363555231;0
===1611939764,1896511643;1609495419,1106466242;75810583,2096422383,1110373278,382109623,1756098616;0
===527927419,2017768692;1729585035,1617421240;2127493886,325210483,374220363,821208381,425999668;0
===987971179,1988027353;511000272,955702516;182501973,1612440993,1328586013,696988159,819396173;0
===1211600173,188078710;1272394377,1733739192;1373338148,67593334,1991073464,1721317959,2129969681;0
===1524054233,2101004595;1103226600,1367148026;2099146946,946229417,1333935958,1253644240,1119057503;0
===1122871413,1959234089;1729677556,1768155216;245439198,245799232,1524892166,1384272687,279611275;0
===148329328,157777517;933552933,2146836667;1864405911,539296009,1762726952,1959847137,1586172924;0
===123809517,1218850458;1795820377,1165619866;2109558974,176400610,1506755663,2090670361,1708666438;1
+++344684666,1974135956;982784367,1882262796
===1286197929,694679261;954819198,1226778153;1515916812,328162526,811581593,1967039530,849596238;0
===894329890,761317645;167915215,1753791330;457278810,404547499,511361091,261505590,1965856598;0
===2123020260,1114909828;838936007,1114808009;657250154,1093494250,1586175095,1991407894,65594946;0
===2027568855,189089050;1134181363,21673889;444177409,1324335354,411419149,1637400227,339100479;0
===2007967280,943844755;864577633,146960724;1549955713,1619202236,393781304,905332900,1847987942;0
===881877414,828545240;2128272656,1342642580;685192461,1203877786,1006883130,691381838,130392013;0
===50794751,642014829;709894645,1808194492;641036672,1146509928,537844202,1968985589,308912764;0
===867551746,1791009651;1822384659,111103423;965241601,1305239612,1839939307,515153863,1837363363;1
+++573455504,107390012;816664150,1124321609
===56714671,820624652;625288757,1832067417;998896664,1203805633,1500781916,2059446931,907096060;0
===285324038,22993537;733749205,811253740;391341700,57728580,987120683,338266818,98625400;0
===404121216,2028664584;1102483144,1798148298;1475786238,1489605327,1386057407,240795760,1134200046;0
===1841425165,623428023;1168455269,523925026;1135436355,1423053585,327471392,851458936,1552599470;0
===856911277,1543006623;1276722727,722804786;1549690190,157589954,1426342538,1765993553,1903079102;0
===373953031,1692861299;243551492,1391142368;2097354741,985222156,330486701,1300729699,1878760412;0
===1579431796,254777948;2099259439,992017806;38227310,2001089999,335166153,525484077,2100102116;0
===216079112,1889554811;1828149817,840173681;1563801089,20771814,1400553462,1352509229,690201924;0
===585719335,408607296;1674944590,1823736874;1342881203,1944646745,757488223,1976426266,2118471845;0
===1648106938,327200916;490935023,579627568;651108862,1255924952,1320815462,803633470,354397578;1
+++1414642335,1614460001;1433900001,112504688
===1423698999,1423534544;950951186,890800640;989112079,1338176631,1969492524,1121155125,1054725230;0
===1925789679,1939139394;630459225,585528187;1406656494,1699232391,734929686,1235847008,983526955;0
===654184143,792713366;808199194,867361994;1604930704,1320298701,1447283854,218639401,746418332;0
===302248171,1885515556;1328884855,1681752006;512526998,719155827,304186807,1693496124,1794237953;0
===1293649741,1042762247;1571095811,1393906722;1875563042,614367374,1813606530,1811275349,492664116;0
===1959707362,413688448;1928803854,122729858;12294853,1108062339,145912331,851213257,168496795;0
===2146984320,105331222;1419893810,517440208;1765912780,797969649,137398306,1807951573,452878645;0
===1530962386,1518881438;1340337985,909876962;685549034,877740310,1276865870,1354397810,678166486;0
===1423532159,919260970;1668256994,1025559497;120998290,1035595546,746965047,503368458,1170846257;0
===169066580,1578332987;1628967817,1802808304;1579075053,1821578895,1959807585,559924538,307531648;0
===1915285464,1664628012;372875177,294572185;1827111683,939347803,291054777,847826965,1517831750;0
===397543278,1120628793;53419176,536854026;643041037,1514960932,1660838621,1563064049,1237464177;1
+++2024573127,920454431;853974811,1759907267
===957510566,1581631929;292252400,239834194;1825100292,466430136,1637836895,630433164,1728081534;0
===584870850,1610509438;827512356,1482689738;1956638686,918038781,1481967280,847451569,391326959;0
===1056183787,1282254747;1193729801,986253482;1930598629,2035488659,1784606463,452999838,1524539841;0
===889449815,1502751833;1575107069,366973782;1274755454,1332557480,1388268617,1369785219,1347563161;0
===1981001875,507862059;118032379,421597770;1996316762,1259760886,627365131,120128209,938521389;0
===1828708239,330581649;1210992144,79260073;523549396,73700884,90337700,515480861,2073868470;0
===587875945,1947576926;1756614339,686559439;1642258988,621082782,1713845903,1624253673,168071663;1
+++2076819181,945878510;1706757991,1327813314
===1732078142,381010524;424409504,1989568921;1043271003,686185823,1897463270,1215552517,1909193186;0
===1912496741,1800817791;1247187355,1250005561;1545868180,1145768016,773070449,1692061390,1561552433;0
===1805499116,103127865;791929774,1748414703;284240561,1589360306,74531157,1551356327,2034873006;0
===1619792439,913957558;862155543,428230780;1152824756,1516098155,1133045663,2118200244,1412624941;0
===666235269,438260319;1333190792,2071357235;1967862504,830175775,731055650,2001134560,1358366434;0
===305682769,252523582;38062745,46943361;1912447517,1358974980,1240866761,1659642183,39154586;0
===257279624,770290324;1427306229,215463791;1104325908,1003785708,1133935859,166024580,1738843886;0
===659132703,210893204;1780478498,1172027702;590260854,1211553367,380910296,718046196,262899656;0
===1677782580,1897618163;230641200,766403557;374807009,1398978466,84061101,1380814259,273232456;0
===1548912283,278081915;1060481341,538488258;1754177117,69997957,247990525,869300183,191472363;0
===1488830709,483843475;1783468100,769697833;259896950,650029815,607496002,17200984,674747203;1
+++1990137810,2030361445;270893507,1730776055
===652861260,1966100704;1411782341,1371195637;1742661046,344578396,2126655010,576033870,749606103;0
===595584795,439338321;808044682,946058698;1898613145,311898703,1514657579,755113788,613910890;0
===2068073101,486721493;1449495587,550337939;958906517,1852894727,1009021439,956888745,1814966317;0
===1760031067,2024936221;1491997047,568055379;1437277587,1974081753,1798627708,359335647,1977817549;0
===2136594598,1552550286;1082919779,845907519;1622518143,1707463267,15458941,307623186,1713678908;0
===1642603494,429032427;1300875258,485359426;1360093420,898856235,1136668825,899104640,282918214;0
===91208785,1898625361;1897371203,1278153202;332477606,1889566530,1221134274,183898807,1535555025;0
===1784565258,1674849484;1717298850,1672974683;966718469,360344290,2056207270,1003397852,1369245427;1
