5;3;9
+523854009,1260503540;238771909,22436950
++861264360,347150705;532561375,284333967
+++757909107,1741717980;1534444510,117666535
===137423590,1977965665;925119887,1145068832;386459514,1952913250,1733543924,366524032,1879422151;0
===961087624,2050298659;290312503,985295916;362533010,2096112364,1064949128,727889215,13834597;0
===1153953691,1842247283;1399364893,421425969;2119957452,1827301167,1597272911,2118322560,588611183;0
===121001184,1462922063;1575577631,604793431;202360581,2094610372,189084089,427422262,966995366;0
===896263720,1056161038;1208639145,1873087298;121890937,1626786573,995520433,1830117411,1250815500;1
+++1701211152,961677268;533955061,1214615259
===1678953942,337037622;1515050971,566161435;1122744335,1284723008,437865944,32388316,1635225299;0
===835646787,1965528753;1713469316,75077446;494707033,305768177,2027638759,2031842989,257537216;0
===1954967973,804241991;368422768,718564083;614896980,749429216,1748743102,531446479,31321284;0
===58413024,2072528890;1326144083,1837964992;571149985,1695262797,763852465,1273283026,882713000;0
===1452222623,535971268;971702673,159207317;1626057425,636171529,1483011479,5756323,315335225;1
+++260973311,789647534;579007144,713560758
===644283747,1939026650;986755,673421248;886603522,1743866766,1503736757,1008270888,1477217903;0
===1530699700,1466520719;2113526003,1335917753;1773694630,1678734914,1013927586,604202907,1202291056;0
===1267111865,1098984652;452982179,966557708;2141200430,156377518,934545853,755652269,1998181754;0
===1714318434,546552283;895017102,418525784;1370158503,187248541,1690245162,1371356395,1714018401;0
===23677511,743644339;1366844961,151165878;568535537,1847161906,674911875,1531783245,1658599754;1
+++1521971878,946158854;311451983,429311984
===2055710849,1559156931;2094449376,1191248507;4506863,661953125,815243488,70459491,1248800305;0
===1283713598,117657685;1726294070,1611207427;1968086525,2129364611,1593021401,1039202793,997269498;0
===561119684,817697573;151622134,330039650;793588023,274812668,2036366330,1446162332,1525985816;0
===553805517,321608915;1985582424,1473067707;1818341773,2111656599,595748070,365729741,2008812388;0
===735286708,69944455;1734174599,1460879380;168248540,165528271,1577177329,1880622101,1577451008;1
+++1771077288,389145539;1561012536,1695249200
===1841013914,2032534188;1577007051,286866299;1851796645,2108720689,1555451182,2144751501,1270685014;0
===405353549,165906472;2041434690,1204172807;1122644525,19705889,21179390,1388628615,393130047;0
===432469227,736745556;58709941,1039084657;767669664,77795217,817688589,375924371,325710059;0
===1932122554,249360875;2019160458,906928056;1483479207,1077092052,1855511211,992914828,1357989472;0
===1432182170,1014839094;790872123,919688853;975726409,453910175,1131140785,339940654,1429338336;1
++780267901,1200042938;1557234720,1677714042
+++2022099554,1907119640;1271569337,2033449160
===1940297682,341493124;1594231921,1682191226;593665376,892537183,1711881771,121647402,361047256;0
===1162158810,1476348961;518524097,1164304303;1717017017,679117847,1268536283,1817721288,1347821603;0
===2029916023,873742245;1675435064,454809784;782925069,1597881836,1476971842,846338715,1267399094;0
===1655324110,1413865563;970220439,337382933;1746067039,598861548,1557560549,1833736186,1087054010;0
===624449530,345864271;1589858354,1493959649;99938027,2055684303,1233009949,1347517652,679367471;0
===1116355244,352472005;695735086,160259867;968092722,962647111,1947482549,721030068,1329634792;1
+++961512822,882007733;798440929,270873148
===1137247559,330752054;556661815,1700357277;1148486762,1606091783,734013766,1789295124,66329749;0
===1005126416,1629045826;2022567288,1060256740;1666739196,545751232,582020681,1572511955,837524559;0
===912584089,1765256612;1770973354,1113662077;795151348,459516754,493021722,1875364899,1051714423;0
===1132388627,1138303240;427785238,1534546374;1867625502,2003117114,258160707,2145557458,739957829;0
===152354510,1790990568;1466477714,538267087;1515192864,2032436522,1611886293,2133832323,885642266;1
+++507993695,55362078;1742046210,1572149543
===1351567108,956744444;843937150,1828611380;1656390444,2081987103,2027886467,907752012,1210806444;0
===547815487,1602023038;413343315,1924748529;1627919870,165392870,324812814,1264955359,520026884;0
===1593825532,1367301443;1801884833,396875021;273800775,82302316,273168787,243626061,1024671963;0
===660890804,1223375239;273236777,54904370;947707111,755419436,306612402,1402055104,1146678297;0
===1851516472,15625519;1162136093,91633423;99427830,828741404,86164304,1664345753,208855146;0
===431501415,441504920;531311744,1580686810;2100886391,100742539,807096006,807838710,11903032;1
+++373414689,1588121218;234431734,2130935982
===1570369368,1136025444;1382437161,2029029824;1219243489,606535053,1779087013,1145877017,2045321756;0
===659065213,290397409;152024682,262814986;817625539,1642493887,1214443951,1759551254,1361383020;0
===1027174984,1447712615;946577680,470629309;1235503284,711718173,2034372382,595324595,73947819;0
===901222355,1518415138;815418682,1842638599;207896336,446943740,414023363,767595432,677144742;0
===1033715953,1673343398;1652809164,41736744;971523768,2055700915,531303752,708401149,160572744;0
===2090686220,972671254;700294274,79417056;1573321955,1952571597,1083700738,41265868,741789599;0
===51640932,1706355159;1440107467,2034824879;983814409,439814610,997594839,1018566395,1801565771;0
===1781939255,269895472;934356943,978250074;2140066327,36832750,1863433539,1252089732,1835797587;0
===733737786,2081194173;1602680577,586070836;529732961,616325802,2118746646,1366569568,1619329931;1
+++1475896325,1464089322;1983072115,1086895754
===2112003708,757821533;1073563898,1638531304;1054414036,127147798,1752547992,1827661535,2059454129;0
===1781358963,1877119131;1059590782,68652728;350748458,1688383009,384880431,956691357,671738392;0
===425633734,727187542;1299950649,152101543;1566959015,329287994,1710996043,1499072193,980296492;0
===2122125400,202476631;300891043,647010635;830568061,577535237,175463040,38050728,1681584182;0
===1410853955,1676142099;124064151,942632060;603006257,2112367450,864697652,1034403882,1085162955;0
===15161160,1602514884;866572010,1855315577;748348832,683392587,1198105227,2009817258,408900991;1
++1382570727,897954095;490407624,428921972
+++1064062537,1057231902;777948303,1833879612
===1669855646,949619519;1429561816,374824996;591720545,1629720428,40521449,196987756,1950458950;0
===2013631787,727883767;43682162,2111841707;21586097,129009627,282873562,627034607,1614617695;0
===815245196,1887864501;422426002,1559528239;2116667723,49329800,1147753669,1706588250,853713937;0
===1071389767,1770456082;1832088184,250859035;1895928027,1708127925,1885165064,1561056149,1720287469;0
===154873029,540249979;696050688,902169489;1539629546,1412526825,576365877,48781192,778349814;0
===453367321,1408001970;1562749305,1587973176;46637584,1336925243,1130322981,776445695,1531650926;1
+++235372973,1075180217;1911894903,1398779433
===377285571,1215814191;1134773616,2137455674;1820871200,1194855812,1556287212,1603979622,1602931335;0
===1491509768,1061881184;969695000,696274570;1754756137,1637620482,1182840845,537475208,2131163134;0
===2131281216,1316691151;626267919,1387201373;1910235833,343639478,1011448901,558090296,555632587;0
===1987429321,273129757;811433562,299179293;971795011,1796906951,378482763,701440132,1070250911;0
===1816017294,1745952523;552518593,2048199517;1166883280,1949243830,948316879,949004654,1055888605;0
===1463788130,1415133718;779567091,883514347;429299183,1523538017,702414810,557428812,2019605106;0
===1171143509,1970245469;109093852,292365580;886351875,1124384025,1073808404,1548565516,1879742265;0
===844924202,546233810;574387425,66370572;785451386,710912138,922942345,1073286654,170595426;1
+++662443420,1581383917;836053219,599210462
===1691006818,7059582;341536708,936662487;1639839449,728264048,1034049763,583852851,126360330;0
===1056769079,838133761;1727249952,2116460753;2106056554,222451823,347120429,713983171,2030559265;0
===1369217632,1112696061;1335084506,2044852079;434596082,268495911,604157171,986030362,3133136;0
===1728206035,1390199078;1300409515,1601547786;2060131410,1326670965,616610347,2063991073,1263688240;0
===2010036311,1519849323;1687099364,415434340;167719901,873070537,1308532036,984311301,1120982981;0
===1856771584,1256431495;1717821693,1255989779;1555585727,489789299,76764596,1313021108,1041578093;0
===739759681,301064362;1743014405,1767058500;377155896,1909835008,637558821,1147096360,202514111;0
===1299137528,666798115;696320429,1941711256;737620925,1183839725,1589210088,101818725,833797858;0
===246677333,1511419737;1580385497,1779333494;1009674967,219543036,131303548,1808088249,1562076444;1
+++119751205,117609845;524730344,154182362
===1031003181,1115979076;669626860,533309458;846360789,82893754,1391600053,1376524896,1108954192;0
===137478436,2088700745;83134816,1313038343;2088357578,339695664,757729893,435468782,1936553599;0
===1201788736,2013779192;1860369106,277450423;1901992865,194016144,274536413,403463211,488484273;0
===835788147,19913770;296214704,1551424730;1351187142,1589208182,680651033,469728578,153020228;0
===853443514,2062309053;1609705862,1131643497;2001807403,1897603429,1171809319,1882959414,291701948;1
+++1308416504,1590035745;1406800023,604863826
===863957314,837690595;487592131,319414501;1181003363,1378094356,1322612026,1812173977,557765175;0
===763633280,1596829901;2103856798,631845950;1239747963,719200052,162056209,1571592214,546194806;0
===1490453941,934130139;731136433,1693183029;1156356750,2011404365,1984419724,2116224415,1717810426;0
===855548831,856538350;188267415,2024893139;257006460,1955851767,380817588,1655840368,1138161828;0
===1400022343,1620841980;2026436208,1160533352;52953584,1749052276,1142912712,1443075266,1117441245;1
+++567699507,1273990932;1461734635,1283004426
===90212947,857149210;1994860314,758313147;967226285,1614667286,815565144,1557604390,387210063;0
===556109203,59372722;479059110,1585644161;124799624,251810817,1842455856,1106634361,443477021;0
===1285582711,1207719872;1890421118,1789787755;1328500934,896734994,1149385793,1820711801,1276885125;0
===778898991,322358201;1197438580,485970298;655177390,1794625133,999328887,92088491,1770920359;0
===602339894,2023154117;1917077663,95859648;1395784879,1590281857,35957625,481627252,93106552;0
===645060079,2086739878;1356439220,1478356277;1873899472,1967315087,683989690,1997396719,342480635;0
===433498289,2073102593;2116636627,565546448;881624362,1265718815,1707312105,1180016385,439813821;1
++1941156970,1399350327;1935272512,581151825
+++1595113735,1151890293;1960311684,512364036
===940098126,201530807;1584373782,642761624;1307895003,1661999063,1203704779,709607537,1580371002;0
===2001396366,1522546864;1642112280,452063344;2144927857,668736369,68355143,1385968539,1466299683;0
===807478205,1658690097;417416127,1194311494;1454879652,490802431,1953326619,560723597,2086264081;0
===532404638,1636627134;973681141,229651180;769603115,1229499186,1695077058,1377189196,1409880059;0
===1770414013,1103791559;1630462779,919759023;2075845376,341877002,846225303,203220246,2123918743;0
===1230493344,97973600;1360660491,716614019;967936141,320078020,152876003,344290166,1917337542;0
===618712325,1305346227;1099970293,70927523;529089727,2039171426,2122748962,119495921,1020246449;0
===1402260247,1729726231;1057783973,1689176443;1482321408,509254407,786310889,548785284,126039359;1
+++600348122,348317223;566595256,1222446494
===175253796,1427471408;1519619521,1392440371;1214032057,2117625963,1261265365,1151693717,812913298;0
===2034692254,413201845;1426013207,1738607239;1418687855,1223695771,1386266908,1805195030,2136034822;0
===1222607305,2022536072;815038836,1151630782;1229481027,1135688182,1654985313,673095579,1419962127;0
===404282888,1056297161;394540597,288992588;868922003,841534970,582317618,1770428670,718559414;0
===1005599814,1310773280;122203667,580478485;1957533369,40034122,151885807,2098222067,1215492665;0
===730358514,474153853;1452188053,1703396674;1814178688,796578684,1592030832,486823915,966158694;1
+++613109906,548299317;99855353,638880482
===1497040301,1280051955;625524263,1709232499;1309935291,1223949451,126098541,1898125916,22751621;0
===1941843099,1210687006;335449502,1045014594;395925366,501094408,240515715,1329726978,1017783719;0
===758117964,1741170879;1117887292,2093700662;1889591533,469277450,1735591345,1942892409,1040685759;0
===1322125910,852565560;242066823,921466675;416504655,302965573,68738129,126991296,1112186458;0
===135987764,987656126;629644213,113369909;85035246,450540075,123625341,1578092030,65045831;0
===776455876,1960083206;1140852499,1311618552;212821898,1400988922,2121071157,2069253930,1290179908;0
===2005026026,2066652079;17151047,1980302565;265473793,1126509407,412760679,1858156846,1803623992;0
===573814896,598065087;386024745,1373760582;1630923143,1242332468,929697138,559749542,2040900357;1
+++392856144,1978477613;401353460,2030131003
===1581706508,2116868600;958166645,1919848736;298550005,1991883885,1495015450,1297127571,812676505;0
===425360145,799664443;1802596456,832222427;974396768,1232784822,1536332043,1181087563,403711572;0
===21042006,187160028;1682469287,2001699277;1469940720,125801963,1913482890,1104834365,31536586;0
===1485184991,1318958635;1760195032,825150173;1088690048,1718932708,531119107,1606107400,1050271163;0
===1100723867,562446693;482572141,1055596250;1281212305,1910693483,1413077399,1158962020,910717692;1
+++2115843280,1040718393;485483172,2033473405
===464056612,424630590;1775328504,1164002916;293257223,1646477149,268334419,975931242,1809198382;0
===629972764,1086586096;1644330565,1204084427;1364733768,103751930,1883470514,385035761,1379190310;0
===201815127,1904790753;1546806219,1175778383;1963951945,705612142,2018459872,71262099,2057306446;0
===1050532549,1417703105;1667219587,1298896481;1210482580,123159448,1354841812,915406127,756403722;0
===638867302,434263620;1376408854,1663195589;1340190638,1384823931,191724084,210361280,1989672694;0
===329081866,2075282774;516247382,767398512;244151439,267900801,1580576088,61423212,1992754681;1
+++705723582,806269452;456863060,1543030912
===1425290421,769732759;905809690,21261616;1370863545,1701675204,468336242,424875761,10530220;0
===1963051345,1224776971;2110957025,197149484;1850057926,1347408791,184768108,970390066,434226511;0
===439966440,1088023024;977915548,2097168841;228126110,586206298,451628642,1615204603,667377806;0
===818387807,938980571;547681008,678552222;182616073,89454430,474249989,1071382481,2115116478;0
===1983139173,1001011973;366154414,2084020576;453652428,285862506,2091736787,1658374201,1878414309;1
++1048387744,1532991689;1436914766,1607825226
+++743351891,1122268483;249111610,614213894
===1827924545,433457798;1595129659,785741728;1023239910,306595461,375247499,1703674016,414348610;0
===246248754,1802704438;422236050,1354481419;937448504,325622678,1502578865,661968307,1976534142;0
===1494137135,862618144;1425224480,172237111;791551323,1663940180,301932551,4229784,393861190;0
===122529428,118192044;1308577489,746713212;1578521403,1301877038,291446245,734097872,341543469;0
===434939975,1748021052;159913520,139830319;598604962,1236098486,1449555843,615356433,1319181982;0
===1455903842,1248998372;1403267116,1904341624;130232223,1424240065,938992519,1058850730,407893426;1
+++384107482,1552816092;1226334738,290636359
===770841180,679153053;811840726,1702177058;1658102920,1354254203,1269284587,218778060,724144879;0
===501434050,190298461;1636074869,1636354414;1075966378,1403014759,1095480337,690365142,1365558943;0
===1815909729,1938526734;1217713600,1817141503;1908431166,917721633,138029916,2020350957,47835933;0
===430957349,186688744;1819500070,1496055063;945870161,2088254546,1360739752,81112521,2140729350;0
===1363620639,1895450407;1748043698,438983980;228023711,72236769,583879942,1976490250,1373464307;0
===140818934,556314521;2116937909,545659307;1545419210,1968558902,1423997132,1148673435,955192767;1
+++1987492890,2108162968;673394759,676574214
===397580874,724005501;426622743,1603616699;97224534,1026543857,415703016,1280496974,744984199;0
===947931117,2023044983;884931635,582463227;218201536,1444989513,1788450743,1711712823,988675994;0
===476667387,847978297;1734465655,1335356931;2142254184,1998526458,1454437024,1282272285,1518536588;0
===38606487,1222413834;1738161135,239681648;757299171,348095127,440096305,1039898915,2145293410;0
===1797301215,1734248507;578168507,1155153884;454255937,1586381566,1092087677,1081596367,334194080;0
===443750152,254234100;447382268,1174116019;1994558258,746361087,1234660887,1433934305,1259519611;0
===226490586,1326981493;890981318,900856885;1554740064,481514773,985105752,1481589189,662056807;0
===2075281616,1495289358;1069148149,1005526503;1866103045,296026265,816861449,491061173,1787135130;1
+++454348174,804800933;1898167724,122649729
===2002719869,1380327352;2137812914,2013492310;110130252,1385739688,1762080483,1384923650,1149931742;0
===1377633723,943319935;1049566375,1933613372;992444213,245302626,969962028,2004307896,548623500;0
===1852464195,1143582885;192893421,2091351563;1564546729,1818410232,1806024553,1370036111,1068180602;0
===431700439,1301761387;904421534,1691884789;1400006393,1468502867,1155497036,417679366,1051064916;0
===1246900001,1708433248;1697777720,1150966021;652744147,33626860,739892338,683801381,706681384;0
===2017425271,694368491;1035139893,1562328246;1353696951,638762849,2024260867,1643243332,401746894;0
===1043667047,561262302;480519531,312613789;882480082,797994306,352102246,1908304051,2073673818;0
===791379805,362649314;1316609068,1774581572;814481143,197512826,1750992049,1686470121,2136243889;1
+++2029045336,1389986792;773311559,545317009
===976985902,1630781579;251639708,1448692223;531942945,1781984796,19200569,1831482798,298908232;0
===1128898516,77411776;279990331,1796745797;531335505,1211659904,1174533920,678416383,760864690;0
===1874596077,1192254792;1936446632,1216848377;1636179471,1432017210,2127427744,1725345108,640244011;0
===2101248578,1033650382;734259096,346434065;1799746446,332313326,386776352,1523935846,510978633;0
===1854846690,2084759232;1591538638,923505859;644935983,2119966528,217376074,793217354,1978134465;0
===2099432785,383227309;1034829800,860362784;2034321077,1697816486,773377744,1061230568,1373157508;0
===320869330,457984993;470976666,1049360090;1327251452,1510504470,1739102806,1134913624,1695880292;0
===1213284013,370461646;370993762,1925015937;987606492,1480296467,1046202975,1386824000,337293692;1
++1281941731,905010646;145704807,2058579688
+++1975385894,1802335879;501425721,1219087197
===547897018,219114708;655635794,272159422;1747448249,851190366,1840125738,1024237889,1445919824;0
===1041821066,1333872981;2140861256,168381323;372384902,2001671508,1145128460,381638178,216696801;0
===38721134,624004028;175547757,1300631610;469789951,955794040,2094825577,820211716,260141115;0
===1132045687,2109292642;1783887273,1191379996;503293790,1816781054,879081531,138092350,1728430761;0
===665052807,740465321;1107794970,2010003706;2134874953,1724759429,996948867,1386336996,1524272419;0
===983286075,645714172;334967660,2011121089;171097253,711937310,1167719397,156462849,483534723;1
+++655027480,205810110;1000190968,1419690929
===1531448301,413839883;213408635,1917768228;1884831048,1909070329,313115714,1170826216,1584345681;0
===15042765,725516367;1881575887,1647681856;1633982461,420094656,1125075431,1746020928,1157885161;0
===1516497077,709534592;31220398,591051706;434958849,1564527234,1105038425,1256248067,1897574082;0
===643577285,1761759880;986198143,128326948;360061147,1048387583,1662281205,1389370196,272499162;0
===1561480205,1524799414;464163689,444260413;1762108275,1644975771,1591119845,1136667229,459425476;1
+++125707234,1839223817;267474397,2079152550
===1962066199,299914568;528602342,1712719147;182497678,160768409,1687786572,713944055,2092371950;0
===276360807,1947992170;430308103,2108273436;1675193373,2124489121,368072606,470527020,1487072898;0
===1157447771,140960145;2041730240,348393536;1818066089,950930742,1833028277,1066658862,1439640014;0
===1968023326,453861891;1470647207,1012026065;714826888,563688836,806304957,191935930,289278971;0
===1347321446,171293626;1912459381,535504116;1073097671,1871880873,276168130,798047758,534461964;0
===1701233393,732947259;542095375,1411852278;461185360,2016653140,182409008,1291689341,1403707427;1
+++1791982578,1306345319;1805604566,1311737626
===2108122492,1744460398;1209831394,88580387;1179053265,1065809620,1708532582,1180893750,817208822;0
===1155152637,1143650682;2045133404,312181679;624707693,937040281,1493320613,2006696798,2056253067;0
===364134677,710136896;2020728138,983962027;1195954847,758546619,1612412312,2029573089,1375845940;0
===127798889,1968057307;361647812,1144092339;1240149632,1099835352,553563738,1657205321,1365443559;0
===581963656,893014428;737745067,1900882503;296874350,516186003,1635727943,828858370,1978621716;1
+++293581810,866365543;1151072476,657580534
===1328205694,745065072;1941513363,772333330;921023163,106146673,1932564118,1447624695,834825419;0
===1732017304,1520104846;35688595,560924166;198181854,663339705,1416865294,397754993,587211145;0
===677017742,493184807;1125494778,1829342924;860754848,1244990387,269399316,1401466866,332009487;0
===122656744,1685121654;1307943145,2119741717;272544550,1310656877,1535326324,452328292,2099292964;0
===67529571,880260459;1887230132,644357754;240757400,440202439,1220088747,638865347,781666164;0
===2009874445,1840457578;634347792,1059375965;300831600,2125070602,1564479391,2063325205,1492846447;0
===959162514,556611788;1419894528,1810705717;1784717378,1892643073,1023299315,1067026779,565830277;0
===646367810,1590938782;1358590016,103565247;2008379802,138319687,311554663,422080677,2075156470;1
+++1864043567,229339406;2093082244,1724078978
===812331146,1997739364;1121821936,636847952;669723671,131916153,88742037,1273861189,1469125583;0
===1499817064,19170626;919610514,348814595;2131463674,287817022,355457745,1113656261,1584330380;0
===224657744,1185320774;903625160,714976341;1550853240,717216219,2019043547,2132283763,1696426101;0
===2034951347,309461587;1333568108,1590861398;174607261,590992452,1051218779,2144885092,541083178;0
===1512945782,302222237;578715836,1240223648;1788150534,149203101,1503979873,853387232,157170501;1
++347162988,2092691399;915943841,445992312
+++1212984868,1183852761;622945638,51027349
===1147863609,929253082;329030252,1082526481;1750835081,1918978259,1508727292,1675119817,319745139;0
===87116613,1412509656;1057252228,625744951;85492349,795990439,366080994,2049955678,1449992288;0
===1307407585,1459533137;609871367,1992147717;1462017622,1748106478,12144066,810731772,1850933759;0
===1030833730,918769136;1647901364,2061668467;421645144,1560155380,525863149,773722094,1131904345;0
===1179889037,2023166083;360663801,144616784;413581771,681495761,985429181,415392420,1178307484;0
===1010834411,419070902;863693270,1078121795;1326190150,39380158,406611377,765031562,1810619232;1
+++2035531724,414843569;579887107,824812312
===1371380760,1934403180;1435461840,798892475;1397007491,1539047275,905365978,825866473,1619812154;0
===37132685,1422538918;1608415258,460577621;680837676,834689881,1597194030,1774754840,916529517;0
===913486588,799892928;690251195,884300968;1247409047,295643292,191875630,1173838,1632114650;0
===520212628,1092369122;1563824585,183293273;1709288264,185545774,668586287,763122231,1727281542;0
===670648516,654146101;669773182,1271108733;1754861911,720363901,1657778279,817453192,1608831869;0
===1615551417,1581616801;1692315501,1339726496;2052656021,725743206,298165970,1402317203,1271281379;0
===1901616947,900489407;962665641,664422081;401391303,853987014,100806409,1138776408,988241745;0
===502513088,1717085327;1913476889,786052611;532257742,841986868,377360792,1784298546,1033905714;0
===1752211596,382766687;1432882208,458692696;1655590462,1595315520,665509476,777741788,1223021741;1
+++2066341804,1696061929;14455049,213579952
===750097222,765102491;1697000785,1285926664;1177859561,1837560080,1186993286,465651136,987825879;0
===1259460872,2041278390;95640084,1319034522;1149462469,1993620091,902846213,2052802783,365714638;0
===1745973780,1070449196;1157972687,2083894571;863451060,322019948,216712555,809226738,1990820508;0
===923111475,1901122596;758084694,803592468;1454402474,1306078522,1783399542,1760748501,1089085687;0
===1753091755,936428995;663584143,1357303120;115864862,1179583348,1600066988,2056191164,59074817;0
===126330108,895038124;1589809384,2124063477;782982384,356286590,1837083059,1269776670,933177570;1
+++890835553,1834682284;327313814,304832654
===879715632,669902039;1449530622,1431014442;409971171,1753403082,439540868,1143384614,322949974;0
===2055650056,901550773;1547321795,227934130;1676827689,1862454619,635106536,1133283587,620879300;0
===2018316162,1603783463;1273689126,122990924;314705190,226278533,1473571025,773906092,488106621;0
===1922191234,142115702;1959488704,1660937867;1565354942,286017594,797019783,1080978596,152973080;0
===1799597998,259196550;582731998,709974136;830390313,2068858223,1365518718,478338797,1717150599;1
+++831158842,2140824660;107160903,783442697
===1778220484,991771945;1711972855,1707419542;2033096888,765963262,428888668,620023081,916334404;0
===2006572747,998841486;900877338,316386638;347958018,934364896,652199607,201188546,22386359;0
===168471415,434940728;233539782,1778963565;220175757,1559794423,823432119,323070744,2083825773;0
===727183563,855952746;485939107,1102734485;471080551,1596866463,404695813,711137214,640517528;0
===245358560,633886158;916069476,1290268335;1873155173,1214605167,1767784094,1462401553,88483302;0
===863178245,501056831;1726489074,540107725;2117829380,425304080,1280430855,1889168575,1240262048;1
+1789659989,534352075;1646908253,1738262971
++253363409,1110819635;1914104747,653483921
+++1503567317,2068869547;1532697513,1059354746
===979429172,120591651;554832730,1562174947;1676948186,1364368919,1866584314,1923955449,1060132038;0
===1425765926,885682489;1893293375,367410054;14479364,2052055308,296128714,832194171,341221814;0
===1703817037,1087401806;1479108350,173923545;904257531,1680930659,1106718475,418404606,1233349131;0
===1636553266,850029034;203321153,758111652;807945188,2021313895,740872680,2094741178,1106353290;0
===1715650891,1961778936;440816614,1457726929;1325382279,1448293975,1219068201,2039889582,1264986166;0
===23583298,1405601785;338999113,1309239363;54432485,1069881693,2106159705,2050578308,1336156727;0
===598558812,101684246;1300106189,912323481;737615621,290194613,540226461,998402930,412613301;1
+++1029918238,45058692;1079722954,1355784855
===731569385,1452996611;459897819,694980337;658744411,31746691,931323755,1026098491,1375337707;0
===434466900,1917194489;1966742453,2091829688;2017057865,1041876447,1856746159,362620937,17907769;0
===878244042,1010093619;1016630865,1249206770;935628092,2109325214,908558473,565646401,898031408;0
===179446512,111975926;749919753,522383200;1582800579,149884155,666339105,1223202614,204474760;0
===268916470,316677662;781918937,1388053574;2082406770,789768365,264804892,947601560,1392004367;0
===397181766,413304386;1864817322,112143445;1680926623,1079266715,1714911689,1297229038,993940913;0
===1220632414,512686433;1681586494,168986548;520104582,68289969,791458587,1278741255,1288753665;0
===1267766932,64531895;1471126377,1507987521;1437142681,1990320740,1314172050,45956190,1693588691;1
+++195837036,115156883;721362759,132334564
===653539479,1570448704;1846268000,129474159;1794956709,1915958826,1715834665,659953844,123860648;0
===726536676,227571080;1381558323,231570575;1317778417,2030560691,365774545,538867065,2117001548;0
===2120632365,1467147348;232372024,434996510;1780417718,1878126714,1598945148,1650942818,1370979927;0
===1378796250,1323273717;1608540925,2103345142;632967168,1686677414,1548631786,347007473,601599913;0
===845427617,69820048;158014660,1081436414;673179414,1122306625,2011080392,533619044,244536751;0
===2038462181,241163000;1156051776,722295;504361075,542902632,1927466433,260804391,1544696989;0
===1326058330,1141423892;12746263,576004097;2146702287,1421795722,1757049209,785582206,275333352;1
+++1260730749,1498675838;184995539,950012462
===280936795,827842915;1960767606,207587800;1799644845,493249204,141360445,821869401,1022036709;0
===2051235468,356392487;1009995895,208678926;193616327,316308350,1985983851,69200765,284906943;0
===867794262,885711348;1857846424,2141787501;924842346,2135389324,1133979985,1451310398,1259078425;0
===1233137496,604141766;759289566,1849439985;2109658676,1895016731,414269988,1034230494,1370531896;0
===104673922,783128132;1819223846,575586941;1890495065,962283660,253708886,637906394,727763630;1
+++1818537981,813647761;1216520002,2039560764
===1487513963,987447426;1890175612,1164234526;2092764956,2025981446,572478414,228273037,1896667430;0
===1804272183,219861871;1757925829,158978943;429042534,1914223382,61651179,244988095,2130896357;0
===1272292432,294678795;983372946,347676449;1571447516,1904952576,1580607477,810811641,447847559;0
===321644832,1345748028;765965610,105629751;863001462,1412891747,325121166,1150986034,1344584239;0
===434152447,899133810;925764940,931922419;1055522772,1081825760,320909763,722744803,145711235;0
===1447825850,813686147;1304821168,1668871765;1038267990,1439675890,1804472116,175709286,1178239027;0
===1635687752,67580848;1411298782,815158237;1017207877,1979776807,1403405848,23637678,1322729022;0
===772380325,652513339;1309010008,805068254;772552426,2097337463,811674663,461687526,1483277901;1
+++1691981995,869832941;1289849787,1688588284
===546824023,33943192;1195659491,2034142766;513586090,1985565404,1233745629,1418312148,77938054;0
===288240692,1265249931;876646790,1816359340;1158170017,158123997,1262507675,663275808,1895006482;0
===1625169610,1385854762;1337815661,157693287;828587906,1272471907,1358218314,2138215840,46797560;0
===334766373,2121718786;211370186,151068336;1260966006,1141869312,1165295792,560297245,664850980;0
===761022976,1666397154;1297710136,563020208;1358872112,1952718858,1298115539,443625674,2088030087;0
===1710736523,917662786;1833418912,1363066639;717726903,1372856479,1646129335,738363083,1755860770;1
++1991484929,1514913101;565691026,147326591
+++1645148926,283680758;566228882,1688575879
===1726246321,1572423230;1497986839,1558924111;876029697,3807971,898054122,888452249,54855525;0
===1294323956,455893666;33495398,1934872580;389623715,551492996,414444369,195169442,1751699946;0
===1737056885,1335651558;2003682044,657564759;573980170,1144828794,367992243,668779701,1668163313;0
===1060649072,2008380762;137236429,440412573;1425886934,467644556,548062362,1258838221,900643789;0
===1637621791,1929612501;259811771,1187811610;1493009226,1530957948,546924497,1194081840,1437839709;0
===1968438709,1266816042;79664769,933246096;1483182325,46122296,288700272,846593028,675678038;1
+++1020694312,1131144327;2018818933,167147612
===1174206009,1272636004;1226290626,594743086;2016657068,101657248,1263082294,44033247,94523085;0
===868128096,264253047;2144138812,629801407;490668889,743133537,879012703,2044175179,1760226891;0
===2098383914,2109569408;1990073729,449846719;962274302,769293230,1595220447,209113025,502338549;0
===229991314,2059303335;778387196,1432477800;1149421925,670589320,1453771145,2130581751,1778265304;0
===596627353,676590320;1892934188,63764838;1117643883,1725609781,1037317416,60455303,1421950993;0
===1911595348,2051571578;1198241081,1370844891;1822678168,732931145,1223424317,1337543009,33714480;1
+++1035760945,191459296;1755460462,901448779
===1270979514,725961004;1873451447,778414264;1630095520,746814108,1856566171,1911078727,1369777849;0
===1531875364,1261564080;104568267,82110785;951481731,1753221638,1880396342,1510230638,243309789;0
===332295500,363818622;983550502,1501948928;331568283,952239897,2075239807,279441096,912275386;0
===26277188,1211034265;1379742516,936844674;871697396,1242548255,1381254442,351654320,722987261;0
===2041957669,461077542;49093442,1686102072;1205220791,1179991403,1173601658,1730685709,1736105100;1
+++1440549466,1592209110;68317137,773392433
===1619148725,1885786195;1775837374,169158112;411456489,1979260297,1254136184,65473377,1788306503;0
===102853984,886979618;1929671803,2075976570;59184349,1113730882,1740210702,1798947794,69212343;0
===1583159916,1880138353;86191703,671743366;1422221945,1335721973,1879409585,1588450597,679905114;0
===12783560,1708095783;1195349828,566061374;668305739,1761473315,1758758639,1934657724,822804708;0
===1350921950,594963382;2064634186,1256804505;261298417,1550290360,1638274164,372111480,1636334985;1
+++604509257,743945860;398681464,372835627
===1135437627,115618387;249833700,192600083;125526546,571352507,1561921079,334517532,1346133743;0
===1687578659,586759753;1417166896,1103287119;1718157187,605165826,1839520620,352259354,1154741892;0
===1716639539,368506090;1341931188,1006921092;1234552237,1362844562,1894070553,986853918,1535446536;0
===479674710,907316366;1982629017,672139386;1674569119,268094211,1248306214,393849267,814942974;0
===1777480632,1643920199;27498780,1027144644;2113298696,2028370232,1971636147,1164693708,1493186995;0
===805436967,1492482186;239082570,941097236;1431773128,235866411,295396095,888204326,1006829321;1
++912685593,1141117350;953984723,1750635347
+++1383374343,1106686458;855147209,1912632673
===388833815,352779269;1522872079,847544670;1112439806,1942628554,522307817,14585680,1710151077;0
===629304603,778885032;1948708246,2146149053;107311282,918462995,1458110411,1524037269,1453027446;0
===979270402,1225319704;527642326,1535667544;2098589419,15273509,1301516841,1635528332,345504983;0
===1684498813,1085178822;266354345,749372732;116597489,2052462299,1914834906,1935036336,1714163439;0
===1322136318,1678077541;1455900643,1884854809;16692614,442549888,295504013,1673067085,2038605661;0
===1945694372,1325508178;1225427158,130021476;1794895169,882368993,1733596214,1021917537,143433920;0
===1298569260,55923001;1739249313,1957202759;333598915,1758551639,802403777,350661881,1890807274;1
+++1409614913,291531072;1237611987,1163412815
===1065274330,1597882959;2110864337,1228063829;1090588096,746393064,614244286,1506929001,1442664486;0
===32719840,1035849922;1897512884,984581166;1038075236,1499126418,1592610839,907507628,721732345;0
===139875686,960243279;521918803,2022605539;1638072664,2005921349,1291513386,1078231339,242065087;0
===1764287138,1257432821;1938896421,154926023;154056697,1334910301,844379300,551444321,2001328987;0
===258103705,788032662;426981447,1186074009;1934384741,1369911878,426503887,68272501,1114697410;1
+++1531459581,1349688170;134590909,2053471519
===699691150,255152;673746242,513120392;274235629,124649883,174728604,1289703002,1502462633;0
===710704909,440740254;716854868,936000574;1992009953,669468851,856804042,1031135461,1457805623;0
===738191482,1868951940;634923230,1866825562;2062457095,1304236910,1034818237,1611727660,1868370940;0
===1897064884,95404796;1383818320,377796265;23602210,2001032720,1066430780,1150019563,722250080;0
===2027066122,237301075;379398889,1142914414;1396477095,1896643445,1105621301,476817932,1350081176;0
===1170275000,1378011013;1650337787,1349235115;686132356,712505815,1595756456,1285233626,897727616;1
+++200502768,1745705228;1898539225,2027009123
===87414135,1626854463;1872161969,1377030413;1566415253,1079674027,1446648994,1528555800,445481700;0
===816710170,222347013;309587551,379447693;859199889,2091943143,1428548069,69031786,647528995;0
===534726403,1426027922;427899338,2024883854;2122788731,2100650927,1498138689,1328804458,1905832835;0
===1531862164,665262045;1342712968,625198990;1744676272,332560871,1636005647,511792613,1085488794;0
===1291795897,1662832188;1900816669,2069014878;2108240378,257845384,647859666,456441233,1064688152;1
+++494342524,525206353;1652133155,34517874
===280296497,2130093818;1182821232,859652564;1482580701,1494028381,1181495,1233171610,1663372916;0
===1780507794,871387782;1537767261,1349329346;518833689,1014520766,1942340248,20566089,1479659235;0
===2009244900,737332270;274014806,89411588;72732770,53076955,307503454,2087021828,990694828;0
===528287920,2067793081;310849054,1996601685;797354165,1402438548,1043607666,512063717,1017894422;0
===1560802195,1953557391;1103078246,1320461932;617028360,893390948,392217719,328697301,1550347324;0
===445023224,117829331;598852785,957812226;1439375102,1907768524,358909531,670347119,678411361;1
+++1816600611,137990259;1887287150,1897344652
===1073978782,737762650;1354698859,195641982;1075309219,96426473,1172608672,1133294579,474719791;0
===1072406292,430356413;563117275,218834565;845234331,999829843,608371998,445653528,1071974485;0
===916699316,1860031521;1262713252,1739382147;990301780,1293684754,1006072053,577846931,1650719883;0
===1800792773,951764846;2014282326,1745553832;78674901,285538790,1219752412,834628784,2044493280;0
===671511442,1049138000;290254880,1061618869;1828241019,1489786946,1820206394,1236623439,960907670;0
===602120634,1497348903;1249952561,793629280;1694620134,509239834,1373593585,693952985,2085080579;0
===12927301,664396440;807671078,698038525;1657826491,671379052,1120356959,1871215514,1374780190;0
===1868521223,1428073064;61957526,2037242167;430567350,2006829903,372402406,1858909808,1885001675;0
===586765321,123261351;2039025538,1232081354;818536921,1778104496,1278112448,1706907486,477543842;1
++415013557,1470060367;1559014164,390994864
+++1445638857,375224330;731961234,1964106811
===2060815948,1036057640;1205368127,1109981682;871352510,2050443047,1895104862,1135359817,462167559;0
===911236774,1088790824;1758141453,583013433;966718879,1977892360,1012290737,183529031,643624133;0
===54629636,1491700296;1552862331,327041087;656937875,2123736285,993691147,1455367607,896738982;0
===1403612207,697273426;80962076,1854513802;1050851120,884671400,764625676,666106136,1529682053;0
===128456498,1015522630;1879094613,1124355648;656500815,811281570,742817130,889047649,251029655;0
===855132767,929757251;934058720,1065672846;1583293355,1464014611,1805864548,1359524453,786897450;0
===991997861,253884874;258952873,1701378280;1113388408,1963805409,649717776,769364500,1607973074;0
===1959948135,1901241708;2091323695,1916152237;1681938318,241551796,721183773,168723212,2037281042;0
===822681470,1838977988;936661591,1958993764;522103772,742716104,1124794984,515229287,455483052;1
+++1625531587,1046653648;709014110,1293407407
===1852531224,779853160;1482190943,226143141;1329660932,1829452269,1543821058,1136908610,767132201;0
===1860610215,628751953;2019828950,650923559;592470121,1967008580,257009307,1259367603,1572606965;0
===2093636677,1316379490;1998527872,257530456;1493298231,791915302,1208666264,1578221223,1778591059;0
===2100542379,573441605;70575404,1083536558;1063298527,612542194,496933721,678564022,1251113971;0
===1774885351,511254189;387504710,554984430;47490973,1232187922,1942746231,1134707036,2046732762;0
===360372284,1595856969;1291098194,221675110;596376655,1125487722,621581240,915677470,1804711849;1
+++592574152,1339030293;470999495,1138554025
===1802661572,2045679599;875345205,241839001;1215871804,818461556,278444899,1792510589,609932212;0
===273800141,928453675;749779582,514459951;1915868610,1703459470,633856988,1607416231,66173453;0
===1555649696,2071868584;739014373,1287263128;1530691513,241653251,1721183530,2108328418,1134738758;0
===1300612930,829502014;1115891698,1051818083;1832863101,1255893359,1276290365,1510582089,1942276941;0
===1448439200,1224076634;1074931272,1737655097;163376397,859434391,940260255,1347948287,934292599;0
===1358333269,926731352;839924333,976927285;434429493,347743828,1330910638,333298978,1946357153;0
===1519299579,1134321812;2018991688,1164799210;489990856,145940368,1559284471,1851142269,804976143;1
+++1447504778,246543119;565138418,1731274237
===1633319402,33340061;1815736725,1190766248;2128884919,1563065172,490999774,2098307502,717908122;0
===248586111,2135546463;618289613,1596395316;1042414668,605662951,569193720,802240197,720430437;0
===144589099,271976626;152757398,1436796223;1360477093,989437994,243047479,1763988014,222760932;0
===381830090,427736087;2069266913,983776721;1554626447,1170649116,1105767095,2060774004,105185240;0
===45738403,1609250725;984620322,558109248;601177433,1705465244,1590186869,1305961153,150411881;0
===1425542077,1772287634;1978698516,952806637;958178568,1216405709,486521298,1772157246,1735605480;0
===1347489996,732136784;101770672,1157029261;393380196,1650693917,1279786038,1573531203,1244489364;0
===1375274037,1165604900;500844960,2023368476;1721261565,1165228924,1178038480,1177599378,1823035881;0
===601776399,406289263;175600196,1558414809;1169837974,1860284733,622630544,1462200113,755485338;1
+++1434257425,314343803;200194248,1986181278
===1802004060,742574369;62538266,1949363224;401194820,1351248540,42327377,1034867744,1735863399;0
===450754377,1425188825;1802065997,1538717753;1055952441,125410886,1282686566,1275627213,1689798861;0
===1900442226,1454892913;251632919,131075284;1943764383,806856858,2061188705,1594358421,482378725;0
===1849588302,588264866;463330950,982694887;1678736712,710725617,1049825523,1394187978,676353272;0
===1334385688,510276041;43965643,581069262;1089625230,1623802496,231410960,631264546,1183107301;1
++649717397,980287169;341631861,1345953879
+++2020297804,2131966562;1427791907,664328647
===2059626863,716279219;1729032221,28518793;1571937218,535975150,1784573888,1383079680,292563716;0
===842707035,811310290;442688236,682507450;2101637390,1541523832,579229362,62995566,1315209510;0
===1635898579,1148639273;1992507389,174316034;46793284,619913064,566232502,354657789,414944276;0
===1657392196,1721530163;182260970,1205209587;1626237416,2107436682,950861641,639261837,445194040;0
===1544300517,1977128322;1192111909,1718188508;1299019492,1771148347,773768950,2119712194,1200322676;1
+++1201593862,2077783091;1570141887,1469850540
===473287661,1926467519;12441532,1646533449;1055794822,231212763,1779316415,1934499230,979719887;0
===47078562,719807708;1728330979,1511593399;579875342,74810797,672793630,1763037549,586318829;0
===47758598,303262043;495666772,2113101554;1513973885,2125008955,253676661,672952683,833080451;0
===1336914864,450774184;810140132,1914513590;1456799330,2098251591,640937018,3312252,1198719570;0
===1742159272,832166836;1355130258,1595682519;719406616,2104521418,1098668538,1154557985,1935277212;0
===920195987,1948206154;1847540718,1219245084;1216288087,1503540022,273272910,253424277,1683834503;1
+++1166696695,926157977;1493080181,1471197106
===1698745611,35363712;686490415,901777900;670526668,1586987713,1357829115,42138741,452460088;0
===1735073685,1297134920;2100179326,1702305196;268702902,1222434077,603003280,87770608,1062682279;0
===256859166,1724642097;783664058,640278221;1077134605,134859234,1434749172,433606065,1145281859;0
===722560706,1780593458;479868164,1181079983;1801275444,1094517581,1287792529,705307366,1880012830;0
===619440638,1590177618;876845636,1427338847;584036479,611249793,1125858942,1017122216,317811204;0
===1332149776,1991389053;215721125,657129594;598979146,793589708,1631196488,1689234232,16409834;0
===979028691,1027767500;1969677280,1214945500;1386273154,357518904,341814881,775262348,618010932;0
===2104609948,330819326;1187857791,1528012946;663960492,1770316043,882987136,899883801,1524851598;1
+++920516833,1929071291;943988485,288103952
===1630860670,997902429;1594159506,1800854818;1454849173,127009609,1134416071,1446013847,1435159531;0
===356431123,1106779009;635292111,1686684549;161279762,543412172,746323448,1173623931,759469967;0
===1341324888,997557374;1069573668,131036412;2131925309,2119420265,1513228063,1178533117,607436814;0
===725880098,406569671;494634742,376850976;765449126,986031800,1761059211,1404384847,433036899;0
===314669223,1090606421;1784669063,134575461;1842311330,1202382179,50320246,1081841520,856577614;0
===1867179406,1675511195;1306155236,2129836477;1726274399,1651671280,1446713925,942631643,1454523428;1
+++2129086322,698919009;1999125765,622616261
===1553445759,464033269;653222038,876210020;739372492,1249028468,1611096339,904583328,1728218477;0
===1522157869,1977404692;12156698,1746661259;1897750264,118547544,1365169705,106394487,1557925639;0
===872254495,1948365565;1083050363,1381160721;160659022,134845985,1424124461,79982981,1678198762;0
===79233168,837105220;158176733,34295212;836105518,1689009123,329223669,378125052,2035351240;0
===623420702,852457814;1034026194,771551623;1902131727,1614299396,1594533348,1268859167,16916652;1
+90808789,2135904624;1944583319,75299020
++775097938,1907593623;1627734252,2124503872
+++1415464074,2085418550;827016490,2094199641
===594383329,1034384432;1087284843,1879455253;1212277564,303460,15692316,939852778,1340005952;0
===134798579,2124414472;459699761,1965645879;1941131037,691185320,1213676209,1786552746,382622558;0
===577358809,1098486053;1211061917,1296213603;1352883599,1381224838,472830844,124614133,1380872215;0
===1194551953,1831494651;1207288162,1335780129;150584803,983746396,1517575660,1978366423,1186459574;0
===79502763,2087895402;1607449438,377046609;294260205,1009232252,1211086654,1187197822,1806211041;1
+++567819181,1968284156;1413613113,1460064204
===557272265,1267815724;604056163,1392406753;1060919955,309891841,118921483,953638510,1467353287;0
===1350429102,672151258;1456004500,937770488;2039501179,844983049,1102477063,1048225968,645493583;0
===1753707792,531844619;50874204,2025659023;965609973,442882238,162435638,467961718,1093472594;0
===513409809,763343755;1986218739,85180886;1038832168,688076548,319119469,379791730,821312814;0
===1597243082,1268650454;110327645,1898168713;5097358,472721416,860053241,1896641205,308583287;0
===1267140174,1384639191;1836869485,2065092209;1588135530,1774236585,801597953,1477983418,119789064;1
+++97835537,677855002;1093280132,397502482
===782175424,823934836;2066775411,346771746;312604586,1967411495,966893078,772573560,63168013;0
===1619956590,1129207824;452566903,1473042756;1653477340,430034142,682428740,253176082,1543439189;0
===15378448,1899823416;1925239787,618460621;438474849,1751687723,1173059788,661058536,500914290;0
===1904360639,316333228;92735484,1570827111;1301828228,88247823,243879027,1809300679,70878964;0
===1611621030,1646100245;512687784,936312831;371579377,1981024601,201908260,1280868973,623567130;0
===528120420,1692427692;1891792419,1757673045;2145908107,66057161,1998849224,749687486,2122501814;0
===2024310414,1504726249;29632900,860261691;315456624,1878283466,2057186225,825256184,1634382439;0
===890703023,1907149163;1655228412,1151614742;1084820311,1855971543,1692179764,577199751,918996073;0
===1164687139,1334299253;461858588,649927669;1550186367,1409049533,833841660,1941192598,567715479;1
+++929336112,826139574;538340485,1580943379
===415357521,1825010786;385401350,2096803125;199995192,237140127,498661982,1680985329,824002631;0
===1876411250,38850371;1891559487,1520821219;87924443,566555786,1016495569,1198530312,458740811;0
===1640458682,421590782;805117531,1111208484;1589103929,2102521011,851937399,1705099457,1791722654;0
===1689676439,851260195;1496891919,1574684427;186622230,6755500,440425678,788771778,180418716;0
===268575385,1504063183;75849888,1104691286;414985582,1449166633,596799546,1133046740,626606115;0
===521841904,1515346908;1128458608,602370356;661461286,200825804,488916517,1354106486,1170484338;0
===565777617,350218350;438637997,1121931990;515032540,1009836350,119290737,459219938,1544151776;0
===15262494,225859395;824921932,87006599;813793274,1520630217,643025562,2053176739,1151664913;1
+++85536461,1876556939;818769822,2031406007
===845699244,820164979;702603526,1588220816;1092518206,1974192465,44303988,90330005,1882760768;0
===1753827039,878804993;1833733904,527691642;1785019281,1225171999,254851715,1606179466,1082275988;0
===406305620,1912699087;216398465,1680093816;484678510,1917275862,1600413118,782665172,1513948918;0
===1384489990,665928932;88728448,259868174;1083724367,661978772,796190428,1079026303,1800809223;0
===238436783,711457035;1472390552,795865666;1145659120,713049941,222922293,1987766058,762978156;0
===342584192,1788787763;1824691774,1226257743;1852048099,1090076140,1521950245,339759870,1076696325;1
+++1659943554,1856566712;1403682757,1260158115
===1410581325,1314555691;52926807,1661105825;118078346,1576854489,383756264,502661831,618240124;0
===1292045769,716893078;872367253,445880732;1182151338,480487442,2115392099,550665546,1936630989;0
===1538631034,581499854;796268176,276887349;1361170953,1960787994,1100729818,579937002,1582561685;0
===1069753066,1607120907;1113934824,1488455456;1924224725,636352376,1853980742,774964929,860742639;0
===129082469,499183288;1594152678,1199121532;1567745505,455821591,2091828737,930470447,1238057851;0
===1195239987,908895675;1122937450,1007635790;1100705478,638991082,1521173102,896608738,1452528262;1
+++1395236527,78387129;409065182,1977087111
===1011990157,1594068609;1693638614,1025544543;252915764,1646581881,1428762059,236651634,1532054889;0
===2004157037,1379760476;1938152015,1560299697;19288996,859294349,693996994,114528099,195397682;0
===1301725195,453989943;482843932,888628732;278781734,78930313,1815188022,476598804,990792132;0
===1959957927,1085148148;1725096004,1829708816;1443043006,632806295,441566503,328523271,907087978;0
===996966337,898089616;964862228,492071051;1903221627,2108199311,265273185,929572956,963314380;1
+++1310417932,1392668121;785891051,488000005
===361244164,1262627760;1690150306,50829355;541903485,1985525921,1648919143,1371624786,195371787;0
===1560415940,252407808;2011597649,720059108;1704310195,1848138765,721368052,731116340,610027287;0
===762476094,239010788;1304499733,836444534;481277890,265511593,37873672,610056703,1152482872;0
===319895695,1446085022;1538731225,1191342012;1600736465,694231192,631253673,914123725,1126964816;0
===2104504501,1516645331;450502924,1156043834;1096106010,154962992,1651120640,1453956144,986511826;1
++1441658710,1642048045;817862001,588401457
+++249930425,334475958;548906598,109038085
===87750819,1825213998;1168962047,1094262464;1673291522,1529794727,1706723041,22630418,1306973141;0
===1104189786,1258103141;966520167,404034797;300809436,1071603760,58149934,230743045,1004627890;0
===1020298003,336183616;778213428,474245700;504859327,93256417,1623433662,1218860410,727175354;0
===481454888,1861726807;393878781,1538245642;1387740111,305815030,1689301311,311030592,785531034;0
===78209679,1531315586;1587775736,2039606080;1167128819,528773018,1784418162,618424834,1979788023;0
===1450448771,461200364;1968601804,278697519;1564580024,744699514,1590558540,204693517,894130610;0
===1157172250,764660256;250883585,1950550880;403424327,109591044,2087171447,2118338711,824706300;0
===763665471,1841441157;788901633,1697256178;2083974112,887778881,253513500,492345399,480285387;1
+++1896817253,1915906512;2092663184,1285224420
===1544960036,1055290099;243764258,816013216;1857669457,1628599151,823953912,1220862681,277284438;0
===1019775283,1036328483;1763838501,1647551271;50283612,1776746416,2082290734,1671391504,246806315;0
===1206447415,1565060132;1357303281,482917458;728775258,1442607231,1005644684,1801109621,492344428;0
===1202574197,411188329;88192717,402791178;2017228326,1636616013,1753791307,1236528271,1718034356;0
===2005179086,2081302626;1069057889,1642288252;774072190,754800900,1731357374,1283567024,785447065;0
===1862358934,340383587;583240074,975541761;2087141782,1727266827,1001321844,76565745,1486401877;0
===1241495775,169930408;1329612844,1113785432;2109911843,804787330,1702813944,804743342,758393962;0
===26054289,465629751;1256049946,1324678967;146382773,749420268,68101042,449055452,1969084077;1
+++690607769,44154538;1267139987,817686077
===1726832488,637322551;1487132780,514964227;79550478,1965375913,2112692835,151594039,744656561;0
===680804618,1136578740;1473532106,779645807;1342144239,1532795388,104779609,738383175,1620408077;0
===1116397164,168866000;1516765434,524237367;1940515406,1354418649,1363161021,62407004,597964143;0
===239462028,1268245274;1487569047,956450952;166252638,1093644454,1065932951,1259446151,1941759576;0
===713085948,151254055;1919814960,203849367;49645778,747251656,402201616,506222792,1345098769;0
===918733810,2034756243;1791468357,828867515;761532116,407085231,1159846827,561848819,175694706;0
===1764773316,1930952545;100082137,980689619;1293961035,72438335,877609740,649875203,1813824188;0
===1522501281,458861767;1830508833,1270074334;117968472,757878671,237870177,886715616,507364309;1
+++768674701,2052893201;1696758046,1835137691
===1928157436,84652313;991693904,1067098777;542443491,1750518307,1523115290,502943108,799674060;0
===931885787,456490373;1217013848,252937044;1455335035,1261685069,1750619846,1433287675,851083283;0
===1980890789,45873752;989023122,2078152385;1169206018,2129035497,1551512773,1165496339,838640506;0
===1896240093,156635188;1082044877,910764943;892066444,2107041576,221859267,1847870106,1193222738;0
===445252597,1564668483;2120304560,1026974423;417135178,522307036,624957216,1003022559,1360360464;1
+++75197303,1213447691;738633141,1791000612
===1895060198,300994582;1425319590,1010790389;1772590706,1057038284,235916039,1227780995,1016438447;0
===1681353691,1798350756;1065543887,804848134;916751255,1810756838,1594048688,94834397,860619055;0
===587751903,481322421;402918532,499465054;2011452833,1292912669,1042203762,1284328187,1359078878;0
===1299730960,133021970;706086120,80115743;1159896936,124218019,1761802496,1900235274,1889220826;0
===725058072,759854564;503887003,1920937884;924845136,1920287908,265017559,2066102481,931870227;1
++1855161622,1441877311;1729728213,1570857474
+++644715679,96094712;825766123,1470751263
===169875518,1897838930;1979384427,1854069962;1262441008,1574717556,404009026,1033088236,877598194;0
===540576825,36218899;954541403,961451558;1344042994,1480993724,1826498097,208774444,1034654340;0
===1216916533,2039920034;1609347427,1136704062;623654391,1154800645,1970093760,218911887,1253028794;0
===1746330549,1383932075;2111716897,557500538;1964242817,182500442,2102387022,893314002,978699776;0
===1172751968,364656999;376653117,400040734;967469979,1451214604,16901309,1637027848,326783847;1
+++214864602,69441497;1556505575,565837454
===352513976,298791489;201199561,2070128827;1985354599,1584382336,1958300165,554984855,1864609324;0
===1922933661,31421764;992681432,885455437;514291117,977611811,55795933,636618150,223064467;0
===614827948,1640118561;380920328,1526668415;2146022727,1352106066,593748129,505482915,63366952;0
===131488467,245156785;854387884,1572372079;1373227712,1202521223,549571624,150270877,10275773;0
===703002576,365079844;2046332856,298477428;328607793,25241562,433538982,1869974055,867507294;0
===1480808010,1743839976;45580199,702698860;1857997715,1483733640,509666302,37749852,949260866;1
+++1910428954,235024933;409931483,1236397990
===358609206,281396603;501956603,138873622;398894475,486525265,1222526030,2120807788,895590142;0
===131393033,567317471;2085055796,1746417538;2011899899,2023977103,294807857,536199958,1171726090;0
===1875570424,331527458;1193423039,596791320;1871311462,11278625,638326883,1031717506,1929911081;0
===797851555,323304528;189577412,95884373;1185946840,230097719,1742801285,1543581743,206316163;0
===1449392838,1762192733;1073259674,169791139;1312003542,1700858360,1608812238,1314075667,2119526085;0
===914746591,208200818;1251569539,1617553202;1968474945,69376392,253264820,60123176,735033670;0
===1690408681,456826589;1778515011,78914818;878931430,464710640,443450445,829064610,878418776;0
===267203163,1914238235;320083545,60412720;56703644,1442773222,2056824559,1216770721,1906246999;0
===402769313,117164906;443099753,941834100;806865092,1100681424,771296490,2113797058,1670107230;1
+++1232005189,900214123;2031660397,239761377
===1691752138,1664510333;264061271,112310590;1496891494,911389235,514516479,2054807986,1539154590;0
===1035845912,1470185051;509378567,591951010;784852258,2121966808,642125859,1059864570,768684467;0
===158324376,216569209;446763324,1229709526;2064370043,651086643,419178566,31792162,1359655521;0
===709516875,681803585;704655981,902389927;1231601739,1526167738,696055398,1145138714,1561007954;0
===1340418729,745223395;128124432,1261884673;876460572,1202143536,2041691962,1914679202,2000536429;1
+++2022997896,137798276;175256265,12031549
===224753985,1018770924;2044341988,1749886673;1500289255,1441740277,1236754945,457295893,1370854687;0
===1086428324,1409144277;801576158,50674587;1512504241,410748295,412604638,377049833,149705859;0
===1352988242,937701847;1049072826,331444352;1370317954,213616696,207103180,1418052202,1345261018;0
===1698615939,62270751;743947270,1779031677;1036887330,1633985094,1788653734,297405017,1616181042;0
===1616470283,1614318432;626305773,1665373509;1629573746,1609417405,1808496536,273529191,402443285;1
+++1087930720,782869316;993999321,1330804115
===634719234,986102641;1072468780,964097966;2100486455,1128010354,1931461391,1193047303,1823066456;0
===1303838443,519970070;1411812852,834199306;1275697443,207380786,1857132334,202525074,1030445083;0
===2036972745,1839109332;765443707,257568455;813950407,921000359,38144694,1661293456,2020687353;0
===2104423462,614011540;651289205,163393224;661800926,134212003,873214295,1826154151,251704815;0
===2127633697,1003014655;2097604051,507088127;1408405550,1915778406,1081908927,1333902392,526385605;0
===17447351,1657953314;433342743,1285397965;1706940960,559053763,408892353,1708496944,677510827;0
===1827695525,247088283;496669982,2046690074;737981919,775449725,1656962720,395951272,264152081;1
+++1507653784,1466660384;1811855561,974624760
===1425287005,289180668;1136876321,771801499;1078562822,61106288,654376273,1351749952,1777609861;0
===1421432567,1541559772;1665812929,639906967;1444485054,1054359488,873144812,2040501703,1650953835;0
===1913847009,1518861395;1434939878,1299457383;2002312354,955072998,407165244,881122586,1817851458;0
===1722187860,2120971318;1737673275,1524002768;381145600,2001838986,562414855,1761651292,596173834;0
===1852533219,1433938776;35049731,1942766495;1758159323,1075969889,1193030182,1152138219,1394334260;0
===664274248,901530686;1193966117,2131169843;792078915,1821945935,1921843799,1050682496,266828330;1
++839221850,602505436;2117601223,1887264167
+++1489412461,708913194;1876258486,754855048
===1585621311,1660178391;444434664,1689557604;1586997678,582021224,29247752,537781343,1645675018;0
===111514736,536392886;447051980,1487156400;171180216,406652151,698378086,1946773278,727219912;0
===71443697,2034555356;10911401,1466580444;1353990020,460013490,892985131,1674506658,1942497133;0
===248461582,138847460;2015205505,1044636942;725376851,1977605647,1141693394,1568183546,1409121902;0
===1776872544,1846701693;701802435,2052135436;1114485998,519085130,369165343,229806204,1068873469;0
===71728710,791006178;2095200921,1832056573;405896677,1143151491,2037455167,1771869098,1879694289;1
+++144394678,621907672;592278726,898066066
===1357071573,1561922686;1747340120,262310037;662897391,2085455871,151899672,893158940,1594770258;0
===1820805400,315306745;674608588,108849384;177728403,1324810443,1767881488,1907202535,772363512;0
===409680982,983119084;1475668040,1878286777;902730490,834506700,2008835783,13146371,1473123293;0
===932289690,195482000;471880980,1392661125;1246929209,425063808,1480001295,958029271,1568634907;0
===1593995312,1019794820;577853311,862466006;48695449,1511670649,952531540,816896716,1591370857;0
===1796553309,1202829021;543026630,1415381219;1378143978,2091326933,1720739500,380270486,1692285063;0
===1018397875,1509622016;2049334679,135521976;295681034,1345853569,206868872,1271011716,1127630630;1
+++276972524,915082186;1196024735,726134841
===411234740,706686582;339893902,1295026839;8371975,342192805,263638784,1899804327,726051363;0
===1579406935,711385420;95087099,2143236800;1051633707,177035328,566055,1176642922,248972256;0
===224376588,1377186939;811198678,1526090157;2074453242,372920959,291613438,795308385,743343360;0
===1545563683,2008748278;652340303,169693892;1456646100,1198000497,59531067,1041859336,1437202211;0
===437416355,362140427;1097893963,1219992897;1843961271,1064776016,524122566,318583584,1353869667;1
+++830259057,371596432;1175846564,1180184759
===2106197217,1958043058;669422414,2105637423;1666987574,715642729,776281941,271483395,1419599848;0
===789979371,1080344020;1918844979,1589646850;127712368,530461681,554317258,1556184429,653632839;0
===875639657,1357317054;398252660,48073476;872173272,2072747009,15187356,1220450120,824386047;0
===1752924498,110875054;2000520505,2080307596;450281853,1692362986,1146140544,1982485941,780331627;0
===1330903152,406096584;751013485,171045794;683301650,1861320452,1509825689,194897246,2086746362;0
===1956828410,709319198;557282732,758719907;417048152,1697489487,1981470346,1191610095,660842130;0
===1908196522,1468153414;16069376,2111469160;1856870916,1352927892,173276347,1173766832,1873031812;1
+++1081897254,674356561;1133126331,493797998
===541285588,565456284;2099505162,97751277;810511650,797944173,619620383,577442967,486761973;0
===456838312,1606964973;386293262,192176232;986235143,475552563,113286341,1068467339,1330904009;0
===1219534820,1265003277;874369164,1901223232;477518985,1818958722,1307478875,1254966153,1741035442;0
===210204422,973855660;1660334702,242588687;1847011641,386191358,965428960,1100974512,1154073675;0
===1021728057,1568489943;322302520,1300932177;266389740,857935192,914949247,804966790,1243267037;0
===1573883048,1413949891;1131739245,278528161;2042949357,516024488,46135484,491625785,390951564;1
+++341412632,1777142984;1447296842,912289417
===1601937052,908905227;96329954,559515441;151080646,823968692,1169425777,1105173872,1427844139;0
===468231527,205212600;875399172,370111133;1192994080,2010284393,1243514074,1875845352,1508053640;0
===669921156,287954678;671733590,430382705;967300184,1523823250,289896180,2050968209,1369807905;0
===1181728830,2111651226;1421652076,84647928;1510688832,1727152759,1952268946,2081987445,1920462671;0
===1851078195,1611898338;1227788776,825021209;1939291589,1380777313,705051173,1844561053,1089430578;1
+++1594195547,136203564;15658744,118232804
===1951351551,1412006470;897650018,358536555;799486855,824522543,1885331703,972712857,1726274030;0
===15087139,1227008453;1300360241,1832152190;561223389,1031496034,1081626298,1290944234,626815011;0
===2026774556,419113532;1111614895,311126513;459038089,972462766,1006979522,1961910685,1776374864;0
===1658863799,298348126;947686133,1651019143;1584497597,150224758,100013794,2072288212,585912684;0
===250393284,341555173;2128596262,431509337;84309200,804242186,1198971772,425904230,912811336;0
===1920399356,217101833;1465910542,135923205;662399360,916678929,1387807705,1685592723,1212404092;0
===377143932,589599705;29103772,328062795;67342170,848922791,591757435,712887639,263629173;0
===1862162192,1582185673;351918942,1562649226;1016196730,1228764699,941452679,108616865,499611446;1
++1300530525,1712901290;707280069,269879644
+++314495798,1087359568;1182882470,2090394180
===1736669497,1665662011;1145831730,1950387909;1640869124,1201392425,899259279,129348,1534668960;0
===563078900,1371427563;250032381,981048861;2143887017,1606280332,1284746396,1043418056,1177074684;0
===1911021229,1686778513;134439749,1748704985;888294811,630441461,334861291,1868887642,61167915;0
===1504190307,52140879;260925466,606787965;108273322,1867571599,428828815,844549257,1925885792;0
===771658474,1882957298;1702231314,793186533;230317718,1043937379,1005681545,628080729,1671236245;0
===2144894828,1169251513;1720109767,68049505;1421767980,93034917,162324392,783759266,1976411178;1
+++864675436,1328766512;93783165,145887546
===1258320234,116226288;1112276435,606515872;390613391,891638244,1690338848,994714043,113418245;0
===836318529,35789111;577209338,1712654461;484049669,1370195253,237085000,1272740465,802727014;0
===1786722981,1449659934;935154693,39193617;2012296154,256410660,420810382,2116478398,1002314853;0
===1927016911,439918702;1534858193,1692269779;1700157044,1652959272,2107945427,1547461090,1250944685;0
===1213901886,398058845;1992052083,424238168;364803246,1864619907,1413635775,1172744807,2114685034;1
+++2041625111,873783002;1044002717,244958180
===1020318796,108078431;28894656,1552434696;2026898482,1438017914,1777326302,78777202,746615001;0
===327402460,1212537858;823196559,1780643046;507635611,842272255,1733752710,148584179,221851462;0
===1092450568,316187702;1036434011,779373071;2117911821,409008631,847504836,1605093909,975904887;0
===1322019085,2134880076;1285643596,1892821934;644675504,361383078,1116501257,1337091541,996699541;0
===695856959,2026403979;1792951868,557715636;53008221,1233358927,1213494918,1844603095,107669714;0
===1855503423,1276785041;575360551,1860502800;480488370,380443822,75732855,1035438464,218826186;0
===1047552397,731873154;463904273,191913578;887731549,1287275831,103906559,1598473692,1082479315;0
===1107453072,242878257;1619833217,2072412775;1761818773,1098490358,734191067,1583152306,1693755522;1
+++1155953589,180774339;1135005352,612406237
===426146819,456923973;1477472047,773515590;934392348,249614649,459067513,462006263,1714663879;0
===1518572228,1991011603;1600870222,2048482108;851036871,2091207148,1081647394,2141393212,61992563;0
===717097376,171566712;153288396,443821202;813625667,1832718759,2036174599,1970195043,406933490;0
===521411159,2024439058;1723999443,333320523;1157644655,1442134022,499510976,29319500,1715314480;0
===374139586,606474204;1116465173,511845798;984022959,937028650,1111337868,2046051503,1585120557;0
===1381190329,1953953437;718446157,1250077095;1520055650,997122757,864212601,1625178848,488543838;0
===40683085,1985521482;1492223175,1314312521;222486881,1314582498,1276389753,1436811484,731490624;0
===651469916,1712946901;1371070718,695397539;1771494464,1814146,716466637,73953723,1907319875;0
===1153512408,1543798411;2033027316,1785340106;1982063,1038095520,935434736,709668388,369426540;1
+++1761456946,396223226;763789643,105507237
===730253484,630955907;1310010422,1892430715;740625603,1317514808,173049251,78955846,688044733;0
===984122263,1082221815;1553945997,793092384;1856512608,116133856,1086977171,667528694,426385299;0
===660705874,1627396137;145003647,1630826182;464101840,1358191109,1015845802,1942331478,1426076716;0
===1298769962,490188934;1832705323,310388166;295363893,448085759,706538999,1360588004,2117712343;0
===657260357,1061667335;828636709,436941633;90163561,508287185,717727378,1052216451,1358429076;1
+260062138,2285070;882072503,405143313
++1529827166,1654161975;931128777,740976840
+++472327024,712303461;1944083178,507187024
===277310624,1077584614;496491230,1719155566;1585155853,80423454,2019950594,1966163436,1909336144;0
===745201271,2098487544;552586482,974328149;1104012466,527379564,307161063,24120914,456314806;0
===1667660540,83606481;1495597741,19701144;449148442,220693628,2102735798,1533041450,830718750;0
===1287976653,610401380;357760317,1534010080;722715182,754515800,811208878,996449208,834052264;0
===497088043,1350364411;1736551608,386661816;929658207,1639531547,1236740473,1768365113,1723475701;0
===1583397178,2008748851;896461321,1915312008;658525326,132809175,29139083,1122822108,1216543081;1
+++2086973160,1595060872;471809094,1878219976
===1936864554,960637366;342888055,220292972;658808566,1970550764,147493343,1650364735,213611935;0
===205837025,1309549235;716177429,616349213;1400543460,588057862,781990966,147872462,341431258;0
===674883526,95921041;251629644,531609538;407399252,2112588159,162958610,1256069145,1203047268;0
===869276070,1264363794;1449157462,1557575107;274101696,1733588210,2007212284,2117419280,1872644390;0
===1265976183,922224924;1600648593,446757277;366205942,957223382,656254056,27044580,1367395011;0
===98260141,304723415;586207035,1422109407;1406400939,183384872,1964490997,864887702,37083453;0
===985312978,657363671;1620805343,1796433605;1864279191,1552144567,1220722720,1124353148,1238277408;0
===798926829,33917870;1229641702,1364435086;1973266486,205355436,964974039,1024207044,1213553863;1
+++2108755711,1213279603;1027115440,614826009
===137176783,493173327;289498917,1838899011;1857249802,1730057924,1233220722,1728478753,2041924187;0
===1624000461,1432107335;383821534,947752015;1239746843,797958143,1490697218,897132210,764133178;0
===555286186,37564598;1376796001,988491615;91891677,1048417466,1770850975,1421628159,1303834504;0
===854141457,306207536;445856379,133063610;356418239,1723865373,1917812585,208016987,668948274;0
===1601683555,245638351;2001639090,1564881076;1507659800,1783603669,118131598,1817210197,1425771991;0
===611682710,1441554349;1979388834,779694034;1512398109,550485547,789731622,255388769,2070156603;0
===329226252,1806172508;1654899925,1777800101;2100168332,1484894976,1655304956,1643068499,1869618221;0
===1396329559,525026644;1958694463,1159134415;1308659040,1758369546,381011590,1531036917,1744187930;1
+++1067467723,1772593390;1261545976,2083698816
===2052110192,914713708;1722074781,1751810938;1010043254,1253044423,1458077360,479719165,1711752362;0
===1626208245,1917761805;905864922,947549853;1873143569,860240029,1702287621,2114794423,495498742;0
===2138736671,1907073949;349144778,1572174545;1826458950,575295809,340527759,886889068,1775712876;0
===1023295280,1546566667;2068536027,590831993;1043955951,581338571,195484307,1437886848,787923443;0
===1727218724,385093375;1475784718,2146815783;792825441,1375530150,180685120,2090514972,852991150;1
+++1729168458,1864018825;23074404,143796593
===1825741781,1580133643;1951682637,2115194851;1278094179,189709350,1662580861,1616516756,623217765;0
===73524795,1186840269;1854684029,1425536454;1088256668,810649734,482922003,1760504597,2127944355;0
===1846800732,123708909;1772456804,1564217832;892121280,186633657,2039645720,832386941,341977067;0
===1417252225,1686882784;555645605,1182629763;1149173025,457993829,1435514080,1406623069,384879395;0
===338692899,34970197;1971125709,630024209;1304814959,454521294,1029087140,213892914,1737365799;1
+++1255438198,1406316063;586667610,850584439
===2048966332,1049425726;72417537,997965360;1241141050,1192139380,1712278648,289252011,1927761797;0
===462958414,55563678;1420604369,1240499523;225099712,1105751791,793298871,1627772385,1504777637;0
===1897199181,1781883683;603966843,1399213929;1240922896,857151065,1532003131,1646979395,1386695715;0
===939770216,124095274;878848296,880709282;102838661,974938450,1433957418,580513102,1117818994;0
===792469445,2105703722;188955487,598969320;511336279,1207983809,1839593481,804191030,290169663;1
++1952169591,137809774;1388793235,1620955918
+++254615595,2050845093;1874846161,278816637
===601040552,1134866534;1364422443,1483582988;76884155,1674227781,1302506186,655170047,77305431;0
===41652342,1516468910;318372295,1104113516;1630854505,1126274316,908368208,1471468421,240677044;0
===1829192765,793323025;688554546,1637742150;1370400162,555959594,210789494,624035144,1321757539;0
===701397308,1783942633;763957282,1558894018;1524479882,1643042874,711501655,657591836,1574841030;0
===136776550,1112423848;571082833,1196656779;621127054,952920244,739984681,1048277310,1765148355;0
===876700137,1802300331;1727266950,373177133;977715845,646157284,1253888583,532696129,970105280;1
+++1665138355,908827083;532488872,848974227
===1118015952,647727838;1232966264,642771617;1041021192,140253997,1484033284,1108820112,759032516;0
===1368164255,1939487935;1189037994,990709682;704266244,1433453803,1573486255,1831335666,1635518320;0
===747459218,1765508434;1908443984,1981521814;1036304854,1935226401,425282231,1314060583,317323879;0
===92373442,1105540216;883160765,1815411124;652095339,593415406,663581357,1046474213,1109708926;0
===598068657,1875166761;1521599281,260991396;1660769081,267922702,134185345,2130903610,1532349211;1
+++510399904,1208288353;51164091,537518519
===821072008,711279715;213504455,1481189813;627252869,1789959090,351966528,1099245385,546662711;0
===55020642,1865825035;1805977691,1454079118;1017363885,2098619125,669390827,927446496,407980570;0
===523464,1945250147;773472904,358652850;1096193490,1842110302,1636683721,696464648,599239418;0
===142889984,2023518926;1041719810,1245545752;277883238,1350573211,552845638,1741873854,803756502;0
===1085734078,1726368729;240318314,235029260;1389026141,1564135112,2113478493,2032511891,480376154;0
===315168534,1506091547;1634081961,1642876586;413961231,819464232,2143225491,1258047987,356274520;1
+++688050513,1481744660;1933757955,1410935488
===145706218,1146211662;999760873,1662185718;12842143,918863004,644915996,270613421,840699966;0
===682621808,143227328;1880873399,257532468;472218931,210717893,465523788,946034515,1385426127;0
===904445208,1078462594;301602128,396655239;1747115077,1240716169,1408788917,2134764555,1445260099;0
===938570925,1227535923;597109591,1156683516;1840053796,1582532199,1533407729,391802396,1941799826;0
===1625101497,869609930;2019570525,349089001;907090604,884021541,1083933451,1181951853,1107280860;1
+++829585522,1919432796;1215891398,1469824709
===1076723915,1355632174;378303316,939753943;407475966,103210668,2121483754,2020650772,1755501556;0
===1972158615,1105991798;1704522784,742619837;278625982,1663959871,941780105,2117555694,606378189;0
===1624546148,599250749;776833900,53912424;1412912235,868418180,986433092,1946540430,1113524043;0
===933652628,1200487720;1011503010,2060700834;1666258557,1526985547,1347096753,1663266482,1709496357;0
===536608456,607823870;1753714090,1456362851;1205148835,430020148,1641199652,916939426,1476158995;1
+++1868341041,567564038;1133125378,630431286
===678045257,380926594;1809510291,659676986;370124998,1981733328,305927511,1027331311,2101492652;0
===899377292,1685000484;401583579,1983294102;152635719,1834416647,2052469921,2087991547,923641026;0
===1713001040,572267772;1318770120,1918500;1694165243,114724357,778059034,897809363,1584704482;0
===41511387,2134939848;1859269571,1914721778;1928696665,1169193357,1504839328,269714078,2107589165;0
===1478074925,73357500;291986757,317090800;139749882,216076860,1023155365,90105664,575772399;0
===1715947017,1115498268;1052438199,1620693746;601231065,1172832052,129807352,1168238835,1616042474;0
===422098660,7806843;733617607,1075565494;2116093229,43446593,2108058181,268926075,1767351989;0
===59013132,1037984297;1468793779,42352568;2078683652,886467803,156351288,1830754847,1084644839;0
===38486587,1256123003;1974540252,887775784;635372686,1247813725,745873756,1873118938,1268449340;1
++1113902340,606792821;1940281199,1147100637
+++1784868548,1779786095;599340609,1810672982
===2127137932,1779198755;1285124299,828274212;196595299,1843813145,1962531478,1025686702,372392658;0
===2117919614,1504067501;657170850,1880845804;813950241,1378435550,2056237552,1759150122,1653445233;0
===1258376723,602824802;797393569,385402643;1362240665,1182117225,309692812,763945999,1488731432;0
===1828542372,286592249;1279239512,1534497016;635183232,890972515,451582290,1504619429,1459654932;0
===1219381859,1011853891;1114587150,2081089561;322818127,641399421,926259724,635549127,2120607189;0
===501628064,297858609;21319161,467522932;848193757,79877140,1883837918,1274446154,124088783;0
===765427293,311049701;122011156,1820304430;1529305187,907851934,677794334,1402646754,1819760210;0
===686291696,726447126;294416829,1915552967;608956526,1085555799,240645581,187423755,675057152;0
===1470700713,243172987;108795794,746405747;589997604,1550034595,1274027969,923046650,781016642;1
+++333810957,1178933142;994600460,274091539
===1127987881,1128443349;132394795,430709374;426760954,661843005,1278128443,975237515,252186719;0
===1104817469,1431481643;1991581666,1464922930;995659984,133272966,641609733,1450815172,789314287;0
===127475101,1129630972;2061723739,856198236;972624490,939440749,983976119,388539406,746266837;0
===100794597,573931740;2084699259,1828222281;2059488023,1645237202,1751382444,534665755,1693877805;0
===771460348,718407853;133492507,997195815;1733162194,745985680,652882717,415364771,444825459;1
+++212784842,951953991;2123565282,1665159748
===828458377,1389820576;156235544,1882326663;1369110627,1055012425,458602369,608702141,307454030;0
===2136889519,1904382429;674667739,1856698844;1672774723,130806566,574397916,1040077481,1407678734;0
===1362319924,229837246;528917233,573256245;54710157,556766514,1993786162,249407891,1175267754;0
===1188314118,1964572738;19854832,1716028402;379328560,1489240121,1028062066,484412803,1665409103;0
===1302909854,1384271956;1391864754,695441959;282688480,428394093,1926661966,80492366,362710170;0
===286874403,2098011228;705161741,1589829288;594335720,2013930436,597533016,1108541632,1079080912;0
===1552948864,70548470;1747279714,309345806;1938868473,199429025,957077420,1818413971,1857737918;1
+++1037242042,164823297;1813620856,1811919920
===234593443,249379754;1694559201,1852823427;156922848,960832321,1768470598,2087547151,524534416;0
===72458622,1194289427;1416291876,558420738;269147384,1757020341,127525099,250806723,706069072;0
===1375305544,1135695564;1406641375,194692340;319233051,1992040034,734167701,1343410002,1721356038;0
===686493166,60344630;1119032671,416530424;1142268989,1256630106,771918994,781084548,1275986668;0
===1575594402,152682975;1482294433,1932084079;1040822406,926940242,306244301,1149413166,1409088485;0
===1239366957,770448157;1205692558,1100937825;1439250534,1340098968,1802179342,385516286,1946222697;0
===1182781032,900281032;339180249,876073407;932580243,2136879545,1455441189,1383365234,237049755;0
===1004101233,1632684829;563637253,410669765;1926775993,47501810,171076933,1648173870,902171484;0
===226925770,1095602593;1395800225,1622951821;802408529,1162312173,614043322,447424080,362461475;1
+++295329146,1248718268;927072716,1638011011
===1260656761,1938854758;987945521,110371382;1983177135,449776889,1828601592,1904144269,1508494523;0
===199254297,390256693;44498285,277662213;2128623470,129049390,339290634,1915274591,1509118398;0
===1121582038,591223191;629552637,2022843093;1251414939,1878597820,835722930,848067105,2003215976;0
===121005541,1758567262;978814388,1639707935;1058113765,2068399132,2022267624,2012259665,1524835400;0
===894343201,1821806304;290127031,147714552;988138622,150943570,1915043179,2049190565,1893448132;1
++817830435,1315685425;222102583,1441418296
+++1328160209,271352027;789037171,1707913361
===618261107,925639137;1427980228,1830262500;980160782,321617788,2091750891,1380072017,1042261850;0
===136212809,61737121;797776965,2049025025;962278772,574391882,1710841300,1070881731,1762257334;0
===765965679,697994354;262330836,456054629;1371416048,1282075390,2137984978,354413033,851089232;0
===848527477,1064340288;158630206,1575571786;2069719716,153695265,113311088,1811693698,1308653267;0
===132976876,1907135956;1653138416,1755810533;1544149800,828561800,899747133,99386554,2098949427;0
===561533192,66962737;1965381190,736712276;1413557925,203759549,1179501302,425133361,1138618182;0
===1579338635,661121548;746500771,2085678998;721981488,1229255735,1702242064,303637726,1344807530;1
+++63978725,284365785;1635753887,47340902
===1317446455,777963254;391896105,183957714;963688369,1942792075,215153324,579172463,1618179680;0
===1150913536,1294998296;856584018,1724308157;889873356,1567633644,997927209,760852787,1857177354;0
===1628802566,1788992961;974914372,789372706;1283115105,1661050396,1214380263,1806178630,293990010;0
===131633053,913101058;573020022,603068749;701182343,1731418322,174069489,1964823961,1861889994;0
===917056417,1436130954;651886550,251526731;523977795,1711202133,606237110,1113383966,430729287;0
===1256644503,1724636846;1193429192,1745575070;1769754020,245451321,1271648499,358148612,1934645749;1
+++1106075457,702495857;764711899,971211669
===1722199887,1694070715;1786133529,1179680481;2019254239,703572647,722212722,351533800,1216544204;0
===1088895409,785285701;51250658,2064554930;1931394805,820524429,1400061737,725471320,645372826;0
===1299157090,49480546;1918674722,962215358;1563505125,347076374,1424038133,1608798227,1102556850;0
===2120653579,1833125591;134507075,1149511967;100054977,1292293976,1548326332,606343276,1816623994;0
===1833721961,484304786;567540979,405357967;335060778,163309995,1095773946,846730435,1673418839;1
+++1457903516,1155069543;1681085459,71415265
===66036911,2063725190;1292647318,642849527;1561874980,1496156472,1719784543,1633013809,421938800;0
===527202578,1808735034;1195897967,717937486;157971288,1879454839,131580345,1461198509,524039041;0
===1948959414,381544297;1536348402,1682124147;290189752,2071520999,1273532074,674349478,698760426;0
===482319481,256194133;1054353023,1620177190;41736975,509214045,1297369204,64409197,21706615;0
===126565539,1869458161;982779293,2019621576;20971766,142512336,1367049381,501558868,1666824141;1
+++2049658494,1256372363;1837332720,1602164705
===1422817297,1523789899;801843215,1715312712;906564668,1639558085,525600669,1470059804,824506230;0
===790969965,468783383;185151040,331231360;1134571321,493599878,1046711105,2143123919,1519277988;0
===1864734965,1715438619;790318995,1384789431;1472027368,1620161094,1920518116,1925659632,1262013065;0
===251951791,662658892;1055461797,642016336;1220476940,2034932646,596029003,775623857,991592832;0
===1230588504,2025085539;186944823,1680435593;531187305,1510562007,212570221,1769745879,1901168253;0
===32852259,2142512456;91170346,968680505;1352696907,553256371,1457685983,1186495671,1119069049;1
+++813625102,1521824748;1741877718,793040917
===1892579083,987579248;1177720910,1943766493;1017544687,1066579368,1397023322,1269963449,1509199431;0
===608711906,482081286;172664334,2003754555;1457642195,2084814066,326843983,1100140741,283597739;0
===1049756432,352892691;1402896397,1263333475;13687178,1330241630,518060329,816960821,1201054698;0
===105074657,1871568272;416764049,1138718223;738187718,1921252064,1191687540,1941334556,2096740954;0
===1672489352,885163497;1087394657,1581175881;1218909552,1448763896,100752391,542279476,526850796;1
++1397409668,1404309010;847379192,1276150324
+++354594239,821353260;84738643,495847099
===835064495,571938747;362395997,2125518464;1648690217,200052666,429387654,297534188,540538666;0
===718435945,774117165;1662475230,552348838;1625243222,1280569036,1048622979,868420874,925627443;0
===1799028696,1146710939;1320381036,1046812791;2000989348,952803091,410779700,164503919,658311065;0
===936317019,14736822;89483190,113666099;488159519,883171940,1535809592,1202114758,1992930013;0
===1844480266,475407379;2061812678,454481502;196107223,1646284809,16645386,2075251775,376417825;1
+++173175052,1691186713;1776160750,1735279576
===1980593173,187013058;1927147087,971956634;269995930,864454756,2024793267,1682411023,1147240973;0
===798212907,274874857;657031537,824143612;1548125731,131264892,1805011284,1349429369,1135181301;0
===915770195,349496924;906668002,1463118583;1910168408,1063545816,769576906,573347695,399956330;0
===357128122,1617964445;1983943288,929442763;478790487,952410535,362983090,879419236,72003747;0
===1034977614,1281035285;132540921,690390582;55220136,214905959,733757293,408726308,661671692;1
+++1731554381,627912979;1281162390,141059047
===1328623664,95651824;277370242,235382056;69800440,1341600121,1787826517,593512538,1272084206;0
===65478237,522524487;25015855,760966863;327216471,1450012535,1466940115,1856985417,383860956;0
===1413423124,2081975030;31459418,1954355615;1137323818,511339950,1873957941,656800240,1581131996;0
===1159248505,702866838;2058772289,1877452212;11038003,223428419,8498917,87158846,563385549;0
===114909592,1656010977;1839241231,172719308;1395904403,1952065177,411402915,1137051967,241191701;1
+++2085138396,20247964;1801460979,1662001096
===6956143,566248461;473671113,1418334951;1221394434,1488021661,1413929445,1500113054,248019170;0
===995582890,1745892768;1826620736,703554349;488528095,863715232,1877106038,879098354,1774746982;0
===345370404,580693743;1675983016,1017368587;1559350958,1413422498,634706811,1053981100,1265371778;0
===1074016428,2103021255;331915788,1865930650;723456342,2011329251,1115643744,921099843,654097081;0
===554043080,1548555292;1317330940,1795198327;1626206138,1686371952,1283214426,516113842,1565428534;1
+++1997194621,1192214632;29625204,1952540438
===495408486,737152183;656655333,655633674;563673634,1098623060,1590736706,1207348428,1806032672;0
===1370930119,285351783;1915725278,40145937;422602738,1257037820,651544958,1481720618,1827657130;0
===1467529427,1720550446;1343430194,413224690;395427351,1820086296,83551767,1418211590,319035565;0
===976087417,1321239966;156374274,894974560;303586071,5288131,234409764,333994936,236219481;0
===1493849737,1038105547;789398291,1721784493;1046925292,605796762,1164937210,1359042217,413560763;0
===933626956,1317602024;1823306078,1914788633;396986172,775663558,196144155,1390890717,1240506146;1
+++891536998,1537638614;204317944,2091695006
===1372301547,1597684836;329994275,1638421408;866823685,481652548,192577601,406655707,1815673444;0
===39338814,1409890312;2120158366,965602844;444581972,1714032825,1018666472,1644211219,130421759;0
===1609848680,1050621823;53217942,314707976;289364734,1594940361,1172536089,878997644,1639729048;0
===244149753,1698140186;2114445785,789447895;486677998,358973703,1355401619,122558567,1889077034;0
===1701619925,451124492;242094789,1511368052;449859435,1320424506,707140494,1024236878,292522455;0
===1353368639,512263868;299510501,1963818577;1646645750,574717627,1780258039,753202676,607805466;0
===953193128,595203509;13159495,38985406;2090757490,1165458997,1961494428,782315720,2041344732;1
+++1500917796,701170632;346367209,1674319720
===698885982,1466897740;417471903,870126988;360212505,1675908467,147398702,850703814,473892569;0
===539898023,1027865897;1926468722,2082895576;656139193,1946198725,926557469,629618025,772096378;0
===2034823095,379370406;1773636350,1549127003;405998124,1431985167,1442214077,2000006986,720811295;0
===695588631,1805647045;267094738,53400376;678075124,255449733,2139388482,1090023331,1400376096;0
===968816371,669876268;459096082,2030083392;1863930142,2038729112,621373147,1152571877,495109271;0
===1481814534,2022286541;23060705,506131114;1908181953,1240924802,1696809703,1598752692,1897718891;0
===810192693,523165729;215382648,1239880031;1078635735,1458898987,1031220439,486840959,122772280;1
+++726073252,988534513;1302519411,1201602690
===1162719932,424955391;2005108583,2668325;810112071,861278337,1098840315,633855453,1089806436;0
===875678854,726149113;14444386,135271705;1126968760,877204378,1722777828,859253378,1143627538;0
===1130518113,1071429947;1987638133,2040180049;419313877,658165636,51047626,1253190090,975193036;0
===909956467,201418523;1657896544,831975168;450921179,1653246570,2015103920,185304060,1331506416;0
===1869200865,1381457473;8997432,536090178;891084462,325966424,800974139,1665244795,350984496;1
