5;3;11
+300525439,855185383;180342801,607479394
++67339006,1380262780;885594048,2077361374
+++888970903,962022808;1528915488,1293246979
===2047192801,1411975233;1641227648,1752339583;593794611,1480839512,1685439790,534371423,186948815;0
===1844158276,780420794;819012465,592726731;735310369,331270551,922172304,532218203,462855106;0
===1576559989,1294868650;1680709098,1110305989;1456363258,1369721196,715665791,299922667,861851897;0
===1312516582,2067475690;456311476,1950579384;1719676368,723792804,475383395,774813725,911911618;0
===169992999,51120214;1627764949,1495147165;1382042771,1137342951,1422470591,1626223164,1353258763;0
===221657541,1851894161;40884211,724534261;149903988,524553394,1813617299,898001857,948558288;0
===755411243,7241853;199223248,225438384;1512460444,811878767,28823205,925966117,998953688;0
===1674143783,314216882;636951687,640270080;815564124,86408451,1680327057,504360663,1510038477;1
+++100995420,508568470;1806598171,109146884
===1158816222,954812328;945062211,403986208;1123761008,1388464119,1578279382,765087956,923965186;0
===1239423792,1746763184;1671106034,1175274256;1348644101,1401910829,117591563,799369460,1299103770;0
===870037737,377712797;1223591201,653453615;385299649,1088138007,269084055,763376790,2053940051;0
===110809124,1777512064;753089250,2084689909;1254875237,1172809634,1724737149,652852005,1210398042;0
===1621259804,26218629;565048489,666818500;1456815562,895707114,1734834540,7378994,841675011;0
===643721122,1620506218;530156931,269003456;1207021283,950076784,2386529,657852524,1387578163;1
+++1317359090,1086214363;329893224,682684280
===953305592,1177175930;186766320,1358469200;911041406,2103285286,1326475596,157488386,1914038782;0
===1388591748,69713896;1840315809,460312726;936991611,1387809682,337809669,739489398,775125516;0
===1878748851,921107672;2026476138,2114317009;679213012,160276246,942989451,1819124806,598790532;0
===661476208,1050758622;2053811841,1343297898;1902736634,1491359739,469456004,1800329979,1893379443;0
===706136208,448326840;750201903,953850191;694010523,444156645,1526478789,1992806766,1209651771;0
===1717202235,1243687186;63602561,144602057;446967081,329172902,1224522285,952579040,1881197565;0
===453989353,2122870107;645953981,1610024857;213545870,1224195759,668998257,1803703062,62879293;0
===2026849122,10005718;1955446177,1274525813;1723706398,1241662857,1508693027,619507846,738578608;1
+++1902259892,2036700687;322325548,1833420341
===419012107,1002832962;191075752,1489293398;1029787602,1881444607,2028269222,552136736,560521260;0
===681440477,1734919241;1756627653,1994819737;871983983,1034942453,572744637,1695671845,1174747203;0
===712193874,316034844;631372425,1067897933;220628797,1617384093,1894884167,1139583705,1416383426;0
===336792299,242202235;781328393,745306039;2028572824,1834998308,628135823,1911790704,2112297718;0
===1129676362,859771756;345471835,1762547527;39266865,676659410,1594997601,2021431985,140650229;0
===1865887533,1864911752;106455978,1723544983;351452247,858668881,183929620,635189611,1231484450;0
===1264998779,1582629903;601278564,715750536;668797628,2097825381,696060846,664152134,1302289422;0
===633198970,1881510326;1301085441,1556923293;288265780,445153194,2034357381,187780757,150914491;0
===1979894746,1037081457;780219192,1830265631;148167669,190801712,2008811108,1321203898,1003001819;0
===495805382,34281275;494559092,1906103363;1258592599,2026451729,10051508,341729086,52665794;0
===1061866567,325427245;2045010299,1166791102;1432859444,263823300,1018982791,1638594815,1175902387;1
+++1856164409,2040669347;695507993,87596389
===1616075935,657524700;1076841733,1088371746;1297019650,2006107179,1822132541,1604188950,1986725535;0
===710665270,1773970870;1395884489,387580824;110208117,2102715592,674183522,1475205670,1939976895;0
===1789224395,936815645;787372352,1368111904;1493604840,1567320625,1665915283,267886776,64224053;0
===1077839844,909392298;932012700,879514838;2056288544,617252514,59818238,1895464970,930478977;0
===70877510,339904413;1478589434,1647900266;1632971808,181025162,177042553,1088093699,1296021263;0
===22039038,1195248368;929551376,1299798931;1555181747,1069913530,39887423,493421031,1435155992;1
+++1979582152,253935122;815190253,62089692
===1462373445,885178837;608746862,197370918;1200045945,1415549814,317034657,1884221191,355718858;0
===1434732494,1142157217;581262144,1377604669;1428194859,1898905279,1183119202,2132759780,1062858719;0
===1901471316,58252970;446886673,31935930;1157045636,952272482,1809364735,1961900018,377448890;0
===336632828,672030314;1941106036,1743359775;537816336,1653595246,1563908222,1026322122,1573113587;0
===2077026401,2099888894;1885148763,219679707;567662776,1549319439,699022374,1605344629,1032802960;0
===203097892,1308163072;1372119397,1968995790;1826006449,2075810674,1016349446,1728322609,1632865542;0
===1907151680,1709352096;1271699806,1905516800;894540399,490688145,734210301,131301174,9208447;0
===1168088391,822985334;1923108237,1657780990;347641297,1967833403,2051071301,1154944844,767946123;0
===376438404,590643298;376320348,1538796048;1544605598,1570345645,1365764791,384385213,1821032539;0
===1544885672,56460408;618690276,2051114467;523010266,1590096143,968009278,870903843,1366021850;0
===1588321383,408297466;715933831,650412429;533698201,1029617207,945922950,1808888497,1866553278;1
+++604118902,1282015529;1943416951,179674192
===136149213,866415817;1399744746,1532250653;1107542999,224767910,446706394,1793426345,205867047;0
===1815985282,232792718;1689376208,2046332205;875714687,1378222486,1697817655,1951926253,583881838;0
===617180763,1936843498;1508808364,1327806805;1831405838,1016895136,1833091371,1812683282,269855182;0
===583729632,884470608;1752683966,191030193;1507131724,2088435740,341561126,325350234,1998530693;0
===1714861783,569595642;1038041753,905373932;859335999,1398278798,1485056475,697974803,1789444228;0
===1934696234,1462027112;1276873356,254794944;142443270,86208911,898061706,1435027422,895776045;0
===925951606,876031411;470815922,623995402;215322102,1810855310,2128717463,833843717,2022923397;0
===1913997481,1168713695;1392050503,645128474;488818576,1944930981,383805006,742560258,116602034;0
===1743396226,450641963;1326051384,699200816;1262486960,821183367,1762176546,1671448762,1671761085;1
+++1308590949,1836074350;1234697154,454077625
===1183693152,1019986618;68423972,2019567903;486251447,1165449398,433568661,1719314818,1909263579;0
===1598717528,1381367029;605692313,1455580967;420110619,686002622,1336615763,1880993222,282197446;0
===469937060,2101319617;2119541656,1113863266;1271245924,390196149,446768334,1647146272,957758169;0
===2037571256,472984644;1002676624,1516526827;455234235,1765234156,2110560867,1329809336,96379615;0
===1931070411,1546505468;125976101,1587053857;1395441812,891145599,1034222678,855539860,1752421484;0
===1468494525,668228087;604445793,765280851;1526795064,2067104771,1582790367,653688000,467997005;1
+++1076764906,1456327865;883712177,1043019604
===927789137,1545749761;766491547,406530102;1137196583,990958484,630134721,1275429063,1295951410;0
===120175806,63203178;1115151712,969782751;1454010157,1779402054,974727112,184502019,1528422176;0
===119309314,2082146837;354824877,546084666;1817035103,314635642,1898402102,1094990158,1017034518;0
===1784776095,794964970;1848525001,23605806;1802473344,544725133,956880406,241350924,2143550443;0
===1000765136,104116379;574569275,17267677;136851539,619944510,476636487,353180044,1266583444;0
===864959238,1515752358;850389467,1324262041;2062674872,1518192790,1984693182,545683491,1615732439;0
===2138241135,1828110196;27345754,587845911;1552082371,1427507103,318372502,474164022,840107926;1
++2065208682,258292653;751983843,1143210622
+++1174183183,588447830;1711131163,1883339094
===920599812,1098800680;2147135551,585107652;2009437532,402975823,784049111,232031235,1219285661;0
===1277276596,925548845;51833532,1728154873;790832729,1688235233,1115880107,2021652135,1914187200;0
===223208791,743391251;1136805747,1726866358;1192660328,1221490849,582537619,555634944,326076279;0
===1783874384,1652030216;64170618,1706796692;2032386622,2084751425,226268766,520527543,1191225831;0
===832424295,328113150;1998576914,1870713065;797735213,2140156777,1599578474,499062938,494322883;0
===1655211635,1775654483;555232005,1536881769;1633678078,2050052464,63488626,1013054162,753818686;0
===1706765115,1860602813;40725206,1314434740;2093767179,879123892,640084066,1429335037,1485945311;0
===2119230492,1716726892;1197980587,1421700201;849187588,1055487775,1111964550,784073585,1946433036;1
+++878722619,1195690390;1489320559,177712630
===2100450342,273441465;1827569183,676003507;2119420156,284443650,949611408,783121049,1819508427;0
===1838536648,1625890097;1224677409,1863230706;1469806135,1183650335,1900451065,1179332551,1229430373;0
===1037574252,1479700085;119090017,1830587506;814493162,1373858218,1980455087,1715122387,1578292689;0
===403937185,1032096527;982100989,1072769731;1355151040,840244265,2034206629,1054101415,1316327016;0
===1373348907,973528367;387106628,111040307;15334434,1351261042,420353317,832356617,1885935103;0
===798687843,1016841074;775226764,76874567;126034114,1850436103,2038313759,377686832,400591639;1
+++929942683,191527167;1882671303,1521187055
===1965625559,110208371;646061093,525874561;1382064515,1403711041,1790566689,545091978,783029140;0
===1826904842,1627795954;964735346,261506921;1553950965,1596375849,1942184169,1028523867,955438448;0
===2117918619,70870715;548431346,588421798;306049050,1372385007,944838013,92251112,1880336189;0
===1969483285,1379363695;1080560453,701491529;554465830,1114709762,1999572320,1085324681,254896818;0
===347782869,1307210573;2047731175,326823835;778068033,471152925,1092691119,11067211,1401115893;0
===997675791,1839766433;1402633979,1106800115;503146226,2122630722,1517022642,80944851,609955044;0
===1141129823,1058123901;232837571,1197661855;166269449,1280746733,1662615990,905040384,603981433;1
+++28197673,1771524639;1486581453,956251758
===1111047173,1001938490;311526197,299919047;2131517690,1752197816,1976378365,2015942049,2002298628;0
===1615032818,293134927;1249300335,2024084526;1268452248,1420125418,751849194,850457763,695186183;0
===403361447,282238731;179424016,1874339018;582107173,1356007109,81544432,719530762,1972623036;0
===317496020,1165580626;1292476260,382383707;1788535670,739267101,1164932781,1757393060,1477218370;0
===1663855020,19879427;1665062034,1531381684;1293636831,529080636,1245266777,1387218038,1796462351;0
===125726313,1314087979;1550490284,244642895;1477357655,1286260625,481239505,1690461505,631297599;0
===94468482,1285705776;1788865252,1232901959;396456732,1958332069,1259383036,1819845121,168033600;1
+++922047481,1695065107;1528759445,1498257858
===751377333,1455711106;1010997078,277152834;885445646,698575034,1796517911,1044445390,671060052;0
===882104094,1406189622;1210256812,581129747;778118591,1736210702,394524014,1309799993,207213993;0
===1300671694,1551371978;1289699024,1237548282;138250178,920392610,726109387,705164531,616341400;0
===2069845155,1040748887;1404614472,1913214501;151375261,613617420,199657236,2036962487,1963217761;0
===1128260418,742962029;70952577,589727081;1625122541,492544284,426507064,446027169,2104363866;0
===1547199663,1295275461;836361369,1883370791;2121329672,1115993651,969621176,1698572952,1469067025;1
+++175790922,1331681378;840707279,469560798
===137929313,177180156;1870404247,1608718795;1043896064,1650586453,1405478574,82359970,253053781;0
===1820852158,261331076;1207364383,1187452211;964815867,371080978,632691909,284155646,686842792;0
===1034079876,685164667;1239750346,1587005783;1602121935,519273973,549933052,2051376381,177462370;0
===447279463,999098294;1897787031,1402339106;543593995,1294264380,596564656,914355637,1858307617;0
===1104251541,724589254;1273141690,378571294;557709939,2058042758,2027063237,257544722,958706437;0
===1261669500,1558379013;1442216185,110235296;1991411673,418934676,1900376736,1050781907,370836568;1
++926871330,1574533308;1806031975,254394211
+++612657346,350006012;619716511,2011667895
===1049470904,1886498184;1543497786,1449429414;1081831253,179652693,1886116766,2052587643,1269334564;0
===1428483532,1621474077;1064159130,1529587804;1933490795,1716700251,1857274119,663105291,1448637656;0
===122339205,616015004;1074092033,277711878;836900227,806256419,1647512156,242436833,1853191579;0
===249742342,1804820574;2020447184,95310708;487978900,81943285,745707656,1597859897,359177412;0
===518783638,788225697;1072100165,1337522293;1173925182,844928511,694412173,1678548171,95648283;0
===1167712201,1225491283;1867801940,1010482575;417720049,1893539557,1804538137,1313143822,722208451;0
===1519068767,1326319240;305411962,340463402;939004863,434183534,1364258411,1784343721,1198764679;1
+++1212689865,1640487505;357990597,1919825144
===317821973,131068145;182360281,771231101;1810249064,1241664740,559220561,1391631316,2006700103;0
===1353731938,44039697;1188629212,541640719;2107719298,1405780609,190673024,1581730832,1630067148;0
===396654249,1049264822;212269391,1790529102;512898994,1113536139,1199624158,306315620,1723099266;0
===1966937551,854022645;1839769717,74509742;600240271,1856204499,743512996,16132762,1940218476;0
===1715727685,1560616219;1022074382,2084903317;945098452,936687469,996686306,1963795999,192829541;0
===1409336635,23129769;1853663880,1084762756;2013819460,456114348,385874842,1953915363,803702876;1
+++758427817,787464546;1331483608,1377660519
===257917068,537485225;472770594,307794002;1133412848,2033027649,1559532071,400980537,2124228816;0
===1445198611,339199949;1063135353,802895509;2082758360,1238521975,1625681919,205888630,51654250;0
===107886354,1819424159;884221178,1123494000;690428211,980154789,979813459,1676509291,1800368351;0
===1732766533,509176496;1647159419,787691833;1851156263,1979736815,786654385,1323869020,1422940033;0
===8676683,419502434;882416778,1937467638;1048597947,448708069,1290824634,1642673818,342651009;0
===105333342,1305441683;1359103911,1606985466;311128017,1398252259,1306504323,1494382564,1203812105;1
+++1191637806,402226783;85286429,437934425
===1887810090,1530055061;1384592583,1840134356;1808829966,677529027,986091660,1789940772,2077517715;0
===485149556,801948786;176093044,1874433110;1194838867,362902475,970306632,493880912,118177844;0
===1672293088,911335964;87819976,882794505;1744323953,1546795890,1144047472,626073663,724324332;0
===423789612,1516389446;391749169,1896260380;1658446629,1286919334,514869033,1750365019,1825006923;0
===1193431273,418241041;1242757648,1150543279;447117329,1978575488,179264776,765465306,2072613484;0
===2017745023,1051730945;2025152477,1053348301;1552554000,693231422,401531674,270743561,252614110;1
+++110154204,1826311851;1542631052,1911431541
===700287593,1718654914;1913444532,1254713405;1175094586,814519739,1395481203,584421669,1869802443;0
===146120097,1435650911;1195983920,1076231771;1134556569,736991147,1404204433,1851020822,864944453;0
===1901642521,685157994;273260328,417460344;142452869,44891376,1212600289,47590043,1679513881;0
===1677935079,1093689991;123074280,70793240;1097914839,810035769,1308279699,1076101824,6890799;0
===9909962,1009788284;989988681,366568511;523101877,777185309,1146764447,1021323426,1487730394;0
===2031235214,1556331380;1207106469,420798851;335631531,1351287097,1454677081,1300330171,967796876;1
+++699506643,2026526630;1964865775,1293344955
===341246347,1670071579;1270868683,444153507;1228062035,156633353,66457081,1437692839,1717987124;0
===1470402465,196067755;1907259936,1635678931;64176623,257303094,400300668,1212735210,215129563;0
===715830087,531869980;1095952294,615563733;1658609960,1320174969,594866398,2127147421,285621639;0
===1337840959,447648716;78550959,1211483156;900591113,754669338,1774333899,944930077,1424654073;0
===259024155,1871075249;531170659,2110123122;69796470,744538530,533855793,1106230855,138947753;0
===1056407207,1846091091;1491476713,1314065008;2146726283,272190139,1155213314,273461179,1801023535;0
===1940350008,685029585;216623817,179510163;1206618321,1339873868,1079153993,1485271907,1936140164;0
===104284183,1613663813;1663788130,1539674234;1379040353,1572379153,996264968,830324915,989626154;1
++2092411721,430309545;1179720782,1895799260
+++342716724,1718902443;839222886,1188315999
===1783738051,2139142944;2037574630,455223501;890537339,2075833219,541862349,751571535,1597006821;0
===1944381585,508750867;1738251206,399257084;62914411,1506341574,862777280,1667682655,434093052;0
===456992917,1233652737;1238823192,1036201160;1582162414,1909460040,1744288752,1783672756,1438904324;0
===1576607678,226835537;1369880759,1234215190;549520459,999260410,75737950,1848102570,2039998000;0
===1591185833,138397332;1977869307,619778660;967790489,676431448,2095417079,1291898038,1639459487;0
===1079696138,226756218;646311965,1666107621;850174823,744411067,1821880824,75336101,1375551851;0
===226840280,1589207086;779882160,366932879;421484188,411437303,160850194,689398361,976073160;0
===1384118266,183680010;596798221,1579538430;414721465,1211629077,745441268,1608281984,1834142313;0
===1048396511,168528922;1916594546,931460030;1794746,1510781324,1012148944,1745788730,1493068153;0
===754200232,1555653710;2065971490,1441341778;734105338,1588346857,1768780799,421139024,1343018301;0
===1703118599,1153102231;1091463845,1124735210;782818841,2018752487,1614825719,644288248,857740137;1
+++2090008023,1834192702;789655889,1522458643
===1417494971,1483723931;1189859012,1785188959;1161257979,928386908,2054410646,1242027264,1981864630;0
===1775243479,2072420913;757302399,1118640536;481566279,964004959,1367123424,1200041104,1292439615;0
===977296121,947324564;1612855451,456473219;757593231,1496214919,402731739,1152371444,1751895063;0
===1602164164,866844565;504691096,1049081119;802178808,1473782894,1723962873,206588343,1880038054;0
===1556399111,1247679989;1046746229,753064052;1976957477,1078202941,451278006,2119064343,1072029693;0
===1234849844,1763415457;999102156,6576186;1342710666,327361231,1524363135,698116359,1115233752;1
+++1682602374,352448951;812831531,326405309
===468525629,497981123;343861055,1291845465;1456975123,1281469877,1795043152,147275044,1226325851;0
===1039085729,1872029840;832333374,1383048402;126468153,631882426,380468242,835456239,1909648092;0
===1873349212,707221576;440237440,680378738;1991747285,989664240,745260760,858823073,917485278;0
===1811868341,1438554018;1760599844,351981368;1811218539,940967365,2116136638,1370067892,432067295;0
===1415355414,1515738782;386918604,1398000837;1825870192,1349834423,1001596943,307664287,1121815486;0
===1583366360,436363684;1368904837,1459979829;1303468504,141564050,1956268483,8610012,366549359;0
===1475202514,753490075;975954001,1810620665;612635560,63516872,997067241,1324469575,989976901;0
===1696848691,986290588;2124644873,772069543;1788776961,805096417,451597471,933742318,825629984;1
+++1787668731,214679782;337421248,1491184787
===420841437,21622974;970581208,1049793403;224443545,1905368179,659229624,405605955,1133044565;0
===2064417187,270246038;732905309,1330130211;1845229859,1905087385,814256520,1098520227,115870786;0
===307397826,857213547;1973576861,2124963130;706218748,685540967,1040579045,1336185927,1577659829;0
===923293629,193497904;752523996,337246224;1359974881,1689015120,2054640160,2079234115,1051829216;0
===20177875,248120619;916123644,2001235047;719431479,1895580592,1058741824,526747652,750399607;0
===1343636147,694090720;1870757144,1096391145;481022736,704039590,951378909,735328200,989523780;1
+++1241696197,1809072750;630074641,1096220400
===112162393,171917470;969503941,2071889135;1639144987,1669137078,1002127097,595771787,450126028;0
===726848980,1257684309;545890034,777995115;1702451668,2146411973,114597124,1891702621,1262958430;0
===1759983983,2030748406;1012818289,1008502807;408853046,1818860819,1476995199,1655666696,1028945344;0
===1654314513,854964066;1431137991,291167090;2122132216,122793160,2020792879,698939598,1367241835;0
===787324041,1821499766;1273245653,1149654501;984099574,1046197346,221370256,1481025716,206898627;0
===150351823,572731070;869982221,791630052;1051347910,483089452,480188899,2093984870,1399337746;1
+++1199683818,1577962222;460160461,1711141555
===309590241,236685308;1738831141,1972374567;1201075845,1240904496,937853410,311575972,1292318921;0
===1548082823,1389614134;1865778628,385787750;2070129826,960924675,2043156264,1441359176,1004200674;0
===577416825,1251567260;1493489120,1409210750;1001709045,1572003617,586788786,21924602,554632893;0
===559547376,57869602;1522243153,154716918;1876236332,1756869074,1397820395,1107300854,367873016;0
===1654748238,686690787;908661933,1205409788;687610254,1628893663,1444103434,1975805161,925224029;0
===739646109,2019404510;1770414964,1078790194;1469960020,937680747,1228328589,1942464483,40687902;0
===958577822,1104314434;437428699,316489407;168681636,1111212935,955864880,1373700924,304546978;0
===73310316,2077025766;19894273,967575158;397210492,261581897,2037367300,1415214706,1103483844;1
++1579467177,67830800;1890498757,931603525
+++16245671,1848074346;1606247443,1439885844
===1532068145,418097992;1379342011,1700216754;787248475,1311804253,2044741089,863672882,390889529;0
===1681690653,1918873910;1473471719,1827479204;1992832119,926500150,1559533471,652503378,476306915;0
===139003147,1654249072;1855274992,1855670067;1508996101,1744144523,1995788607,1693790753,683092364;0
===1550921246,1367166273;458580247,319354214;1225797940,1831899076,2090054528,371681738,595174890;0
===992466332,1607258809;61315808,414854101;988535434,970174037,584103079,1001141190,1249445420;0
===735527971,1812111112;1054282310,853120158;1258674824,75909207,574311557,452257000,93857828;0
===2142960710,1849778899;1176359070,2141561048;462214526,2049435088,1307070162,1832135441,444503932;0
===998458639,645101920;1678723207,332392594;1965909160,1616888921,548915153,2063883954,1851864416;0
===1125178153,1722433180;28785151,1623507060;2050174021,1625472034,1550617088,673090516,1692594245;0
===687674811,540734644;579515633,938589394;781422697,1616615988,1431886204,679112718,1216429778;0
===1857159641,1700138257;1074217492,1523629319;1531353693,2115867317,919209139,672079782,784034251;1
+++153414249,1289681280;905886245,920050284
===1422556995,1338102204;1465128344,1722451508;1380555442,34047284,1942165056,336535015,594353751;0
===1348503790,673724015;591744206,83062899;1321583184,335543321,1214279241,272226974,99334366;0
===1819802640,1042238887;792237454,878188238;1317225030,1161905301,1349016612,1842565945,1655496860;0
===327731693,1296707224;847449419,1861864054;867799876,1130518730,1768566775,450089239,1011708789;0
===957665227,1758520448;2128919755,54848766;575202802,1006463979,1343095043,569538881,1327217767;0
===1604188257,440316879;783961304,965007267;399566572,2046578516,929723818,1671311069,1159112549;1
+++664073197,874675882;1797760691,1776260648
===6912651,143419752;1183215165,962056061;360762360,864035882,1307849034,1803438573,1405084007;0
===569953076,936828297;1135821052,1782196940;541345423,923434168,351150404,969780522,1989370470;0
===1026691517,268042064;272597430,1717056472;1644387312,616286156,479900341,1594766779,2057051901;0
===1354419747,1590866268;1558027286,1738441937;172931309,922149617,1782830511,1594834662,386260469;0
===1132547111,1163069206;2080877033,1671465075;1555099685,960571433,1374235751,1251875583,183216570;0
===226425897,2042024483;868701296,1248699107;1776984041,565315877,1839273745,759340293,248951516;1
+++1643157029,1053226559;1836852382,399564528
===960890486,876549992;1139516513,963768515;856966460,2091378550,1714583401,1453959781,912679518;0
===1424193251,2130683950;1602286225,31509571;170925187,61175624,346355995,2032903712,978489036;0
===1276767151,1785725491;171843198,869415137;1311054119,1522111742,579922150,511031675,1124222358;0
===2072325510,380831961;1427161980,1666101512;1912332300,681234746,1898586476,1399951097,211416531;0
===270639721,213862649;1202317439,1689294013;1199939809,1984324858,47064880,688661758,769158346;0
===820926382,35770363;710334939,973793088;299013487,816754129,878618348,1855527674,1531473366;0
===1376449085,113153996;264188526,926117129;1632629571,195182187,1286748945,71231845,1084221588;1
+++1012454177,1665382221;348246055,1419995110
===1476975667,924942438;1086719661,1163573000;64128627,721587063,62527565,458578801,1262058804;0
===440543766,1445622690;1615805472,703344742;1345082490,1045083617,1824007545,1180718092,1534972379;0
===850098667,443556902;1531188424,716909207;1053180078,374751979,1284397513,103451601,944397786;0
===1322253785,564016084;357016050,692273001;270929511,774772450,333897592,1349208391,864711100;0
===596973667,2019716674;1847087358,649760807;755536838,1724409607,975240697,1457812454,821719654;0
===1011815506,2123072504;674085385,1055800770;25513864,1084120194,1758144058,948489940,1021363800;1
+++1228055403,1946028897;865543761,1795448008
===441942540,356248715;1969759064,1979085876;137349305,1186542046,1906041482,1924622050,459532950;0
===2134918617,1715624600;385234093,1733480469;1085256432,1831253904,2134906070,744062295,1787035938;0
===532691301,1389923432;1179934456,1202215184;398484365,1056260792,786990926,1422405951,1637212116;0
===1399305466,1732054596;642981081,1532686872;414387581,1085871916,376304576,347280452,85617835;0
===1584643513,838359228;656286424,2053920752;1752196388,1209582261,1634010463,257125352,278794786;0
===801480658,785587331;1077294231,1858539451;798664888,1059133220,587412534,2103328000,58411521;0
===221573077,939877524;402275742,836524427;1137485213,1200043415,1816152078,513324593,602272450;1
++188377146,1829245385;923600289,1425507347
+++858953895,265075685;521778006,765515400
===1682024380,2137338777;1868242258,343403514;271206083,1686327749,130639384,771097417,859137358;0
===96892275,990075718;2026875094,1627990764;1631274134,107489117,499582442,657343161,1992021399;0
===1146561687,277751327;1673506858,1913861415;1824151182,674646065,675139188,910819299,1170750610;0
===887243034,2088671955;1418513937,518868264;1770539051,1565287056,1605332314,751515461,1311753383;0
===1224614735,1605119141;433783460,940643244;1080145993,19311493,56152917,971977105,76241304;0
===2006584657,272613357;1669030301,180612942;169398673,1228512201,1448081610,1836023562,368274520;0
===1468492358,2012126412;9875804,1538506986;1191274818,229825055,1519081358,251823295,1039330621;0
===70925310,287665745;411225467,170846148;1818079475,289203759,670576840,794722112,789166380;0
===1332617976,1011190034;1754426213,1312719198;689722539,1397174224,980311436,1918762170,782061409;0
===860804509,423805481;1458601235,636522503;17575337,201640837,50003085,1772728635,975126476;0
===1623344728,1591140012;982119936,920745118;1789735442,794741072,834822466,1794553781,847740129;1
+++1237482460,978366459;141415812,1423698204
===389867463,1134886569;1055745459,850142930;2003095261,1075086807,310833389,1850940924,214477377;0
===885531448,1465412283;1965951541,1751125184;691801673,2143496348,1451870610,1933088083,361006776;0
===1808929923,1554609290;2080820642,1179317391;108058181,274358889,733485467,1617517000,1366910362;0
===286955132,1848202380;584972788,613691227;74894725,821816529,1474103002,1270646369,1279135059;0
===1242064389,1501726711;564519946,1666117040;1575562468,1988269455,1322581819,11405321,913432461;0
===794583801,1551209923;1666127574,1518013023;460678374,1691824530,1133131137,624451283,262772247;0
===710206359,770283872;1557617406,734975516;2039998095,1389809948,405041420,2128072959,1940247463;1
+++110343892,267099802;199072443,637585358
===260555878,709605521;399922925,2057835162;848617680,1356218380,752033536,32062073,866670579;0
===802672529,1241796516;457335189,826849178;2103987966,419471757,172113662,1889619978,350718532;0
===1630754519,1158045823;1722335871,387941315;891502488,2098626217,1374154571,1608265694,1288759210;0
===84611269,325660693;503401504,1806238886;743909246,1143805017,880099427,901681183,1151065006;0
===986936874,594398328;762161901,539063005;978497901,451096497,260094779,920925898,1062681567;0
===1175444460,1200026862;821884079,1999777174;442933164,2069525856,274488336,673929091,1265182497;1
+++1600670668,1206710454;2111857798,1212747559
===1085607125,61603338;1528765504,1785094364;1088871815,1893104967,638452040,1644165310,705044385;0
===1840522074,750781885;774396659,1731721668;1931901539,1254670317,1392592525,1071026013,382877212;0
===2116502416,25529932;277570588,1084587607;1838228760,934386293,910214965,134389497,448065358;0
===1613930503,839812161;625181103,849926608;40430362,1791926237,1986603638,1265100000,1221320612;0
===1166987876,1341026637;1376491932,542348264;1848765205,683442700,662833929,108898876,528813961;0
===849691128,1898201688;1273409958,626119998;501423181,2090454088,520722276,1440248511,2050545590;0
===1880518153,2049670005;1477421307,1469255078;972024335,891361519,1444299593,1798352210,1812603746;0
===405539671,34117704;1179852738,2115386538;174596739,1751202338,115335514,1821204710,1796398544;0
===574454544,221330287;772100971,2039241696;1643696469,1636200015,1649643819,743596786,1229617528;0
===1298329083,2031058017;494349343,165362315;2136831870,925301480,2031827528,567736154,1026077355;1
+++732020887,2082649550;316966563,2144048573
===1604398638,1804660177;1191307849,569742545;71808566,481619083,1455416400,154817812,1061099020;0
===686892073,719598148;869564297,1045868449;1608554607,315273016,840423287,1484614431,193936712;0
===599567180,1668316221;1294523727,1277075315;1573932648,1979618988,559944922,2014291201,1451345701;0
===1967009586,1844160836;1417007167,1629015921;405136661,1996210497,322244314,1252256835,2057682898;0
===976317672,655806306;440123037,1059348573;2053711316,1315226201,527149210,46589088,701256669;0
===1116282900,943367904;1099499599,739629213;66176177,1870373298,416672859,799574173,611962917;0
===1605163761,16574855;547485836,2054089737;786544554,1423520936,1386847465,1385707844,19320112;1
+++1630014775,1055172458;362480123,1156919839
===1704861455,545439215;1709972633,1610901566;1001087597,630654618,190408054,1005745750,772837966;0
===574375379,1868869733;1775294938,1984417940;1971670576,42616675,666624002,841266195,40192016;0
===31567995,2058403487;1232359680,1829244585;1046676093,1374881106,891176168,1364230981,729438043;0
===413542935,1262324416;1014500363,719932128;484506472,802771195,99580656,473067341,420688716;0
===132527094,1202855976;1802251642,1890118385;1671090386,1855566007,1821940850,752842309,826202258;0
===70070729,2025300664;712865923,1098586567;1090690640,1657315682,1699541431,882031073,366076600;0
===783566416,1122348443;507849311,1301397903;1752206809,365118658,645451815,1130596957,1116406009;0
===1895216884,1356987416;1458198871,1690857095;593738063,160080622,205286256,1698792672,1038849364;1
+1792911418,2143125086;1170989714,245628307
++306987572,1983897067;929359998,828870802
+++507666088,910173597;951341745,416252591
===1011178658,1681423309;1096602620,1053733491;705995155,1684017999,1368239248,1301816011,254498548;0
===907062791,113561931;1637553402,637737753;1545351029,1526227639,1636478147,1185877248,1204814625;0
===1822444281,426982762;1796194368,1102777860;292785308,243026210,1475411588,1073883301,394900639;0
===1721511339,240876232;744234373,1108375326;1682115504,807695096,428839149,141646012,522432278;0
===1715983671,1899317437;989670743,657638955;799450212,467633231,1530577218,1985764705,1988908577;0
===956441590,1218590238;1052753866,641463336;1364501385,814608500,1436276356,830394862,908824402;0
===145676749,1982865288;1552820025,258667807;1818855265,1415799019,1634237547,750459359,1639979952;0
===269174669,1110986538;16024304,1848806736;978885992,813297529,317796394,1500148766,1612351646;0
===443735001,1145536074;1007814787,145517353;2070027662,2122812540,741694474,1734839128,2112843126;0
===1376106758,416786586;1865113180,1866331331;473713312,569144110,582386972,1178166187,1834471817;0
===284997514,1182870240;1707754025,1832158544;459595583,2140410151,85343551,801185359,1628715976;1
+++2007625335,643811168;1154986585,467112172
===110740243,2102175187;963013261,1002795198;1355607996,1511740958,2005144429,430597667,1824402384;0
===2011464739,562647910;1454801205,2120935719;1554750243,317074379,397110803,1020034322,1267687132;0
===552478433,376114792;2097197252,1032613573;340347839,2001301618,2088087028,1561389763,2034216995;0
===804539989,430940419;1501274578,1601964830;2011560471,487506904,453249696,1016665825,116319256;0
===69686569,456687584;1114314893,1039490363;1191746140,440026947,1453478214,168852001,510776126;0
===685973542,1699230373;1987421356,1002709740;675529563,16137462,169157981,1692895039,313195904;1
+++1053783155,1377692989;1702447201,62679372
===1226234212,2025335015;1764998997,359565083;706154127,1891843049,1253370174,1357910017,2075136610;0
===58206657,1911911659;1010012608,2119862685;864164973,1023973634,2063973908,1707453760,1102966133;0
===1993460406,1399347392;488993739,1484146517;1723420156,824922427,9938809,725784239,431925021;0
===1227039721,134167518;1510399052,1055943954;96540565,652512348,1915275615,1016674887,1667819474;0
===647982996,877731073;81088862,79803790;999333378,1444463133,77604160,1198785717,879136055;0
===321783008,557865637;1907000787,551703981;1656530801,148790916,1149920882,709591482,1177947525;0
===1110962450,1015409601;1353828291,1691621163;1756430894,232337729,1777800717,1734702305,2143633945;0
===1055888097,37146748;1511480008,637075850;1471635906,348892074,18402004,307822433,243971173;0
===479137210,1153164722;1341002448,78006638;1078206362,1036726946,1013682405,1929772871,221497412;1
+++662497762,201224594;516677314,1097925047
===50793452,1791608202;2017190710,608450644;523582854,1410895745,2105912704,819378185,1557026498;0
===1642623406,245114001;1443868995,1432858279;1206967540,355682440,907423448,1528862448,925302033;0
===1155730576,1313949374;1698399836,908395806;1855360944,948946036,1900284999,132151642,307991774;0
===821959646,1748118339;1791132154,1873392415;1254341345,125862074,225835418,1374190037,56599981;0
===1968549243,1680982746;1415833321,707017620;2036872505,789728716,1592895545,880057876,225161544;0
===331152732,862258116;438264521,1437488019;319615933,684721039,744108067,1710733438,1430507131;1
+++411605260,1253843651;597931451,386215812
===2132910162,1384552095;1624419140,1844110422;245479553,491362885,1964208890,1728532253,1135594993;0
===1274551591,1381075337;928366529,1152725320;1916850897,2099001796,1252762015,26033024,225295650;0
===2029560800,1312894420;670383034,996334314;801529256,1015810982,348436605,1096652755,641860970;0
===1544143501,1516055339;1375503244,611365048;989816827,658834461,397594886,102738765,641750942;0
===1687022304,1797520519;1652998795,1723796422;1677871042,249026967,758223251,29595715,385133382;0
===678624204,2005368303;719462350,193946139;1091812700,2131589031,1560286114,1911017896,1127841080;0
===1462442756,896300344;897512977,767941527;2029746509,413241517,1654869801,807991082,486652528;0
===613435617,1853932550;1688350322,997579374;1225466916,727228824,1710613282,463929825,715186055;0
===463519142,1986900092;441004255,1408341429;1755022651,1345032298,691895524,705650664,1220620291;1
+++497239388,1708020399;1283947640,718536966
===1422952197,1234833439;360625130,1661357802;388870779,328988013,1358659632,1500788520,1402699617;0
===1333827297,678818595;1768478988,1889995777;1122905651,2025865053,1357972260,1871913702,2128790257;0
===784093396,1652946839;1479451801,318471523;1546857896,545129577,1094588937,60692769,1351703654;0
===1795210733,867013282;324223357,524837861;1056679362,1006432103,2002328938,2010336452,1695988665;0
===1489572767,352188684;2045751613,923349156;147784748,1882075469,1966623003,1683734872,1886617427;0
===1154733375,207717754;1830160726,1094858125;1396671844,1645771404,497729715,422614743,1252891269;0
===771975174,2125444173;620434394,1768484510;473303017,1161621370,1367499618,837448038,2035517117;0
===414825223,2095273469;464920825,1837477885;189125247,1988646468,488089589,1295198945,1831450604;1
+++136584463,761261781;1989973979,1113102596
===1159320433,1014409923;641686407,957999257;944811976,1452351448,1253157089,1437127619,1792708497;0
===2052704890,1789976708;195523322,424933295;2087078222,1870997976,1697776625,735599242,16974092;0
===1103018855,1933762451;148333036,1144970374;1884070945,1862464807,126090158,1841783658,1122868054;0
===1368595702,7945098;906720681,1543415759;1661986928,1583203782,1300745489,1781866907,1983959106;0
===962629884,1253701709;1860125172,1290558250;780166250,868129046,791404931,1619375993,891407123;0
===49265767,832071444;1403682761,2058664232;1501983367,1716335562,36286191,1691971095,1507512661;0
===280385468,1188355127;890979080,970526919;19898168,1936935365,757262715,1683644638,1314543287;1
+++2017808501,566752250;114077583,2027386929
===525132904,455023325;1676925465,973682722;1612688510,717813907,18290177,1617298976,2073916888;0
===1638584515,1538533259;382958638,1223431296;1109204964,266754342,2026787787,55766398,481326162;0
===2014563707,1912208081;1718754714,843102706;1866438375,1080778899,668601659,1152740009,1073878597;0
===641981801,1309232756;301981602,1882383360;2013773373,1447807451,1178954444,1892239481,1067133731;0
===1250202296,83481064;514168989,1796270759;1291960171,151540223,2107113597,1661705134,1590517445;0
===218259691,459018737;291043090,1998763186;1947446473,2093148207,158369714,1983791098,465755875;0
===719993228,697864177;1321251443,1621006324;1986185939,760532475,1385741176,2141133729,1969633808;0
===1031548664,448200532;1182119236,1628656665;789136342,1094150054,424845743,166603825,2077960173;0
===2002224119,293084175;1921250035,299708242;1932906310,1945232493,1714448726,1249940466,156737951;0
===1689584642,211352837;785497006,696176604;1348991302,1022638562,1780090274,475037887,1930440374;1
+++1648898995,170728362;835398655,608774641
===801301825,292094016;1974767355,1163989636;1927399576,1496128143,1280346412,1984640675,859795607;0
===977842396,917642627;838217656,1820289036;26827590,235802442,1232636390,184290458,13543935;0
===1797112378,964787760;1075696927,199306973;112027290,1722586712,770393770,1196363497,1446469660;0
===784182663,366002645;107300882,703367405;67097401,539879219,214845703,1863059310,695374174;0
===1828919324,1173563755;1586337398,346031603;1529151668,64565138,1534994975,939155103,639684332;0
===759664083,1373226345;1830933133,1492416793;63551916,1789960139,393565013,2128037495,1091180500;0
===289192793,1301740887;286270281,117493618;2028379604,1893042239,1357542097,1502531588,1268338104;0
===149416655,979686913;1199862734,795352388;2127261315,80695478,211196001,1593693848,1048383339;0
===305110854,49377749;563421375,1361425623;830644945,1099243291,1871993232,2041338193,1640281673;0
===483220956,1489418292;1956155362,894934959;740461104,1427922783,436922931,1556572468,1414077947;1
++59603008,924750276;1724126233,1380926363
+++915482765,423187090;1634368462,228737214
===1935174956,1031504992;2125938659,854925473;1367640697,1524031481,360230193,535008459,675426287;0
===1839830459,661224924;1952738470,1464277764;1513156763,1980256905,2086992654,1987769403,1593170634;0
===810009510,1699221092;230369599,530695774;1148095119,244405727,112981346,2105019772,1788243984;0
===1155095407,2002957169;933377273,1778832120;1705582301,1910032116,1866037308,1353763236,1961677972;0
===873443624,910316522;976725671,1414806957;1272982445,1030315210,357586092,862839535,303605457;0
===1413050590,2128502434;244738189,290715410;581765572,1881989473,1443102511,586740608,1992967729;0
===952349093,160922409;1375926671,822912305;358992552,434192589,1327550603,1619004229,332068002;0
===1627185777,1120711135;935304744,1767428699;962852663,1098467543,252103225,1037633137,739930376;1
+++622343038,1642027852;2010471047,242522744
===1154316285,1387718963;1240526695,1254616713;1823319200,33516993,2048719486,1658826805,816884043;0
===435304875,1469335923;558736490,762986253;293531226,1546794070,375027486,95481444,941195280;0
===494019162,10130550;1763454726,935083013;857312095,1096993158,2128056312,865328536,92822257;0
===193703513,239855923;987622868,14043430;2028469460,133307460,324133659,1099730505,970117283;0
===696801444,786423500;1690568745,193056416;705820670,1377601230,1101787043,1681208669,1015106190;0
===8719704,1420331576;122107869,1398891288;134998025,727869474,1599488797,980581543,971316319;0
===1249008884,736488002;1682015284,1394616714;728074777,905617967,1372130476,1488625325,67286568;1
+++1615608366,184709042;1430177217,1387483709
===1379493124,751186414;1535785455,1609435758;188984461,2085153550,516641066,606088447,599582796;0
===1106190803,1988590573;1177040672,1648047401;2036223315,627035144,1181138157,1311819506,1775773534;0
===1979513523,468223246;1184444206,72188302;1398231574,1871613943,425041751,1429328040,1034595245;0
===1561766206,1331974889;9728453,857459341;126491709,1081095885,944894901,1933079839,1790630474;0
===1690799690,1223199844;815170786,1044434249;810058765,751326512,2140094065,1438143935,1726492670;0
===3455988,745654692;100836959,1342327454;1164595785,1654544852,100641093,1066230366,1180757062;0
===695378225,1643375028;1400353113,1883552352;1542492072,560927538,919626934,115400920,474743061;0
===54160694,61400323;1161975763,13509442;284299698,1319196279,1447038635,1261514484,1359219934;0
===2134105371,174746098;1313510659,1017427129;632849976,1884536309,602059263,1243310082,421645627;0
===1330535892,95029803;1020072043,1813493447;1710504205,1378821106,233378746,1409708310,128284990;1
+++550827684,2005104879;86354755,422075774
===2090909389,1567684432;1216026082,1847973567;219349519,1587557270,829209501,1707348292,211856744;0
===975242985,1845704344;1693880619,1977278391;1244986974,944431094,1593608887,262773099,584190209;0
===401666862,1052844478;1133756122,1110234430;2049495159,1748165714,1091433906,1967012809,122913990;0
===1250132809,1505070012;643843708,1957387836;450593731,2044795530,1190337741,1200489479,173136813;0
===177499613,27815018;688327102,1682825774;2128356658,1548589505,2114909213,1521643891,298965908;0
===235113389,1216500120;550812993,1039833606;1101919990,1246954455,823452473,2102740705,1766296535;1
+++9181790,264500463;2005175625,994573797
===1798747355,1271372417;923704433,1603548573;1313385453,1900024766,670598652,132558886,970498558;0
===2121267996,1002669208;1879695605,385635358;1574434226,1320260561,1313051683,950617235,351612943;0
===66594464,1302021220;504354641,1737675720;1773731365,992223424,949266154,855297252,2068179657;0
===405227874,1933104586;157740150,1915064526;386464018,537932591,3837514,692432857,1129976516;0
===875619747,329111214;2062390957,336130242;586094951,1356183511,1324977854,1446492487,1516273624;0
===957751837,1453829294;1828007740,1363824468;1487240206,65798888,60429736,1542710155,1796696061;1
+++1573509847,191726537;1108642769,531295778
===120493002,1972554979;1024846558,1253034997;1968356394,731809690,41048366,563298836,770669791;0
===1624054946,736155962;1856993759,1740238320;2023645814,1362094370,1831536821,55015711,997602193;0
===857307885,674337786;2078056347,231673;1072871334,1581593995,1833406222,1728986742,2000077325;0
===1253847672,1448053202;1637589497,1528657475;712611261,1406907841,1653798578,1662062754,1823916268;0
===2118393471,1372555616;37063020,1271882171;550342006,307293334,981971139,113998899,1105496591;0
===2099367014,1136273170;950774692,1803671311;397168570,696991920,231961784,1264306750,285800926;0
===533934932,730814770;1968708708,856912567;736356277,1781286285,1726095830,2081706341,462631948;0
===1829318121,481771294;1648977751,1493784760;854312969,1808229616,1338161446,1597799409,1366588412;0
===897274935,921967713;368273723,1545935468;856642087,251281891,457121902,960714060,1077504770;1
+++67989078,2032246804;333142502,842478552
===2001492917,1625338535;409207209,454883201;186969627,806722411,1572394743,1720202198,1559557876;0
===155418993,2061139984;1974488776,1320866362;1800800080,270590856,1936086255,118639175,927894097;0
===1178766137,1141461787;96882959,1151093690;143527815,856425060,1352180269,144672436,413602996;0
===235552564,1403152551;1895278612,1721865397;1396214848,456071592,2142279809,275904446,940875751;0
===1793390512,1602734198;795454292,288163885;982414041,1213647493,942853294,547310989,239570193;0
===1392123358,1526657783;1752165556,1883694428;73610220,1387855258,96170516,1406644402,1784030107;0
===334035977,1644635065;1047025710,160786791;2050241792,1770924716,724430313,1195262347,1676702662;0
===1508792587,2083437511;2119731207,2058085975;1693208355,1301324082,1979903820,834662219,70566647;1
+++866053477,2123423150;628210135,443454082
===507438927,422753051;1931989661,1485105049;1181625932,406375273,96141894,1575560732,300024456;0
===2076441002,1834574254;760742167,1928201511;406199691,903838260,495777998,1309920668,1924197167;0
===1282220589,1336664733;1200057210,506729777;1637129853,701434207,1854060891,170459143,812012264;0
===723491229,1991038907;1495601615,1444752233;1732225610,1425748254,1013788746,1726568474,1831074516;0
===631312200,236328202;122756875,2086141874;1415070575,29954642,1577442242,720389104,738502357;0
===1204430689,408888545;1937972614,173710163;887909934,740753518,416746117,448821602,25171312;0
===480635898,230744422;1138272292,1923626697;786355958,1417372626,1359439912,1050564983,418521621;0
===380058940,1264779364;821280900,654846973;656460308,643814609,927827324,1106543153,1831328941;0
===1917174867,1068367266;1175172361,1478508603;1107934285,1704940377,1113227999,193558781,1102137331;0
===1861362417,1642020257;1839203988,502901591;1905785790,440514822,2133773229,1988486908,336403938;0
===72115058,1508675754;2074419092,170658478;432070118,1274642628,597172596,1270330801,1343184120;1
+++41083167,104582985;1195816997,2044018958
===344443118,1998293862;835094166,1846881043;79141683,799210800,415070695,908897036,1191485117;0
===1660400428,738858815;1146112330,1966922547;1817445091,455982258,866642817,2139775354,812274582;0
===1976585720,1798597098;1965649250,309492027;120838551,1015332500,1640245320,1674521538,1484636483;0
===1646415827,1320690952;242144257,49961355;2119517170,150923329,1353063801,1564634947,637054016;0
===82583979,548734308;548108617,2024778094;734209208,1465561247,1505591080,1466594733,1329893545;0
===249848656,361153833;2077003894,1264420525;1989002235,452130842,1437623456,2103677108,1145383050;0
===1797056197,309059283;1686299164,962482159;820508020,1035121101,1547549320,229331379,1162386623;0
===88288211,1137804646;1903959335,1408763782;72303415,391846729,2047998587,284812543,1760345064;0
===1641768223,183130485;1113080499,366310772;844835253,1854896388,1470454516,1508413479,1208588074;1
+++2028402974,2094076232;1199338489,744954888
===1073736725,623606053;138473607,1979935781;573670701,1822225192,1055981299,168383080,1308344418;0
===596328107,531522511;285757906,1574837667;29901838,1455025621,1252385116,1668920698,402924378;0
===522351113,216261735;1220085626,1372686825;777649987,570518299,556918330,997070097,1400210715;0
===1077184648,2048692206;1128179293,1592414359;2033689922,314558927,1090751798,644656802,1344161921;0
===67533139,375594866;1976691766,404735706;1951855129,1664768038,1377842230,1531958266,171609574;0
===696904867,1988967753;713392477,779716018;1239651975,1068039727,1882892944,1361215372,297769068;1
+++680788970,564567720;251595766,296720293
===61794721,284714413;1145074104,1318618774;427756744,361548226,1313704556,1199982431,1758159010;0
===1995261675,387748044;1940091685,1387845997;1362990216,1235264077,1355802061,154243653,1791984349;0
===971122013,83953017;1729392017,1100564791;453963397,788680306,420893413,688808386,297335018;0
===2143878868,730794884;227749475,1003770313;1988277390,1683431289,419550192,2031602462,96948243;0
===347627941,1876045355;36212753,1367061525;173595030,1416119870,233977052,216760654,1929131935;0
===1138734316,303676251;1549841229,958866221;912114495,1110395286,1861005033,127380570,1751818047;1
++1262849572,1305639581;916644885,1610464273
+++1572204104,738082935;1255522796,211161542
===1366354068,998299513;841419701,1074544317;178379476,1719515566,2077302979,1972231500,613781168;0
===612072075,494807265;1672727735,1271905287;900127110,1056726132,1549134060,947154400,2102339012;0
===564857517,248114622;1815170030,1409304647;1166432596,1051315093,1066661568,1437719385,606321772;0
===1087172624,1960707046;990568173,453970039;1200965981,702073181,761213977,2088506697,362621649;0
===117256775,1493181531;916608205,1759782347;1016207960,1565640837,42698273,1158905816,938426719;0
===626748783,1418457586;147271913,452378165;196155745,1235827337,795053765,1675008177,1598959255;0
===129718873,1338603950;1703925261,434852291;1358084455,1955561090,1439613855,2020559308,282360088;0
===704224803,2123568174;1052397164,950022447;920005684,86516825,586032548,1446549491,889986012;1
+++1399263678,130457712;948095202,1014478316
===1608202381,126995571;239232330,953931768;43280735,564591348,1923986368,1270466599,1850736665;0
===178372152,1086679253;1380758595,2021008989;1077053419,1688076392,551529608,1415763861,235355981;0
===1839602115,1119385046;892341296,482460758;957080521,1178756569,739903842,2041214062,2067779558;0
===1707203293,738243291;553086045,256341159;941194221,1001853509,97601772,718529721,1320063630;0
===1752050959,1227641214;1916431541,604275043;34178,2015524658,159233509,551038157,106133602;0
===1586221338,886374265;517815812,293474278;841502872,1855648947,1586542704,299790699,1182894055;0
===1617463791,1507996058;1412655057,152268749;2023170312,2139654572,1157624830,114782296,1171667523;1
+++555133595,1733661351;223737937,95683926
===1225498951,1291851277;387613221,1846172440;164985166,494105178,534223424,1912257166,1128156643;0
===586258029,1498848268;1850655205,906881005;230777471,163841346,296019327,1208046079,606124650;0
===1561019059,101152390;625220700,580380497;2023858980,1933871272,1972733315,1195297216,41998146;0
===198940193,11594751;1460446569,430233605;1890807291,1249874082,908377607,2028918660,185140169;0
===99871694,2002777338;433139316,374498575;67265615,931748556,139318155,211326886,1057951722;0
===251144529,84663258;644865752,879091251;662343276,464158082,1181013564,228795708,442707391;0
===623371558,2000871783;180231380,84766390;1981425842,1265705843,1864282898,379715902,1844347250;0
===57611145,1953740335;25948236,368465786;1858640268,391169490,1703148348,1209185805,1081204451;0
===766906306,1027427513;1873333772,719504549;617128699,1216399275,615149703,1307233847,484486004;0
===1869885454,1700563214;926530440,918651404;2084847168,625958211,1338197825,558783787,646711065;1
+++508086972,808114392;1615163594,1948812106
===1129132734,1139289427;110478099,209742625;1965471483,393092427,910562927,664400942,1808903538;0
===622796540,1328338773;2029605703,536679845;1180389669,1363640998,558449768,1214073428,1781320559;0
===347456147,1889380713;78743313,544638729;1529002786,86019408,286790445,209243246,2099352158;0
===1340915502,583526817;662045798,1138340298;2042455596,1358968119,978004935,170391766,1826557068;0
===1945353039,537834304;928025168,1365667748;700460486,1996850756,178968524,783647777,573825745;0
===1629918186,2122418683;1141450999,2135765382;1365942615,453392303,1988540014,1700886272,122640935;0
===1116725076,382222313;2004600594,292564408;190533899,124265894,603501517,1417013205,839274901;0
===1919557739,1965220651;381648865,1643865668;2016275523,1800491449,1188359692,1571616767,499509906;0
===1321580461,579137870;1240687424,830154232;1944476416,383240737,1039094203,13928072,611915428;0
===133303366,867491269;1971761606,138538728;192246172,2043754173,1527118879,148082306,565573440;1
+++580781196,1532644134;1941777606,1974547177
===1013224775,875570317;1739644755,195416338;2060281477,1811302405,1220535045,631230334,909229972;0
===2124094639,1860881933;374162809,117410845;1253184279,2089463344,1990296938,1290206704,1780157821;0
===772096999,943864249;1679184910,1644113638;1274228321,1938612812,1720000278,1031480648,764791891;0
===1779662187,342046723;1458502293,1106675214;117740683,2065419340,441449611,1096506989,1776894788;0
===1556334658,1964853562;797454426,51542794;1945738735,1870949966,927901516,1623587071,2106302180;0
===1535700310,1604955810;1716392150,570817922;503929105,758723830,1014176230,25100398,1912988016;1
+++274871406,860063504;171089529,1150523073
===1535911745,1186272194;954063023,60543259;1560868564,346865555,1078311538,2053310286,65697622;0
===1052220372,1221714665;2071939754,1191012397;1854585613,1782990642,534326703,1320199627,520986780;0
===442003582,1591551582;709917798,1348365837;1378470142,1430966187,240877979,589864385,322941300;0
===1257024605,1856784258;436131011,1180098863;1818557566,1940261425,2089029001,123080230,1201369127;0
===945673422,1366158030;462055784,1443269134;932339563,1585754801,1724509223,796417519,866500742;0
===390154598,1862134456;1609474884,1725915953;560719962,698990363,539131341,1524008603,746923213;0
===1757937030,1786831001;778328620,1790822983;479122918,369400303,1232851004,1472369897,241981506;0
===676657262,1123255175;1128659308,1756430473;421472882,1211277881,1776783427,1410918574,1429743139;0
===1701037826,556825148;2004124765,1017652837;1020798145,1634291169,1919004857,1767348413,38914817;0
===1613030746,752621380;1433143284,1882777423;2115788264,420999581,1571611145,818373514,440044402;0
===1155192584,1411105276;757558392,431441257;1059574651,55916874,1588743228,1677874103,1287554711;1
+++197663710,128801651;1319982883,58626994
===1951183833,769071426;647471809,1821514207;1186337457,1654449654,1955590702,2137705365,698047046;0
===924802847,323419551;373972478,114938739;1034473854,121143995,948658035,220381960,856087669;0
===1205572846,195987129;487880589,1599915068;180541113,1431251881,1650377345,1427760245,859659547;0
===1073734789,972931473;1108657642,1693081599;1261031568,1098313523,1812988677,1541265287,975660513;0
===1719551401,684862975;1118789814,30987180;848312542,574990547,419752420,642741496,2090099166;0
===1403584198,1594241677;230189305,241064513;886186068,879073104,170417165,155747092,987178343;0
===1970330813,1269129891;730607289,362788680;1919094129,425878134,1168866697,1515090732,1084593854;0
===274957580,1402302026;252105069,25805632;1791576576,1136082448,489603398,532970722,1433746100;1
++844152142,711570088;1867693343,62948868
+++1736720479,873704060;527531991,727023160
===1451401344,413407540;1937008273,920851355;1655644239,1350732164,1268922643,1675755277,141830265;0
===1293933223,1259634546;825893070,232533992;800927667,121683487,367165547,2066386766,1928843613;0
===1607118109,888391281;702116329,635723315;1978033639,382554742,157065531,1934213770,1150958054;0
===1626642055,1179321029;406430977,1006889010;925002933,297238222,1941116663,1147512432,253793081;0
===2091588959,31505431;1285765057,242832594;354167017,423806547,186641744,1602787728,425126314;0
===1326586334,714993694;1911245486,734138937;854752689,1637339367,1744451688,1370044648,720862195;0
===1398011559,1671562368;1653202800,139231682;3610491,1270889575,1103782439,553289956,390864080;0
===561174465,1936314732;1127598135,870458409;24965558,1167529041,1240987928,634001213,1387939067;1
+++1867938539,1358751589;797092278,2140596947
===37630176,181261585;1756690850,754062208;1628269232,948854532,1085308975,1253084973,1335568719;0
===244671864,1613488429;995159178,904379283;910531195,1267637754,334594239,2066092317,94813536;0
===586614166,2119562841;1145110885,1314895086;1496042100,1595054633,1914129175,1785660419,1335105076;0
===1901335134,734086269;586898614,401794539;1139910829,777794605,522121545,2096035007,612113010;0
===1265793227,708002464;1533948850,1068912042;1954844224,274458813,1992085176,462111789,1225443679;0
===1311204007,1110442958;981028126,254805915;422804096,312383578,2121306502,1911991695,494654755;0
===327465481,1661078575;291081439,1498391652;1475326642,1249460132,815545219,1866588173,764771281;1
+++372714149,1123615993;1285541039,949072653
===899351535,1974989330;244400826,1001942698;690213,1250125708,636851075,430583918,1295233200;0
===363638755,322962864;54561150,311122672;2061483657,107849011,520500440,624227690,169084805;0
===367655093,1992752431;1481996266,1867759874;1403694513,757841414,1057725878,1807447083,177932738;0
===48105618,1407166635;175875602,1852500968;410164967,1408381924,1348131571,1587961724,1340106517;0
===1057037398,419878599;977341832,1567061537;1580557575,1498742229,1682613424,1230335382,1925946232;0
===2029784494,744142156;657187799,598800311;1697915215,31829722,961298227,619759176,1997928610;1
+++1268962685,511581542;71890317,1249576152
===1998668753,281866694;476007185,635910532;1289141164,1867125236,1587779966,65726466,556460500;0
===325244601,2002330420;912366051,1021114777;1565594251,1820790213,1753157881,1371139949,423604428;0
===1294364880,1946033314;1965076841,1994352283;1843728883,453006002,49517546,2126549093,1220354525;0
===467773580,1773856006;679560577,1049243281;115642114,804204161,2077291833,975628161,1504723969;0
===756758266,1291793682;1317181278,191371633;642368954,49534644,2026887141,1367587594,621034173;0
===1048133324,1584181384;1910369315,785387266;239491602,1545520148,1171151065,1975031883,1810525223;0
===1830509206,333504157;1907573465,1990729308;1221560142,1229654100,1921746176,1187784049,684709629;1
+++1402993825,1993118966;1603019961,526786479
===1674949267,1154426409;487883221,1837871839;1608999291,1178391919,449426554,379666681,1074856461;0
===1857047770,875502859;1478704298,34471482;156440552,1654912345,2041321127,1776702296,825649804;0
===1418597094,1778947612;1890773051,52080392;2035412830,934083702,1817892873,1238279311,1800813816;0
===502537022,454363049;236448860,1308274581;1949724343,1713561368,382883166,1140104029,1917651558;0
===1983948849,1302227558;1917745776,959080480;554191399,449121711,1652181352,618342612,738733462;0
===1444509503,682390987;989347199,1472546844;1581558837,103017709,1241263408,1874446862,496989840;0
===372182614,250248454;1507506226,1529970012;1525419296,421318169,951061583,442516774,313472573;0
===2090652626,1260999536;32640811,1617455413;2065452955,1816989363,2115159564,1649751993,885737780;0
===2139879814,1311543756;59431456,1447485813;2126787043,967382010,1892307569,1002859678,283196726;1
+++1324302223,890925536;1109490990,449438819
===854973927,1848047165;2119453517,1517205157;570766745,225940557,1727667899,1831568283,26949756;0
===833933726,1596839284;658882923,304067667;143528751,1630463926,848613105,1661202473,1224926549;0
===1087760873,1953740956;895587614,2145926645;1707781984,2139163034,582116478,1418642671,242793072;0
===1435094397,1732630906;750793062,1220469714;1741327158,405006049,1076671078,986195427,494839655;0
===937172770,84996959;559863757,1040509514;133004883,1678959052,1826320644,1975222933,1691332089;0
===1391084423,1432161098;1664863319,1660576708;348760011,2099984223,817292231,448385193,1701367411;0
===1198420462,203268027;1331400668,518817854;162685231,1344288469,160147100,1539954954,1672835664;1
+++2142628232,171768103;1548325618,541737966
===492004322,439818518;1610280907,1057369217;83431374,1130761196,866648365,2036874998,105858386;0
===1043034378,1911537605;832105348,1101804122;608170020,622911863,1380000569,458987092,1692806204;0
===1645997287,1284989564;1190689897,960533109;653940131,1034339706,1290932040,1764961732,1673381398;0
===1895779426,225134095;1445217227,578909499;1139591486,1527888540,700919270,1083300077,1191399244;0
===1215757051,1550497073;1592200541,1951172050;1999192545,1717770347,2015032811,1592504930,693096605;0
===1355284359,1739186924;107616059,551844284;1093481024,650842353,1900593973,1688462372,1426251888;0
===1251763892,38207815;1793901690,2044511165;653797510,946979443,1007190347,325656560,1326167736;0
===1127428905,1832360622;262784638,1666564808;1186657491,1960617976,1875141172,1447223792,633493495;0
===47997153,611670109;111877258,1146611248;1814771838,123732860,627765564,456326865,140080587;0
===18125402,1499516168;1556708253,237600298;506148849,664082577,1896246965,1974348706,126069968;1
++554119257,404270459;414534972,433194872
+++712136081,847927574;1861946522,2036385471
===1052707375,411879412;1837812634,456436193;1732713031,1755593990,1636899766,407260581,798640958;0
===1190441389,337593995;403029929,1649967608;980887424,2116565193,1748445563,1829100939,790473866;0
===506794084,679010942;1171322465,787341788;1023159038,1722061490,1194274807,1189057177,990616737;0
===526140268,621428525;1004282792,1015026402;1510263006,491386432,936009630,574450069,2039414986;0
===1085922147,752354635;761451772,233680188;237920859,1236763601,1314263910,1884905044,150213692;0
===798729390,333543668;1249516022,1826540192;419803950,759269460,729665506,76577979,833297736;1
+++456103156,733117750;1804094816,1685146384
===504117918,1924739502;584489998,421045051;909662839,1119376728,1988359745,275544771,1959182809;0
===1993527658,573194695;1576485196,202998112;455077900,1277725299,775180529,748013398,2037046504;0
===1260380317,337346916;1015133957,909853789;1974711125,1773848272,19504743,131101401,1038445903;0
===1086273592,1382216084;827030382,1697745457;798184644,938510888,162073800,787201292,1038654330;0
===94281963,185943917;639040520,1446216256;1248679271,131243623,1273703858,2135496824,750475770;0
===283720803,2141798400;1610664735,422251746;1428583288,1843773799,1635436129,1400629459,1196631935;0
===1097643482,354456225;1204146882,2062880287;230333367,147300389,906534483,739370819,1435741112;1
+++1497734122,1315464667;500622930,962667561
===1378112680,1656808757;737394430,746926302;471076985,1342717072,1409162630,354500192,1147237183;0
===205735939,2111469567;882082856,793934227;813442021,399440686,1920964943,2025246347,104636101;0
===1131910128,1960679681;509441544,372473325;1426429562,841079488,1956824318,713913122,540868997;0
===1469745355,1632418992;1845313462,589202939;854588539,978660684,1942876200,451248540,324273096;0
===19863770,1166019222;1070725716,770595623;1826273727,86861867,1097034619,944750786,1753673363;0
===1682422353,812921590;2028033331,684619001;1823739628,1015092723,366668929,1145488009,360397436;0
===230473070,1066001761;392151578,311017687;589072853,1301583548,2062761338,603935569,480681541;0
===1641777781,844833735;1753969820,303554541;1985898210,1027985021,576408118,835841505,275263371;0
===1220846701,2037711554;1297320538,872298648;617930492,602234285,31344050,1997055788,1471152454;0
===1904074691,1166692383;167353719,637020068;1561837715,1794149351,1325078421,2130181512,773629576;1
+++1021986262,1024898131;1075214661,29527161
===2004170469,392719059;2072770530,1632815792;1206976088,109936104,908934368,146764822,994527113;0
===662471552,1090144158;1137930688,825472756;1108143482,638087214,751863258,705371667,1145987957;0
===1953969787,876363264;1438389575,506962817;105655467,383455837,1540691465,334314791,1960266874;0
===265017984,45790435;1335540848,1486080028;132103704,665588210,1066000177,421014317,584824722;0
===1975277893,1129407233;962126237,338228943;1857408157,1434379839,153466682,1767483289,925281978;0
===576391950,223765873;1407559643,410230379;237903625,1645435009,810307152,1646985856,121308086;0
===627285454,1819470874;449624724,176665979;119637773,1499662092,860065576,527487779,1741095243;0
===969367832,229887495;670921312,519696048;559007366,1320968730,939575008,330978048,1437966760;0
===819118183,310673792;1531680933,571452261;68939441,1952958,888044443,957858651,1822025713;1
+++265086541,146935691;2039412358,1311976456
===168071948,1023695402;851184996,2089435036;1307251920,403753884,424694170,145550105,908233141;0
===2130404237,1433193420;1734923487,1334382131;92636992,1970132301,887589588,433348339,1441468267;0
===1051125546,1666482148;1655700513,366813834;2060235498,1501994015,2034903054,1197431832,1568504101;0
===628993199,627368817;2024382636,842026843;1565973475,62754941,547682635,181137814,1258913804;0
===1813715818,1474335520;986797878,1135027222;748388107,1742151189,547962214,147351260,816763635;0
===888867291,1106094506;1326685061,85874027;1778822200,462649859,12910635,2000011604,638593693;0
===579329832,1290920109;647215516,1292426571;915725707,96651241,773976723,32576788,1845858692;1
+++26527681,151608733;1529473309,253141348
===2097960699,1029783576;1611330809,210688283;495432282,530441521,260941334,1573764719,1796723548;0
===811836897,499264333;262726041,1419752704;335232614,1370044180,1781925454,649739288,1004509529;0
===301739524,1507019656;2065745948,2019703026;673636778,1412059471,1053510945,655962933,1554356984;0
===1342360781,278094431;571918970,716219385;335858279,481737109,993017380,1775570822,1479158907;0
===785623217,1425666846;79955525,1634858401;2031682571,1873707948,1605863298,2064903300,786052596;0
===1912542069,50390065;660846883,2129558630;1429107721,296501491,1023674701,691652522,469357187;0
===314662816,1624056376;1660509935,142633966;1557714701,1274522510,1886066928,677975208,375007944;0
===542841813,1921762414;1441286558,1418567161;1764416876,1894158598,1328384918,1316237323,182778295;0
===358282038,872626148;665341760,1500627024;881693919,1563421482,153850095,1673858411,418630232;1
+++1879438248,1226708374;1242402214,2073357615
===750980952,1574905404;1138020136,259691691;233832573,1461434296,1542463752,1094286457,61546814;0
===1232524579,1349180764;1760944108,2065622207;113527783,1575153926,1529609197,1274525463,81471171;0
===2126682368,739029467;226545324,382153887;1038261625,602235958,1203993724,2013208298,1789973516;0
===1745354924,1689433729;301212585,374519505;853233687,194459995,1366334311,676972587,488523709;0
===386755975,16775204;787603241,591299083;257553442,2120952452,1163359641,606402499,1207648384;0
===917991068,718109128;401725548,1267495995;812303479,940382177,486657053,51684540,564916236;1
+++2111299768,1943442499;911652040,1005426023
===503605510,2068390967;34398312,1922447105;462724492,941470165,679328290,728486312,1219183108;0
===727899382,1446637263;1728384900,1069545141;1936217249,1350197299,663964154,638156109,874815585;0
===2079984885,1449759900;450747822,224868951;1684911996,396597453,2140485275,257863431,1228648259;0
===1622721558,972397401;775870453,2012075803;666834224,1779442870,133959175,201525935,1686275068;0
===1552804650,1584998586;352053943,1282959190;2033322794,1091332018,1780753254,1965116107,356513662;0
===2094147827,556340448;1098746406,780454462;684649779,342702320,23173631,485460058,2013624134;0
===473243484,1266883706;1807029260,763415671;2104653609,702119648,554913850,1285159043,3470149;0
===294442287,1610256765;1743056260,417877355;1705018381,1186651805,1648523464,1410470309,58392303;0
===810396613,1000890890;1071959776,1481648785;1443985990,787040296,418950548,1674664909,160622519;0
===174961597,1951776935;2096429226,1985129080;686657078,21373512,555607262,185157686,508564788;0
===1036570967,1731563434;1723357106,1322247898;399774005,597205767,630808254,1275598157,409906808;1
+++105769098,617262297;839852915,1299577490
===401377373,1280184553;271798281,1005675154;2145237371,472377239,108415818,295616848,1244052090;0
===194900593,1755393431;604199543,1167479551;1040299533,989629061,732570159,1908868647,1494436262;0
===301256081,1530230006;1407255022,1207148781;311311773,1273196025,995598376,1428512870,450426776;0
===1671697435,2098441032;1684813328,205977441;1719366122,995901257,71655664,194604560,1863808940;0
===1394045299,1882651107;761407033,512372092;1185095613,1398079684,1404876886,211290916,1137336586;0
===247741254,908447677;1902938058,1597638591;1606723317,604941015,1958054701,859779852,209931528;1
+++757626772,476110203;273303179,173701014
===646328240,1750157242;1679427882,1204375836;1652649599,769169414,698921739,86820499,940207084;0
===1151500360,529658805;1772166456,877896928;1435912132,854353138,2138727189,231832342,822790259;0
===2018590712,721069599;1210241721,1273233400;1357145847,1827045223,1479442480,1083892461,177963273;0
===2135305595,284284683;1820388984,1713526687;136795348,213194543,311149104,742856941,1855598172;0
===2110449526,1723121611;1234770075,52061882;460857180,1539390221,248927632,926433674,1425853498;0
===5371185,2103415056;840077735,829704487;1305863010,627261496,1805086447,194294799,1449348171;1
+++802129076,1913167786;389766747,2046586133
===994295213,1077116701;288148368,521035200;75227097,306608857,526575882,1866226854,1322617976;0
===1595578814,1556278175;1836724432,752088997;1504576332,1084595189,1264138843,1786407291,1860998678;0
===375020,347622403;1057175239,617855077;1934938850,1947282280,2111304095,2014358178,1925647833;0
===868567671,598794028;573912514,815936266;262622970,327801143,1601912359,1246622282,935315092;0
===1843472132,1432276366;910690702,1990877588;1816386984,563321011,78272126,1136971219,1498890848;0
===1086393034,798297576;1976411553,256547342;1699798582,857939060,788692271,1707503182,76042448;1
++1423082650,2004822269;1356012208,370733598
+++939787450,1033153316;1379334093,674932787
===312370990,1544777714;1538035790,1995091321;1273694927,1130431485,1518547467,781667288,1644366739;0
===1244722303,1962408705;882126675,1748026868;1570955734,1349694085,1556176578,1590108564,1064294376;0
===1405785062,37682336;1145108735,1757022742;605946358,1845597967,205014823,1052298969,1786031118;0
===46491867,225772528;473468959,1562459141;1549094575,575476532,613060812,664765419,1300908661;0
===459153438,1991120961;1074313491,1994899887;397254029,58418514,2100091683,542482107,426472562;0
===430872671,1931062812;803819712,1827058183;914942117,1232465764,279941289,162093485,1420548478;0
===533584847,140883226;798428940,155279142;1882786072,817324382,1436641585,795131007,1744879753;1
+++148502528,287519815;935987688,1034875210
===1154292146,912743056;837426043,1873373491;986839710,737735664,1383960176,513980996,1661772641;0
===1717961852,1958950569;801580081,743380400;1244041464,2058196749,1078066293,1760819220,801246531;0
===449717040,600211629;1888640080,2098497803;1430140468,1091314584,917538311,1591595454,378200930;0
===2046731934,365646209;1282253497,1010151312;2093329529,1142458893,1539894575,171494585,1329981824;0
===1454002700,187968978;849899551,200796037;1276888175,133301366,415065008,2069776468,357948846;0
===1836771340,203315158;2018998114,60652918;2084851104,570427211,574685744,454883966,1766903979;0
===1248332097,1702399565;2007941271,468620649;331081218,752792498,205675181,730919975,1794073091;0
===1714252249,1447321535;760360172,242382466;97164189,1952932206,2019433225,1885181049,702316959;0
===782110844,345027902;439634986,2077242684;1198398909,1319218519,1925093019,484665906,1556896556;0
===416200047,223776607;429732355,556545661;824019441,2127382821,2038299685,2068728649,934798283;1
+++1295429935,1092480006;319037217,1235876339
===130279750,1483678093;156751290,553311055;718113126,2096478999,458110311,838312954,1969235027;0
===601461869,1632979460;1695952124,1113514138;909548845,1536640999,637485807,1720879085,135994002;0
===270457409,291765557;1546195230,2073840105;1707214041,1466349963,2054103656,471426376,1464593000;0
===232181292,614266386;663448386,1006062554;972434028,716627949,630637834,392790313,2146750939;0
===164674324,1265091752;1907814079,658738272;1196779804,585436405,1858812100,481192183,2054683499;0
===2005912506,479538824;1539986402,89807272;752670294,1215300670,1173927285,1709921963,1495444904;1
+++2140263581,1364764709;758272956,1453134072
===1858657862,1167292821;1111868574,1162855763;120707529,718488267,1674308444,1057199410,1980057150;0
===1195399799,967694490;238875187,313892286;119809401,1484321433,421364702,929911886,192114971;0
===1677038497,1416742815;1075026860,1047454064;1183920216,1864001868,1450291587,646510417,1663611001;0
===1950986676,662594257;1872941782,1950266624;40966659,809262483,362075436,1585444558,1503476732;0
===389085960,1654172489;1532165528,712037614;590112103,2145401220,420011345,76839626,1924307343;0
===213995489,1523559171;639960611,1502340110;1761686983,679625956,111573570,331066318,1125149606;0
===1580934536,1853359268;1569425728,1558496453;1790467672,8844453,639384045,616448761,1258144253;1
+++784677028,233749706;1708256644,779154081
===2146867684,240631010;12493376,1427351350;645706319,1577582421,1987501884,707132271,1139264517;0
===23132780,811755201;2065290866,2058001316;33256334,1899159945,1679839502,951218463,1858235253;0
===1912832140,920454942;1937558463,1254321388;2030484084,648675556,1954152635,2104631113,1532458174;0
===1904878776,517423099;356577497,337930066;1205922844,1702478669,1203543554,684337067,2140786084;0
===1850891368,1991838205;728119720,619146054;2126123018,1561156092,1043684400,1367508008,1242471277;0
===701814848,824162395;1609417883,514438286;300168209,10962558,709969846,82263787,1039185786;1
+++1902501819,748487090;1983550193,1457625850
===1658724510,312228173;2124780272,2133290724;1291841122,967217445,1848941351,1554807019,720945505;0
===996334902,1758836596;554441008,997763899;1316424620,1586271550,254701209,1109983264,220024211;0
===935318690,2026611705;1990602210,470253106;930010242,1913685396,2012310813,1335790297,1992700805;0
===1102026962,1373449649;1498652223,36820746;1231142001,430199170,1283791446,221536844,191668783;0
===386080899,1991444980;1173791235,2579863;608353484,464641271,230257313,1399989212,1744450958;0
===1244984572,1636627427;385429856,230465529;1819125347,1145856746,1891989528,224373788,1207371526;0
===864334443,1930017796;654721325,1856558920;1652331671,1436425077,1785243701,1245329721,1782251251;0
===1525969876,1013912381;1183985526,1889863232;329568406,774222299,1814851496,517791772,1059618949;0
===1175151637,510746258;1236641441,623904429;650879804,1705100422,1835330862,347578887,942561645;0
===848428660,900208091;1900610334,1734156456;951392551,1703140149,1493150749,1467427813,1294010558;1
+++1263819767,1411187399;786195886,22730505
===152896317,1095986897;1267628536,2142057270;1512438994,100969082,358657626,558649070,484454596;0
===1992555082,1894618872;1619704223,482414265;1294426424,432364685,309785865,1476245330,1348778905;0
===1109951339,1362182556;1274508339,820751372;934665824,1419193905,925430668,1271076517,1355097811;0
===395161844,1959889166;1747544852,1871104843;792983932,1551234838,1951785453,1294047020,216995166;0
===337649761,1894506412;1745564270,1519741332;2090993712,2000184434,2139695268,1157300698,770938458;0
===1555105712,580556544;896386208,840835465;224134901,1678696328,744400116,550462824,2110695109;1
++498385557,35340703;1396083683,1945271352
+++489307534,644184214;1812847026,180842626
===1714355132,1467126893;1937567028,320994022;1578085131,1114924501,1663063489,1982276504,465503586;0
===897625195,1728920797;1448257832,145601345;2114873035,1625906689,2120296664,1962677256,1336995592;0
===1870669747,102357211;2137646644,35378935;1164915921,280251752,1243288447,1144883795,688351367;0
===2139174785,2091916081;1317890979,1734969446;802303695,53611253,1612762537,435696593,2031768761;0
===1783552790,1729849687;1018562896,1737753446;1354956292,1687946525,456832931,1418950010,2066295475;0
===927661924,1423473429;627535097,369240991;14672027,261533004,1408243476,1847326373,1293554560;1
+++1611273099,1619657370;22032929,1074009453
===45833288,1780763653;82465540,266618194;1951701221,34864133,1698653616,956784283,76617761;0
===1620898738,986116857;878430876,272962259;1015165999,1595842966,1899506491,540283867,1647573366;0
===278949140,380936423;932418376,1988045769;1801060349,98657808,106266814,2091625215,1938432895;0
===1081403992,170368102;561118720,1904838998;861852528,999730395,2039551911,1570889833,1860814837;0
===938833349,78245873;330292389,486003374;78012212,1136324855,642258286,92987683,2116858214;0
===1949554166,1301651284;1049271146,615589805;1963412313,1247898521,1026345227,488096288,1378336066;0
===928560821,77303111;1594274706,1268201077;1989406771,111400397,1202341475,597889661,175508141;0
===1545782403,648059255;854425181,392041718;683975433,1094939028,2090528642,1717985021,154261731;1
+++1689031716,892564056;2014920202,365138690
===1525737855,201680081;1072571714,833091835;356818693,1022103999,1360753709,602115010,81954454;0
===1871159132,1856369739;1861416903,1443383395;1551778344,2103229450,143102971,1107701214,1308036347;0
===990341216,574201864;1791283969,663074029;209371519,217818970,1156971642,1823225135,259171525;0
===1768810337,1079675118;1470307400,494656664;2083140579,1172750439,302133614,1296976741,1190067625;0
===806290068,209107484;170317371,1436506279;674672294,68741821,1529600827,2081937630,1673597179;0
===1592847562,1753496094;1841815217,481517713;1135094316,1246393312,1647968729,565755501,906186951;1
+++1922444311,2135065419;2058488946,1980191294
===1078245492,950339764;382760618,975658627;216858029,1768749320,1190925125,207394986,1399153774;0
===1828963493,971271382;2033680265,1688727473;1688147765,276990217,792437986,2041058494,1236260562;0
===811320011,1897184897;844281572,417028428;1900885410,570519951,1954110025,1424638330,648191429;0
===1781851972,444192719;2005289407,1050808785;1930880157,1075178598,229010464,1092370794,606471607;0
===906711677,125322512;1268043077,1909658870;662108131,1252392195,2031958344,1419450116,1501381014;0
===1862127955,2060354757;67721374,1938350776;1331452045,1508390095,21300051,1262451780,1690620817;0
===1079700343,1640199532;983726116,635403119;2110129103,1025201379,604530289,1013090369,1623317488;1
+++244082711,567442241;471503836,978270991
===653249193,1759244271;1538634396,1746260014;2124891816,1435926205,568367544,829972683,1776778101;0
===1231577120,1527153878;1231420380,101706214;62542797,732289477,989498013,32170858,930136739;0
===429135048,126607081;1379179967,2019523884;889711268,1786566180,2084207852,1905649058,860964293;0
===1033657641,790045760;1130442375,628532679;804576292,652647922,1285130043,1286172996,1867176594;0
===1026421063,1541538811;2046465974,1871108488;1494234567,28878584,849962883,1497980575,1570966459;0
===62683286,2066044093;1730710171,2104513454;2058076677,901138349,281454816,97047044,460274917;0
===903282151,1006384611;898822802,1896350850;621849521,435474711,624524996,2112650425,760967791;0
===184002099,20765799;1752247019,759856475;1825901858,1535437184,1675041372,2066949157,1546850914;1
+++944705291,1897903919;1912695353,796441161
===730107501,680822131;1927286875,849006767;912829425,2004649779,1203601265,1368755637,1174959186;0
===1640411250,632493260;1284048036,1299086588;118166312,1696522005,1816592888,1854597040,1875446909;0
===767808483,799246717;1617555834,421595656;1175169808,13605590,675414251,568660937,70966741;0
===287424036,1073761856;1932354891,548112082;722133276,306826935,90637753,1573390667,868302191;0
===863820716,1908899726;1085900793,1303333202;116489414,1672891744,1524226129,69154976,943671910;0
===334064682,926517432;1092826808,536159044;1889378108,222489064,1552644955,876500868,174495568;0
===1100421804,1726146040;83479982,371167634;1656221551,414338056,420262323,137983411,257106780;0
===669943312,468279483;125732870,905124895;63971353,2065403288,1082384047,1672769290,1231525072;0
===1511898978,262338117;1619907871,1944492611;1776897469,1672692021,961170348,1067223897,1481016885;0
===643347632,1208427467;1222352953,1687351943;200863001,2141506313,1435745550,1376908423,1795761043;0
===849011317,471126709;815318036,1841078606;1070713385,1383960236,1275901727,353966225,1176363246;1
+++1021333874,1229644412;431299746,1961577536
===461368297,352152095;226894847,621117913;717755976,1457244409,1838162992,255380454,891171314;0
===1957482080,1484930955;2019898936,1684171455;526975576,1492736302,1030169573,1627085439,893139494;0
===803226747,1281401124;817477436,660908840;1747900911,219407518,1160647655,487558999,986556148;0
===754402990,1925223251;1080454350,1793779201;1955859906,1869278957,2147098050,843159650,429929608;0
===1294722559,847403456;1216955552,576007786;405402052,1611914783,123616645,1198328002,1278124737;0
===192993091,1900921189;1888806051,717472124;995900002,1608034522,1290021438,592841299,1862749466;1
++1367087610,1447205575;1926177771,1687914996
+++1216775377,133597717;1535384230,1931929098
===403164264,104773788;1253911005,513463130;1422306522,1838347178,1854038219,1327027277,928857003;0
===1559062486,826258180;167431081,810369905;1994526440,425294492,1721880696,2073162651,379293675;0
===2064845001,1384818573;1612978533,1217652611;1404993349,1656904656,837484357,1879985214,1708518934;0
===147252496,1444598200;1134895179,227819857;407255225,1230666635,338977147,1030666596,1432675920;0
===999302907,359815611;1080193049,1498128514;785689326,847933622,1202757838,1940026909,1684924131;0
===1688460919,720686976;666608596,1460830371;2107898972,357359097,1589033213,1120008690,540955306;0
===316840363,1043618797;1185758974,4553794;266671536,1014713994,1475865145,549572307,1811524365;1
+++591264020,1476092812;1435912355,114210482
===626673686,177078300;1937537640,488302741;2000752374,125470060,1146155755,2008461481,1706304986;0
===1478910625,17163001;285734079,1805033822;1106268584,2038059720,1618543737,454201010,1940781942;0
===2040847891,582783456;871581807,968768174;1464936487,1443823494,602850238,1914061207,1827001594;0
===1432363859,934062478;1960230724,1529054181;1561176542,1446716039,1064944248,335943575,607258461;0
===2122179721,698232745;2028383171,1340944469;416873842,1657755738,1287777187,1096695923,897408074;0
===1294696728,1456035584;198027340,1706737941;344630595,1900138858,974095359,1045347630,977250831;0
===1073558084,972813930;1498035178,1913868039;1875646784,978543801,1935634559,266315957,527807038;0
===56737371,1671909243;1967844273,1758943591;1854684327,740908903,1869168852,2114349590,1005171578;0
===1803927498,1635449160;936944560,1839260112;1464629416,638981261,554290092,1192784111,2073696408;1
+++548721650,982398527;1757076488,1854161100
===1829513707,2109182688;847858666,181790715;1855734090,1367126423,704869783,1581840074,2113922229;0
===2054116908,1382959241;1114350875,1803125234;1988651168,693768303,695882470,46771770,584898535;0
===228688817,203436770;169188723,595281494;1535971121,49003876,645887792,44055795,702326416;0
===1652264553,1575363150;975884414,1156541049;313866678,711683235,764304532,1785225456,285413611;0
===2128979843,1071791220;1117221440,1236449461;818559570,2126793510,732907357,1644853774,1301770337;0
===382755922,648060903;851505302,1885349044;340237757,1835270092,876606752,1630956276,215000216;1
+++810435681,1494125938;1060323393,978492930
===711891609,1096540162;154994594,2039137169;1961133986,1794805163,528905977,318668766,1552429063;0
===1474452403,2059032834;520311389,1338943279;1572915078,1847017371,1259991397,1136932938,1329281558;0
===1953503366,1753770896;2055199806,1909401465;507755307,299041787,662520976,277754574,2109593990;0
===878164976,662796403;409842223,1771246305;1383818106,1801021639,846252561,1778901662,1011308782;0
===481816872,2099542000;1214169502,289314911;1927410903,484987249,1446847690,853951748,2026077845;0
===1864862330,1648234984;1827987812,2059905165;1510118336,1192224298,160243276,1006075699,2024607006;1
+++1555000851,901316885;1007169239,1468263703
===1215755474,1846020247;1421732633,1822689720;560188067,828373366,846885540,1933431982,239342842;0
===851592121,384458742;1200794728,1243291469;814418156,1771864585,2045180650,2127496622,1450749654;0
===181982809,806619465;403933710,85974784;1038293132,791089416,716725109,2122870814,253427583;0
===414248037,1166113966;278048257,606352118;194756713,1051882454,26128009,1689253135,2105675044;0
===261773724,788593249;1888579108,1947243517;1581366258,1333360150,1468104630,219686043,857154920;0
===598752402,1786372329;2016016251,1891919665;1602243439,1607547883,1921239848,370041041,1747871409;0
===1218006428,1538935493;1652861761,578735676;1005795681,941261353,97207475,1965607160,361710652;0
===1925564009,1729521557;444642489,2098942265;1193264563,893936616,1058620664,467608321,7096029;0
===116832046,1325665255;964403518,1435864300;577478363,126847030,422292492,1393492620,1891301363;0
===1105730200,1902972054;1108950278,1490096774;2065718687,1024583666,1752400546,490715742,367405509;1
+++1429125513,482711635;1155674871,1483115567
===496637647,1449085112;194541273,349522391;1581095943,797198570,691994851,269147731,2129324614;0
===713959847,1711237864;707183455,1355542958;190149348,36401553,386232398,823015441,329026794;0
===684179017,765328386;385851828,706036016;2010636053,921598686,536401508,910348716,901569123;0
===905831392,1591859460;47362815,604514738;2140882457,1364840034,1809670342,948481681,93690995;0
===1924735546,1511215668;909664869,1879069054;20347615,1625397154,1315919615,1632195285,1024453726;0
===1925146964,438930513;1456815685,1737355794;1830182232,706776621,665023626,1703994601,464772098;1
+++703819521,920058813;530029646,519801030
===273586352,1257926605;1632169967,1816886462;1974787569,1608325357,1191108116,1321487390,1849709518;0
===1444293503,801467703;2134277131,318736086;208471312,222349248,1195342520,1924604482,2137554996;0
===107126928,222948997;1098730902,118337516;2009627112,824458487,1295669401,96450174,171606499;0
===1950626806,1708711136;2146394500,1435574011;1965876794,771606579,1014227185,1509952767,1357309663;0
===901283979,2009889848;806805411,231733656;1524970242,729763764,1989001309,1861258543,1732961032;0
===137674982,1510590278;1490938834,1934112641;1687962464,79043069,966641906,770938897,2015031900;0
===2017944332,346063206;1574682579,1373642966;264103660,721904623,714867482,2091954143,648441224;1
