5;3;7
+186501356,836508149;446466212,909396778
++135522662,1861485557;2104912628,2109733486
+++790674247,1541216706;712749453,1999150296
===1242882813,999198392;246340884,626826398;828683077,1933443204,110319891,634027494,1201541858;0
===1624169818,1449179860;1550621245,1328116000;326555461,144953820,2130195106,501140340,1743291480;0
===77065117,1147527089;2118601926,637552019;1966161472,352660204,1328947634,1663674870,450203886;0
===462163156,274922076;682839042,1644046534;804285464,1760151076,1885620369,984489615,1352949231;0
===1552637272,154743113;1127880260,1356519579;1337651488,582794278,1290167651,308576155,556886834;0
===1357507757,1475873065;662561472,297835937;904023452,1840553993,466446904,1987604050,1374022154;1
+++1341941300,1802098456;540803501,1377874319
===77678805,1364944098;1182510381,943547437;1564882153,946858759,256036574,23195206,464110086;0
===444452673,1673249531;336801149,403590527;1271202603,399380222,275782800,2025633143,570172359;0
===696752060,265901476;79689077,548558902;1607487877,1637198448,707623629,1387370935,1793302048;0
===751333380,480589994;652578407,309371256;1807004467,1543662265,13960603,395064093,1886220314;0
===570035241,1063668753;455785554,837785739;390696724,854277220,1931196394,2098405878,1190575326;1
+++1585680827,989618511;1726888884,1017779575
===1260426750,359214841;885569873,1167871742;2069929659,1491371208,1990306107,1977827649,350603516;0
===1879204682,1053156982;1861154075,1582556174;543957023,636440332,1025544961,825462487,1827599154;0
===2065001327,1831824289;1988705934,568326036;601364147,1266690208,151973208,144408914,820660219;0
===663294165,250256129;807898609,1565253571;1944665078,217964368,464440087,1810158916,676351335;0
===230511427,1230949787;2087695417,1171633180;1190474841,1059433793,920529905,387403586,493817003;0
===2100006,1279803544;1276789478,1828597859;1539706107,1396771428,188387858,346501144,31793062;1
+++1652139264,809449693;2035660740,1999058413
===499921608,691598053;916208452,1708195545;296798612,758125897,1798538805,1732768979,1278635172;0
===1076764352,1669937973;2092188684,1863982751;624738754,1406354112,569565527,1403756851,1532602764;0
===1435448397,358906328;1189026095,1463197749;1384110142,1516838993,354368364,2052789580,900177065;0
===733629778,783035227;1503599979,717923998;1790335194,1512601812,2045553074,606710504,925054974;0
===467969282,514457228;961343150,1839186391;1606000186,1778934798,763099833,367094600,1038015909;1
+++2140698573,1478025165;1916098461,1699616180
===828898615,457474290;459008477,913830234;1546706075,1329163623,139753747,1564806293,1339685102;0
===1266451657,1386292307;1952492391,537242306;1711062900,1762224891,1353400521,2124005174,1920115134;0
===631228525,2109148074;643929739,350713494;740574486,539686105,300652102,624868179,554045061;0
===977437311,468813966;697707143,1807504701;8997895,1858413017,710886950,665363857,2040488094;1
+++2128788783,152448611;1676019524,1344400387
===940301801,222447668;1969443196,2112760447;1318081856,641837503,1634782858,521739047,2056372422;0
===138555075,504091627;1303843062,2031170226;1972551603,1996736720,349409859,2006502835,1937738200;0
===1485393863,1670001308;1933306798,18105693;795907206,249663763,24156979,43247232,1769847137;0
===1688324555,323768652;2014362515,1772653791;486799789,1094074584,524605533,1627557940,1314891934;0
===1197845629,221071493;1175430505,1180158033;1000838236,1759203051,1008773456,994679147,419189991;0
===1920798666,1189930316;811203749,930145127;711996,881404952,1422490298,1356641403,1657786340;1
++641888167,652661240;1185914482,210605111
+++719063326,858758839;636890343,1199736618
===242890497,2044869536;181189942,109344681;588120479,1619684111,723952573,10311873,1623634361;0
===2019286931,1769851795;1921229311,445606213;692229079,1023907478,2099888638,2020211304,1238439790;0
===251010381,2056955106;1234513763,1567571717;401949144,1688053546,1597053862,2017432275,1468202764;0
===801705681,1514199478;1008560857,673395641;1582336855,2115008244,1815426938,898499008,264840731;1
+++804853497,826553291;24314904,86763948
===1332472654,275224789;1062097145,83389259;1793547987,1859039777,290130509,25102352,37401017;0
===1694516912,639215684;2007586548,1713130538;1389816530,1716574022,38206959,1173274198,937972996;0
===1533965299,1750347391;986107710,681886864;622659783,2090213704,563182072,1766717639,578226118;0
===1889018056,1457379686;1488205497,1379511582;112243791,561604154,421764867,130616168,582577736;1
+++1138452238,154017889;844996988,2082138469
===852722137,1222495510;1433304053,1630012016;1668727040,497420510,200606608,662137584,687672873;0
===301203676,1125292568;1895770809,1662633736;1658762452,132613123,1426119510,446864533,419464834;0
===542015522,1623635729;1709089275,2071423247;368439864,174857670,53092969,2060316170,598924367;0
===44227895,1030684087;2059114938,1500222478;2006654162,1646236027,956992602,794032176,903136614;0
===1134910158,596009298;1424238355,477475665;253932297,1158091928,732962307,1424712936,113227281;1
+++1335559814,1300874258;1975948396,796255961
===1071839436,374520479;1719370254,2074458542;1157278712,959704001,1763668839,1996012191,2058613760;0
===704789504,882895119;514590250,2016617227;167562585,564883796,1564154265,96282093,1746573219;0
===625479163,209288860;33950249,355782978;1351736345,1693106592,548541548,1972624531,1481090817;0
===889739791,1054539570;941844056,555411541;1782043260,1279292707,1206490872,1910459434,961906085;0
===154706796,1768678333;1718287991,2053479151;1446243227,755288511,735017320,285042016,1115780245;0
===1153245196,239082474;1564979758,1145811509;1186508157,1439202666,725074800,537420573,2031024147;0
===1975702128,1863314847;722800199,1701845987;17970459,748433588,893544023,2022940108,1595457451;1
++2011162916,1568427950;1158584163,1186399784
+++500640973,1097019112;448881749,1187667376
===736015539,352974677;1145353707,916340539;935420299,1881445019,1102514948,420224618,1321905422;0
===1960490620,1963917963;1810077347,74550973;668303274,1333658624,470612922,2038223248,1055889782;0
===1824213625,353379197;1788065321,717988213;466075061,2090736067,590493181,1133533033,1567247226;0
===1786914738,1650873330;1945445031,1507773461;213778752,1320430212,253001997,119009708,1053886835;1
+++1254498036,51825322;1612567174,1775103945
===983026222,1414062083;297397616,1408001007;1610694723,66139591,796338034,1412169889,1963498930;0
===13037265,1037482050;1978074217,784527068;68023360,110528365,1361962705,804847830,1064732464;0
===1077915280,1174889681;1964130056,1206202030;627474788,1026398109,1744026671,1031670403,67410489;0
===1060168629,1609364415;905228661,798140841;1753476622,632659836,157785067,1582117727,1505325503;0
===2125077686,1544361448;1160995002,1609232886;304796023,227302293,2123018887,1506750313,1798435521;1
+++742795763,1230115119;19650577,166506367
===669953551,1958756730;651110226,1419236818;375238686,1628474205,1269679705,2044605396,611451058;0
===1031359601,1257111270;210072023,1685529710;1674461156,483417052,1812687889,1279907740,689087172;0
===972685649,118376920;1530334063,1826579346;1546792410,564289531,581717559,1125284673,995528129;0
===1897385937,1571833549;974145087,742388521;151429977,1636960842,1505714428,196539578,2091524391;0
===784907804,856489345;2121831038,675412773;582816796,960724672,1125670658,1934089250,69533271;0
===1290274901,836096828;1363735472,75801268;1818733940,1461254814,1799465833,1320302031,1301702556;1
+++192367206,36004120;1347624131,486840226
===1124345618,182590341;399246039,188681827;266120496,1731580068,2096351484,1693473143,1457815849;0
===433895430,767028323;1707431881,1475106210;774219084,1491320443,1465392125,1309919526,1198233608;0
===1084933401,1794642128;218266275,1156250932;1561057045,296653679,1583244893,1529935162,2138373028;0
===16427151,412237473;473592565,1596699444;10403219,1357405486,1970119610,2072139721,792147219;0
===1872928296,361654378;1685699744,1859968848;451399442,1195880477,411025809,683052690,1270549456;1
++2033479408,1518422037;731735549,530482763
+++541167016,271692308;1228632363,891968204
===2050473821,383516236;1598108079,1894013581;536328725,518705616,2005263419,1491990228,823226455;0
===981400306,1286953;1133520647,1584985669;1055602103,977200737,1448072367,179433950,524196103;0
===887773303,986243293;542251657,458028228;1615803376,1681549202,1221562073,979596662,295989840;0
===2092530918,1580411483;970272023,1519649786;928649328,320609443,1141745833,699984387,689368454;0
===1131110774,2090734738;1218618866,1547566478;288097150,2093337206,1313413364,48741115,2085560831;0
===1163066570,2068815228;581186542,761068474;1029244967,245867726,369010285,263600546,1105799988;1
+++117596905,310119505;1826655945,297029393
===1676246504,910525890;788243214,1439764923;615758575,1959490867,1634312420,1880755182,1403554040;0
===2067088147,868878204;2078165985,1126562074;1877472555,669566147,1707984413,1870234046,993713857;0
===1476801737,1135684532;2032868159,559388769;1308918806,1836493650,253819828,1748279680,842479212;0
===906439341,226096102;583597614,228351810;1942449489,166884545,426068190,1232082151,1503586915;1
+++69157424,453003458;1040223956,923519324
===1626544759,1959644672;1777910565,1483624642;968074102,234445657,2021141907,1036892725,1677082337;0
===1001138835,1404555369;889643206,218077593;721796792,197131263,863521507,646715791,1681537197;0
===1572378962,2031467646;1596826948,1161312074;160804588,205421897,10169460,1839784969,1571163291;0
===2059439138,1907234790;1776738318,2107258194;181741345,1281974118,1673459556,839478389,1692116614;1
+++1055563153,2070499239;57837509,303132813
===455725558,1174976951;357864247,121255117;357898134,1728694407,487062245,1823780164,938535666;0
===1527261781,778871833;1435274505,1894339927;1965235984,768988405,1952201289,1169923762,528776478;0
===564365764,1054276829;54163372,260497910;1212208627,638728486,36777215,2005021581,1613439346;0
===378301026,1505666295;1480239748,1794286800;1172894381,513047799,2015944525,1300265108,1702658343;0
===732645331,939675924;791894827,756562814;617407957,1905042140,614682333,1793397963,1519235058;0
===988717668,5123902;250984687,117505962;1389867528,1506313438,2101990255,1237811278,1336035765;0
===1528670753,1118522232;561195871,580663166;1669073632,551623918,739807794,269038926,1959730465;1
+++1447045308,543536637;532540946,786976940
===1535737494,1536577354;816818558,814829744;1893532771,2131719453,63801501,1096236453,1725290443;0
===976951755,210136695;243569578,104593457;1906448491,1426727448,1789325027,112777349,1404953205;0
===1085864387,1320257964;637815886,1780832065;1547652486,644420851,118719239,1478313014,390246131;0
===1677125810,1343577154;1803878453,421451218;720820283,142911579,991033605,1871390806,1967566406;1
+1481541368,1092129799;353826729,995347110
++173939114,1564889781;1752417524,355910740
+++2103926715,945393663;1995128234,1893437956
===1212370404,1812090160;530705761,1774622770;1429566848,1602824474,684682409,944440977,2147441847;0
===816730009,93271216;1810042720,1816380135;49629164,452895225,2114355423,1230334192,1690718145;0
===710512159,320346244;260638296,1170386226;1376024007,852544379,934666638,1036473535,1212111427;0
===1061535487,1197623826;1791094249,2078907431;1856948589,1203627862,359456412,112414241,1051726754;0
===425853307,1455493084;1797532809,1210282954;1926598876,1386848245,1032906995,72841644,2274511;0
===299739180,1639641277;1925830696,1267004293;1320867744,1098866118,469233837,825025772,1065951276;0
===1996168428,2113847509;132191625,1804725600;1612076987,1373903782,1409939746,210108882,1695918147;1
+++1906663128,1392356061;1575830801,1614962380
===1104089111,1374610335;54093099,917482122;934358919,1456776075,1930472383,1628736199,2114313549;0
===1367841423,1620048201;1378049495,208322681;1408012261,514433543,1585006330,1595564464,1825775612;0
===1661393857,1759557226;1581155229,272027968;497753888,1975506720,1835157225,1520792983,95417217;0
===73419444,1156829917;1485960471,1708152721;2111248529,1105923286,1917427718,897376336,434638996;0
===899299977,1395431060;349329094,1728774316;1011332271,494878378,883499190,2000960275,873820591;1
+++1028735340,1785383405;2050578605,1175579691
===1139385613,1883664389;1496134019,830806100;1443623876,1427006893,1087169581,622501757,1131825352;0
===1458020890,253500824;1005019288,1534691696;698683672,1804760854,357714221,1843502520,863114594;0
===476414301,408553687;1980487218,2108721830;1290705818,1458471037,1785120018,168953074,260015380;0
===867109477,1965186356;619210324,155578309;1930670800,272615283,492754397,1133580619,1924141760;0
===1613902371,1162436072;954381693,1552887346;681686795,1005482954,1936936873,565546256,1280435059;0
===614003371,276156561;216602595,633793917;1685164646,453073737,1158492508,1251216039,594628343;0
===1789319528,2093441842;462190751,1139436024;615834904,639301181,1667703970,2090505965,669212750;1
+++1457297354,321803905;1041956843,1162260516
===366700486,1363114304;34745301,1651941454;1605569188,1818004978,1410961237,1104170255,867053675;0
===601199993,440637710;1909367496,1581493936;814877241,314379025,1764614599,1677828889,2050944248;0
===446286864,1328668534;1261456776,112341064;1748784098,2084601279,1806466035,1247513312,207740528;0
===876829411,1606036372;1776288835,663147886;2039207293,1795213177,1943671514,2016500078,673827510;1
+++397130030,46827047;1647488983,1133083445
===291363341,223842889;1919432464,1872029178;340231027,1866893021,1727037796,1019932543,625146989;0
===1292982099,1424369281;1228562788,878581946;1053685106,2091364330,1130412313,1983538925,1704186149;0
===1894055612,685544456;152610872,656861000;1867049295,2113004473,1716507770,601437067,718741847;0
===1116564553,1936980854;1037062965,998053425;1940375221,11903861,1054125447,294099722,131577731;1
+++1716536839,1384237785;1420460246,451368523
===853660208,1148413090;31431501,1957950690;1026927898,757335012,784976342,366246395,1968983227;0
===748601318,54479669;1792325080,1558768074;1070092662,833441088,2145970798,1029914228,485726088;0
===1774454828,233926455;1494512015,20356626;303410193,2068576661,398025743,2058855545,1881904926;0
===1579178468,239907977;744898538,82690501;1499929660,2044535594,236553943,1983781249,1135451892;0
===1877422214,1744402373;913531126,1368660086;1472381620,1979351118,1591810383,1626552136,627753666;1
+++1092430254,286769907;1970794288,51923957
===907933048,845095932;144039731,2090204762;587088621,1041566721,367933554,96109004,762741938;0
===314783839,1662036351;700314969,325179152;461834799,663811807,1157029766,1658802550,315482421;0
===1594870930,1100789810;543514085,118368521;1205168627,1282869767,1843183360,2108333464,2055132485;0
===839040962,1555474738;1269611441,1683820532;2119199401,180293233,392219730,1795421737,231903161;1
++965823050,447923044;1339422031,1009959607
+++1527287584,1779996389;535804604,1079509923
===153294300,709806799;354202104,771268579;1438608056,1765819148,1138930739,880004156,1717958161;0
===406851731,1183834720;1223787700,1097009103;1028054376,933543104,2045884002,318857166,14742692;0
===583898829,130255754;1722097158,1572089711;267340143,777076704,220463508,1293901032,976460649;0
===771872240,1462884184;1059323003,1165710525;1502696089,1476314001,707470808,1171844831,297364728;0
===1872501826,1049750265;411626200,1429037659;821685152,1273268750,1376444746,1624071046,767359307;1
+++54546538,1000847304;1299707901,844700928
===1654588062,692183986;352757420,254671280;757876600,945685246,1312059610,1068227180,1218516299;0
===399667365,537741251;1297050942,1151354663;1748549396,604298000,1818344771,285926568,695331023;0
===1194009533,1984575003;1298986326,1291289535;201832021,1219991322,1312314940,394845038,697390209;0
===230102252,314113510;1010816021,254763357;860055846,430580826,1898909263,660912949,930739527;0
===604898955,1501145164;603964019,841032846;1729990851,1401343632,903842223,1623770389,493035883;0
===565298991,756514834;1761960946,261658537;1157278653,92962285,710570761,128212438,451332808;0
===735140198,1961441284;279898398,646264415;312264309,1671443952,692795823,2116197594,189466638;1
+++35587246,1293332075;1191900514,1896935260
===915587027,614426605;500043213,1707622791;618567607,1426860678,69871707,884238363,745091630;0
===993161557,802919514;396986353,1882330904;1505368318,1236626583,1690974717,2043917753,1253173534;0
===383856681,846643510;291687268,460295826;497289947,720808559,689302084,956232039,247455754;0
===508295670,139699146;1240871574,2025235896;1983926188,336205720,1107461114,1066934918,706944903;1
+++2040570874,2036562712;1495736677,1717150153
===1814281058,2136363371;1988666031,2135798873;995287907,333637907,2099413276,640830575,686097299;0
===372431957,1204115592;1142235430,679830594;1222391409,491789652,1605083936,1857308516,921945162;0
===454507916,145183841;1183522852,967543222;904054502,458578768,908380375,351637873,574302062;0
===903877570,262486948;1210786927,764432285;768651943,1646530302,1883362059,574018270,217288766;0
===1321663544,24781578;205938366,777287992;1735684815,121481908,317250750,1240881665,148666650;0
===1679596867,972407150;1059514067,586798187;1121543862,27020314,152309260,381417788,1412336847;1
++1165961688,702832843;2064307827,38911703
+++847524160,132130184;242875631,705894113
===411725247,1020782719;472503849,1410283821;1631601186,737824167,623878808,1497193399,105560984;0
===942925542,729179299;2056025834,286971280;1592791838,1439333295,518812348,1535748091,1832761763;0
===973572119,1408307931;936911617,470589390;1677320635,1211138220,1388135908,1194072390,1288611796;0
===55539323,975018287;17932121,1518960505;1880825612,1664536266,516297220,1571400793,979811156;0
===2130655876,1265312259;1342783673,1076936696;769021932,1451463801,1458922543,213117993,142147193;0
===468415087,1968709925;1067006080,764835866;32353710,772281633,782230275,837723428,2036344463;0
===167437278,110354915;239235443,701586376;2006735863,1788425898,1886117746,1075289787,2104561096;1
+++846579462,1721443622;302349396,1807912943
===1934203347,1845969696;1577112461,68327940;295664839,842079145,213302234,484445596,1562403531;0
===1963312512,1972145588;438202570,457680818;266598789,345656054,630071410,258892160,186939189;0
===957653129,147920505;1343517344,1002123297;1643022414,453513575,2128557822,245756043,1986395319;0
===1525988225,9061411;160197874,1647659723;1408515514,53334231,1871409412,1116800216,1303220827;0
===368204025,540328857;1214427598,1934310314;1201477756,205978022,55224602,1482759789,1164602519;0
===1807505824,1084481579;1018567761,1353189848;1507025612,1307069295,1709383175,1242327760,981467979;1
+++1481675480,1055686082;66438939,2025633903
===508492299,918423849;2016748447,1343137934;66158679,680255379,975577804,1464504077,1383888741;0
===1866632903,1509473693;1022304559,214945355;61969449,1214289473,647477047,1838444593,896109174;0
===581836788,1834128276;754549131,1162315074;1943429046,1579248902,374768878,934615840,578337618;0
===1654650840,1003131965;183197168,736517971;2108819216,1861988331,825387027,742964102,257788833;1
+++1177023225,668683974;1368390458,1927006030
===1692517792,493354490;1853179681,919715768;994585418,415190062,821571008,1795407060,1386242739;0
===42617206,1420362870;1398220271,980403950;23434574,1300624046,1394057881,943363259,723642417;0
===2104632795,1876007817;2003657289,1333770240;2081182169,1692445933,1841829170,731741211,337741487;0
===803523411,401492448;1654134658,1763962075;1975331591,245767362,1415420401,1679446748,613418108;1
++549732392,512816638;1596179902,988051064
+++1966754287,1605239982;1995966320,297955025
===1762697223,115048951;317326950,69558382;1459856933,1799410656,287528599,1703255741,1288796840;0
===1986390695,1104195002;1222232173,1979337576;1976657630,1272315140,2000757181,1198657316,493790768;0
===322716429,1066379644;67129854,629859965;264473122,376484556,1841300485,278343551,994208857;0
===1710911155,938620324;977633317,1343892116;1598537097,877929682,52947884,645394266,333066341;0
===1893821241,28102589;1005293757,440076968;555390496,65180594,1762345257,440994888,1916348959;1
+++1990299163,1489638466;2126048963,1376455110
===1975777300,1328408217;1633922599,2117375367;1842881693,1560019941,630311321,291478512,2100015402;0
===2069876765,2007809870;1290004241,234506578;790660774,1835525965,2066823957,35324029,2023857295;0
===2113898930,263956355;1006889466,42135653;735058685,1512413799,184643626,394183110,487838229;0
===1620051461,1621453682;1512926735,180192271;552965461,45553519,1572040475,1035924636,1070478096;0
===1544646261,524833735;570309101,1305736505;1958451781,842263015,2019130541,2099922671,1574319680;1
+++1417147448,1849518576;1097072699,574983485
===908387701,1756742354;345902571,1622574493;1529233538,788713120,573078026,1394416703,299834926;0
===1695570197,964654423;1319863568,2138586865;699156280,628443889,1754559225,1931054047,25134492;0
===1145243326,842077017;1130388932,136330332;1333505184,1361845769,428653766,402312107,1683157220;0
===993989755,286221405;1485026076,1986653833;1434354197,392489773,1414530788,1694561102,170828029;0
===1402742651,759583072;163311898,313027251;1061931253,1897475160,1407625968,871108913,764008856;0
===1933165884,1749309268;675821818,977933646;1596602183,1105193224,2058695985,9913311,2007671518;0
===230182676,1339853686;1581786605,2008176263;2113504306,797347721,316078228,248655586,1939221545;1
+++1465511715,459868846;601385641,29652498
===827471943,1388785938;430294384,381990145;2121280125,616505897,1347784368,200097298,2010062723;0
===1552507102,726240344;30495106,2013291312;8935088,567485175,729380907,1915358506,1591771444;0
===983084688,1637565702;981706479,1430524012;187917600,518245573,1901730916,1989311180,1661577124;0
===1584160139,1761534765;1430145717,1187494422;1399220108,273165754,1251458285,11937969,1351177079;1
+++1236510214,73320978;859050874,1748028136
===1457055200,742288037;548066041,650547195;234557912,459467234,1451570134,1767921724,284008290;0
===202419061,1499901441;1451669011,1373185251;985955836,1599724108,1691952721,1515218030,2098672785;0
===1279799943,1029271446;573753406,737711326;1185488875,1156328906,869973095,1048570431,423044985;0
===1057049709,320598649;1072634089,1862092513;1253459457,1251728954,1341058884,918616776,1497993964;0
===1486617096,1756421256;801686529,839636142;198083123,1051774136,1650470634,1923983049,23477578;0
===1208669219,224395735;1141258292,8775710;2060709425,1439120488,652392940,99139058,1967121784;1
+1900170673,1121586705;1962587217,520537622
++607995173,1360056720;467213144,577112866
+++673521362,806861112;1946912197,2019763264
===755445670,84841437;290326582,82443895;878754451,369848367,1594389382,528061081,1942094355;0
===2051165559,1501560416;118908573,799275647;813304841,631135066,1196639656,1182150277,334796695;0
===16536104,1049036033;345459448,383021183;509457865,551587999,452663109,523730815,1968854560;0
===1934353011,659221444;705952018,1771765935;2119497581,443250444,1116969006,1629835274,596362083;1
+++1563573534,148324025;1768029578,167337922
===1707385490,1433709514;87536419,1521573442;570906149,862445967,1295136203,1670003521,118674371;0
===701551305,405269140;124887225,1976383255;645716007,1104658682,1664178986,2112611233,1580869908;0
===1288476914,430589675;437344444,210846633;1049681751,1644864539,1070778630,1975226294,1303258005;0
===2111596638,1877821944;1074549249,674272275;482520032,2037486709,288451889,1999271818,252388887;0
===1452958097,1673904609;16101856,1492303925;870776453,2109847302,920444378,2130073252,730736588;1
+++1728052812,203414371;241925848,909723899
===163731932,522558395;559992008,1904455414;260570788,1894038070,1049067692,1009670481,768334677;0
===887285673,576728184;880085221,781404983;1666244663,1428778813,1793293728,376491477,1854997993;0
===1526265700,997703126;777454292,693137292;1661227568,1837923941,1723670020,1098568083,722969437;0
===799866768,1346719723;1997931981,185906927;1925127564,1696838033,1431546789,149320296,1175017651;0
===2081943173,1385316350;110111804,366006182;1093048916,948679446,383915084,937379024,1601637000;1
+++1824709845,344452318;1124024522,1527176736
===914827065,1194169604;1953966345,1100857968;1623078413,2057886762,1867166350,1769150603,355777227;0
===1956510807,1775449941;1347130234,1944843638;2027727350,419754061,95437588,1733245128,1124132718;0
===1927184506,2039267314;180650923,1425277347;775798968,1955396910,2122810123,888444080,1382795797;0
===2102132181,587964466;541321624,906284827;2049423126,490513630,1195098893,168865503,290977970;1
++991639917,34914704;1983701036,1795074738
+++1869783998,365813015;900740917,575404009
===315206800,1538297849;285417721,1688232960;831326053,223749970,1893028659,632246460,1003115439;0
===2120169236,1277052834;469431806,747394190;798874243,1990293131,2024696823,32092390,303674920;0
===110593916,2072243011;513051053,1219529590;798982939,399490505,129904952,1922604611,2089579826;0
===1478012066,1322423683;1173715908,1473942078;2116278972,1284095237,459247451,1934973760,495249323;1
+++1057221211,1865879831;1654290911,995512779
===936213546,1346326198;1768518979,1238913348;2048306366,799317526,883963687,1372354190,127676335;0
===241863148,130990593;2135146215,1755245828;2049162578,23323791,161186993,1552171104,495280930;0
===2023800924,1059213977;1077330289,812960767;1485925915,1949536703,1055602691,897791730,1160365652;0
===883926579,302058955;906285173,1238978885;1601771869,1083072066,267929489,553654299,611682827;1
+++472765042,391026137;466479067,2077320099
===1971219553,2059922061;1905957045,932501810;1273147595,1324176744,966101905,2061685313,710716898;0
===1097292164,1270178310;302353986,1756645250;1963837444,1532047504,1593632031,556622131,323631175;0
===459668943,71334145;762705907,1364109930;2110446434,1024019584,631196448,334700402,574844949;0
===1297224161,1806441062;594019647,906044226;1283497072,988544262,575934420,1331944930,178773705;1
+++1884018345,879547833;566594990,2029071674
===45052860,16956058;188088534,1426003121;753113432,448233500,563473979,160676202,668050550;0
===1484249017,303614756;1759108254,1601857152;221947651,977192120,970490716,314119224,429917784;0
===181693091,1043634938;2045919702,1519079030;168084087,1097873029,1238198831,385203903,1683826969;0
===322612764,697846892;1336872956,1375246054;2135645664,1377761232,1186287496,2036819169,1126232029;0
===424514667,1207590029;1553885880,615291816;1807710925,781310089,1112381077,602232009,1821685206;0
===1174547527,1805556162;1768520724,1827356962;351137174,228913345,203870741,61228832,1226292510;0
===1851152152,1601132793;694911177,2129632040;1445187265,506240880,989290766,1203976222,1242715602;1
++1075374589,2112581899;1554659145,872124179
+++2018574866,1197233202;1523647151,1837781511
===1614006,1067889995;2049243725,1932924812;266431062,47599668,1630466380,659349306,756564588;0
===1934085457,1819140384;441690104,182050950;269916719,35916177,1538313820,1459971031,2097240880;0
===38613788,1824267246;1577658707,1238821040;1062051665,469565740,724680459,1988757988,1867517656;0
===974379092,1791038437;2066457202,1689908666;758134285,1189905989,1604759832,1971903794,637684975;0
===732561836,2122107480;789316377,829835151;584769825,767631034,396930979,1651317562,2121605711;1
+++224701738,2097869601;341103879,106446846
===708726032,1079215336;505659775,1684052942;1387010329,604312560,419661926,55936695,1162655688;0
===1092194328,799653146;506348229,1583301666;1538055602,1211963256,53262861,1907560056,680178973;0
===763181779,898305489;548620043,1748351202;1135903062,1383283806,1137866821,2059950744,1348957143;0
===1993188373,571631781;1758469813,832478808;2076589214,536937693,1321499289,1380587150,1403211700;0
===1879096654,361899506;562937188,1262071419;1725391805,924683690,660637593,1609437232,1269807768;1
+++260143297,1398752098;1450460979,2034814845
===437553276,1043039564;1673452330,1762720747;689486843,1006581470,1822641020,1731834115,1976521138;0
===179757457,1346015146;1465670619,1831671510;1482157323,1552035917,511829029,947396268,518371544;0
===883510956,1324843406;1584108809,649084814;977765577,318628629,1064106400,991023399,81856997;0
===328117690,1757665358;1612259330,2082290040;1301477742,1801877457,1188625708,792277650,1658689558;1
+++1799054184,1303124766;182022040,1349999536
===532138993,1979845536;633067109,1734977062;1277564890,2141482162,1930566377,2016019444,1678660195;0
===1948859615,2109414241;1748692286,1991261089;1444805063,224804827,1420803342,625252457,720687299;0
===1907375598,1581665067;1519882828,721185834;1695056773,54581318,1615480788,17745531,668588128;0
===983442056,902800848;1047664655,505624371;778185102,1947995854,925234117,2112195290,1807356271;1
+++863169033,1743605363;1211490043,1637493372
===1027306692,1077834708;1227331705,2049683996;952577598,729750983,690496261,468790143,1821566669;0
===1639254367,56708490;1116271020,1775904773;2003381740,1661154606,815757432,1415975371,719086973;0
===564528618,1676333156;1805568007,339310856;800670472,320709000,2042601326,1818518217,1387614575;0
===2123126276,55097571;544663206,1391946276;501341028,1458215840,443734091,1619679743,800280332;1
++145418422,2065139403;311510084,1183992700
+++1821994770,2100448219;2057391625,525867359
===907809011,1020057112;1630107009,1867436365;1734236563,1851061518,885033219,1845197996,1303182751;0
===206252868,279598328;1708306935,1425838607;500441802,264727365,227476613,1029405369,714308196;0
===400906483,799706059;1068203370,973711512;1867546046,251089829,1162110660,322898496,1623736553;0
===519239871,1203591978;219075940,954929764;570505554,1108807573,1958086407,1833701733,1707178528;1
+++1280174541,968460859;750858814,1045624120
===1811135971,184132445;190359268,200556359;1557021986,1059300351,118869836,348019843,398658589;0
===875629081,252975594;402876528,1235999747;2067653105,1623129694,1773053210,742030713,1937072057;0
===680185949,773340968;1083865353,67713930;456729430,998776103,115483185,297156264,245403014;0
===507662274,365479818;989292867,1333504927;1594511721,1171684168,1711863636,1354056621,1976053465;1
+++1478708593,448084263;1593676197,1950958217
===661450381,1598508286;1323613252,1598699234;1529471328,207574763,907163006,942359583,293969244;0
===385283150,191313731;948660633,434209760;1172730669,1104411625,896106119,1147593835,80581532;0
===1210172229,590023314;1227890556,1863324347;894865786,270996221,1806157012,863437828,1368348012;0
===2090401801,276889156;331426715,1915441579;476121659,1525275384,1674340311,979316382,2121735582;1
+++307215581,184733813;1929680865,1037716992
===2008825533,603344467;1924441685,1028242213;1656150856,1842347045,1664095496,701861662,837212149;0
===2109682832,1167100862;635318598,1850576142;780530859,811750249,1913493555,1014689979,1921006132;0
===1008592735,1072864718;1768335919,419372621;1373694024,13082204,467288929,2041331515,1212257134;0
===1486236373,1958786585;2032729102,1220214174;2016196,355287147,2035235889,1839014701,1834595258;1
+++582313592,150556949;461760829,1908888617
===451153282,350686602;656048013,964386420;892161782,332776837,657655278,453110120,1279698758;0
===227262970,442064903;55720095,461449010;314473589,1660318763,692839051,676458729,1339504198;0
===1151012256,872418612;1613764635,1956426159;120988394,1280646534,509312399,770913453,1921890982;0
===282942715,53941293;1504143416,1332187976;784254302,629064706,2102695190,1272510713,335528974;0
===1875173394,1607606476;1320585357,2061156312;2011225489,1325363118,1802203417,1399102028,832866456;1
+++595398218,1583887387;2106832486,668952216
===1484408632,1834090535;582803761,911862412;1958938635,1850714099,1001163794,1385192966,671537413;0
===1172588823,1941207949;1378598747,2013858377;1956447529,258326380,757276862,818856661,1219413762;0
===1517134522,810737537;984320333,1008483723;225142695,511484962,1200185751,1896242704,1633997833;0
===1839559113,1710843522;1009851086,1400896620;179899181,1031398500,173784340,1499393050,352777321;0
===1380307594,1871413932;443954248,489919646;624823898,1231168338,1724758091,712456744,99675397;1
+++796026013,522837612;1576071791,1932786898
===2023383848,494506046;575827413,284027769;214236740,2028518005,247564747,1023613430,1469854023;0
===1036301070,938672682;1900928571,237042983;118471167,431487658,1920560240,897825863,1443599947;0
===645752482,1701420504;885255766,478907681;2145752828,313930177,2098563236,332219116,661794218;0
===388771212,804772946;1272289407,1273014347;184224266,2127706720,2011329153,485412328,1081603961;1
++523392297,463272309;104005682,2026158141
+++1512108598,1707078903;884816023,2097232094
===2146540316,1519821503;1746804026,1413463627;1378660601,1961824246,514529878,166255093,1033063036;0
===1945774726,1250335274;1712880986,795793099;1489195874,1794813630,1208242125,36362972,1517767455;0
===796537870,1294311403;208684719,1527725761;96798833,957771742,1810784138,2042938654,538352402;0
===2009617505,1519209912;1227667168,1870300049;859432165,113411626,838678680,1919293857,2035271835;0
===1833764558,1091761790;1720924610,1185645447;1097757160,313140623,698104654,2044823214,441415811;0
===1656874725,644090533;956216283,1032280015;1259091360,455715115,622053518,781054973,304654695;1
+++1479887864,614861748;1592317283,1018730518
===1181619384,2135697722;890811713,1128341212;17891796,23773487,1446972865,797935052,225197145;0
===853229022,1507552865;617356070,684639372;1189611793,469919083,1034152769,1947410732,2109848399;0
===2075060237,919407909;289044106,60963321;1644229762,389721282,1209830445,746812604,243895530;0
===841206998,417981273;591590151,665172887;1174760775,1415940896,1262619843,199737451,1262265631;0
===634415351,1980623965;761285701,370117000;606372140,1146641525,1154705214,663470192,997896593;0
===882189203,776948307;982469540,98173533;522075864,1871330879,965053691,327493587,1307372630;1
+++1881940470,595757454;1305836420,1461108481
===111935340,219824011;1395098818,701482963;1380219917,1166120949,570013949,1555431188,195088526;0
===346654083,1196817648;1015312419,775437044;131518739,568667896,1020828822,592536810,692270636;0
===1220093706,1041589358;2136581564,1412820747;142337367,1044721351,101444560,860982831,1565409072;0
===1905583297,857902186;1723425327,787347130;25877855,605119922,565967566,1447513812,859643999;1
+++1425158730,1432430912;1179696002,1009550263
===314649708,1089801062;1205940211,1693774342;351106917,1386259284,1774271899,33236094,557585239;0
===924925962,1877283754;819611913,1437592540;2144039136,164872455,1672456394,142935816,1646594579;0
===182239667,929074215;943803795,1998400513;840238180,210332347,1489908438,769394245,428328668;0
===1185105001,1062122310;959217859,1185775626;1363701406,1916306827,1628549621,1904893060,1423277727;0
===1605427654,1684493658;200199494,2056066080;1835007502,1216291388,340316797,1364108275,537367227;0
===2048218000,1918308442;1025727716,1287956677;893258715,2023694069,95682397,1290689096,1103689133;0
===1387173783,925420722;2102935897,984775750;88432115,1094015345,889528327,85935614,485615082;1
+1104388087,788907911;1327482516,1473702990
++1197061764,447971351;1095925833,783269858
+++2049534854,273478551;550992161,138337176
===1588968756,18761668;477296699,1612994849;548771610,161945045,1109763941,526870929,2065354948;0
===1804381293,1269039615;1343502157,321651491;48482740,1636185136,1983066754,1364505200,1851674925;0
===1681111605,2096750438;1341010474,1723116082;2103068932,590040763,332875513,611751653,1254237768;0
===65527549,1840651842;531929952,883806614;137038164,1393082177,140228101,1434439338,1649305894;0
===207561987,305330111;1338672127,1280997421;1491173145,185241743,787413012,671512526,1016102648;1
+++1500080976,2089065700;1414811492,1420343361
===527505461,2062101944;1052580788,1713924854;674450555,761776657,1113880390,198027688,1009905763;0
===880405427,307498978;444061280,2005952142;1428693226,408909077,1568932360,1660872591,1585908554;0
===547135452,106709474;1827944441,2088134993;1197850159,1186632651,1022120781,422250843,773749807;0
===1539411289,1734428001;1707442658,363247518;513018331,1711536369,2044698679,1178364702,40807795;0
===1781417232,943076118;865453822,843579146;1741977299,718703262,955970328,2095470101,700112855;1
+++1585601073,541334689;75151912,1882626358
===817598087,1484782751;1684057135,73738605;935007156,1156094497,319931624,1578894132,392202329;0
===1631712768,263257528;870222665,2053149509;182138453,651766898,745982812,1957065767,308118433;0
===389875175,1714445872;1612322674,1803893032;1348560043,590180356,763546799,1105338382,1847906707;0
===331999026,34552636;496508028,1445042802;962023093,1906819066,1778482607,442387137,169122962;0
===787582455,236478767;33012893,625711465;1682814659,828389477,216785628,288784507,2008163781;0
===1066534905,219704247;1739164281,14225503;2063092741,87191512,1369985120,1420360008,275627762;1
+++1583385524,1619594097;1070235728,2036761094
===1733443558,1376193642;1627692033,1730703995;431111118,1633196075,1459816747,2033848151,1203799623;0
===2085939673,1191371273;1346912495,1658635988;323149760,1750961231,261966354,421646993,820061306;0
===1006282089,707363381;1814490446,18673622;762523721,178773040,136555211,500921207,187368287;0
===550747193,421465305;1156042960,1872862205;1529750124,669028253,1389130291,71769434,240434074;1
+++1344305977,599130278;1209089542,1855660523
===393259317,269838264;1119755452,1482154329;1023744582,653234792,277508957,1188366757,518221050;0
===769475270,2047699043;1662433377,1019065122;2025310998,1484206797,867420803,317893919,1431389872;0
===1796733229,1999602191;1740720410,701272409;840319088,1053278718,1359537018,171939220,933292143;0
===802954546,1266142720;1134336510,1161830621;1043403078,1037452720,1392780792,584890504,1439310263;1
++1174196600,1204081374;795736584,2094320485
+++158807623,114250529;1140160178,1008476968
===778523133,243255841;533015222,303674772;1650424175,1231109249,14651220,1136631751,628515754;0
===2105783385,1346857245;1368079849,1644342765;1601624909,736366467,268828744,772605602,367305984;0
===583232802,1536034556;312587027,884396156;1838933119,1104361835,1459602207,85013900,2143950932;0
===1480352412,610554950;485995470,1453019802;772899907,2121346119,556392161,248661686,1468823450;1
+++1738198293,1793208698;1112516710,1892809886
===478606888,1436930627;808385845,187908189;308234500,2012547611,762515714,1693154909,524052518;0
===1501386244,1820068926;323862804,310293507;769448956,920979148,1942675983,1655670195,1384429209;0
===1614617969,1798106504;123550394,1362687295;1533728555,1504208041,1896985093,2112614533,473935493;0
===1607809071,1316362351;856375010,1680360517;547030467,966423049,840740024,1629699108,1501079863;0
===1539824861,1844911165;521431032,1565479826;1791269961,23909616,2126871083,1738931741,1899389364;1
+++1390627057,11810108;2012276364,1688259747
===1325864856,653211848;389278572,1474348823;415983955,217248148,639634399,1775365570,628037656;0
===458127148,1570355215;473625776,1073323951;1860562071,948718900,495161669,1480371681,663482059;0
===635267676,1381490684;1126497666,882711291;286976544,1853994987,1608580241,247311246,1536483472;0
===657098683,1573886882;1375577818,1662149807;1151084459,2061629797,1983859123,854974015,1298985097;1
+++779502773,2022252963;1791603272,1610026966
===1565634699,1951788920;518624928,1575008839;1143614957,1121161859,502188151,1021686150,1801192204;0
===1857953392,505284830;1408681182,689687322;1394033397,1463252239,1516747448,340034116,1599555759;0
===482668645,1912535306;156019469,315975813;2010223608,409573186,304307806,1225319607,318576422;0
===1452876845,1346101434;880091731,1710875286;1795304420,1772049944,880726978,244138498,454217233;0
===1698841840,798353708;342255973,1763772467;620121823,970521165,1909978647,2025773953,881945086;1
+++553126475,2090698266;1420836001,33786786
===255759507,1079311880;1715776220,581378045;1503809178,899701523,1803726216,1678469088,1999781545;0
===616903967,892508638;1820196878,1690771809;553079126,1856452952,1553276703,1002048512,1159006790;0
===695919047,876343867;1955878036,746396175;696994623,1638719396,59692724,325983033,1411613634;0
===608030164,2048899579;1884510578,284033901;1481519805,1358120215,2062080424,1514237406,328845334;0
===1455533972,178161431;1737046799,788566704;8904073,1337896672,1612650256,1720266081,1298589478;0
===1732280020,808880126;1684302738,1704763959;1843925213,1785492993,1352318902,264939903,1896814371;0
===791300348,1953066649;1610355675,1645331151;1955499077,1723268369,1068524945,541370971,459272173;1
+++1974886640,265049268;536902426,2031308198
===1055435477,815387525;345768026,1967576224;693451756,760594720,765393268,350093645,1699525171;0
===1789313076,1062387;1008901026,2145285817;1732825396,2110863384,1807847405,609209703,1978221405;0
===860245118,570563249;595189671,469065625;1242804177,616932971,1457278049,720632987,1193554408;0
===1356373704,2031114567;445908777,1390778206;92220694,465038848,1595971362,648882770,757789813;0
===1926275473,1291861607;1838681887,1759192399;1720652008,708847991,1528510724,1643578157,1015883360;0
===346519533,1577639978;83504414,2088248798;1330546829,665481157,260949836,1247455871,501875640;1
+++924009701,1141900647;831247770,1465153236
===727533998,1897003147;317808601,1875960273;1963648178,2022316950,219297216,318330899,107958886;0
===1426394634,343356917;1802095356,2126971237;1408790234,1263924853,765400482,787147097,1133610411;0
===379749229,2060015066;132829896,629273390;450776703,287913206,559072609,15092522,1779764246;0
===1608859372,1427417019;993282871,1400739858;1257516636,1598711296,1772904733,1400803209,261624018;0
===1095290620,1577505861;1483854919,2143285101;239108937,730276096,370643005,1165348770,1138109074;1
++1273569265,286250487;24263654,2097195535
+++374471710,13870387;1936004597,1155813125
===639900058,495981571;356605188,1968798501;357966397,1519195129,1031600950,519561665,1210513664;0
===2065283208,1357800909;80272561,1934907682;1050677524,530226523,721440478,1997065950,1659690802;0
===379537260,1061723279;981760723,1897996723;1186544421,282607336,780301103,1282944551,623721402;0
===1979419750,1478499716;470634590,505329311;543037580,1170558509,612525173,1819808240,1811088846;1
+++375055532,1424157324;1869867962,154130561
===844747611,892344902;248906507,1007806607;119361363,899522482,1928926053,236121647,119283719;0
===813143527,1054915359;433550058,1381296664;610782467,1532480983,273798640,2009970279,1321648480;0
===578595012,1167103627;1029717435,540877389;1182026732,2087225629,365970453,933781963,643645600;0
===116388677,476711946;1026539847,1214817930;208629030,380079783,120434793,1282908056,822695583;0
===197937530,1938143749;927590921,1711167562;770455406,474829561,1575171955,2063889501,73573595;1
+++1978904819,1009875670;59550787,1249721296
===1292200789,1313664212;1806870453,1571249425;1929395143,1994383840,1759741639,275475864,1748065508;0
===1746406155,284781283;928896641,927439328;44348736,634205456,1806964667,205141918,503591746;0
===1940226368,1843926588;167324877,42011372;120798026,429266920,406652786,1195227817,1673146755;0
===502533146,1557161436;413673704,672951219;2033699045,346954162,1798741448,1168432105,553689299;0
===1241230071,440852583;1252076546,356152777;541977910,1301027021,1598878724,1211036198,354451283;0
===240962699,1563200129;1638116963,2073184157;1239716097,1095741667,787481962,1743033310,566073025;0
===482233797,329449788;1134695139,1801366434;886086129,812587197,711022383,1244111255,1086920965;1
+++1748060558,460198032;1317767118,1215582771
===212514437,335275800;452519761,454287409;1217027552,819221892,908641192,259423307,735906252;0
===1232646305,40062410;17629358,183495894;1375184591,1569222726,1880894710,1631763279,1095985741;0
===1803529442,1798642827;1755504428,1716462816;451779686,622032501,805321458,1323336296,1837998140;0
===1889215335,1050841544;1083043499,1622828421;1141718697,1324280292,1134986372,968402422,1687350569;1
++1815295802,167699536;2033574679,1969082376
+++804159330,1161681329;1406130034,1883538855
===1817174742,391036038;1515794948,1514812979;727775233,152151681,1084903087,475996440,1393099435;0
===1328612174,1492022243;1203559167,1794766736;79294476,1293268520,578967160,685012214,1564227701;0
===762134622,695587468;1337739086,1490948292;359556603,1327212752,165156617,727204078,247967672;0
===1884879666,1832899118;645664020,170510289;142540940,2035427519,34261426,680236162,338638674;1
+++1522606157,407341241;1821293741,1961327836
===834395551,1997396560;179303888,1738189268;1155944689,1872648993,211875810,191417937,397330599;0
===1804331293,153956065;536403485,1653209007;1657272454,1944370559,2122146010,441198127,1165698761;0
===203829528,485926693;475602749,911192443;1069788756,953950772,365866785,471795483,544882826;0
===1867245873,1648287731;834766341,1647329427;1867732557,1935831728,901166789,1802425202,1648646550;0
===1591669286,1399830607;172486554,743185522;46314313,281743681,1980896285,865919549,212205683;1
+++442852033,975332213;1529807922,1973301790
===574070998,1119990185;1260132629,890915779;1640086054,1901716421,1752358039,107489803,1217100626;0
===1485625596,1373638048;1029819034,55989823;170960358,2128337558,594963797,694335990,328830146;0
===187060333,1178467683;894052208,1981379773;1599898769,486400101,1558958188,314158788,65325439;0
===591962727,407632122;1189168765,311672243;1339034717,245388706,2063510242,882054165,880272062;1
+++247733848,320799507;574095830,718048438
===1434291625,131858836;950113250,1275329186;118346089,863734134,81986568,1753587317,208470673;0
===1535336241,275290334;2089739782,1055621775;1549051938,1553955525,828793068,1314804714,296071257;0
===1810382386,1972233927;596934320,1256160347;726215227,1103812066,95199920,871562573,241374284;0
===962289750,1853744969;1628926713,1113602444;1070967838,544823368,425803546,59721678,1375848458;0
===1541493406,700911682;1829728492,686309080;547854262,1632092948,153519334,1324058531,436926122;1
++1499139356,1809357988;2139014925,2125331591
+++1609634613,16471272;491888319,1481648729
===1120075635,763469151;1006114552,845220463;1205687657,1695096406,1377995926,1251622080,1677496124;0
===1275575377,368453750;885881543,38146972;80498442,273591146,1950403526,1630205566,1501591321;0
===138861099,305880232;1940529180,914805861;1697318773,1932001105,225002840,1561490956,357775422;0
===109278742,1785958930;1866057708,1893210794;1238971750,1902678796,1355523219,209761760,518260376;1
+++514240823,915305954;317260995,2069598447
===160981645,313984070;1911854764,1920627278;1751418088,327145602,1031732557,447367757,2046736226;0
===2103811101,5222820;239696252,172137954;1086006266,1800418265,1032295229,1756291658,65235741;0
===2089197673,877574921;300727674,1392029711;1522454854,565947103,1987883315,1154201800,135826583;0
===1817643483,1581268662;542875211,1876391892;1598163441,1424567333,1176385637,203776854,957685991;0
===340939167,110197501;437747728,1540527924;150851547,5721250,1172560910,1213931972,1068337230;1
+++885357295,1956164820;1061095280,263034177
===672712246,222479532;725751566,1706482324;1273392187,1563818427,1438302986,1447861710,1802745315;0
===596651529,631923292;276878858,1038638236;723869740,1367915567,828752846,1098038593,2050198683;0
===1017299814,561823813;1729273802,1678760608;1578699213,174693381,309763776,1107936466,616530073;0
===199553088,784497321;1632413643,89523794;326089848,502792031,237569372,313360554,1553309380;0
===2077339497,82480258;190061170,1535568560;69788033,1272285342,1785369682,1033905729,1510087034;1
+++521256603,761926600;1743256942,1364980200
===1491227308,647726339;139912357,1849626251;1785358682,1086253450,1557934430,1100318163,52122522;0
===122689579,2068836261;364039933,189161679;1405755947,970973505,1110450118,1995811409,854520742;0
===1757244505,102657312;36653695,789801820;383114389,1345114008,53289076,1821327981,2114484893;0
===1005889606,1176295867;1897225726,1544113416;434129580,928474189,1348825100,1607994328,1023239481;1
++1920227836,766418886;646729601,689089443
+++2087267854,739451451;196628847,586287353
===845969455,846751132;1019988044,499005952;584051383,1412979601,469623334,228491950,84732738;0
===2088635702,769393568;1048694332,805404330;81162119,539258396,1138298423,1249899009,834455580;0
===1389793341,240560880;472189702,1083052067;1029499405,2007564517,99417636,521076411,869931131;0
===1799137401,1979005274;2025719250,1201587991;1475662197,57416630,1163632791,1730144426,113751754;0
===836888808,1451985125;1674241389,971257219;686670556,1169434515,1598593594,465260259,1721500069;1
+++1763546583,1022488021;278192302,984760614
===1040440145,1193388402;1241860816,1725210501;593969458,550056950,1726430745,1533008897,872736807;0
===304911860,1436821048;1325223384,1965272318;525957494,672641415,227748887,1247870752,1411318249;0
===29097213,1024793240;544682342,1136121993;1383948408,840711519,211159000,991752481,2117881043;0
===903238321,41049203;8896471,1658842286;997321502,2027092823,1344154922,1829232126,763315817;0
===1845352797,794953384;1135288515,346535741;1534473677,1961496066,273727028,64792957,1325103337;0
===1990637614,1232940283;457717385,1444594307;645881123,27062063,1665329754,580291776,1028511054;0
===614134211,1504547576;218447240,2133111751;1273677969,328015378,1470438721,1715264588,631594109;1
+++747229419,1292341026;1663878685,798643940
===655061990,1985447183;569826390,366018014;1388690134,1099699776,1032047850,197885407,527320084;0
===878336609,70559051;2146780447,1929958344;1792593050,211489447,324398008,770230711,347629308;0
===1770879614,1971613714;1678074888,1695525444;571780268,183466668,636467528,1609352547,490235496;0
===467233330,1695536172;914087513,717018012;1739028065,547927940,696913655,34496949,2000805538;1
+++1477153107,632658480;1591082662,1468744545
===2001267724,2040898102;189309353,2113592830;780202101,1477612611,209557878,1212242480,1150949491;0
===378910644,355815146;1139052816,1767886707;1260213841,2006890123,1352748598,897998157,327774205;0
===845081883,891215384;278383315,502700968;618397026,263238231,1319563258,75144897,1144593925;0
===1476407172,332324089;1910978042,1642302424;1762719082,1742088236,191156580,1057414987,432131503;1
+1886140223,187896551;1881104972,230469288
++1782085317,926025087;255628348,1123208050
+++863964439,493210920;933208357,1083838745
===781080122,1177425301;1182901525,1624803945;120574106,1373696897,1225615657,925426652,94923819;0
===1140761300,1251722616;860524088,2143803735;844764064,1616647673,450522385,1767054780,1389664998;0
===1573055234,981259580;110804982,177492306;290656759,1757884242,72786415,766018545,455880103;0
===2111469002,960420513;231985235,842486615;845932758,1736827608,661089857,713228354,1197245272;0
===1820558388,1377898929;2042188097,2136155115;468894721,736960506,1646498598,1316441034,1955587478;0
===98559119,250430240;96592745,2012284528;1134618130,1897089281,823177971,409301021,1756828256;0
===1232619460,1654901155;330733166,1632150671;1801957198,438577732,305371975,885732775,826565697;1
+++1545208247,535997256;1930130775,1704625171
===1534048145,2079252699;1504611827,264300089;1730223660,411912145,722210718,1937550093,1809445611;0
===1752759112,1976188074;577918652,1371607631;494986047,1770038964,585510673,164755136,567050316;0
===1536587745,1896719043;725410192,934907966;1506919175,2096709320,835521610,164580899,1349663065;0
===1274956618,1986103588;1709199570,1337251830;384956013,1112853189,537825163,2068874580,1228761969;1
+++406400961,284695681;1499794109,2067323237
===1986110235,519690070;1584209704,477746943;35414704,1742582940,1725656853,68962709,1788188209;0
===670083871,1618536965;1505573297,1103835791;1389803366,414185181,1250128473,2100134229,1106211455;0
===2044598279,583109693;915481480,407625149;85721357,2093413972,516775682,996249755,1661625003;0
===36573148,2074040870;960015529,903395588;697662728,361043750,187540451,1778586495,859268516;0
===923402662,1533412119;1956104309,492324359;166896353,1226944006,501537116,2048644963,1215657948;0
===100895990,1174910130;101006526,1575320872;137945505,1291579019,1646014356,1409055517,1118714121;1
+++110835293,2054775093;1428825762,107298489
===504706507,1885314120;1197891680,788067382;1503065734,860794991,284494471,921841165,1089058682;0
===146206976,1214102300;964981990,2134235456;1867273847,1861579293,1602996551,25820810,3660047;0
===1717093012,975475415;734948756,1881819917;100531464,561429383,472139798,226643700,1034387930;0
===1112303884,101980807;1028652457,1374145652;973534438,924863770,1579680748,1116955388,989130393;0
===1365426365,407518412;227680863,1150897239;1659129782,755139308,710553115,924194156,801993685;0
===680182491,667174998;923724251,1380985534;736771382,1622899322,1699140661,570880182,1207063960;1
+++422327608,938178733;1518678096,2036887674
===2055501605,2120923855;1588835910,661037729;800529987,17003808,704775003,1083205820,1192681562;0
===1741523935,845519100;1180026330,1575447930;1057611146,1287381914,776046864,462459189,762796543;0
===451784897,769631077;250143803,1174763312;479166239,706634566,520205480,973616124,254886615;0
===270268212,1342071269;1780492345,1022219482;949403078,1032542044,644322410,1581360491,1546918692;0
===260135264,1424653155;1753245181,600020415;818968045,445459474,1333942408,1413586019,21553607;1
+++1533629666,1719296977;301492492,1982866496
===1162928676,507983485;1116828583,856286952;1270777649,1630300977,1240794297,1735612732,1215675184;0
===338269116,2013546417;2067315391,1415724063;1131687155,2092104477,1492378446,33553740,502907722;0
===2116408366,1147789147;1648238759,954114508;1921359388,1261380118,757349296,67168712,776471543;0
===1847445116,1305391073;2066396223,1867720400;479814938,1982497787,1698089880,1426861462,1938738252;0
===846156042,1325854585;869217351,146763587;907647955,1107799327,1589792191,637302010,407320361;1
+++1485205915,1447981999;673143931,1689309743
===445430314,1765945711;1272478731,93665344;840552244,1876632427,1876448558,216191948,510606427;0
===1589078335,413729040;969547010,969662586;144107249,1214272894,1962505463,240722488,447506903;0
===1848174916,1110427804;1902068,66558572;1492434984,379612235,598780283,1797067247,331590010;0
===487974009,1776944481;598438297,244186839;1192335746,338694311,1377453099,990210348,917512073;0
===327390400,729091484;723334956,1957162140;1428810400,1652670046,685730830,1854149035,1135763095;1
++91319941,187560017;1575090499,1835095481
+++774121669,299194166;1053309256,651604212
===2038696272,1195108774;432544046,1258525767;2122342728,1174226196,1900964273,1547638141,1903589696;0
===633749265,1840933837;812906460,1625738201;1327822102,1973215262,2071979784,2033844793,284615652;0
===2019157120,1511120988;1205200859,529077020;1500979905,194271264,333381222,1438500268,353733402;0
===1874612907,1712038943;1181105057,1423979525;1173904581,1684565705,1822654865,998865104,1469243549;0
===1274810431,2064655283;557723286,12377739;55259959,905664847,1963382589,2031555156,1033801662;1
+++1788596283,636577054;1026831042,461809150
===1684695905,45252640;1939177756,1735297649;1312939303,338237151,2079238463,1295081387,780063053;0
===1949783407,1495564756;108153030,616409776;1497511202,1138018250,1191369028,1030428762,1145592584;0
===336513936,1733369989;1627827116,164834451;654415792,634741967,922020755,1532380440,1704357882;0
===1194004545,548384140;416305852,2065805315;224853667,1625158666,1905729646,232690902,983646665;1
+++1946573263,1863248725;1779684344,1977848317
===2067269179,545936018;2020931138,71352265;1817431420,1525585433,74751381,730993259,497936277;0
===238284258,928039960;1479576109,431059587;1937510104,1105279697,1479120126,1875930069,1693771092;0
===1394521074,1951744885;2077697442,35647005;416390021,1924690364,1367681430,1722718499,1840525941;0
===1206662777,481228901;1926722755,935205108;1492680812,15073839,1687411788,219959458,1750853234;0
===1844781482,699010681;1238595200,1187316290;838076936,1285259189,1809176710,1341076953,519377803;0
===142405796,1071387574;1978496802,1899331427;1378881541,1533376323,1111642654,1773315607,163545251;1
+++1830179545,2112976087;1458194234,1523613881
===427317731,216913007;1941686207,449764001;115493261,2016157361,230821096,1278384681,1970158404;0
===2010232258,46126705;700144388,2125752374;1567270806,1095194074,159751967,1308995591,1399463883;0
===1887101709,670678279;1065308580,931248797;1281347321,1740716501,251220654,320446257,988587099;0
===559500306,1467173112;1587990578,2141393310;673101381,937983050,1816502954,404032315,971221306;1
+++1870664805,1467200887;1588425561,1155839981
===1103704408,1834630412;623703601,327680187;1793324017,1411994487,419933800,548915125,214725466;0
===1638536977,1411040045;73714665,1848954199;2052941080,1923883292,923954477,1376880796,637722611;0
===369295742,774045943;288726893,815404770;683048749,2072042856,252861302,39785244,1199873139;0
===460261133,1158458829;161992989,1832483584;1250451125,1331977132,1550781818,1085025315,585838956;1
+++2051748891,2061020501;256462464,1603701390
===1465386298,1587935534;1475217929,433047427;1737559486,1219698644,586114289,368897981,1164871592;0
===2120577793,1978413805;1261976071,64724047;294785226,2097995793,942856195,154496136,1846718957;0
===249636884,684622681;724063323,788836332;1592796819,227434181,437973441,1911682649,901522942;0
===329214164,1252046637;1996733067,1902659931;1062065202,739740644,564398177,1600887657,11790130;1
+++1651337792,259647409;1302899299,1030872709
===405581591,423277680;1120992304,874643930;961851578,1247509549,1393029224,479318304,1994593985;0
===837549683,1845097408;1880985022,122569364;827433007,1674768919,898426180,958757589,48675436;0
===1519461560,1277959734;776035174,1410682829;161419755,971879098,1823075202,685545379,894401506;0
===326701274,648209739;1753857430,1788008333;1471364252,2103232629,1927255939,263420573,16739114;0
===964136886,636372322;24556764,1778786413;1307413904,1491736689,2011279769,293572518,792039300;1
++1100606419,882939456;1471552269,824714005
+++1561198266,645765846;2026277679,1516424374
===1507904231,1617112078;1193932373,923966286;847146791,827016680,1245240619,1701355788,900745859;0
===2114549989,999579019;609641326,1643821;996253773,35284760,1698803075,419667539,855130858;0
===2026300496,1722305312;248487178,569376660;1862947148,109986834,203009959,1070803358,1206162870;0
===2037483275,181506494;167682088,2021410691;333397381,607031507,39327051,631595673,2132538649;1
+++2033306953,270243508;476771081,763930547
===1355235344,867961680;1300846235,25521285;1408149597,1592331669,374387158,718554630,1035008251;0
===1918829365,1764499903;402811576,739741505;199932538,1325903326,1447252410,445754371,363640053;0
===1645230596,1943812529;1990819147,4184579;1506362473,637343004,66019482,1764552806,916073005;0
===2115459827,1130557483;1698724888,797464610;783086882,692089372,1759173820,1624160466,820236272;1
+++760112320,2104333237;556928522,543565079
===53069347,1434439790;709196299,1104373364;1585493648,326283351,1773376025,1813642884,923811253;0
===884193503,777432213;2051900128,1531946803;1558272177,471453080,103994447,156951231,1091191104;0
===500365151,1310849215;1812085753,1810820212;1683572748,1562480228,459658565,1032423789,401571745;0
===1105699759,1846056552;1705803909,745641256;1450091573,2031026331,1134909725,294267511,1081454281;0
===98549492,495759246;1811683946,557704551;1965108620,660610174,1726052128,1873406442,31041713;0
===1993155899,324497897;1841867008,456119015;2100336479,1928127609,966610296,265621289,1693284927;0
===1272417946,404251017;469311743,1907980211;1697127899,632277555,1690622397,1232160378,249920444;1
+++1601873259,2037825086;712885434,2094675712
===1731722438,1751105193;111066963,603904894;1733844117,1117393333,1317553805,1458698017,694910461;0
===1177208311,175623034;1521797618,1444752633;1716100644,2081454975,550946724,1670785293,1975237624;0
===1531235644,716136287;166004292,516087793;529303126,1504004734,21395390,558339790,1284315471;0
===1745083732,181967992;289081874,225515069;1748705840,1770648219,1409164037,530191886,1461259377;0
===1471315154,1677962337;1963616862,1565212519;822169621,1954155840,1970191463,967625204,1750135227;0
===653240822,2078370166;1770361885,1271709361;1347430807,591224127,953009376,1387543686,1930922158;1
++1990642462,739782140;1025427766,503258157
+++807573511,482035092;1015890702,963131778
===1283390616,750426191;261825432,1931859180;228690327,84128589,2095500557,826844314,669740482;0
===717003772,509575664;349981624,68829277;453983797,916122989,1922771903,297483089,806892552;0
===1030371581,1059796644;447218540,224684868;193883306,1489473894,442115167,87202741,343231975;0
===1427975149,1965980816;1381579682,1116277171;441549000,1552067503,1264256972,1514530531,848637731;0
===1884090418,370537488;238351160,986117418;563410275,950364534,998226810,1455076276,1590426400;1
+++1964400137,219222319;1304446308,1286348314
===930354309,69907656;1116912563,2080236379;63587024,580595104,156910817,29989925,125628785;0
===45085693,991870778;757339652,788914866;1644613119,1667166086,749848731,812775592,1666269277;0
===1827358805,1167884297;28660956,1855185496;677263914,39674179,511184597,723379073,700204077;0
===1465028142,573452109;46620105,1860088476;1265392966,1180741527,1497575267,1823391058,1266256910;0
===1392926252,567105189;1577143708,511638144;1670712666,1789986821,1872754845,1793865730,369639282;1
+++160622964,547231368;681192927,827430616
===1007236796,1691226122;38392150,1724526277;212993875,1838810047,986730329,955942179,423422537;0
===1768788821,2138752309;1615958286,1697069545;1211011946,8121092,89506018,1487261126,277010287;0
===1214909102,991477745;754294290,1838475642;1127836288,1402993772,522555481,418682276,2090303027;0
===1052991355,495825937;1105546897,1135092000;1820636850,1724870371,8630308,656285422,616765931;0
===1935367293,1404646491;92746573,965280416;1617072544,1646289683,146329443,301897410,595676274;0
===1182060292,931282998;894451918,229191964;1371201808,2058939774,690262391,852006997,574886512;0
===1224794341,1842187755;647102666,1543487401;1118160852,929189051,1907929097,717876832,828256960;1
+++1669310367,298568949;1688680781,1623736486
===1816890003,1555255676;45556403,1436428166;1575497060,1004306596,1680312999,1816846381,2078564473;0
===526239243,1916477256;544707894,1758234530;1057901594,776654952,2126395028,62625586,688497458;0
===1881474979,832466833;2055842450,95490599;1399847132,330825707,537624355,701465072,169375228;0
===982881736,676869748;1444661968,1752485676;182402200,1370821755,1972365340,284940522,928203643;0
===1076720686,1951339717;729171729,1991554608;1144275333,589166630,343035722,1403864368,2127018098;0
===1440885034,56069151;704229127,613574278;1435653796,100333765,101819585,146785040,1838761861;0
===692795764,1882322586;1154801385,2011866289;170627040,1284257940,24462824,1347436916,666542967;1
+++1070671940,2135497962;1225824121,1880494578
===2000725009,2145005657;1620478078,1006115861;798638176,1968124529,1863381496,503324430,711894083;0
===647435594,1346902272;1670960373,1615098458;913315829,1354601609,506542794,697070656,1579988556;0
===588717008,834450384;1821253120,2034655071;1394638156,1936185580,1130742104,911833182,858896665;0
===1669182497,1542308777;2001316470,1624112776;27239600,276531462,326025844,2013291041,2092830275;0
===1363615560,1479298195;178451626,48268061;892692506,2088415260,909725208,920383263,372824508;1
+272230730,1982533208;906143841,1908719664
++597436161,1257836846;1372806641,1518540854
+++2003980479,2097190920;1624257888,247588997
===730620372,1138840991;443683993,930899724;1226934005,1308272536,1357879725,1503244920,1759958547;0
===1810310283,251201990;1498166350,255767330;777355792,360599502,1791285417,1239329285,1575750644;0
===1795259636,1824757499;1169890874,895658540;265015980,788651970,1820396786,72898554,2147166534;0
===1091940845,820452682;1238860606,468085552;200935732,348874046,498688758,1568642524,1147560795;0
===1461753835,1126093525;1075197557,563948861;491442861,1720892459,1512106371,1681740001,1826525256;0
===708247672,281228112;1164856894,1306990390;4222606,1759402951,1225290654,1401195772,1729482366;0
===2071124212,1505771634;1181303207,1644767706;231596022,1066945465,1742985118,424146303,260689724;1
+++968791703,2046284217;1019021562,1993745842
===193786286,1185267071;1483067753,1148908704;1339840327,847596119,548446233,1131273635,1064477838;0
===1838553696,1906637068;1378018333,685113398;179213289,1724518422,232742228,1074670484,1006965849;0
===1972047655,41308582;654432423,1616121022;918116520,1039405334,472738770,569797240,536963858;0
===811667614,573459498;1898446648,866518488;1691306668,930906854,227254771,237042422,227632108;1
+++1447604282,1628036276;1419716066,1299762745
===332158231,1631669119;2090693965,236708902;1662607894,1253381922,1543554323,325931081,1475393825;0
===1630418229,1193726756;180800870,2023570687;1339096875,681327583,168526470,1496447352,617463850;0
===302638322,1633484784;629837065,66224243;1935172889,1656870265,1977296821,2072384719,1713535729;0
===366803879,2076271721;1455123399,2067196924;1299127288,281855045,83841029,297948792,454673998;1
+++416183390,212483536;88718156,1715095965
===38889403,931726504;248877445,1532630216;921103318,1128107067,1234003181,1178233391,755653978;0
===1740838305,466474815;1762519026,118239034;3773756,307055243,1921162112,416346993,242573810;0
===133726548,1235665250;1904273872,875875038;472236290,383957226,1969839358,1098005793,1047837321;0
===889264344,1373958899;1629087915,277957665;1006350430,1839043458,121591192,1887503326,1207117412;0
===1360699554,1934538187;1466432409,1151949609;1046856393,532097153,1985156401,2141464715,777623258;1
+++783281531,402924840;2002497315,1169312252
===1405046780,917900130;1407723060,866107511;2075159629,637645126,86465512,386047149,1203465526;0
===1763181770,1158035979;240873299,657205459;278407795,484516597,897946330,195414257,1718814500;0
===138161272,1504129672;4266302,1370711894;435378247,335137496,1286751363,1391070410,1335129587;0
===1677151400,1498629315;139410751,1469764172;836888643,1100690762,641626920,411694334,153492116;0
===1455053592,35577209;197181407,473023253;1016060511,524124729,360726413,820287561,1713709563;1
+++1504232593,2124002955;874854399,905873386
===2119966539,730187062;961356750,690505798;929857486,582846048,63394703,883241761,1187745626;0
===350720543,134141199;1611183327,1093874607;1560318017,1416153091,1709456667,1505687721,163384942;0
===1346287801,1501257989;768725990,750560095;167252903,428573986,226145863,1824548186,377985814;0
===1144704879,188222;674386331,227057059;1146335628,1812828897,1251132637,748009317,1342532906;0
===538052859,1371378450;1310405204,215534374;1160407950,1046938547,1230374814,1769945750,1632572062;1
++1566823530,814750124;602454805,2101258313
+++366385316,854889301;406995479,1902574359
===2135018978,1392032386;933669708,1065550910;1746468579,182037792,2135189868,454438990,1884589862;0
===1729082189,306499704;37573448,1589371671;1448496986,1513817363,1300443839,1183972538,1936658135;0
===990841400,1648978677;221410516,97118073;549946080,398602249,1621171409,1224334807,1259782096;0
===1883203158,1540915569;965807450,1119893843;1302412093,1864669961,1347937884,238147366,288247711;0
===1897810416,1488943040;807932813,254562467;399010703,781721072,1361076770,1209702524,1042972362;0
===1637836198,1882956007;1285055708,1391164469;410683789,874630277,55838690,1161205533,793257919;1
+++350682306,833353750;1671111262,1267704302
===1243604504,702741250;624910662,1547667660;2078077007,312401495,1724192078,1456967913,1300061681;0
===1552257171,1840258705;307102066,579324375;179185542,645121823,971748225,1671210289,380579960;0
===1647538882,774361143;1787587797,630211123;54924640,252058835,1914396868,1539494352,1395007483;0
===1253844821,531620275;1815423700,1921052144;1156085634,1492590659,1942712050,1835852378,776830794;0
===931953471,1723408205;1132561455,1309270548;1103034124,1553205,88312183,2140006748,2013985863;0
===658098620,1498098850;577009580,1932569738;1238174199,239549276,2121750105,2105476062,679488273;0
===1923520882,1708784840;708086289,1034212244;2145625786,1294669496,1369262285,1262136839,1349581814;1
+++1379680853,817997202;1073345566,1892896825
===2048212673,41381934;1778408331,16236472;729620784,1714127033,192411513,1021787010,265785275;0
===809770859,2007340940;2084530897,870778454;731461271,715048014,1383366140,1875091609,79643639;0
===1152983661,2086725996;1210851192,673569734;2004164919,1731470931,1420929913,1612775014,918378085;0
===1093640074,978189293;1668141733,1342894937;396503194,1473739109,1543795585,304481294,961607504;0
===1716841237,1482831992;921018275,1159049784;455237700,395086905,1700316349,1009584710,1724971396;0
===1513160340,480202297;2037558890,1021464062;166852814,678195377,1891387421,957016867,839424122;1
+++1215553904,1330465452;176974917,872530369
===1426370645,6660508;1948082025,1953073544;1244853162,2121566367,1338188481,1603932601,715566546;0
===159602914,321072502;2140992686,2142407093;1260874041,325851193,1230323505,133576929,539787449;0
===539135182,1299397541;1679946872,468203696;81921134,1566532888,180236161,745171035,585278007;0
===2013847705,143677544;1537206094,154942669;565814705,479470035,845986450,1314272814,904033467;1
+++548407932,1666557119;372893911,1982752443
===968942124,412624986;1952643628,1386845538;1656464222,338251299,134629595,1942689944,441401222;0
===735009469,573812877;718863872,1465622360;1597353940,2061755252,2041359408,194540776,2000870896;0
===654015518,882509416;1196982067,1404657167;328466492,1825837010,574242446,1331070801,429113872;0
===117241475,540965239;1495658555,892988632;1475852119,243620480,1295953231,1915050418,111853866;1
++1985207206,1385204661;1727905345,702162346
+++1984678767,296411241;964862195,160973011
===401826803,1462237144;315644681,1154174059;279948757,1620148070,1817516879,109638652,1449671994;0
===1339512924,419471471;1845837181,1862673939;1974139333,1905952317,205828214,1340733867,376874652;0
===196933897,279857722;41798827,624514193;1114803034,296433204,1482552303,847034755,730427761;0
===160221599,1071200323;765427405,25406220;2046770640,306996008,1867783875,79303603,867397714;1
+++944359530,434870645;12678758,1273453566
===1244435917,2116699481;1552641727,2086564977;842614918,1747448218,1725188453,1774317705,576951445;0
===499166373,662882904;168860794,504124240;1699934149,499313443,329836331,1173565071,357213491;0
===1750458846,18411601;1188665311,937691157;186035627,17090674,1893749692,1238153778,828837679;0
===2080258797,1145595294;856482245,635602233;990455479,815234575,1419380839,454478739,1346435021;0
===1741333739,521940477;1402997526,514512652;1965141952,27462165,1411551814,1460161070,902691653;1
+++1211177245,468031666;951059535,405908464
===972447055,226486888;2129054915,510745086;1629106330,1835982469,893259428,207640293,1909457777;0
===1866615718,1116486088;1562285298,2046579729;2110197631,177705299,1660073570,925626948,52170469;0
===1598119586,1327438323;782440992,1008679201;882600523,1369361988,753136693,925629200,47904181;0
===1964956761,423893750;992078537,1389952949;1723755875,1983571098,77415297,1694802691,1992185588;0
===1014794067,165973198;924489981,1563447318;1258548947,982188678,669001005,576295636,1644613016;0
===1512532580,1858988978;414717223,769957328;1957617834,402789881,495638133,1376518197,1233319200;0
===1727909491,461393561;1225617931,1833423250;1332616177,1316159866,670533036,1368449954,1862261441;1
+++216618628,983307135;1580782906,1133188401
===640357894,1986159956;1870438122,1516068957;1223686322,1060941618,827427319,1246491865,1384822730;0
===1843337089,886955684;1870420357,119835879;1624716641,950978746,363703657,1545516971,781193954;0
===1219635737,357286709;594767446,185691048;250894352,1240790614,1159059869,1308829260,53585074;0
===2038998904,2102075200;1144409880,431869891;1586075070,1183548291,1934280619,1257487974,1259622375;0
===1533707297,2007236875;155243600,849364179;1012716864,601701648,1140650190,1781053404,754054219;1
++1795960025,2025114970;821627119,297051391
+++1285869726,1131957975;162804737,1729344138
===61264862,1047836369;1107974679,62080410;517508279,2002897401,1538529403,1442984823,728628267;0
===1471811592,1343189342;1053691096,1665076316;1561689432,297153524,1041910172,862353836,1855264015;0
===2004213634,1192443962;1777281947,1023079923;568119785,1464093694,1737667959,349698974,1565407830;0
===1189990747,1222844833;681160534,462923190;688065146,1937582395,397809261,274406053,933910887;1
+++1828792738,334913479;43381557,440601915
===1384540997,1246209276;1328808427,885807587;945213061,778823622,447054089,1075250858,79804940;0
===893771775,1691496328;2084732102,834259456;1017540313,1895723772,72794920,1720588125,949690470;0
===319176810,1813923444;1175098742,56610602;1525382144,1513779419,1098311236,1601364571,144187261;0
===1184067781,1526624135;473893306,278661660;1409026225,856621892,736678569,3164466,2056112527;0
===230163437,1494053879;1287259850,344795810;1720856216,998356902,1821573233,746330830,1395502078;0
===1067725092,1977490592;697550654,54704292;953978969,1306938177,1577673895,579545160,449393214;0
===491121742,62830319;2040783523,2120455723;436722340,206880441,1487158894,1995123763,549253250;1
+++1655970652,13051604;1953274594,1502373952
===1302365463,58292196;773173152,1367491134;216398871,442015847,2131916755,383137706,1680185152;0
===1750691731,1946170816;737338954,464560752;1808980597,1136070357,417461597,766214075,1837802589;0
===1504136913,1635506688;1961502219,1632475458;1311679251,845618827,1004074090,1452984638,1987239;0
===1389925975,810195586;1657866709,537837411;977566715,1050945712,1923224451,201481748,550979469;0
===333596714,86620198;1793710335,838584908;42404500,1416782377,119190655,803730680,1848617032;1
+++1411916577,1375874387;328980393,1504526868
===470801975,125429329;1142261750,1340843526;1110388219,1377207724,2132293324,1352527282,1652999060;0
===246377606,1609001028;1268963951,319046234;2134553746,1493410488,1789293635,175751139,707698935;0
===1905244142,831093641;308433008,12694945;702608793,1732595251,2044819671,1534927382,2095962643;0
===1192663927,1017337890;1960403397,689817636;99484729,624539810,953186333,1718336654,1202992655;1
+++1427763884,126604938;1066887304,1614246884
===1542468376,1080485445;404507850,503385191;210919040,404973327,103130012,141139572,1080242539;0
===1236724731,357052498;768236590,625101145;1964668728,1450552235,43992983,1896802122,1345430528;0
===1250904044,154190005;1544676743,1951761212;1274388492,781268898,151336215,530033144,861001088;0
===336860004,2100813277;539493945,890913496;1495748676,100938496,1876158879,550561864,2047842655;1
+++1201230038,1488421327;95827389,924565466
===329769002,732196488;164981005,1714883370;1890921028,1028166534,1521744691,962992966,223450471;0
===2147314363,1534461733;781330304,254943210;319432599,1124890537,1709510613,1100189508,280470196;0
===1474063693,1981937048;712186760,164661109;88813571,781016702,98977851,1466162,231729647;0
===1553787051,572219321;1487264628,1930862088;2062608084,620012106,1424314691,550578879,805030661;1
++2134707606,641257212;977963872,1624289090
+++1333920457,1822241648;540442974,1137014308
===1667345917,236999314;864834917,961193883;451028476,902721937,2113285880,1601919680,440410884;0
===1570375855,1807893288;1074567226,1469659151;826785496,2092544787,1929876544,1294207116,1389737611;0
===2070036050,1654222966;1274519251,1776252827;2004545274,376658315,837951651,1831673487,1751214116;0
===367714906,1996999339;415820813,783082680;1154765146,1650430776,1837474121,2051237896,431382004;0
===1649983793,1191191001;1686578974,169526561;1179150543,876011318,1398469619,2013966495,1757200418;1
+++1318331662,126126733;1075858640,1276025084
===1609810041,1439088368;368209555,1568416523;1906643377,1773777914,382675585,1934568882,34307143;0
===853898344,1763229321;294970155,630165540;2144878595,1026582829,161682937,190002791,1193804016;0
===1510101928,393433544;1031847763,27417228;2576210,58067735,1194464189,1431011858,1498649218;0
===112326703,1635846077;549387940,151897501;1793928251,1509139662,819169435,578415403,1543394863;1
+++1341081327,218586561;371799660,1110324575
===165775363,179406268;1260143795,1011280082;588739196,1002347436,790571624,708993533,178115685;0
===2144378918,514002009;1836149987,229881006;1081058561,767526409,1308018757,448324926,1933842376;0
===1906824244,1658287626;359512501,2105591103;1603882464,284462691,5651440,302645131,1703638237;0
===1750976423,1849203439;1295152268,1559062545;728923403,606589839,1152686697,1168817588,1409570691;0
===222990916,222020594;1352934229,804855019;1929743063,1001855093,1604839184,1263058627,124644509;1
+++981839005,532004979;1431501477,1799985150
===1272285891,559130759;661083282,638664178;345493743,1322964380,1189768494,1478121534,1139814209;0
===1413500644,1942058621;1094974087,334023450;1932760131,1863214985,435054232,161060428,914152284;0
===1232973391,2136560088;1932960201,1650694059;439152888,1475287839,100172190,1641401313,674496610;0
===1024723040,391238954;443749594,268038443;171543798,1067529268,25581607,1069436958,577368989;1
+738657381,1211795159;570500847,1735681383
++1953225973,1987365833;98884967,1848187092
+++1581710074,1201846576;1590296328,967182564
===1548613003,1781103598;818733535,1196291395;1406671688,1860939531,99252643,1243057475,1022612178;0
===1511905714,1137855408;1940031311,1141047610;1206908945,1515377252,608024705,108423533,1285238787;0
===2066769479,1089910983;339549101,2100351738;658599800,2127148997,1568867464,71391091,505516953;0
===432239398,1667984582;88962932,1256456989;241322309,1881614681,244706839,628126254,1947693261;1
+++24623032,1142156646;1613639224,1367480408
===616584806,1062599807;338886430,1556168059;2836369,1129382725,1204638015,910628526,878445235;0
===1239759394,1417768676;541039370,1123124703;1361001921,784977276,505031498,1728957515,520753808;0
===70995953,822716205;1638204267,438447664;68324284,612003705,338582257,1798664652,2117962845;0
===1632718505,1070891027;1409677337,1137427829;1333433059,1036120119,1182917450,158898918,1664944680;1
+++1526005023,1911471280;118686239,540870934
===1034550339,1078412554;930284296,1846477189;1615477718,472646524,1174673008,1333631012,640248972;0
===1272974581,1038659073;180145808,102424317;1268548973,1911642598,168737838,259872930,453442980;0
===776065370,826693436;201926296,549573033;875167565,1971161674,1944060365,1845632724,1560918157;0
===1692347551,1614025297;1000558965,462689152;282200753,75812866,1244655395,20076354,793882042;1
+++930975590,1140609143;1627585873,1141961475
===1118894492,123537098;1529642358,1744010204;172423928,378812694,769465039,444735252,2120906275;0
===1500225679,1493982950;1237953058,1705016801;1221918927,331075495,210345719,1818303535,1496163385;0
===1312447849,2003734891;12582683,1398838513;244332784,442419391,1734325915,78109686,1386878325;0
===1439380445,1209820593;1683470093,1532894527;2087124889,2117335068,666927692,2094716126,1854023996;0
===870341359,1133379290;433444933,422775673;506281950,1081997371,2075448073,131354461,246793638;1
+++28018365,1480622082;385269645,267659569
===1571013292,1315243251;1045951280,1559625378;705785538,1046080710,268095893,2025331366,1594943907;0
===240432475,510426680;848829008,131150306;1762830264,1693038791,1493883943,1706419228,1114659189;0
===905834250,73536514;1110739040,287688995;1199777976,385876684,847850039,1999627908,1717424229;0
===1515745676,1314786506;560059924,1253131860;1745148508,139476637,317856904,166840208,341893553;1
+++1242800357,1100135705;139732807,1688159331
===1628660775,554351402;1294662182,145801638;1810686265,1200645195,1629131234,1133991611,625031145;0
===1092270815,1704355066;1460274289,1320474519;524140809,1576707610,778828872,2134518785,1136073820;0
===1610475921,444917402;995728516,950615311;621335031,1253755344,1905243196,662239463,613921264;0
===1359421798,1342278442;1239517715,1720772556;154289011,1129200114,506978531,1481031691,287794506;1
+++161783082,1137025683;442919444,1509030473
===1776685380,1018016152;698473367,610488330;1407079913,1289939169,1768322078,1579959082,3672083;0
===497625331,1275175821;1837238880,1043325643;1405334881,1644713824,1923824678,726313975,1753775776;0
===1556106025,1427962135;677903512,1730821939;405318297,1387422457,363076683,1763772183,1591210874;0
===1188650218,2094003770;1048943235,1058702628;1889748080,1236157234,121559745,1352434973,427659510;1
++1757923467,1819168088;838471148,1987224197
+++403705589,2087845580;84356819,854626420
===993145571,1729216958;370790206,258729828;1527362945,1655032123,664865873,1271620243,1463372548;0
===100994441,989172000;1416606525,1566202258;1282215553,650093200,711375641,193155820,1164715407;0
===1163007913,1232814791;470676552,236973278;2044546277,1216396073,396263647,664364123,2090084478;0
===424308690,676456958;1001139382,839503097;1861543654,1196751618,1721629161,1704552797,1306214227;1
+++942403072,1576561589;54077945,874519571
===1115774340,1453727646;175594114,46525241;1595467984,2078480270,363160889,1846904555,290916999;0
===1648262355,795188802;2093856548,1204576463;1646859813,334318728,51572460,1581856203,588646158;0
===887647397,204357920;152426362,80154509;1119568251,1428512222,1082992018,64837235,539215422;0
===1983689935,1483395002;1272650364,259952347;94745533,1792942875,1644529908,1679423466,164586232;0
===1168561761,988652576;1655050036,206287183;489929312,330084023,1320708100,961055599,1421399427;1
+++21580550,789523960;1196277970,303743758
===217158004,921305738;2046862716,653020907;2037961602,749443417,967847885,1860408109,228791363;0
===1839586031,1808621210;1568305841,699459050;925411929,538994030,185665276,229507490,648987198;0
===1796495042,1913713189;1641117083,691222906;679778714,502775920,1387923698,232483256,1677299011;0
===679986166,1249994292;1972353067,1103202039;1822700340,1700634089,1543462435,371715332,665308352;1
+++96022074,1440696422;1838553038,1743172007
===827030175,466828544;826768263,78220640;418813455,70204834,870138662,788860200,1915610579;0
===1467714206,311922136;171115974,23206417;1067752882,1213497000,1200930419,1699192132,1973563507;0
===592167491,798219931;1677920997,1343272022;701030491,861226889,605685349,1803252524,1331733753;0
===2090237854,1869257733;2084833911,1024070512;1709548563,698951733,1239836451,1219086036,972405800;0
===1713031382,1003031350;1504804669,1054409575;628868726,2087158697,871681599,1859155365,827810545;0
===1068215278,338921224;1522161337,2136290740;651061661,323136802,199545933,1266344678,1262823507;1
++736532924,597874168;338094379,1921826634
+++377169902,2050549667;557924867,1183082497
===1102571861,1555898028;1306766807,1136419052;1576987834,1215843981,532449769,953988290,595872240;0
===1646853152,1267282847;108317883,1604639122;1740768826,2101131056,2027856727,1608055715,1884384560;0
===429225789,536606245;165007788,217535839;23125521,356813022,1252781886,35287305,933553104;0
===1847397893,314138250;1119820319,747744277;1330671711,1226010495,361889267,39404245,1386669505;0
===1225635040,1446612249;837991290,1795338931;1368387242,1075776267,1098659533,1015605399,933907243;0
===481508138,124429518;814911507,360964996;2083782685,1541845353,790726536,1174124336,1983473061;0
===1342198972,2093567634;73757490,925406171;1539588711,1973802115,140923424,1967067733,1085577566;1
+++158855960,1274775486;1717600434,2086672522
===929216533,1222796737;990959035,352628974;1955687274,1129293024,1074285147,501265527,1872767378;0
===1502907467,1278564790;273463534,2004489143;2050959772,602261776,1444196892,1147608911,1682307067;0
===880280554,135292786;1625486056,771558998;1888009601,446979488,1273181876,1172350875,544702396;0
===1859722547,1439933078;946066430,1779722127;886687189,1546255089,669493355,11848916,2009322829;1
+++1915554985,1856510959;23956544,137627954
===2117173546,1322769189;130656802,1280333882;1135238291,706887146,2064130267,1537968671,1008674168;0
===1961899992,1227877864;1734094160,435733802;1909659402,1406424563,1307121812,1816247549,1892635731;0
===1062966682,1467878823;1524261401,1338864367;1989776930,2085508777,827779546,1496272298,1642270375;0
===363672934,570641847;1100458164,667628194;2049028997,1979555327,1190056635,755053693,55158208;1
+++341560913,906511384;1842729176,925282220
===1870678395,286378000;1943911551,65157637;154531145,1962300311,1530897499,570116481,2120619823;0
===1085807581,2029955567;1310723518,1607002010;1169654083,334787457,1982647896,246771293,397065228;0
===1240343487,651533334;1245385387,334221175;1604928546,150356165,967524495,833919234,1695954670;0
===309964634,1154843469;1624112025,1745603648;125894186,29552871,1087263921,1587403500,1783164510;0
===2014316940,483205316;227444369,387124547;836337003,850957622,643013337,1311212002,2039839488;1
+++442212494,1330795628;1623603181,2125919895
===429692640,1413532171;1794995828,2073369703;70355356,216846701,538172821,146517157,1240405365;0
===1823970083,2084095372;1990050911,10105975;1712604582,1504721350,1270522635,1386253356,427122409;0
===152805149,59070134;75400719,1101309400;144607538,119406200,512182120,1987443556,1926435824;0
===821517114,88040650;776061144,1711005261;869002508,583853340,1113361520,1963671496,406730663;1
+++1774217950,1639815359;1398653503,1512352370
===675755217,492199562;83133994,657328754;935626629,92810995,890554745,203384604,1537297652;0
===1506461854,1696972103;81900148,459878795;2074121579,907506564,1985983081,288341057,1124305768;0
===1198884042,238535411;1344942062,1705687433;559295273,1643226647,1804990379,1697127381,934716455;0
===904799634,386021524;85984754,325095417;1653567801,360140065,876255434,1717526599,199983424;0
===2127740024,1677689025;1027518660,459226944;894240656,610947224,156369611,1184706491,192419807;1
+++1933664863,822045258;1645503333,198280247
===1989697776,247992551;2044822166,1423376735;1896457048,1826220390,1008537529,2069781062,143827180;0
===248166839,1745887616;336364173,919470148;1773339996,1249530439,530718938,2027317767,960756380;0
===1946797177,251360937;817275175,129025483;1434516916,1100607843,1774578163,1485723022,1632940578;0
===1733114167,1984137144;359548367,970644804;1002909626,258691707,888541307,1589733628,1900916664;0
===177704044,553624382;1649255561,914935782;1728799441,335934441,122988311,1294084505,1152845066;1
++1681317765,1298127545;930990856,157159379
+++1017272443,743068348;686472982,641741805
===1526643462,1920932565;1884898453,1592287850;2118701451,1186126157,719884537,1612644737,1005912946;0
===480811522,1442739079;2109131498,1392327733;957107906,1421319673,1787513781,1819910692,2074248852;0
===1566762377,560848790;1777257523,2106632790;1459020522,277134927,1191099397,1123158535,1689108665;0
===1561254685,1720948262;1450625937,1350053762;570732814,1971399399,2050303251,1177664575,1640739402;1
+++752770796,1699762229;968048849,1233152125
===927891621,220705953;1578177496,1925345004;1727414254,1367672149,1514043754,1779707052,1627606717;0
===1380214277,801345392;1357687193,1378159573;242150611,1168306325,1246673552,885152603,1110719279;0
===705590206,370101885;1468697950,1836532876;1876038891,1658884544,609023533,1190986781,657319838;0
===68898297,187545075;1650527909,56765590;1497296087,1426687145,370295843,2074419933,1624564964;1
+++782361156,1724558795;644679668,1703268223
===1246388000,1172526038;1845420991,1253457380;15529660,617309333,1105941076,1671834115,238270881;0
===916691678,1267588446;1948761146,173991806;1515228728,85768224,1253666689,197905376,1286661683;0
===1284617460,540292494;1359435145,1998210653;1817560893,888705794,619240908,391677537,128549853;0
===142661967,1082729427;693723903,891763950;459121747,452204589,621701307,693885789,1316599585;0
===2025505478,1846932357;86904169,960282977;1384337896,1357437932,1707227118,1678166096,503359486;0
===340922760,329118023;344359862,607396692;544485570,1232196714,542951354,1689555186,705008701;0
===994172528,946098949;176634987,92807765;447578292,844947424,2042316858,1785862576,676291492;1
+++1303257489,435848370;774879165,6661684
===85845165,124959642;830444630,624258841;104653915,716240617,2085390294,453213785,1839129698;0
===48132880,672809109;1430096278,183191179;367595424,111588601,949164850,1071034381,286934734;0
===631169813,1049103958;898313558,1162147760;905429369,899060585,163141934,285256930,691471289;0
===1758605760,19681758;1281343572,237269665;1055219078,933693148,1239923565,2110518623,1126699877;0
===1791478410,866495573;1701727238,232204023;2128638269,33657147,271913248,92872245,1761042857;1
+++1766252897,68561328;346815944,671726679
===726291108,610030971;638018888,1818035390;453007870,516977404,1767791947,129062558,1097203805;0
===1971074919,2045822116;1990693027,326685071;2026933748,774583314,1015453604,884031148,132982179;0
===1369604538,798162192;1530953330,340044691;1070289445,1336419166,595399039,1374749209,962355130;0
===160454917,891661125;1098137536,1154763412;274883758,1259160668,1319874799,1228080441,1666547155;0
===1377377089,1050460485;102413849,857373369;1984077964,529832064,1266393462,758856124,710974779;1
