5;5;5
+184088388,194808865;1306711117,1422947817
++277311482,1992798402;449917279,1508041944
+++1653281570,2064262281;1596113325,1249139303
++++1259972206,1795355277;1608418460,210219108
+++++1680729597,1519879642;1464541658,1882457030
=====1810136775,2035018676;1847931501,1378860145;618048235,718168281,638285729,1423862875,42937790;0
=====820022547,23475810;503058162,2060828252;87705002,952803133,252706924,1443213645,2045056781;0
=====1671076126,793833223;1004949141,1512829233;50782415,734796079,265794913,670704439,346065718;1
+++++1024010198,1819050847;1669377932,563157829
=====1332615942,1315965040;1697529436,597982473;770517656,786290567,1996794587,1656921633,2035326051;0
=====1729047101,1394245907;323699671,1144076675;1987096777,770215897,1223871390,1075055819,162037181;0
=====1034562667,807357676;1024481416,1003561814;53293267,1491121105,791547425,1188515876,1448924455;0
=====1052874908,834333328;799530110,1827303949;794843736,1371571763,1665948967,2141394160,1211117229;1
+++++1407084472,241510729;2042705622,1007269146
=====1319398451,568094388;1351587605,1306862135;1845153026,1589527531,1446925474,1211632021,109951594;0
=====1990725598,1628816719;115544958,431623142;104426288,1696789517,1009609809,774827957,805397657;0
=====1567929046,1613656516;868288890,253934977;2070623949,1080071088,1133017463,1890859943,2054863181;1
+++++1053333258,397247005;224061138,2085143495
=====557898427,380990712;1994514969,1040952430;1446044105,429534854,899474039,278210593,1626722648;0
=====1578839117,1787162681;797467168,855208149;65000649,1048640806,375836269,974284548,941847273;0
=====666149753,1831590917;1650522360,1072951475;1582969788,1296147909,1955581752,977850048,85846161;0
=====1906780383,1110293749;785095955,753146020;283912822,312471508,1551661608,1903911222,943568240;1
+++++1459204507,275890559;297050619,1274172238
=====86703742,1649451832;1242969131,2089198171;1209669078,1144955857,984294469,151597003,1512980151;0
=====1593330453,3955371;389118549,1549087292;1869462488,1997743305,1721435890,1406141362,2126462323;0
=====121505054,852589743;1664575701,1067246982;1841904363,1069570304,435754125,223029745,1947314140;1
++++1992193205,675578598;671206513,1257400922
+++++1810985519,1512404203;170794032,580053035
=====1227432845,572371128;695341999,457190966;1664727800,1928923242,1234879090,2124574475,85375407;0
=====804236004,1610215110;912295631,1454012044;2100086767,1255022861,1128806603,489492671,935413842;0
=====2136405181,1537947738;1558320628,946023001;962693490,72327325,240985458,2061994430,2142551315;1
+++++479239956,206866413;474841811,241897216
=====1029888743,548625182;1657610735,1885960208;155286674,469447276,1916353109,979580416,582926175;0
=====197696001,88472237;2146586433,1819287242;521867710,1022935537,774433570,298056253,478336152;0
=====2000829625,1444522476;670233900,679472273;1154773760,938936563,189496667,1057041841,2104843456;0
=====1350310002,1655981219;1626977417,1697949124;541170251,24092971,606086581,535490465,63964809;1
+++++1116989060,971917981;1663701562,1239298702
=====1218999390,500875908;1083452139,1145227235;1535238198,1154284796,840886383,367776206,1249572241;0
=====1625416780,205305357;831781067,182024512;849417513,1923864820,596783037,859408070,1500398028;0
=====508724056,407608688;830533618,1539362182;1417570059,360953087,1817912363,271772053,739682429;0
=====15947226,1762677728;90824634,515166594;1349862431,248237637,1029403659,955171901,1893374523;1
++++1996084067,614863764;856708388,46876345
+++++894540857,1384267154;1846653052,1609831907
=====843651438,698609185;1753920223,1989774490;1577062694,1704562952,1093050403,23955122,466324066;0
=====850418059,1857573372;2017909262,2122822332;911730509,1457416125,655752125,1156405267,1488009245;0
=====1797816152,531831852;622303474,388721189;423117870,1521583793,1005052694,1881879852,188441250;1
+++++2036038786,877098488;1894603097,319433247
=====1510970316,2057280503;1466909768,1012832749;2072652910,63266109,1454424152,1926748312,2038078482;0
=====501758963,631111848;952568830,2090808851;1076292667,31710223,1672397208,367597718,1765748691;0
=====1505573861,1514083445;206053075,357279590;777672853,1826613584,1734353068,70209700,1195207156;0
=====1937709992,800271284;1984765636,1646712602;2060308655,1258507620,1604165941,1553817801,1124344920;1
+++++2139885796,1300574476;792425584,1595461580
=====764477870,409379398;995784384,1813793859;1358714222,1473017934,87257647,1070554175,2085536993;0
=====1765602334,665953708;398392896,1236000008;1847754490,220390325,1442033301,620863285,752775863;0
=====1434786128,1086028988;622526118,336141488;1729915691,1738007740,1765566291,110408953,1444254504;1
++++1799912643,140386355;1847780251,343529454
+++++1421781390,1796511865;1287000747,1425836773
=====2125813723,978128429;820973790,1422270479;527076464,2126927903,782055051,2085669100,1516539961;0
=====899911162,315116237;569544800,381845243;554863382,1592233615,177236862,1644851534,1548511955;0
=====164898706,2083104393;555273146,50519088;902905316,1164118968,563238558,84617088,2097582581;0
=====180822659,2099596259;1100990400,2133009048;957244555,1331507449,1806140480,903453900,294730039;1
+++++375654161,572443697;239091452,1260974352
=====1763583907,828995668;256236592,580621517;1008379258,1162879675,2120454347,2059517886,116624319;0
=====767629414,1874392106;1711965670,1051719409;1255905962,1750249360,2047283830,1731526813,2023255966;0
=====1093127190,1455292229;784262748,1344901277;461456157,201749736,1710231608,1142215306,374200820;0
=====1248905713,1404654609;774234799,872797463;1387316253,1006916879,1589426101,199536621,2009278982;1
+++++488207993,1639213458;1989789444,343962799
=====1027859749,1833393726;644317591,281737837;1721861336,1002498817,1153053075,212112692,612706355;0
=====124682772,102506825;2007971437,1822340925;267471733,1011177831,1970448724,1949894563,456407641;0
=====1997489175,1268187291;670073921,225089979;322887285,2054014824,1295857442,1340556205,1030225446;1
+++++819638640,1035552949;1092179524,360445937
=====211129324,1962130088;1610211869,1729545006;1935982763,75573901,1951982134,690396939,1868306526;0
=====1685147441,264361362;2020501901,287258345;1248863325,1979150721,1405867079,1135585936,1924769748;0
=====905500050,1249144898;1980138586,484752056;628713727,463939882,1324153254,10877257,334180552;1
++++1653944190,1011833055;1460285669,627581785
+++++464850756,1192770007;1015525424,1396866896
=====1346300460,1157367222;2007657477,1750456354;2083263399,1047492508,740044232,872116755,1734223765;0
=====231333782,1001681638;568514963,1063610046;805924594,2039401008,328222377,1076228965,396499353;0
=====294584985,1786049017;1169143888,1363132831;1121524244,1387275998,946272085,1980565169,1618240438;1
+++++1451203060,2045920977;733602629,1861106667
=====514377322,1585943212;734114309,1699064481;301320542,1760628761,1706240747,637780288,1765178101;0
=====1552650161,1258638732;783647014,1364891398;581807703,700337751,1577139831,1416415546,687210946;0
=====718643826,538963680;1746697302,515875617;2073463046,1523678199,1311002546,2068624903,1072129768;1
+++++1061195983,360596815;1509302850,381401838
=====905843146,1091592313;2141513547,1832315002;374357457,1216144375,207157847,731996102,1144641090;0
=====323498944,477260340;1191809699,1209659421;591433967,1386811964,1193873575,2112638747,1440155304;0
=====1925598617,932190388;166595091,1581179527;1133346323,1060338378,1282593489,699440043,1475733603;1
+++++427311789,1147234689;1443935383,2074413174
=====1906019807,867131880;14397652,843216189;129610422,915140606,2107974632,420328957,1753684941;0
=====799996539,1214734372;697642345,1939853894;1844585838,168523823,1125032568,1776233110,1022750415;0
=====1654832523,1688571080;394797248,1526899869;1460964956,1512271934,1187797571,950588650,382452730;1
+++658249359,1229562320;502771020,1260548643
++++754588565,1004417448;797479550,1812189491
+++++1998297670,1561973521;1526478546,377859769
=====980528426,195627063;2135732024,392264330;301138773,752107154,1090661977,1431446304,1985311790;0
=====1520146626,1485093201;1710575256,1061386709;1687187481,443807,461686929,716222724,1655707274;0
=====2039362997,1101916152;2105197291,2097886970;808001289,1355330707,793532301,2134044183,1983180970;0
=====87656778,941379904;292888459,1930870262;1208693904,1158497055,2090948753,1256630859,482173498;0
=====1799913004,246272025;1536446825,1900012017;1997431932,1566448552,21343570,533883447,1297817416;1
+++++1892025714,140265748;288362160,1636262112
=====1714824451,717770556;143914763,1092454031;1840204210,620201220,296978646,173440240,109840625;0
=====1536834581,1339806105;630171269,265855349;1778522871,1352213893,2035299158,1172877176,271679288;0
=====1601195560,417567426;787652206,1066632619;1418959845,1232044444,1946609361,1085742674,648377039;1
+++++904328423,1966702730;2006194425,1052359326
=====1433748608,1623880141;451687454,1905966669;807933306,78127435,1509056937,1509904235,1199030930;0
=====1931271154,2077679844;1377406741,1513987612;287384197,1865737084,2130059875,1930310897,1871867396;0
=====735243579,558576779;1671381472,980148764;1912580892,177754047,1639034963,127613764,763143994;1
+++++856622918,1384527785;812768942,805690619
=====947015610,1057338446;1456800171,276033765;1057894988,1339140945,381445643,1560901574,452849000;0
=====1627233449,643783011;1637664170,393682419;98320761,1017430919,677695573,1361624849,1163389473;0
=====235820355,2106342408;1905200781,2123134699;529464961,1952289606,1786882053,403117112,1189936066;0
=====797521376,2086291360;424071688,7708571;1891804863,1658190827,290312269,1180350990,1041713076;1
++++1589587337,179898359;1875382244,696676303
+++++1279856182,1707745202;1767002106,483737591
=====1798391539,1653955379;1101598586,1332582871;598080779,1964563149,1748963587,1302096584,1948130148;0
=====1203652649,466363928;1283984178,1458480886;637330445,496730510,1771440160,559840825,94973937;0
=====493454336,71695853;412011792,1189960726;2117525455,559529221,442280888,2113140431,1812638490;1
+++++37963975,461651065;245315496,2079137518
=====2000509771,1076283547;1668215245,858417543;1855928619,854982972,299058948,2129663365,20874766;0
=====1830315129,877397122;1745197813,871874934;1668327809,674852012,349685245,663739414,765675326;0
=====223122635,736458384;595710280,298063734;1289819267,274800483,1033129085,1136793721,211248445;1
+++++169451721,1602757892;718449353,1882359374
=====1836167057,1595825978;1389758904,672195000;785825071,838780131,1608472585,1852876796,1403193081;0
=====1646529703,1040373451;340661546,264844032;67038410,1028841557,1878029129,2023133816,1759211589;0
=====1408083374,308435555;1085449843,457917291;1209411926,843645762,1915646694,387031777,693060791;0
=====753036351,111198487;944441946,2023247819;600724717,1988316362,1847023807,1399874362,2137437323;0
=====200649015,1342637954;217585620,1871721555;928499775,346309813,2061477286,673760804,325116466;1
++++1744535179,744995931;1890629090,358972173
+++++852652019,1001839061;1281719947,789896518
=====750037751,1928460846;682937085,2056921379;1165301046,844142606,991962889,1206655884,1074280319;0
=====722401898,2108128030;169731176,1052432959;2144258413,76489945,1341373715,1835696511,1252978860;0
=====30925926,1953234497;770860718,588914295;103348141,322853746,168628968,44918611,2056484414;0
=====93918184,1004060629;1213033143,571392115;792333365,873433246,1249492978,853254184,386478154;1
+++++511605331,1231100674;109987874,1084335748
=====1912444194,2098735372;846305806,371270102;802534297,683385020,1373948009,1212674617,680431083;0
=====241549270,465533132;1270646774,1591294219;196129134,981239318,1414912568,1206811525,863493280;0
=====944392756,1175330478;2082761624,412394310;476639526,185778510,219216400,721925406,590468634;0
=====1441448492,1667863427;1937308353,1537618350;1316642017,1857170068,1517251237,599478258,1134015928;1
+++++1680474916,2125951471;1110361144,1002277479
=====965140704,1365637548;1906194232,245542684;981783568,2091668472,690308929,610875341,383094984;0
=====1952322593,310792887;1698732477,1266211391;1659618664,1961832013,511609045,671400215,1434968182;0
=====1613815082,1550948929;571782184,451987775;561564794,1069060941,427090916,745323886,132769370;0
=====930046378,1418546603;1599918145,305805250;1493671904,947289349,2059144537,1935684166,812631333;1
+++++1876763453,1214030887;2114471809,1161329141
=====1272661104,1186219148;998044420,1030374583;680342756,118296827,347335071,1722359586,2056354057;0
=====980860426,1355326773;1912478807,387933598;673315260,649676685,309332411,1194730900,940348984;0
=====1664055880,1300149156;886217865,2097828339;1766448692,115091442,1783484029,1748588457,575833849;0
=====1344950793,1579825761;1535585098,574269400;1838412608,89164374,223568106,1532493530,876807481;1
+++++1510876575,417846403;270227395,1341616848
=====1374055041,50499358;2040158137,1725207062;260721857,312956840,1502046554,475614934,1024240791;0
=====197369625,1798953977;1872999438,1774679156;1641141978,1887147336,2066350389,587352442,1472928608;0
=====1000333973,245861316;2127118156,1845649512;1783410738,1956993464,1239025679,1273666411,968874409;0
=====1892957961,580297515;1100297832,247398388;2022245420,182241495,1896239029,1464015601,1973126425;1
+++302216142,1796836665;1571187056,1842872590
++++747003978,1780110790;1349995419,1025521405
+++++105246126,2147238726;330849715,186749878
=====456028311,680055728;2007872555,552131594;240766371,1765647078,1328006346,759702596,724939545;0
=====1071712547,718113923;936921958,1029119366;1834316869,378337053,756958897,1645238721,489217135;0
=====2056114980,2119624137;1665972289,1436518214;2058213288,1907827974,541618577,794687787,122830886;0
=====2775857,494665578;1365884710,722320725;1959191487,652566398,286977105,1734149871,539456284;0
=====2016196131,877135766;387136176,1514512578;1443831293,1659118390,2144682784,520862245,1361874568;1
+++++918393194,1346343036;1950823516,1725746928
=====611772621,2130578120;1795177886,1435452959;970550167,1452134262,696134676,870691212,1232671615;0
=====487101937,1785591522;1650022911,2085356436;1466661379,654543637,1515531987,415130180,1655707565;0
=====668846707,892433847;2133409344,28818452;1380214909,865974971,756942885,1939393310,1134304061;0
=====610195515,613072009;1727790138,1488055592;435659963,1547555691,1530554150,151084723,1676366311;1
+++++1107864460,562926149;1308894064,1976056794
=====350967118,1705074711;259434678,384563530;1470383159,1735558825,1213066110,1089915954,553497463;0
=====1398454847,1256003400;1471195224,228987439;1711380149,860942967,305502282,824139452,1639515443;0
=====990200980,789616205;1275084931,748057532;606754389,2063086301,281532374,1935977610,1319652780;1
+++++1911943873,1225517479;739869790,640788369
=====2085832377,369101649;1518039616,1953554114;1668279139,201461689,1838800403,2037422681,554459728;0
=====408968315,1431069448;426248790,1796695571;1762818488,1266866197,2141678204,1308205938,1686553604;0
=====567594073,860980415;673157005,1865768445;1004436925,118037736,1872825166,176891330,402131150;0
=====332299900,1042163964;1379907152,866441765;459876683,1081271583,833692769,2137183211,1981205688;1
++++523002112,1768588048;958767333,171045095
+++++2058956742,1508380741;327048724,1546238147
=====1736912775,1547986633;140471783,1409792256;1117696453,288843127,2018972786,610565790,1712914762;0
=====1143116598,292639781;1495110084,1585187073;1914910221,753384035,851720808,1928675932,795116514;0
=====982566344,590074326;1931050817,303160434;1867269706,1086073670,2119414630,1334206551,1483369841;0
=====2066715115,1414236484;975078899,885360918;2010882293,138499703,1516233722,65647114,1005218465;1
+++++466507054,1292959015;1834727001,659233922
=====1295601265,1894120975;158578515,1730358730;1124267577,646716572,962218331,1695833969,271527584;0
=====392868401,1654540391;328603066,1299913506;681552457,1475383548,431099162,408726440,1736456127;0
=====451417462,1334958982;1655739921,1536493713;945674239,24167746,872271926,825303915,2042322202;0
=====1398493984,771721133;1886917604,104895434;508916734,1845897643,714393294,2005456049,864562620;0
=====248041145,767083715;694670975,289778134;524947431,1232269912,294058998,1222513054,408889584;1
+++++1828397434,2054261259;1099364449,1915695585
=====1897472951,1178937975;494198139,453282118;2129399548,2114039916,2062046480,1520783342,287774520;0
=====625738959,1986633710;541258441,379820556;1157240722,1289642007,1716441630,1107654353,1000203827;0
=====1998430364,1180099165;96948903,271437110;855640275,497274261,467596617,1269050429,1327788730;1
+++++872184196,650565305;963637808,1618988990
=====986677379,686985921;1863942613,1044210195;1328584547,1857327353,1371843767,634702495,1096211826;0
=====1092414127,1825152762;1988044615,1412014190;550124722,1154765890,899974525,1844421522,1963244621;0
=====35805339,700613008;1564471705,593995022;2022709579,582265844,1173723996,723007229,1495642427;0
=====1007775304,213940605;965454521,1504970419;676376252,1705579793,1222320923,1245648641,151270075;1
++++812509322,295459993;2038761362,1342239140
+++++154122079,1364661674;1970766299,1786132766
=====32000066,1169302156;1136626078,1947599617;405410199,831656085,1495314227,730384351,321230453;0
=====50257272,896118514;1957055545,801773350;1624444693,290133423,1063002497,333218081,1035990398;0
=====410735444,934196130;205592534,1020514258;974014682,23545711,933643770,494943097,674210170;0
=====560531253,182576004;2136167199,1351522909;1934521209,227964484,1773906432,515970460,1872124695;1
+++++1495114939,1838806026;981374010,247561621
=====1674294709,1686314244;1819615270,2095598182;1168293312,1481849789,803701604,648494652,561737127;0
=====1278187699,465194915;825031016,2099892635;1197346280,74157921,1924168484,658050822,267246189;0
=====1899611550,1647307886;1496623258,672659718;791755844,1186983304,1972487605,2080694902,651153584;1
+++++1700866661,1769843224;626115911,1953679039
=====219911775,2121902388;386489831,540828154;1922749667,1504697120,1688565883,1128301427,569326895;0
=====836953151,1169112570;890568103,1687544728;1282235236,429578942,304946302,929855945,882351321;0
=====266415675,1095784125;827493174,187911706;1429440762,996546532,318199387,2002740048,1941569345;1
+++++1662173609,729557865;863468890,68462210
=====1981737659,389879425;1954220580,273835727;485106734,758594084,2022731618,1439907301,534295205;0
=====2080968790,575788551;2125108617,254360453;485470022,645618172,1166664864,2062152456,18223892;0
=====209387217,540032580;1072974936,776460981;641168910,1293011753,193280200,1585673977,374726535;1
+++1293482515,881030751;128575471,1483669450
++++1447718787,103287512;292218881,461073772
+++++1660853140,1051613480;1661075353,109716260
=====839788713,1320369975;714458169,1366018962;344066738,2118585306,35173363,1981254887,1996099886;0
=====1518116963,1185396420;166384174,1959010113;1930474393,709043970,701271807,1785065238,362979237;0
=====474426142,1184999186;322935133,1771737320;1912362438,1211830994,1990548253,634767938,1313066324;1
+++++1950405139,1166442573;1111416912,319134070
=====364382582,1662267006;763980924,1553890122;1178415158,1891567079,226500988,231675229,1390150001;0
=====1018763,1913916094;824172925,964085391;814557520,1659504442,223970306,1030134888,1331484043;0
=====1356132368,970061358;1639787610,671002003;775197437,1399180209,1915705058,75724847,424106186;0
=====843601460,2045393245;412200423,414251757;159803457,819495893,527491753,2144317932,430069173;1
+++++1228845082,1218936114;1732726963,618249678
=====1963059020,2049416719;1630669803,935684768;2097281753,39702872,1934232838,909694714,903412479;0
=====592336221,333032414;1134696731,1467335570;1052355567,2059354326,629381369,827730319,827757135;0
=====1237801743,245141448;426331570,2031654002;2129842857,1859597618,468570443,1443094600,460914232;1
+++++554134296,1865340366;1947197868,1515394989
=====994478674,491756551;1344604279,1120415386;166916277,1837539186,366318017,867514832,450608928;0
=====465695995,169945141;1246717598,1088041961;1206626359,1106251063,1577772612,338113755,1672598551;0
=====110807971,424954903;1495958998,2006168088;2035942551,1420953412,1232828204,1253645554,1891964524;0
=====352436065,277784668;1509568465,1703623841;1573345653,472408121,454385322,678275879,176873108;1
+++++1378120775,1815489375;557564329,733771361
=====1480286576,1603710745;484944855,605925608;2001544863,1031953341,840437823,2137003811,1249858989;0
=====1005215642,915536871;1835263179,1794930543;756167915,1626236351,490433076,1261272992,1039866740;0
=====1868080734,2038883579;91161105,377124889;912361965,1578454126,1116878042,1620194444,1272701225;1
++++1138337085,1535413558;1112030217,339311474
+++++1435364978,659678168;703718012,925487063
=====379339904,1496514464;1059203774,1648126543;2117615713,1645443801,1333669174,666596624,1496208784;0
=====1055175274,497625712;547799502,659731722;1872199587,1109871556,520818030,1349766571,389016779;0
=====1366311457,1911343797;1405497365,1971890543;1656619248,101649422,1704927328,152288694,71627048;0
=====1361380442,1711400195;1477470038,1915489230;963900417,546408657,1361235179,774049229,114988876;1
+++++134840013,19957139;903933205,710302787
=====1271760569,1716830329;2008517463,274973353;489329936,1232986909,592737573,808805946,950705424;0
=====1499642251,291179744;445308314,1058475;333350563,792156240,1007098609,1666210457,2008120604;0
=====983422127,23108222;874635084,818756767;1150526545,2002282158,152746840,1653497744,133565742;0
=====2030698597,1148594597;1894532211,1477482827;2082662475,1275483257,1937797569,962466227,151026046;1
+++++937030154,2082655853;1281966362,156527601
=====806635358,1142738677;544117323,1824409939;911756394,584609333,762989769,5257700,1189203263;0
=====104559994,275492269;1280346613,1828358604;2084397762,517979401,84587362,1846466397,22482181;0
=====297575087,1604864360;1286377453,770568382;1486505121,211357931,1865140308,119991091,2077447443;1
++++1077926788,997437185;1230630085,751160731
+++++1873641097,1463678716;72313569,372377270
=====685402212,1478056956;576246936,87980149;1067532930,116825042,2111405797,1400187653,255072024;0
=====730804364,230910610;746837922,630560076;1652638894,1083460778,863346353,243730729,902256400;0
=====667451266,1398201541;1278690704,127173218;732041720,1638150155,1071383815,1084539874,393940737;0
=====221124217,1558165584;791851274,1599097293;361017764,958283008,352512180,523810629,316314985;1
+++++703749885,1863638031;646382301,106676194
=====1656645267,1795269521;1207262478,1524534839;454019178,1522694183,1278772285,529229000,136652621;0
=====647291580,1650992079;218723627,1657111346;2082836763,905289624,1861993587,53223210,1308086218;0
=====346813327,357558939;830963261,144912012;374339485,1327713469,297222828,1355912796,447995653;0
=====1256126766,1638283483;924814213,1609177435;197269178,1787876538,1359944914,786212235,722204410;0
=====1840311823,996417712;1145030456,27388737;1358923462,1797988263,1290038584,870492779,1231120108;1
+++++1850263372,617123304;394705874,1127715092
=====2129201039,1493506837;1283045545,255501170;1532519859,949752307,656715249,2074195619,2135543168;0
=====2014738771,249899068;1765939277,901694086;1495882839,867784907,2008407872,1929074885,33176154;0
=====166695131,777818325;1714779946,1369548307;301269110,1290320747,621763485,420502529,2146572334;1
+++++400350777,1978195647;151663645,933309513
=====820200855,18392739;1314763006,1555850408;1802237553,47177984,913779015,1809117255,1898079791;0
=====1951504019,1055460368;781071582,1865684347;484621351,1807747370,130165728,1811391996,441102406;0
=====1804724811,1417443355;44720069,1703279149;1574168314,454838915,1552482248,1207163350,1521978013;0
=====1461108229,49792889;1094663305,624747609;1015458202,1793258271,407090404,1908643599,774571490;0
=====2052147063,1095927132;714856259,934598683;1055482769,1339075000,1392603371,770749521,268969854;1
++1829600216,1376011850;700309706,1637588487
+++687309328,1548209583;1486745084,1031131336
++++38658729,1974741737;1801388136,577147129
+++++1466372055,1314469227;179253552,1717793352
=====255087807,98183926;972977166,421638477;518279022,1936484931,61047291,147973315,2102509947;0
=====28841337,1849438317;1771539699,1324785533;359480326,1798204128,882581587,1158645099,132490213;0
=====1506243955,1542634763;2120438795,1551508801;1621842474,1908900052,1962849338,1136829635,1974089740;1
+++++1105536360,1638914156;503043363,210178427
=====113055570,1373036691;559839421,559197396;1202943347,705858765,439437080,1762201538,1643838821;0
=====505516917,505027468;396280451,1937839984;7498378,98333648,17261403,1754264397,545852714;0
=====1052984076,810389535;1783678429,1520663821;331741120,1501665676,2063147286,915040427,2086088844;0
=====729343200,1939792278;748402052,1679660846;140870528,1221563118,1233519346,1349856644,1661560879;1
+++++957639469,1621507564;1596389292,1220185468
=====725644545,580392041;995648115,950723437;1952213744,334990304,725563501,316075727,291568726;0
=====458353371,1180592886;94793754,2074310263;788815630,735534583,1126292263,1619649624,1131307818;0
=====1576375399,1552417952;1861998745,736038100;1294411205,1446660615,1054016212,1775987101,764797416;0
=====154449700,784994203;1706589042,394112918;1677186172,1424556290,197028528,377585393,1007664015;1
+++++315839529,1356862007;1145936857,1303340000
=====296180545,1264515380;453204450,259800028;719430753,1572829519,1897509550,891419613,1923077549;0
=====886794800,2049414470;1903432777,688365931;1038174801,1318046956,2040126611,398478468,1844155455;0
=====475639002,127108775;1446234563,779735919;1250882553,485050038,2124402550,241063298,2142527573;0
=====48133689,850026253;1895568077,661698227;1639151177,242481114,680663321,723534753,224219163;0
=====432334117,274469329;1624464595,177106874;120774435,1251438203,1977813704,1486199033,2063233143;1
+++++44159834,1745573451;1378436140,794778993
=====1560211089,2076957408;1534548508,962092290;1824357930,93112645,1380924806,793438235,1428053815;0
=====1440036034,670015468;1169619919,1041778670;1246781720,1807271289,1635554382,1286169711,1296627062;0
=====1601322658,356838355;1874408706,6993001;605736517,84081128,718585799,108247920,635506331;1
++++1069178297,648577928;1103137521,1623185647
+++++274470877,2080543518;1296856113,674308896
=====1635937039,2975609;1634345082,799683700;2074106057,127095259,802522526,757692916,1908665170;0
=====605806445,1052976496;409274035,693379054;403212745,913912499,46991893,744361738,1489626375;0
=====1173566496,502338474;1790350398,1250693059;1064860095,335624790,997870113,2140581394,834744333;0
=====532593933,307724080;1623932821,804240346;1186234664,1014188110,299599908,1810369149,1876664969;1
+++++232577336,1537480081;1895085697,1959267093
=====255700661,363322785;378341435,1805171546;620624617,1237248332,392896779,1791938355,1783557169;0
=====129573608,480314674;1716513466,418861660;484492217,1777083102,246640375,1225002158,134663468;0
=====800484546,653717598;20031948,215160064;680605861,2089086633,1302142273,1570142145,2109145337;1
+++++1434081810,462607141;1719461117,1755313226
=====1490964313,801368371;413537254,1503688900;1782319494,1631260356,286476383,1379451710,936627526;0
=====437439523,613996353;1026344345,1074875068;998806120,1190354407,1947987073,328040070,1876567022;0
=====1312323126,668603047;1132977915,1771325752;1539362480,1828003968,1882202619,143548776,1947000893;0
=====1029819830,1342681532;525394031,874161009;1953547542,570013309,1233227493,963426996,1179105566;1
+++++431754649,612717886;680481377,883612581
=====1767523992,305854776;1464583734,1208820065;651050985,233926616,363517237,256114442,1634854129;0
=====1302856896,1212396377;1275482438,780580475;1939433435,104772614,805907879,508919255,1445567062;0
=====943222910,44144133;616708904,917089321;1432320612,1855842088,32470404,1225030750,523431491;1
++++1048992861,2016148238;1608672146,704419901
+++++1777133725,271354447;513559294,205672765
=====262165598,665364628;473632756,1655221783;743088225,953029148,960419282,536884510,323369006;0
=====1887273604,1385581605;846161264,836062436;1770845040,298409622,718595044,620868281,1592576558;0
=====1092074726,823076626;2128403404,1250301156;1233347210,1048074136,531536864,352048438,170265885;1
+++++1887288048,24930002;1523724292,126723040
=====234713915,1162448962;927481700,655855590;1626382107,657941935,272259922,593819233,1930453939;0
=====947833636,1982923141;915899759,2145782037;164628974,430304060,119033078,91379844,1471638326;0
=====733730550,870871295;1150195471,100846837;1275565123,168087975,1087988356,1431955485,1846625528;1
+++++1021345096,1113045120;521013248,1219110855
=====2046152001,1830985617;970626785,2018222798;256295235,1764570274,1840567307,1777519982,1963522878;0
=====1356558479,1355341787;57245328,1212392561;1208834600,1490522060,991648845,1568773400,1759662249;0
=====1254566233,513416486;1854418146,1469935632;773472832,500887494,1471125211,1300930559,1563795084;1
+++328119420,621187072;902110803,1049122247
++++859721902,136722892;500380082,1664485146
+++++1109839772,2020572696;1377273283,1608685114
=====1334809234,1996284540;1938250556,1551547006;1284048679,586305907,993864456,117097832,1007015167;0
=====1224197534,175374081;267195334,283944365;1836575815,1959563277,374079184,482246087,1113179042;0
=====1704668478,1678032547;955869387,643589859;1019213856,1588098598,335201693,1419637653,2039646492;0
=====996308740,618395870;1707421022,1303875454;202143480,1730582542,835873209,1273703480,721418636;1
+++++1816156298,2027966675;536609083,361394913
=====907750389,1650110497;1179245770,277300040;403262236,161702345,1787527578,1294278996,914458372;0
=====1426048942,1568336703;1992935658,1395232131;2046813571,1096047917,1493236608,1727295210,1484076514;0
=====2052321609,293256255;1090785446,1279576039;243012494,1256755316,1643885952,1767164450,914706947;0
=====394437963,1223109957;1088691206,1998054017;1426601719,1680104294,462063468,65834713,940794073;0
=====1553061629,1997627748;267546274,760930138;1038479530,1071842033,1089819890,415824600,9395734;1
+++++1354498322,936988300;962648701,1684111264
=====830872847,1074063656;709999943,407081426;232203505,359250182,2033683898,1512680955,1467460386;0
=====377615036,443227946;1216122045,941997202;1560477194,1333252298,1103408184,519687505,1032197431;0
=====1916703858,530720776;922915291,1418051524;1091608817,871850177,1682197979,191371696,276970354;0
=====1188683269,1854460571;539142995,1393221160;215163367,438577835,554552734,2079848384,786592800;1
+++++961376420,1388796769;1676221952,78947746
=====393335204,352226064;1699221698,730296935;2138920640,4019234,1626761713,1307524688,1152333966;0
=====1138818169,1322150667;2119124551,1386325270;1305998616,1145121880,664480621,2005592741,953782919;0
=====955403906,730741488;1308917927,350752385;1921729150,1146967146,1501063773,356854052,1356612363;1
++++979225965,1940832715;891939540,330523761
+++++593087720,1209064218;1199428830,1933113441
=====1415861395,1312709853;883281108,416940840;1481245704,654739614,1481419890,311031157,381668672;0
=====38567900,1002378205;1089534464,421547350;1657045393,382735522,724029537,35184026,2002511763;0
=====433652995,1208456570;226276020,1152878867;749897771,577500387,586073037,1372614711,896916752;0
=====1530323864,1444647051;1851392161,1178310522;247408373,1440718167,524919486,296733161,76006701;0
=====3247862,156650672;728745332,1977487427;465289986,1030122691,500524161,654522426,136865100;1
+++++983312373,1677908933;1074672250,838670458
=====1758972150,1777181219;715555161,266509847;1291886877,1341955030,1510819482,1493559546,2001339588;0
=====657298155,337593045;270891470,1236908923;562340035,985262601,1266676233,417191777,1581927658;0
=====640970348,92166656;299351110,551171003;662137806,260323123,474326476,1104355988,2134162399;1
+++++660732617,817774956;2031217794,1832893058
=====1257153934,797707383;1315519638,1407455315;1326750955,199619400,937633807,1700483766,593380123;0
=====186524103,441116776;893839207,807924170;1629923570,1901343072,871326159,1791456261,366383772;0
=====1158640226,879825396;1833515032,919027565;1926357021,1055661900,356163381,1099970309,1699662788;1
+++++1379871194,210057289;1204141213,143693230
=====33574794,1100561422;919341126,2898742;93279949,150453314,263433776,268758254,1971737295;0
=====987706445,1327374921;77097750,167689738;2007206936,1657459191,121768944,277597435,1092345452;0
=====1187682708,282021455;555252483,514022782;1605253867,1846947515,711832917,669422302,18445921;0
=====480578781,251365319;1993159237,188859549;1067989923,448862540,463399258,734567027,1099723193;1
++++1946801994,473533524;1268588464,166496033
+++++437281827,146526698;70826913,1106590128
=====1747283474,940114950;714135502,1026364533;758404026,1697541983,27593153,288763893,524762506;0
=====1981153935,101531924;402925020,1098116310;682997000,848528348,69017807,1885732390,410986998;0
=====1789567795,363563561;1608195611,996193391;915007975,1588264486,954492624,680742483,825044800;1
+++++33827390,1382407533;765965400,403093097
=====1602499811,1570179051;1217734396,2074341618;1306197173,1153651851,1311755858,1810091298,1225307483;0
=====779205893,1973688402;286047864,600715844;430933164,1592202083,948859583,904942798,1125077999;0
=====803528767,784321160;1651202772,1590042278;358272560,2015044050,1748349258,1528476914,1277822388;1
+++++1746105855,571687672;1387647834,2021420649
=====967430197,1856188267;156952115,403733386;475186105,1450666613,98028285,1186807554,2094842488;0
=====2003554459,735726842;514963269,525563425;1833927545,1382510621,895021968,727302821,834067448;0
=====1018919490,927883607;1270108988,1888813532;1712553574,118084293,260295198,1692717975,335919895;1
+++1481149425,384738586;1056379661,562360690
++++1600132803,658479502;1468358834,1152506151
+++++945328278,711741807;601896590,1260094892
=====1389001477,648370100;1804304402,722920028;1016245174,1225376152,998555793,1681199132,256730491;0
=====173430038,225120662;1962852160,1482375822;846178091,1777424576,540292550,209918942,1019608769;0
=====791813389,1639545721;596233964,506077675;1533293724,2034826311,490346812,824352773,1567244680;1
+++++1322956759,995655290;1133625018,1982412009
=====350808565,1583410988;1823697828,834664358;208665452,351051868,1300195020,967727268,1776239216;0
=====1370778782,371650945;1679413114,536671262;9110352,772421038,1659323012,271501662,1170830061;0
=====1721548548,1684351691;160484170,348357079;1942778186,1167890038,1598857746,1766786613,530034084;1
+++++2128207232,1742193391;919051501,1594565456
=====1877860078,1039102708;945295809,1145314383;496571394,477268081,52367432,1875571098,1886551996;0
=====324779072,1213615739;739654355,2027329249;5565063,1919973613,1460125750,15205909,1646119609;0
=====537568884,1922440467;569116759,333030067;1649896301,986447182,1128038364,715753222,1346071152;0
=====994034125,1473272133;1954669546,1799898529;629539741,27957876,1354424964,1792080988,316382416;1
++++1258094529,1439059050;32776995,1366175591
+++++1937995798,505871836;1308032640,1922418337
=====483931108,238644072;692024105,686210345;1740547768,1100420113,574311514,586605608,1235040530;0
=====329172113,352635271;1414221323,1782365075;743241030,304549724,1626911809,460148102,1621863031;0
=====5992953,855995700;655265554,719931016;218735906,721273393,1078319634,483937034,1467837537;0
=====150718239,373409725;1502851958,1042073273;1381513508,511519161,1523436669,841777844,1051901042;1
+++++354613603,243033921;1691215453,1070524201
=====746573795,982472472;1883632601,323063231;603488220,1023904835,586848266,188526019,1149243767;0
=====691487472,573024103;1710674922,692500037;353797260,274953371,1948614164,1010472424,727133315;0
=====2004729690,346150863;91360156,1649254396;1196690748,1626892347,1610874282,1014077988,2023855423;1
+++++471098156,1898845842;94055272,68262399
=====1179708210,641582716;1706271752,1527320942;1428033990,245386127,424826497,603430503,1272225446;0
=====1755782866,1926165454;1773208679,914665805;723730644,1149657029,528895045,1998074154,1790344018;0
=====938856377,2107800341;1928356796,1916152410;783749987,436342084,424388350,187532081,1614135429;1
++++1237125496,1655195593;1135152356,1574352496
+++++1882698780,1311400072;569963518,958225462
=====1112257626,1738089247;1801837446,1116926787;1260431198,2118061144,1990388357,1977768221,1726985749;0
=====1074824371,1519321002;562408870,1047913124;1882152129,482158166,219158591,1559330283,861387240;0
=====1957183629,1251825487;1200573403,1816353234;267952841,1540457125,420286722,1703981057,363396327;1
+++++2112557109,1759937204;1268179633,607309549
=====1220233101,246956449;1797029214,934756187;1818229953,1989075728,1810400795,848179358,1178603150;0
=====1392115828,1033736593;832128269,684927765;2010802444,431919118,1184768887,59133829,1666402494;0
=====1034354522,1987660191;695239245,2021298670;789938113,2057867642,769735755,1523583669,1963749483;1
+++++1822964080,1853809429;839074652,254414076
=====1444023140,2059868851;212568302,426990283;1139522336,1233264730,102625260,977424246,1616900301;0
=====218786948,1545845131;1331160327,568914495;2134016160,1022230144,311433545,181133045,1043145591;0
=====268920817,358771819;2122862266,1872481472;910674165,466739626,1049519700,74302160,1309507083;0
=====1769802257,1413258765;1759616783,1069794435;1149564979,741166046,1184991065,1747593187,414058497;1
++912370014,2093998403;1477631562,1523527259
+++1445368728,2046768802;1431472414,1784707445
++++1921436451,1409586165;683410295,1451782349
+++++1021717143,1891783828;859434782,1164083048
=====1254828981,1385986439;1693996995,1137704395;583907852,198620243,1326304117,460553169,1627623873;0
=====1585430801,144920216;1903732306,1271001105;1719699079,480515031,1575521526,1758514941,832461515;0
=====10741400,358046111;1391707930,1655288630;1913479417,848189201,1480060753,483108448,487994970;0
=====29377516,1215344784;1698992416,102713269;250148562,1551055542,2028759598,1842201026,822479598;1
+++++1484762573,1498782046;381423267,521780732
=====1179349491,1082459379;1805093758,1095091850;1612059508,317431242,719248636,1446385485,11144615;0
=====1188992492,1190122293;2090438230,1553097085;1467024101,866251336,625899303,1304855277,938645121;0
=====1413358033,163095944;446697176,778470731;1803225866,112736137,1660556418,1472846028,1031268558;1
+++++317442073,1853526890;1218483136,2038685340
=====1774783662,1459260327;10821007,2108121350;819844260,154886192,908410795,602644689,1694361178;0
=====1250422471,160203822;1015976233,600354502;1131546382,1360705073,1520668529,1499788087,407933345;0
=====1598463365,1859948743;38660188,294505432;1799152182,461430314,504181938,1362500431,1433727118;0
=====1076407844,612176412;1698539763,1281487250;2064582224,375018154,1270384289,991930119,1325129324;1
++++1464028850,1260204848;760619476,1154628467
+++++1582284194,257705081;1044580103,119797951
=====333280179,1583923808;682163760,1747507500;473179496,415351244,1134388490,1230920608,535654862;0
=====1614560679,1555026943;1730877518,149112520;563480050,774278858,953771468,852477589,950440849;0
=====999112055,1810001973;688310564,1432503674;414197555,2082954782,1975416166,580749605,1247718941;1
+++++1450831848,289847811;376779208,398070594
=====646614350,1881836605;2039003368,1997298450;1120752617,1255679567,990020583,542390605,1268679418;0
=====180787233,1111659459;1407342381,38088764;1232516646,1840089477,1568566697,1557982728,416353027;0
=====122405167,1393472939;50072329,144035605;1865599510,853583618,1226644162,290068779,1205389327;1
+++++1912184876,729811198;987424482,2099037906
=====1969760881,278067483;454525324,2132403025;358750426,939392373,1365854116,1501091481,123317228;0
=====1648931413,1913744320;106547544,1545094147;1439895643,1267345258,1754587625,1647287102,503055094;0
=====1128847940,541464094;378439228,526713813;1860055877,1124052549,1940520786,1730675442,1867209759;1
++++1322061276,1935611324;1503896999,1959219206
+++++1932263906,1764501989;811777075,1591510123
=====1544547476,1603046917;2027198314,85718187;1037948556,968848979,814245469,369171879,1033860004;0
=====1549351333,299612612;1705174459,657055620;1363256386,1446108517,1822726973,1352892105,1414089494;0
=====256944858,1261802862;1815850324,1702231333;1212094006,1911167979,1759298890,1413759807,1367157103;1
+++++1667894901,1857015756;1535765856,2031385131
=====325266902,1267982642;1466995243,997357397;100109348,93791241,1434373534,866822485,1673568259;0
=====667704024,812595249;1050438887,454573634;1744576099,1082079777,687596396,296728828,1196247875;0
=====1000243852,1425443555;151325263,1616731427;1713478321,2069909061,992869747,1924199587,890711870;1
+++++1641005526,2012598550;833055836,624839472
=====2126510460,1779757487;105564081,1304767296;1121129742,1817410207,1549736845,1576282584,1308674820;0
=====963505919,1461188613;450840842,2058571627;1574730202,1407520045,1386516201,1154396090,864012275;0
=====357548838,686960344;298483647,1152823085;671330385,25691702,1818403337,1285167573,832290654;1
+++188890037,1697998637;1747109373,470652912
++++1260192268,1772489866;430225831,385278183
+++++24877737,1825794233;598958263,1711649636
=====1802810728,361352349;275503742,1943522423;24609583,1012053369,239656660,1892148957,1547682930;0
=====1582580270,929160122;1709338868,2025771771;772570535,1433847591,1033786358,2035007027,173881960;0
=====78435356,2076081680;397427886,2120587590;2068103803,411861467,1301869313,1668265571,377431170;0
=====68120689,2077254201;223852577,56618141;1222281828,777304130,1263636091,406032368,1022578242;0
=====127781103,1337387077;185111624,1310728533;969953616,262797535,1769833713,956155713,1851982517;1
+++++824983144,1014978833;1135246760,1024177158
=====742746839,907473563;756560182,980683612;1544442837,796267867,1846474944,838955616,1896649253;0
=====127469806,260815206;537244788,642245404;489217262,244938038,472768640,57316203,1562434467;0
=====179420722,802732141;1333292311,896248848;755486586,1545354563,872499238,1048050471,376849469;1
+++++574798698,880537508;1618580588,1854861326
=====70320949,2134224415;1582064779,1180349832;1967304893,571862816,1084429397,316966644,1145207387;0
=====581435399,1651558250;1520508900,1320936843;35515036,2009104441,412275300,1796330185,2108400667;0
=====1403248937,1523036524;732537730,733508811;535969103,749493627,1984140696,350548984,73519746;0
=====2105744016,689315994;1375953198,953533982;35248695,717579256,484304533,1424425131,758898864;1
++++159980838,1329353193;1580657209,111355847
+++++595375265,832711124;1272563688,813110834
=====471202001,1834444454;263698597,349104782;935709110,1224737864,1037190706,445571968,1293658655;0
=====987765588,1735449421;1564086321,1336001500;781033274,2059646924,1998263461,455501887,1294635431;0
=====1084836213,658040561;2035367776,1945056383;1288399561,110925441,931472262,1129086924,341164740;0
=====1071922680,1937786376;1029421157,780631355;1444290966,2001803479,2129199090,518010784,1266299751;0
=====910205106,1928965858;1162030100,267958895;734278041,904540604,1625261937,362913877,1728856264;1
+++++502355575,1755393436;1305930918,1066882554
=====826959804,855554005;779101317,1348263190;1206831456,1351590279,392545082,749277418,1935746268;0
=====1890782887,1394870428;232135259,235247313;1364965690,1894346299,1951771807,1017203005,511352065;0
=====572243566,417148011;1409998748,721262342;2125036221,296137736,281778908,1116191583,1969557115;1
+++++817645747,2133226791;944004550,658320722
=====650271694,1121154018;406764095,1315423127;896924940,95292589,635383079,2137859867,1255231009;0
=====1932221486,189374394;430989049,91919919;1873484508,1365033502,1804969722,677316021,1609499930;0
=====1345041785,1752127704;223500920,1649255243;2131986678,1484689372,112220071,734488598,416759181;1
+++++972352338,258317333;1163791350,1894103020
=====760646320,382244804;1442419687,1255451570;2115657675,1606670227,1834070713,532641935,39206996;0
=====1207373032,1296916534;122036573,1648085576;432596919,1060132886,2010101897,2127728136,1734435190;0
=====39829538,152436479;1539959309,1240979498;1121185058,266647379,453687782,1752229354,471623921;0
=====502048498,1661381600;30549431,2014382084;378713453,1445764352,1990831714,1234982648,1161351895;0
=====1303951942,1954626556;1542642084,1681661850;1411088477,1528411306,1108234287,958226609,1541043110;1
+++++1389498278,266116974;965021615,1589440163
=====2081733701,141600236;1253651777,1775819201;31645235,873954947,65915552,1186343123,670045168;0
=====208478380,1597006165;2136081951,695767269;818012712,503633383,1750422824,556186181,1394586714;0
=====2124354455,1388102830;1015038659,437115356;255242345,1180667661,372438055,2127864940,699326755;1
++++1320617804,94194583;1858032949,2075664947
+++++1302698725,295149254;1329194282,1632238954
=====346504784,1257733222;773253575,1217723465;435618898,2027828462,118057212,1521249414,962106370;0
=====889864085,117697452;1376703315,16576351;301216090,776341905,259503882,1426062394,1021817715;0
=====1449229640,1667850461;718893234,220428221;811004213,295739976,1000768538,593691407,1035861498;0
=====176068011,1699633492;982262188,163886539;153513541,1247174080,1433886475,1676579094,2022473389;1
+++++170287065,1860515480;1014336412,2037014174
=====983895422,589317880;1424351484,362550854;1072846629,1038510655,1313371725,898822298,566409928;0
=====837703365,1525253227;1786281929,366452973;1654840713,796331919,681525951,1269254713,564265427;0
=====1984276956,308284175;1697386144,86431175;427409178,89354014,891687515,37118480,2095088175;1
+++++911167785,158004461;1522841105,9790672
=====339539809,307451735;1334965348,1091225365;1680524912,43461497,1092353193,1022752483,29901111;0
=====1339295724,584690138;2031212174,986271004;276786177,394287715,601652839,320810010,1276651996;0
=====208796541,1387387241;80085153,437324190;142204875,1232990362,1515931457,1375623741,1912507792;1
++++1826552720,1782395468;2038734364,1478043908
+++++978932969,468898501;1436115456,125865749
=====276381322,548803641;1915308182,1244350603;461406771,730083399,882579488,939116296,1298853304;0
=====1157527514,10054393;1924415100,954165690;904825815,1790017351,1533927936,1621435174,360352595;0
=====653640414,766043510;102277707,783722642;742623312,54351242,1724044767,298737638,548532981;1
+++++619156068,469288786;1155029330,1122069426
=====1524969458,1047342476;875368905,554504633;255811006,457242551,1484167459,1843324445,119978362;0
=====769249491,296964048;532646397,791493924;24617951,596841896,52136795,729013073,1844841856;0
=====1797342239,1125979885;637648079,286588983;1090234838,1735802659,305133556,678887591,1534759737;1
+++++130818092,312819638;998758166,2084245567
=====593918445,1359663840;1759474594,1309741506;1231225849,171684711,2057608588,526390000,342574208;0
=====638885390,1030972765;999837041,325107605;436326538,448503296,617911663,1627837885,650143789;0
=====74861851,1503012322;64074938,1784822469;20976117,224051645,1931336536,2051215627,1428270476;1
+++1291622940,1749287492;1743873543,302526322
++++1030818487,1285116408;1838671681,1465528549
+++++1351006078,203220201;200826350,111819421
=====40603049,144526871;1996896872,891264443;702074079,324883337,712776475,1957554295,1995053950;0
=====51434693,1222881079;1605016804,1122542770;290677597,254442116,883502857,1782168336,2073102958;0
=====539149174,949353780;657725882,1167646460;809815263,266036201,446259379,392571782,2094525435;1
+++++601727460,714936372;1524982834,658419166
=====1620696287,78427912;588510676,1387747397;631205151,225026334,1181276614,22378575,1941115180;0
=====1608113209,1753152568;257003017,1572103447;1561062875,1762520200,980951333,26323866,1678834888;0
=====1799858446,688726960;285573421,331640835;2120901068,1289192158,2029465786,40091941,123300706;1
+++++556722237,889051987;1658360850,1625180117
=====1687236767,2023299279;2139291841,1781219878;266908331,1890068900,1135736870,2012014335,1508611320;0
=====2046640209,431352615;1314453520,1724366226;718616310,588826428,430202081,810880206,412214523;0
=====854589669,320221930;1126952390,1922453701;335695292,495513343,225066465,683913914,1774322443;1
++++735587551,174463645;874221551,509982258
+++++1734395003,912148404;2103069574,1441362317
=====1595863445,1268667923;1964554433,1446343655;525909636,1980790373,293448677,302598624,1758948108;0
=====1414811516,944698241;1416570140,886558829;1769104086,930950772,472870782,300401826,532310956;0
=====1413564152,912675854;1317901125,2136740726;451269460,869201310,1970894718,904695184,253401585;1
+++++128970182,274174601;199212633,124366589
=====514819711,1757701784;135342677,2096952817;144226635,791094158,1647614190,1283374405,908032730;0
=====1977825299,1505727536;201619833,30660429;869256265,1632408897,1731163237,1700052392,850472008;0
=====1104099062,1946087145;333476095,370336879;1712980576,1878184743,642367030,2012444130,2141947391;1
+++++371738592,1529022968;1531457309,746866269
=====715575143,1062169012;1997196863,1529010012;1542520231,725216797,445226704,1095874271,772415427;0
=====312021107,2109147778;96469427,1598384810;895421418,904170417,1924493082,1647109516,1950704628;0
=====985779544,1347079792;721937513,896142427;2139545593,1915268162,2024115911,1071048860,697666537;1
++++172414043,1000975577;637723157,885145153
+++++1112303453,1741039056;141213685,1006115669
=====2025078409,1090929920;1955388530,1646261170;91829530,372699987,1353787263,1444407339,1792171871;0
=====1103329846,427087454;630526977,1685237048;1541912243,1360533170,1876489529,515755941,1623103103;0
=====1626826254,291013598;904744890,1640365803;1984767563,905581371,1342508934,1694195041,1244428497;1
+++++729241722,107632192;151191784,1729511228
=====743558895,1739216454;2131206224,589531909;256362501,1360963374,1672975696,1836153462,1744841816;0
=====1818080305,526617620;1077576313,77619182;921342326,685203288,1905079613,1474088207,1221508368;0
=====2034021639,883390536;337634654,826216016;970040777,1402242318,947269673,897054824,1605136064;0
=====386728263,1452355267;1778033188,1925516645;322785260,1668757924,1358012511,1390475028,2117779499;1
+++++1268074991,381106085;15478806,1773081649
=====758189645,1751765572;515068063,2039395279;10695959,396313820,1009565050,1005226829,1920839040;0
=====1519839218,1526680280;1727704220,47596553;404044423,1562097669,613882039,59842542,1922582836;0
=====138378770,1421786166;462290048,2126651386;1670352909,489723653,493471676,684716650,864963734;0
=====1116417315,543165867;426809495,1875191367;241360115,928347184,978332760,1053717462,266527489;0
=====1995988363,211866904;1729918478,1351144793;2032441819,685318363,1749685825,738618768,365816928;1
+++++953607079,790089049;1898341320,1177932217
=====251579739,962386053;1704106055,171861691;1587652343,1976423421,744960681,69512238,663598590;0
=====815320237,1983838294;1528999456,2067359883;1823141305,1384290001,1099481122,1496627561,764978044;0
=====651150722,581857150;1490437834,1073000555;1619705507,823271798,1859654271,686559546,605927156;1
+889263453,161526794;1281170927,876915308
++1463546913,1305851289;1725564951,1464198544
+++1599671217,241271854;691052427,1516139942
++++1265561361,1944614611;1918718269,1458601665
+++++1127926437,1224276048;1829559656,1188792251
=====999533017,382444257;2010774944,161833038;441890493,656988734,1203068348,1604125422,145693463;0
=====945268518,1709746722;1148572382,149278106;20170472,504294313,45408214,1530671143,2009935450;0
=====1410668036,640806711;2049738557,1642352637;715668943,737439883,271959815,1711174593,957399203;0
=====1323727867,268283238;20736661,455161855;2065977041,2093048693,1709951382,1104719205,447054694;1
+++++260952608,382983693;248025549,1845659239
=====1668682638,1618846284;1741608478,711457847;398574705,2143422733,1294429690,1897677675,1808414263;0
=====320669144,442876527;34620669,1075679314;793497172,2117155922,1210700055,105912717,1326950804;0
=====326700657,1385172981;1078648851,2054976726;1866747708,608580181,2066969228,107542180,80747418;0
=====537286400,149909112;1855462466,1868725246;2002915332,1576694031,1007322724,1269600103,1412223399;1
+++++1485514545,85817750;649249056,541004050
=====1676511545,1815174091;1931786534,1141011361;773800073,399240703,519675007,351451979,1399277495;0
=====1585990967,146720510;1085728050,1915962755;1560297010,857805805,97543461,478527988,886951403;0
=====917454555,1634433280;1853338932,2046020161;1989664363,1074520952,513482711,581591361,349870115;1
++++1598989126,1551281998;670525079,2056541202
+++++499174912,270319771;1344596765,2015994127
=====278226536,193495408;2121780741,1250074261;223978465,1793390781,961169496,651291996,1653374205;0
=====108099367,399534783;1994185397,772080661;739424573,1753176285,78278792,1762231123,1179585919;0
=====1530576836,796590487;188847141,684495808;1127908265,942254714,905176894,339158434,930260917;1
+++++1340563783,1174125789;1775700118,124306404
=====467289680,1388659699;205506184,791275862;536911380,37102831,969422812,198996264,1408964737;0
=====404826044,691014940;2082084054,709872966;2045532352,386868750,540804410,530120480,1638667204;0
=====1081963161,383637827;392663864,965918631;1543854059,194349780,1045367875,1451658179,251441028;0
=====1557741525,202322695;1848845020,638376768;600399871,916731190,1305668188,289729882,1649332627;0
=====448685221,852960110;754784102,752453014;1157586163,815510774,895840343,562680665,1704282566;1
+++++530079406,26664345;1096773345,498129238
=====525871674,261350363;1222935767,1108131827;742976016,1546935559,1006023497,1679305382,1162137501;0
=====246868100,1461806742;1062652735,815526300;315738551,1595576498,633838935,1228513505,1133184641;0
=====365713896,611770281;514815777,159530239;1053312311,709048824,1179566648,1207795581,1832912279;1
+++++849322813,1193969401;1015268137,2111220491
=====155639502,1958212591;1084291111,1933387980;2099398908,940593666,2107587956,1561739627,979779645;0
=====1503390974,1398259153;2044075860,867226594;867213419,1667881399,690524898,832677055,2107652078;0
=====1555993621,1856947634;1295501280,1448925415;879601562,228392558,1398523683,905207872,2099813591;1
++++1539541827,655673603;1453647302,572190560
+++++178101213,1559335419;1890688534,657142851
=====789810595,1179830967;1832849339,1297613984;1476893201,441391005,91032783,1048740165,560614768;0
=====1691327435,16548020;1512238650,1223665783;237926221,540112561,1044412296,2044163704,534633732;0
=====1719594806,663909997;1292178758,1813143476;1618056562,438157586,794247937,1818354940,1809823408;0
=====651348814,1465409949;1276562689,1799272004;701315605,12397164,2089394116,498678640,1124669604;1
+++++1323105055,990440871;192417155,852093673
=====1300835934,369310047;1900537288,2098642586;1023066720,1111051711,309906152,1787096537,1156636572;0
=====2055441144,357363649;316749354,1456687600;1564099371,51809333,93263885,92646291,1937743571;0
=====1343388446,1356125100;270045967,1839721697;1068731600,12899291,1867918054,36922800,1910887640;1
+++++486267587,1818681647;1483885698,244147981
=====2079616753,1692702654;1048905096,1889668387;41893374,1352462766,1739240045,1220884142,1881085163;0
=====640879138,266673500;1557492739,1688275076;877745213,762599849,1980696896,1479487377,532570075;0
=====1871953736,1208077812;1287743416,1488261311;1477166885,256340173,1821181155,1519335124,1639190496;0
=====2008355210,1539620827;1483162119,1183812933;1854854750,1530068305,1824394015,1194202614,2078360637;0
=====1667572306,398784843;1883685883,11758267;198193465,41523799,1631296448,4697119,124163768;1
+++++1039382927,1963853808;1839538537,1582553947
=====579683683,1232548744;923048102,437605699;2094925988,923668454,765539276,76757924,930087602;0
=====31167730,2147117383;1721100990,1100322325;1976175211,615264492,1915245297,1638513626,1146606033;0
=====1441535886,962376284;631642692,539643392;919721224,501341893,1505627520,1446346837,1533292957;1
+++481738056,420229214;1408318172,2004067175
++++992738243,1320761316;1598389810,1486680692
+++++1299016626,1498947509;644548500,2140967444
=====825120247,1668009663;515824199,836226113;871260658,424261735,1401913158,2013586441,513063740;0
=====297981381,1244275731;2082518010,395866355;1155649044,906538549,1326583791,1859024845,864312338;0
=====2105606849,2536939;452518229,1812409832;1331062080,323373278,745046717,184133402,1027682370;0
=====573450246,940543730;1133436093,1490438424;1882714937,200720798,1095687496,645330531,226547851;1
+++++407809132,2053875639;997019103,1529044308
=====304039199,813451688;1884854513,517821039;814155262,1189364444,1110242099,1751411412,1997283509;0
=====1512795822,8904208;864874600,142036978;1589319143,334774853,424459830,620379241,1697242218;0
=====1419759199,1306275851;1788503369,845108707;1994671638,2012693446,266569651,444301735,869221282;1
+++++156929057,2083598596;1690384981,2098239091
=====116763079,1628426251;1077576478,1250649527;2034667767,1324599684,1968018815,224122163,786630830;0
=====993743009,277215288;1872368918,1197879627;1580608352,652140091,709237972,1502219973,314464654;0
=====1301854767,1703602898;902575087,2145509598;194026750,794290708,1300806510,789733108,231407537;1
++++2004905927,1063183902;420841775,645453283
+++++1878473086,2102023625;1100575598,352914856
=====734189376,37714601;1760633425,799612796;593403317,278942136,1276037709,73553291,1795940675;0
=====1226009108,1379466375;2133387932,1185643535;695502115,829817538,1960097050,249969472,418256204;0
=====1762776297,2026110564;1525181484,774689624;1229683730,929423999,248068913,1394593850,1943643585;1
+++++1564648787,999751145;1199856161,413457579
=====308219465,305174249;1832435661,1183784337;1738564942,1138990785,844649686,104351787,763696885;0
=====507098225,873488580;1295903564,923068219;1690140449,871333064,148982973,873426237,1267736390;0
=====1558472543,1231325007;2021528583,1418702594;2088037149,585706590,2142670973,625741150,1768241826;0
=====1021736954,431575607;1203212085,693869033;857060711,1614690175,1282859083,589396170,1974875706;0
=====1850700685,116547435;1693366409,10038797;1865698272,1704760256,907010499,1976357303,902214930;1
+++++357695310,1208190671;1091694963,1880203192
=====969151220,589657701;932818628,1519809239;463578884,1289893161,1041590811,2137085738,1171430467;0
=====743438588,2031036112;764443587,1431596749;1585561236,2052614901,736211123,1625203553,171937952;0
=====199060177,815971366;1778057680,903879270;1846382740,1926248284,1651253595,1729550578,2102382124;1
+++++580205932,1398757722;827153948,142688601
=====708832225,1373128699;1542899235,452096498;597733215,268851868,1310667790,16714036,1968240877;0
=====346201924,665819675;1985768391,1724646123;466420232,670404048,887491240,38261704,1023745676;0
=====69463362,330199141;1344203548,1261553617;610516409,1872190351,1314367559,1972418302,1102887868;1
++++334260501,1319390353;446734476,1165706216
+++++1649541174,494903013;1867619088,1228195712
=====1191561747,555964978;82583735,289005273;2101593568,501869499,399282548,1700113530,613764502;0
=====1949439779,980830616;950135287,1265401793;2015066696,186392635,1069959575,331731361,1899457221;0
=====1398293521,61484914;460856657,1507975466;2007613322,1716245965,354109991,763407685,2122251822;1
+++++369917251,1293358260;2096501239,1938571542
=====654855804,1902294567;169621800,959829671;155444017,493079193,1310536025,1154558692,1834517552;0
=====322760118,1243519560;1877803385,5184618;1400031540,128343266,720362753,492161789,1217641831;0
=====829446714,1712350341;917423938,608846159;1891537828,1162907450,2039036086,1631728036,1979195617;1
+++++1687201549,571007203;1672078229,1892302816
=====2145454787,1500025348;1296100748,1652094082;844913856,2067692214,1541452806,660888361,1184276696;0
=====784614932,1863768197;672208854,921480397;494220615,702663291,277383102,1224586757,1983486510;0
=====1403970330,1852930549;278109016,1432411590;1650286257,1303752741,1528237722,289688772,182872585;0
=====19158398,2010840457;781052026,2097638837;37126106,773225128,1345972571,550361988,853150369;1
+++++929527990,232358024;274111300,608829577
=====298913169,742457430;1888672001,1552477096;232623386,521672375,1959652972,1286383829,1890052282;0
=====78455374,1232733844;991394974,1283259756;525960368,1942250041,1525857454,511327147,62775442;0
=====1731181804,1916251482;81889135,642252261;1175160115,2112742401,978754382,702022945,1545556460;1
+++1477813539,1674795820;407915192,1940618784
++++1624928994,886878401;1241897239,2025788262
+++++2081451366,461103006;1010202776,2101861209
=====1572801099,253924062;838754160,692361945;1761377836,870561971,663333514,2115100070,1347933096;0
=====329764571,782371510;888314155,1824846670;114307841,1037095713,1463292238,816555205,1737834861;0
=====1009356571,582429400;1157965082,705844780;773781565,1474499850,67979868,2082065685,2106653267;0
=====1280634515,512452436;792649456,2114019632;2113565069,595436868,247961144,1507734920,1700907528;1
+++++1461193966,413531687;1567296355,1017995871
=====1224759247,2129336832;1082135364,417336368;1729965343,1953098923,223251280,38272224,1924441679;0
=====1035505883,1762520049;1765923493,1564542487;358565156,1159148997,1609382864,1322422998,832852724;0
=====1537359730,708196926;35481495,1163331114;2068196255,1404105246,1633408367,895261470,814256145;0
=====480926085,839392884;1835092686,1283153857;1970864495,602994138,1936662697,233808276,1316426183;0
=====1967354860,1227245206;494511101,485704274;1154869331,908370933,2083371747,1940170686,1753897931;1
+++++1661259354,2087855856;469065908,102064995
=====256026112,939757598;232842990,449489929;1525943659,534623068,579563087,108142269,1625820599;0
=====24790817,1851785446;1564207868,364661628;380716905,779235700,795932711,236137027,782880451;0
=====384410449,1773575052;874276010,392746575;1573836195,1922629139,1166118650,661867662,1867989320;1
+++++1788790774,537790300;1683346722,419036455
=====1719844079,857274746;1379147478,599708517;1200297873,197264930,1238795325,1415081733,792322056;0
=====122528177,1264984698;1043144058,240819007;702296234,1871135308,1562052077,202849710,307882247;0
=====107048876,19706643;990198011,914078374;145368680,1018022621,2126006029,1982420655,1287083134;0
=====231607227,26993079;490706920,187117674;2055725652,1502296982,1488508111,698836115,1368557458;1
++++1580551153,1801381924;450213921,282915287
+++++451438164,632821116;1828994478,1945887533
=====1060293839,687310106;2069419735,1150830224;597143093,856194363,217944006,677475004,1948122216;0
=====657405845,464411699;177735464,2011864504;1157920034,745361163,364300603,204262897,989448923;0
=====1780408136,1098360682;923353818,934978677;1002143446,1210288849,1183713933,1244409870,869947785;0
=====1638187338,1197857235;1382946825,347969585;1848942393,1460017645,1651209186,2076618335,1946982420;0
=====1655302033,908087412;2039484376,496089252;1605248114,772829886,1496960762,1343014272,573206471;1
+++++311912040,578830838;2097074819,499820505
=====1033940971,903571082;626623820,1567237856;515787184,1248200929,68293921,1823699132,2016788039;0
=====1379441934,1541192600;1777020106,2025963501;1264943150,434391416,726587604,112084834,1649214306;0
=====1281834219,2140836812;231365106,1202710196;2120376209,1330853595,325689038,1483519470,1421043418;0
=====1059554225,1542193588;615343162,598024489;616482897,465399581,1472245267,1263463121,752766821;0
=====492139917,73885621;768417526,1597629318;373463740,2039258994,1492012109,706028467,345617723;1
+++++130192377,1923354177;287178825,1764757797
=====1470883697,1347721011;1635514667,1275697725;1711907077,1938966541,1896223878,1009016895,396865368;0
=====878019156,555869751;1899438487,1335107363;1140942512,1541525812,1292946238,105267638,1042190535;0
=====635336214,1628098665;561266915,1971968717;2064417323,767626938,1505019000,1105207538,1202163109;0
=====1226910579,712257261;1937341490,1226243145;984342119,659457657,332165202,986965122,113778418;1
++++1081591150,2089704838;1728874607,857862621
+++++1393294342,1840413629;192594625,1291169286
=====91898727,694198615;1540813331,1269529591;1374208558,1329084946,1690518823,557179427,197797129;0
=====87539808,56604747;1396518646,766636926;349282493,892777455,852771169,1530892746,1486963069;0
=====1431032989,1909837334;167484378,1159027102;1968225535,858246643,1456194461,1280194766,1350751819;0
=====1177111374,1900861483;1596570065,153866758;1087253241,1058036535,1321810036,1679248166,406625879;1
+++++223936494,12044057;349725897,629236604
=====1785308861,173780518;126362146,433086576;1917619287,1162888770,2100522641,1743963441,1665069505;0
=====589965342,688853301;818132650,1624664380;1385525710,1342515105,987314808,281753919,747131334;0
=====9975654,1716588674;975719105,1126483765;2143577485,337314393,2064975086,787932171,1585277706;1
+++++2023127912,307898299;1259666342,1305044007
=====1374752146,1620540232;1575772596,1739323493;33810037,461628466,733931184,1998874240,743079267;0
=====1299681715,1408118211;1626008098,1204588322;725441723,427478187,1015433154,914693719,653727540;0
=====633785555,1479353810;1803129672,213330320;1133245244,588516736,1912786620,526485828,758700209;0
=====277026322,1593294815;1857788339,795572195;445638077,336173005,1975342565,71191766,215542008;1
+++++898444966,370458693;1637139839,1490267396
=====724818923,1449081651;92994926,409328603;483691534,1777037818,1942240465,135871535,1729131323;0
=====526702622,1447186758;813107233,2017808355;900803660,16741614,238914409,2054177431,1845314159;0
=====296493439,556970806;142228925,338391480;1715276496,462216188,1808886419,1129993015,688984145;1
++++1209647579,1651563781;46062964,1223625137
+++++1595090427,327277994;1098000329,1557677801
=====341797292,419948951;1053733438,810913490;1304304929,1885705640,726688569,1097187753,249947611;0
=====109306424,1456492057;938107822,1823746417;1455012408,385461265,320712657,254250481,1889854919;0
=====336637316,1442303635;897883578,426723256;1120091974,1660278844,98020914,1504759441,1938587523;1
+++++1117247382,655198319;38609072,1454802647
=====1352200758,1060144168;291830173,1667941986;325109760,773981857,1980637527,2126144243,1308513743;0
=====1225173185,1412813468;1560262099,206596202;1810735981,1016666927,2126744967,914438290,1821190642;0
=====145523503,686022487;1663921153,604977512;393354600,297540446,1211492988,876800350,832006970;1
+++++158150684,249961672;94933318,485439025
=====472428830,864832005;1904926725,643591102;1393879454,1268130218,826700476,1637283641,403196055;0
=====2095784410,1196049459;1219312154,590099771;1359167548,1199029766,47277957,994414099,1273619027;0
=====1715305641,1106310635;797823587,1554496801;721550954,225738919,1746320825,24150419,863410288;1
++++754104429,1376580721;1577000017,964291549
+++++798988097,1319276755;1457872412,593424600
=====692998951,760189273;299634599,1933184581;1508159623,655754078,2037850985,357702088,860791720;0
=====316780783,126550658;82905678,1310754428;476051108,814543900,1156031294,1799710862,400405408;0
=====1678377314,617481422;1914988689,1010026690;1140618191,692832484,1867004531,1390360022,391513074;1
+++++143230418,714405744;1883125336,907884569
=====259567721,2026909317;363069678,520822128;1454894008,848814325,1252259598,7561762,1268585326;0
=====550588332,501403819;626201536,715561185;794421216,57577632,941708623,1105029730,2122297467;0
=====1433298007,484036600;1198679939,1513765285;373734717,1152655702,64607896,380754154,2017988782;0
=====645395647,1834588796;1882634453,1927411951;926844205,1576834681,218840517,763763564,1626305967;1
+++++224844507,306732904;555108161,1522233110
=====1847478658,1836677704;220425994,650464352;93177473,199070760,926488948,2135272754,1717299151;0
=====1052713677,2075816354;799658181,1801393375;841615383,923636220,605507331,271473226,1062454646;0
=====1748314969,1005689801;931250350,1053328383;693199430,2098310281,1679447613,1695790509,608748785;0
=====1947727631,422732706;1925101187,536706303;86775196,542726994,851165364,1224315424,194124141;1
++2095386671,1058009263;916757710,967052647
+++1894536777,1660956203;1815164875,553818692
++++721047396,1918707359;317597279,1494861677
+++++549572609,1053706235;1345635894,1357129356
=====1744687985,1014916407;1045886335,1655636950;2053566282,1858393888,1901973806,1414603385,1246865682;0
=====51511155,2099007939;1713634242,1498980778;109942830,778133983,1746475037,765250404,15335700;0
=====605200954,1528046693;1388145924,1504990405;1728818177,1864398603,574412742,336345158,501224159;1
+++++1963565867,1910258228;717678503,898097081
=====1551760587,199683141;1002907507,122700619;213141401,2125667261,679125670,1724817569,1587445112;0
=====1517620883,230024499;1859204438,1478351407;277522786,736844727,255649878,1801305942,2028054568;0
=====1925887012,1409600282;1477371657,1025380608;625850730,1690534667,964705160,1539144590,2015865880;0
=====21471822,1476618455;1463719507,2012819987;2091581337,731435344,1130501273,206941195,1548012176;1
+++++1537610695,1957679208;1086210797,1814430778
=====76809047,846926462;2087886717,1840810479;1347464694,1313676192,1753877424,1529092199,193263933;0
=====1175453263,494390494;1916396048,1250280239;1443354880,1400980724,1979398332,648915491,710029789;0
=====1431336513,1929942827;765504595,1228139029;338832913,972510008,1544001505,397552733,351859891;1
+++++66631051,455101213;548272400,261192803
=====1687322752,95355008;1881860378,1430674749;1796004057,401843067,1791563619,444523414,554872646;0
=====800592345,1387464422;1381077344,1792151742;1743459511,1810852116,2032267358,1181977053,2066474625;0
=====1248676792,178988540;186023982,1939108514;995665546,537511759,1639139906,993923820,2108538512;1
++++884736903,1453910881;631776715,625667606
+++++1229556179,1040117847;774610071,998222137
=====623459821,421044652;1259739306,24996212;937943770,1233126938,471465477,2016842626,1797431766;0
=====1835618774,651102633;266826756,1283068513;1709721671,574562012,1038139146,437346331,1109522711;0
=====329837953,170332036;1859950816,1926258724;1449160102,700761536,1953900144,1683428377,283291539;1
+++++132403138,415608359;565146292,748738429
=====1138890887,1239100607;312105056,929005294;1620826541,1901733660,946791717,1668453449,347577601;0
=====1063681161,1262572015;34388580,1594531405;1115790317,749625161,1513026070,1958976536,1801863829;0
=====1044153037,2003247995;2139404989,455008409;319094099,742426534,1825693744,832540591,490306474;1
+++++1095949783,1826049391;1467198535,982575991
=====1308534390,1019996903;1840483140,1788492414;1745396107,540479047,714788748,218282925,818790061;0
=====1633361328,1198175006;1879618154,734910986;237579585,1005183208,2013757952,1378324614,419747679;0
=====76320785,177649180;1877836556,202534998;489071324,1864484170,564182780,989250842,410289593;1
++++682363133,1745116135;1503758845,1229264075
+++++546944617,1125045317;297450611,618648052
=====1496018920,1332681902;979409722,1793987968;1635140455,1049430531,1417683502,132145406,2026058671;0
=====1291690904,403051182;1031664803,729292469;352409804,2004859530,1819662303,1636485857,2082034777;0
=====1562803788,1794342295;1358415388,1941710766;485669407,1286153967,503433098,1450989212,387686032;0
=====558428713,1320861797;1719866953,444531250;1555890296,1915143314,137921619,699466902,1837695995;1
+++++1722784486,1976948308;2020063886,890861198
=====2127236465,2125655282;131547532,1813578713;1587276940,1196968727,145644648,899448610,1963881585;0
=====1139351892,318770435;1505995516,1889193323;1509716489,1160051444,1028239792,1150658576,502740127;0
=====2012438571,2133839096;450551353,1947301512;2127205594,1791861776,176178326,1230571761,464422758;1
+++++519863391,1401040559;1919029419,1489692219
=====987386286,1933670009;1127461708,420891346;2124656971,1042077989,407406940,904748256,691476688;0
=====970497451,327815665;1633712918,170000929;965462614,1856971805,795604427,111588882,1896757677;0
=====1666772596,169843151;642362169,430533704;161026294,1051215200,695329187,334935127,132484084;0
=====2002295173,1152250913;357434436,404427478;414457102,272334139,1006427640,1162841164,1143914314;0
=====1943411538,1163533069;718705999,2094435878;726174985,2049900757,101296890,1829451471,1267248924;1
+++++294471056,96484099;217125861,939948770
=====349640189,109749203;2058820381,1286484749;807131525,836764632,2132608468,1936847905,949651274;0
=====1516957190,2114261794;765025258,1299426697;885496213,688986967,822754942,910542188,2116509701;0
=====2098158087,394993091;1709999898,239571955;289060468,1290673692,376309224,357167664,1389756761;0
=====753609523,537192733;7532294,1449175407;86159052,287272421,575609576,1670272431,2083859697;1
+++534872749,2078800529;329988236,1918751235
++++1045837244,709327792;1536168760,887362963
+++++1777982873,417113970;678183877,1378373689
=====1828125403,602282020;935058954,5902188;136175864,1538872422,1076896030,2115560068,32111408;0
=====1157750544,844795110;779415839,304135859;880673239,415929064,904114958,1218465562,316856799;0
=====2076025097,930840377;1691357489,1790288422;1319464878,535074406,347258328,1040824287,904480346;0
=====776877028,794990261;702962969,1739724568;1933064281,758467329,1057307194,1325735893,1442015194;0
=====311299239,751425935;1346974243,1399786634;762953961,1889215281,565884495,48752604,862597119;1
+++++1802009297,1758174431;858721653,549835172
=====1483133402,871969781;1334110226,535591934;1362172701,1030481326,919212514,879716473,938664570;0
=====1815697449,323205938;1412841079,1283196586;1648258904,1821022562,469646424,1567755123,1339215051;0
=====217851482,1519964610;1268493311,1800687648;1142117951,1870971787,1230604463,1336582313,1209649208;1
+++++1995028885,760790823;337665765,2053132751
=====795780266,58774280;450709591,1538732910;2038318066,1109718523,1308251054,179005492,1013406003;0
=====2034644658,1910700649;515536437,1549531597;1414001388,58808459,778921854,1926836154,111371670;0
=====749914378,1710296885;2077001412,14598249;1911774044,877522926,348926768,1514846258,800196609;1
++++421897093,1486420192;1706011496,2037023362
+++++1246529784,1281920696;1207045691,738744800
=====315469083,1139861894;1976228193,1996923686;542021026,947290091,763483554,720232212,296033917;0
=====950641268,78777405;1265165915,490974947;616688980,1702434549,2124742767,2064644303,1078509075;0
=====402518126,70186839;1181594952,748860788;1579990294,435754673,2117632520,916883055,1915346037;0
=====1908645340,1122585726;1366707565,1744425775;1497617576,1235735023,614960435,2092481101,1759887363;0
=====182019856,842482757;724266693,177136785;1622095176,230708046,797129228,632659087,1360434033;1
+++++215427825,841806690;1357580792,1360022586
=====1883898560,1882838773;1940036131,1450309196;1206859511,1428617479,2143798457,1221664912,1500975605;0
=====1959488074,1807907385;1086781064,579466516;623287164,487818099,56677473,184307955,1334902179;0
=====1698502881,834730327;122610434,1680165967;649675535,1926982005,895068420,444244899,871675851;1
+++++521383291,442110382;2044555259,867277788
=====276605528,1370736698;98522908,604814095;1770044754,1921930825,55916288,46257407,300836701;0
=====1621340183,904221366;1879294924,1514386780;2039732818,508238025,471698459,2004002783,1472227978;0
=====1343637774,315802261;2113262526,389178616;1295367718,1865343439,350444813,1518908548,2047094070;1
++++99330895,1103671818;477905360,842073175
+++++610621597,683016550;1534898861,1817387133
=====1616875135,41135150;253012042,1151065654;1725481345,468341496,1872001751,644307143,331829711;0
=====1608459962,1747025367;41068194,1116327212;563539953,1989402912,718522001,224750872,870350874;0
=====1661255402,888845787;1147052710,1645587579;484883259,1936801398,432756521,1211887809,1306775128;1
+++++203473495,1637465385;1424185081,76415669
=====67634124,989231432;695565126,1330843800;48121377,1737938568,1744458319,965801714,974475973;0
=====1926211178,1053056576;1996128085,791244233;622805663,520043632,1139609343,1090484036,353508015;0
=====981951182,298238797;1274439279,1594352449;1797865161,1765510640,1721194765,1141187654,1321885295;0
=====1629935507,284753908;154713305,1277556196;1377427916,815202049,1945428544,1985130945,829964011;0
=====1735542760,1626484422;123812919,411327945;1326982457,1968890131,896161832,324302698,117521396;1
+++++1809286991,582550579;306864937,1717396257
=====1269878466,224237068;852999665,1457982702;1081128999,178916879,1174238600,816396389,872929851;0
=====1924017020,403667245;1110821483,1043033670;493980250,1371662738,1362995014,1891283782,1583903320;0
=====603373262,2121227591;2047276554,1223352989;1046296182,1687168170,618861394,278451253,1065685447;0
=====1371803232,1296664707;1835078488,1795422759;1894319405,358422852,1831324479,477530586,782401674;0
=====113651171,1433709031;97985168,1136745904;1134245756,1751639751,184345128,1191164118,1754413729;1
+++++1653852777,473447374;1175211749,1772318937
=====1836814922,866154800;1467576315,2124927685;1050321747,1208328304,856734343,548069421,26446554;0
=====1805091126,448462644;666309615,2081143684;840166987,923563743,829071386,1589534743,1617348452;0
=====466703916,1111191806;1503033162,862173482;2093922032,148117734,611220757,129503902,296114924;1
+++267736884,749209080;527552124,2087644786
++++360133915,2024158853;1587828907,1199966334
+++++660162681,1218909567;1344584237,1222888579
=====1071959128,1514129552;587653418,835773084;1179460981,1978780437,778844473,497766386,1235259503;0
=====326637693,1987039698;1652182665,354567930;793391336,1361657642,559336669,335081424,338900622;0
=====1177938860,1272537334;22943160,1702316814;437597469,1330644736,664807672,735859935,1048227909;1
+++++1860104712,2137755354;1577631689,1439048471
=====677684858,1361660334;357250425,1532659778;1686722498,649272959,1677707096,1166860418,1886898485;0
=====1793260565,84523785;975876234,919168741;876686940,941504177,320155524,2111282036,12089328;0
=====930231922,3476284;1522246248,856866221;1332039386,223259116,1743233952,909789215,163033042;1
+++++797951502,440132710;83094509,907124493
=====1118312838,1659072953;1030188273,1751489897;453045704,676112775,1100235222,1687385508,1941442575;0
=====1305956876,1247968973;1079688124,1823741701;1521886572,460316864,1921296956,328321676,1110845515;0
=====1219817984,1595318631;1014762772,848472780;519546346,1026863180,1018421984,827918274,1983928495;1
++++462368938,691431300;1811540196,867783923
+++++1127632703,1330382785;1815442092,1229514426
=====1970173005,559017960;1074003698,371584370;629834178,641769061,332685680,1088014787,1431716008;0
=====141962780,1573481795;876586962,1001373378;1556710047,482779524,1940414244,11292132,1173255796;0
=====1151879641,1452961513;467045504,1974934815;1221750064,438952038,611068383,1932182468,610680654;1
+++++1411663409,23345648;136148521,24332440
=====490713245,1866607116;1864751842,1538603999;388259797,1588960740,1861691232,250440581,1943369457;0
=====1893847749,889198198;633578652,2147260324;277970754,1917843224,414126478,1865302423,438626326;0
=====1870564761,2044333867;185334831,63657346;1012168538,823974237,1757464213,1737794398,108309042;1
+++++2072110613,1994484093;1748286530,431346267
=====1635397562,2016796065;262439506,1270028052;1541033602,1321611947,539371961,777313918,1265988633;0
=====196251429,358129011;973087827,327116008;2098681720,873015837,1528996543,156445133,795183670;0
=====1910162036,1841060441;1773460221,1071440898;1166808238,1928353406,1010834736,39438269,1545948634;1
++++395461144,962020671;1396132109,369364258
+++++248357318,1729995594;198003088,261052084
=====281953500,247675450;2128000990,820537171;2074068158,517034241,1688795864,1564913616,1619681296;0
=====1859266576,1109207831;1365912472,2130492182;1505418225,1233478181,92647240,1423384430,1061526304;0
=====1105601276,289031275;1234605789,821004765;977909042,1627307266,1972190968,271656208,89369287;0
=====1727145323,1192728515;1175116071,1438206999;1560094322,1437214205,83494968,879583352,1905632991;1
+++++1185448632,1833702927;757862184,300303781
=====2017700361,1119310923;1902343128,40271192;1685202284,1246745007,1915851540,1001348278,1792501527;0
=====1299713856,1015131700;1273246226,1481199617;2131618158,1438314904,1144736637,1707380207,107480488;0
=====354255703,1731423573;685542338,1399780962;148447507,1304584511,98178001,981001446,1651690079;0
=====444075940,2038092499;567039599,849619585;645047863,1663645855,1476105302,290445720,1834133724;0
=====1234776031,1670107992;897624173,1265814351;182245101,169043121,1644561124,429515849,1909675781;1
+++++1713694116,1613091470;88758053,1619973258
=====520696997,198283650;1850281887,1190729916;118440695,1925696453,654022330,1105293117,398182508;0
=====1172469088,1169328789;496868932,1001833623;2030614232,1655897548,1412641567,729330050,609037829;0
=====1814875736,984940281;406258096,1116881183;291890012,993557086,782210977,324640319,1563940076;1
++941371961,858465219;1200530599,1499197089
+++2019246208,382705243;883225743,1734715409
++++1481411995,1742588809;655844518,1048490180
+++++1495724274,702495199;1382324948,449529145
=====1832552426,1059893671;642945410,595900494;2027052928,1377352879,93823514,1442574877,257346978;0
=====987851271,1308179319;16642332,970471720;1982049691,1231658455,50956051,1696365213,751140151;0
=====362590968,938295500;191675647,723821022;1868195720,1105244318,1960912502,1100060273,1798573885;1
+++++1763488736,342019396;1012303070,1392023618
=====1328818279,1537849316;1684676412,1607774150;1725709639,2138626731,768622631,126961873,2108304696;0
=====2089214284,1702081351;902979064,392114904;1349085290,1075474499,769489915,1429096962,126942089;0
=====390215130,1539744342;1154332397,429943431;169781638,838969153,11450463,1178301598,377017066;1
+++++1588092453,451740249;1638346284,1568185588
=====689882599,418490369;1918364821,468475937;1365414510,1923471788,88294505,611166348,762256791;0
=====1849326643,1998190286;1112381475,1005598961;1315069173,1921251227,1240826554,516291259,2014138621;0
=====887762276,2003207061;1149213535,880082504;1691285696,1032477301,1726519261,1358005310,2036264482;0
=====2065697523,1488159312;25210108,1080397480;1234863638,371713265,1890509965,1432643363,1605194465;0
=====1612973048,499082120;563993755,189524784;1905159725,689167745,1081349916,2145232472,1792849475;1
++++619602236,816976823;776645614,1720306561
+++++1653510964,1215274253;233400930,838771181
=====1371664910,1253302593;1037021626,1911128725;516371270,336257550,1434347070,262571226,386574263;0
=====182175199,352022374;2048052161,1524637763;111673004,1792042038,94818379,319976523,1210526372;0
=====1885367514,323785015;540516515,1879637227;1837623167,1247045710,1159729550,539243560,751669102;1
+++++374624770,2066621945;215353480,1390110608
=====949443880,2060984834;53579679,1414820909;889230322,279306751,1206027098,988112595,634769113;0
=====366959122,1548766931;1247046934,1307578903;1412132279,1461761983,463942796,1039135047,1791599566;0
=====941293333,1208532109;662364971,1678974851;322023812,32547337,737849389,190772061,289220900;1
+++++1566710382,1784608208;1722288935,1112698852
=====284988857,736208805;1237294935,377946529;1184742576,1859033003,1417551284,228630368,1877333661;0
=====1012271553,837872135;325411899,479988656;1639375045,1839203528,573672501,2144989295,850211563;0
=====1834150105,1414258367;994418364,597747459;1077528823,823334815,197077233,2110427740,1119090680;1
++++1911979675,2120324867;569001569,1620580786
+++++1724852282,1895426270;92421547,1276619163
=====877253850,259130623;1448095354,1083150255;1512934962,1461327296,1852597615,1083336933,204495727;0
=====1971788394,1650521396;1144314097,699623596;120625204,1357876411,252845903,1636834521,1931635751;0
=====1744667091,452313271;1969141374,587135104;85708367,45400918,1840546729,1518873473,418130041;0
=====974513910,2140028311;536108229,796389796;1330195006,439807505,1407167290,1875327358,692340095;1
+++++912523218,288274626;738277000,66715940
=====1344708070,1334989641;1848790063,2045001141;1193115965,319788223,1551179045,666317262,1148338511;0
=====754030679,488524890;1786249958,536224064;1688514606,1786879004,496918508,621068677,12965750;0
=====189491599,1503211500;1652113351,1876827987;322652757,471685540,787520127,1716022356,851775755;1
+++++908637386,166204988;618680470,1629892765
=====275878291,1049376215;225489001,1194544906;803099000,1739059834,718190226,1620454190,1730990785;0
=====1519441663,140169499;843313325,1392732387;432147730,803004571,1070813812,1312333788,128573158;0
=====918904287,1746409547;1238213503,1113237566;827753149,1088361420,1549192690,2048660902,1703589244;0
=====1564340739,804369425;897928519,1038320589;999239319,593450645,42840222,1105971429,552629283;1
+++68602863,844427425;1201095600,330207660
++++1857754283,1177592290;1428263791,1902896369
+++++1721471395,312301052;763202864,1392736292
=====1979795991,967719716;474024245,1939885981;1180501969,1138541491,1754225948,800300614,1338149238;0
=====1124756019,1722124085;1338986503,1024300447;1799004978,1921455630,2071002459,1690773529,170734235;0
=====374742753,484173995;568512328,301262482;1914541561,1646052566,535550493,974248984,105758249;0
=====1651362300,675658608;662019133,1074624331;1177238192,1127499159,855191487,644891955,1559188630;0
=====1390531966,1187484568;868131807,1292584370;83043681,36846592,1522831940,988555012,213212879;1
+++++1798968921,1409621108;1028457117,619250993
=====399832307,120375324;176595656,954021374;1707244135,1642902928,1723677120,526793538,1244895411;0
=====931657479,716141588;1973710712,194415865;1106189147,890432259,146450983,776022537,970008230;0
=====1984587421,317256915;727933332,1588157367;246796469,977714581,915942424,1376015790,485027748;0
=====145007717,145068637;1184787860,738569828;1794699263,25238470,610268525,1175960741,345995613;0
=====325661042,212373050;94821943,676562900;2059044003,1251221924,889273963,1239667839,551749885;1
+++++1158948951,1863791086;1747461725,1678687893
=====144203753,986686002;1648354579,598879264;207839423,2055178120,129605132,421734791,1475809197;0
=====1474608047,204315411;730258774,1539763674;1491520358,304455303,706740897,1580454090,2127829085;0
=====944737464,433412962;54841588,1020894319;899827920,490159876,2075368495,490757505,1205667262;1
++++867738753,1070328706;1197809938,1862650184
+++++1282011924,764119486;1373224817,342525020
=====1572499524,2070345690;332685686,1976451196;1236079454,842689862,1910533101,50732040,860082506;0
=====534529591,2136697817;1811874016,475790831;1423482945,1940081018,515384219,1246452452,1103046177;0
=====1070623666,854245611;122883565,1876772259;679585514,1287990176,1345615129,615357399,1720114496;0
=====89672354,115539586;1738958528,978343725;420998055,494855238,382560847,799924806,271995386;0
=====966154632,694010998;232555495,1068412084;1697518352,778446594,667626329,1562004883,1418822563;1
+++++1550499640,1782560821;524659276,1369473766
=====821467586,1331927585;1201169828,758402564;336535182,438490399,761549050,649619358,1350723201;0
=====1921815488,1497718532;197016267,154633843;2137609555,2038859604,266384908,1839542172,1585309966;0
=====178003261,2089519264;40569416,852766935;949596628,359975517,735008743,1328161297,341851661;1
+++++1195047386,579620547;173662182,377399506
=====135433885,771967086;1211073132,884143566;1978604660,1420490527,2145135538,1076926123,622930155;0
=====995563628,1841486113;1473258485,1435429330;133602479,1692755,1603622821,519587903,2108652639;0
=====1389413370,1825929270;1318191084,1905186436;79203383,1187349343,1138570083,1483232974,1704432415;0
=====1686774023,2046514371;311874995,470090922;1023112507,1021500920,535660448,1338703749,187006531;0
=====1030727718,765527106;748174584,124465051;713854443,152186839,1887738106,1439938950,1270169524;1
++++556863278,776172534;394899426,719881916
+++++1207593110,1019669226;1500568939,635948540
=====946824910,2119928686;173196301,248261072;243966120,2018805234,94124001,783845112,25362824;0
=====2012092550,1960275774;1208280401,702191884;1181053863,906689873,341166693,562203660,758464486;0
=====496084232,2139010464;1040862846,105379828;602515623,1396868771,993168254,1605178175,1207755435;1
+++++489218375,194829229;1332055563,301377105
=====1537214777,1261704322;1364715042,1145887312;1506183359,1116096105,1786975113,1162687272,922996253;0
=====949567078,1147616048;408081392,1413251672;1635238676,830624950,625639503,931990696,828195215;0
=====1205093173,1809676722;1012875808,376361832;1381581567,82025046,1545737283,525020957,654749108;1
+++++136806520,126986274;530750515,1674460503
=====619872755,956485645;1070592421,1179306979;1249472130,182256237,371396560,664572857,667762910;0
=====577821030,705289319;1419345310,1263825892;1977957662,1091603625,241440422,914066406,1673821940;0
=====7389599,2112061102;841361432,1812318969;832472427,1184230857,1903425387,1058165394,1644685352;0
=====36424974,794152903;1556944059,344519533;2137978802,691581695,64521235,1551520661,1991388667;1
+++++112642208,224671992;1977478447,855250623
=====1867950102,455502607;536086803,33439864;530301303,1390397017,2111498557,1440208334,2077791044;0
=====1993170963,18694163;639968507,1246352507;1110820878,1855674266,976321769,319369867,2069083107;0
=====786128096,829940674;1068942654,505132896;276388548,1507886460,655590015,432727769,1373683079;1
++++1797959026,1799669385;1446150297,1453286091
+++++334975901,1936472037;1824155828,405353299
=====1525355629,674671740;445331537,2114159718;1465785116,213049075,62218584,1247965181,229876932;0
=====944715877,1892769293;2050436493,1633090637;957496403,1559958508,616232462,1120002474,1148719135;0
=====1036055424,220892627;483488716,1473455680;541247351,1474543621,212121458,150131301,1852258872;1
+++++780762646,1836375117;1909639540,1750283172
=====1278878525,935723377;1965350622,1540186269;680760964,1157631398,2008583277,1613640657,709607662;0
=====1519778930,1174660357;964972840,872745997;1395097419,1802657977,979491711,2010932663,812641751;0
=====471011942,496438200;1953542018,575698743;1238757819,1992417092,1186019886,532411536,1733137296;0
=====1884193158,1857117488;1715033756,598158073;1603699543,1136841178,477906533,377897369,1484432391;1
+++++1199814451,72419955;1457415006,999938195
=====1075981114,696178476;1295312878,536379410;721680947,1352980209,1987664396,1479146142,539780764;0
=====2029495697,691547480;1406568734,1696658710;1990732508,50431298,2102535309,642314100,802130587;0
=====1708797977,2059660212;819820786,570479612;331453219,127436885,829918342,220329750,1159778681;1
+++132492683,1637790282;87699887,842727529
++++169439302,1022874053;140218436,1194142080
+++++143351020,1638549283;1739830213,1061056772
=====67555281,1751391905;184466894,559510585;309906105,811311252,602098593,278683460,856745491;0
=====1926374951,441888960;1799116845,855316706;1699855506,1405126267,272114668,695113534,610147860;0
=====1255907899,1657759951;378372969,1254341042;1972404815,1382894287,353751527,1235197017,133209505;0
=====1578379803,617548168;2036708863,1510758239;1097645418,247212381,595303702,437255254,720058315;1
+++++1238209869,320888041;1433268262,1218978189
=====1390248912,954098101;1181364927,70593938;1839014729,821893304,43218636,2118056993,319824872;0
=====485046602,105308153;149609075,1070100578;1232199215,472887441,2111355761,1358265985,35417213;0
=====359957152,180614202;1347976905,843266962;555301430,928922635,2006905075,2083196264,1582305304;0
=====839292067,597841837;707532146,1765929977;1836305729,875014899,1457321736,1173913161,999418440;1
+++++21206046,716868212;1045868154,1661159588
=====1542172194,1331041809;1864266579,742571505;494835092,1524194229,452270639,934387702,461666879;0
=====1451563714,1696141028;1713931029,1142951049;1484208691,909328065,338229764,1395933067,1306126400;0
=====1182560071,582932906;653885925,536874312;1535185055,823374456,1609612793,1851202840,791163439;0
=====361767048,923007301;1775057590,1213109783;1659114723,1623880296,126554194,54203777,1297583650;1
+++++854610939,934675842;1511684857,1345662729
=====1809513047,1370775518;1493709059,850531226;372368130,2093408980,1268613566,242660780,2126494557;0
=====1632066229,1805806340;1275191459,1089982158;766788529,1435991533,476317002,1329252538,466013327;0
=====873487567,824667213;1249805023,1676497229;468348141,1984167667,271124666,2007155786,109851910;1
++++1555326201,1403055050;1344586137,568296597
+++++1801533717,1772616631;560267058,225076284
=====1964532158,837669458;665273983,1245289130;266629261,1240152631,278004344,1272050278,1369553088;0
=====584922284,2071950174;888175752,424853489;1545099630,2114906961,1972793791,1746035814,1639666457;0
=====465584415,1401359192;298398631,1216138662;657316046,459313168,1508075188,2139786453,408069423;0
=====260116975,1290516622;395202022,1069430097;1797830429,889086650,1474054115,981489272,1577085513;0
=====2003246912,1218644068;1152641965,1807465706;837290832,1266692435,12089803,1924805681,521218653;1
+++++34443350,397788664;1639985800,698068364
=====1591921064,976984559;668387604,562514172;1807582333,1064011377,168964079,562182502,1376908331;0
=====1872931719,1539849047;1110230447,1593074955;211443361,291445891,1597589824,1131796562,83825278;0
=====1858971812,190347416;1828334199,1176750069;882300975,567626847,88518865,1816733869,1481104127;0
=====27709667,1343388993;1325945687,1557676167;1315307752,38664925,1370828969,788233465,632263451;1
+++++2092048279,707403315;490289819,1786158604
=====1665928910,158664278;25746330,2141856699;777779324,1522776607,880278926,618213619,431555414;0
=====1471472309,1450036817;1654450693,656010203;1564016553,129721037,1131668401,737657851,857454856;0
=====268043806,605973855;2098991518,632487424;884447342,1165701980,668612445,76747939,1403409767;0
=====2115357283,754445304;341720391,720292279;1153494044,1476821406,1320277128,2009762452,1007395107;1
+++++900547366,91954223;256862986,1803906083
=====1720786897,1999435846;1688217891,507962442;115086731,1173675614,528978848,275217900,2098638753;0
=====863160568,444978953;526593147,2094578196;1666397586,1102644455,1905339625,24980662,1377076870;0
=====450320932,1437947454;666025871,733735567;254100314,1213939003,553750888,1878490812,917346229;1
++++328381657,59208578;1075617370,1705705151
+++++1457435313,1445359405;2054780330,1705604342
=====1232838507,2020016703;285624854,1325121817;1408819352,966991388,250178273,1494441334,932220006;0
=====26736732,1571090480;56500539,108338714;1657427117,1111172168,547406856,1929140940,971758466;0
=====1255631048,1367939552;1235945743,1934107447;1716033449,1246024810,1555957065,555667373,1604864634;1
+++++1909280953,1429965047;552220698,1626613812
=====407461768,1360681432;793216121,524999399;1282102081,846451341,1938767409,1914093319,2085022982;0
=====964674806,1224546205;1657991216,521584751;1568615433,143297539,841583765,563677947,1258083723;0
=====1341493925,826552323;1221768948,740779822;1956370539,814457156,901924279,1693167548,1087200104;1
+++++26115057,2028333187;1870991606,200393577
=====293689348,96011882;2076201227,1203248075;963966500,1233836956,854725888,1201244534,1865221750;0
=====1172109691,33979941;434452032,1360460159;885246241,829345201,1113611426,546381199,1622651697;0
=====1917679167,1928359155;632868314,686628954;756303047,648764648,651276668,937081552,10203797;0
=====2055225936,1311875157;1659428610,1658439472;1166473599,1131150469,1200757559,1307345038,1062552814;1
++++1205661523,1942808568;563978539,100327323
+++++1553922059,114890293;738570001,1632888997
=====1496400331,727624005;1561115123,1259195061;1339275971,1291521651,551477381,1531049752,542361236;0
=====1584158094,1111884770;617382904,1746687916;1332071855,666658678,1348085292,954015611,887085464;0
=====1974226012,1936246138;574652403,2015019589;1534290939,1296478351,1224094172,295479238,1192511862;1
+++++1088094998,1700473651;1653054618,1738439064
=====396806983,1054284165;701141771,1607048196;371612592,1212741389,411617817,1277526450,1511970208;0
=====2135275021,1513736790;874839652,227771074;961404180,1821805011,1840570686,698927041,1932295196;0
=====62868989,300886605;596506300,69911582;1219015058,939846667,1605845924,259914275,1161874741;1
+++++2087210550,1604387835;182933509,1184444633
=====1159237655,908053886;1446223945,927739790;581062761,1533989850,1897741593,1920974853,1768690171;0
=====695352540,1811481111;1381882582,833775868;1122427308,517731576,1919038190,1504877044,716109086;0
=====805199534,83093552;1996663938,776139060;1596481134,1498640633,2084437663,191195477,1844582187;0
=====362473165,624167898;1679619453,1836553292;1007620488,1037757201,1936027777,35068907,289105522;1
