5;1;6
+1771195181,2532195452;3233646948,3552120614
=2465460157,3439665683;1218560260,2827285130;3445060802,2385796225,3095803933,2856393211,2868324761;0
=3636707535,2867675489;1817707979,2008916153;1486579443,2307584312,1614831247,2664793084,1817284338;0
=1763465746,1517356291;1353544671,459008399;1728162072,4035382737,3181147506,2343316518,1331817787;1
+1013912813,2425173735;1555614098,2458967797
=3169802261,2000012277;2397464750,726583511;1863960073,1038401245,2185571975,1017326369,1840011319;0
=3504831666,2699913497;2569628552,1282299722;2506277095,1933900308,958076991,1876294572,3384178215;0
=2444279885,2658733572;2424610931,2313288195;1424532604,676978371,2424890913,1317478310,1737967862;1
+2460651758,1380867821;3388152320,2591969153
=543629867,2929435712;3042293275,2914909973;3854031791,2133189133,3802026736,1132360837,1504419627;0
=1659798457,1277498668;2249034831,2756244790;3640496896,3882034714,3920995187,2024860471,3859468302;0
=1642203724,1105491930;1595775960,2523560783;2255298951,1178990992,3369226294,2631051520,1737104209;1
+3434179839,1471786257;2330630242,957172111
=2144602025,1805109888;2805111278,2960798373;2091241816,1537765071,3076315847,3378064448,3060296371;0
=1546440275,1855170700;1450530328,1764157381;3516724251,872679258,2391623919,2461619572,3382867783;0
=2652743140,2098510504;2795017003,3081799947;2182166438,2320550508,1879265261,3094874475,2213981467;0
=2759280678,1080097319;2064492824,1061650374;3750439651,864942455,3729449796,1992796404,3316145649;0
=1260472932,1298846083;2108337625,3876733985;2889043650,2642552473,998545687,2891761085,1841480286;0
=4203665378,3111145525;279020577,1735765150;3532011055,2667754757,2229618099,3473705755,2532930696;1
+2362579454,1769592043;2518588356,833456746
=2442526866,1264175456;2165963532,3052973956;2439566413,3126839288,2657349149,727684320,2645238329;0
=1016976158,1999310058;2927291714,2273954130;3782760842,1877249235,1343205781,2199747837,3946208978;0
=1798805989,2243115627;3485513378,3027442515;1042672481,2085961493,2996361487,3929400895,2278703219;1
+1927301627,1006491385;2417263552,2052065897
=2218983049,2569144375;185552193,2820682308;1027135636,3196076539,1673173557,3708251665,1254862389;0
=1194110710,1488528043;2123383643,576578736;907726949,1304892470,3153333640,3874267757,1965594374;0
=2070345444,3008403920;4069777550,3451384628;2154921509,1476616228,2205230909,1949952701,2833648631;0
=1214840830,2782180195;2567156717,2697800634;3850000413,2423150771,495821502,3924820155,1952037381;1
