5;2;5
+894622641,332736437;458564936,866088594
++228131474,898742917;382954232,990827439
==1193900955,356572979;1966129190,1287098100;270379584,1922471547,34266006,1799865496,1971950483;0
==1783025356,865727210;1140325619,1412037884;1783040403,1331659939,2142715888,1255957267,388365663;0
==1172620276,1191362162;245859892,746860175;1360946943,192758174,163016793,1295260388,459066054;0
==1700177488,1996745344;1914586634,1055775393;453481302,1182404681,1483325261,1180964543,99400107;1
++438113032,1622514003;1639784220,15132931
==673519322,652549471;1127569566,1028388134;1789825514,225306157,1061751741,217766672,1841773722;0
==769675061,2105789540;1810011393,1831077709;2004742139,1335488343,1780193947,164699270,1671640043;0
==1529395193,1361619427;615889646,1665562538;1723981522,648231362,1355834782,2034071304,692751207;0
==110031720,789692130;1900176779,1948585651;23687708,1803559677,1526268328,1867252649,2018176637;1
++1200993371,169889403;647673705,354285112
==1156081348,92806593;1208208489,1291113814;2127852789,1458601250,636392465,1880374884,54880039;0
==1294859306,1160152402;2092830865,1575233576;2010945231,1724434750,698211167,1403909353,497673442;0
==1203333655,1879392716;261967495,831778525;1062594473,788474242,662327314,1850440865,1692707199;1
+1055692241,1902105062;1164986071,1768355409
++1926343113,1723547826;1877771633,1672378882
==85306955,449731378;1972971233,1508082455;1857817235,1535217980,1854201109,513573328,366761604;0
==848628351,289429466;519295697,154412260;345146611,612755731,1837258316,837578734,72263463;0
==713361036,1054018065;545221209,937803899;349720084,1610599723,1137343306,553487109,2110438680;0
==418839230,748608316;101896202,1558609348;927707867,2068848275,1675380634,678724807,547062072;0
==357506544,1675892588;434308759,2021280806;1054026853,1964617013,444720415,916553552,2026931791;1
++73657258,1546826683;1986073229,1480289116
==191097602,1567208896;46567986,367289272;1413803980,1985701788,1044514290,277883479,644985492;0
==260081253,1130819047;1792325358,404522846;36361930,1190536783,1760167001,1961395128,1928203872;0
==2147338757,1668558374;73782388,773763101;1689218124,364003518,1603465183,1629682540,1605308877;1
++1860492031,425068408;1427629953,1603967802
==670528390,1682581112;1249434035,1827693557;387663840,1608798677,330684703,285673210,39429594;0
==1707908751,1739547454;82481518,2113148779;545500913,1836599828,1258364573,279388554,1481261197;0
==1098134068,85081482;240224886,410723769;1872924422,1603376531,1830435565,1910192465,749061733;1
