5;1;7
+3537031184,2708585613;3393771554,1312404725
=1882582820,2792363246;520669364,1581094018;2951364533,2668200327,1981842637,1763860534,404259379;0
=1923285930,1011163752;1954722368,1942775723;1588737731,3696892145,1872266103,2210395565,3170098458;0
=2070317070,2184857265;1993134185,2877598699;438560765,1955910252,3643829240,3414154316,2880906901;0
=3582073291,2868749999;1663239622,1724734477;623633664,1780616035,1254542691,2011990632,2863512614;1
+2307734468,2045822695;1409001379,1908396077
=2131151512,2189967102;3483338366,914418685;2412684291,2316748652,3820707735,1597663011,3622451762;0
=1324263211,2685134735;763141435,1520454199;2175317181,586958237,1797207896,3595931727,3340539193;0
=2210885031,3527252864;2334553884,2217286716;2946652429,1687563550,1103951035,1494595004,3177789127;0
=3447160098,3369377497;2577920758,2782949953;1848022360,2534932670,2376744763,1466443933,2073357252;1
+2156278333,2628373376;1898289702,1545535672
=1165566440,3459649607;2082118688,3326895569;3358595268,2118531956,2702105685,3067215348,683288625;0
=3201439944,940150569;1644169870,1956093577;3797155234,858450826,1021601333,1264513625,2918180683;0
=2221757790,1708160128;1456416455,2200512142;1828686533,791041457,3063010336,3299859262,3743422185;0
=860313045,2215360685;2368681194,2402267542;2233292490,1666735480,583024549,472129800,654685393;0
=3172877608,1649236448;1955160716,1775036774;650462376,915707211,2586357954,2309092131,277917278;1
+2469521307,3358782598;2220056175,2344889702
=1894497174,3031334216;2644131970,731993576;2149753913,563524004,3400125082,2805585089,3039307467;0
=3110706104,1727412908;2531891660,3664867861;3382918181,2590943909,1095959404,2148254855,1135637096;0
=2092620655,3720416493;2398450373,1242062813;678968717,2532275826,3087437537,2182364371,2559057188;0
=2629511960,983616461;2219737934,2701311271;581130336,2975805050,2205949566,2158438708,1304296438;1
+2686102187,2925641969;1590318051,2441688311
=2108046042,1523141620;3323686756,2572621685;2336681484,3109000947,2420800642,696823716,1201396752;0
=2084089683,3423377975;2100295798,1370598531;2122856739,1261535920,1596537232,1931154206,2849322232;0
=2802107767,1852254782;942701757,2620827616;1654971652,2555320583,3221074933,2937822422,2304162314;0
=2142244484,2322325323;1130998174,1715928031;591555154,1513815427,2203500337,2228244506,1762186545;0
=2136703607,3402393673;1101559803,919650609;1232998457,2240863461,1535381659,948630581,1872878566;1
