5;2;5
+2084579533,3094212546;2115761451,2693070984
++3503375031,1349713147;2880590103,2121286108
==1384352940,2703870867;2315959135,1394243408;3085300829,1001664353,2776203312,491110368,715335944;0
==932850164,2651226519;1338779038,2569988206;496846795,827981544,180631035,1134781843,1824163151;0
==2961441397,2990660972;3670664307,3474044987;1900262703,2435158988,3352416976,2848393181,2194634321;0
==2211339203,1305445827;352505869,2246652503;3165151364,2256494325,2243286659,2795143185,4019269680;1
++3129745674,1817803344;1014240344,2618531296
==1648245120,2649988375;1808674170,1432891837;1774245824,3317343234,3125522870,3166111756,1389285612;0
==3525079513,872997692;649705288,1168105580;1304289320,2623953687,1788634555,3618265615,2336693946;0
==750423318,2293937783;3209947088,2536444752;2421719984,2631708086,2615071090,200110080,1596967407;0
==2770386042,1412665628;731196176,2210143041;3904550078,586523834,1766220552,1681235997,1332896887;1
++1448357188,3019946830;3581289038,3293267900
==2242696485,3794788769;2735733414,1597352713;1388712551,1789778263,3412959082,1535213013,3343482477;0
==1942398704,2548779305;2198586424,2580134016;220636882,2477569733,3292531122,1592898604,2631008102;0
==2625388841,1876596330;2884585467,3298118196;2457665720,1645781632,3203619161,442435195,2477580208;1
+2553744915,2112261199;1690151871,605350201
++934440758,1461925543;528520374,2521617324
==3562360327,2083588312;1688928443,1630430828;584152141,1278687558,1661574287,2752382641,1985349430;0
==3334215853,2755983775;3492607446,2631679677;2212687737,2852596071,494576196,3041296975,3136596535;0
==1826364896,2434194870;2485812965,2890293311;2287198007,2064954412,2029803044,1822945736,39847041;0
==3459859608,3172715304;2413190846,1471225608;3337380828,940414532,1632450960,2310607715,3336828898;0
==2023599376,1464588106;2826852670,748305936;1989665009,769500964,3439803211,1880864471,2190464160;1
++2079218979,1632178435;904837100,2472497648
==3594573026,1205489831;2238528243,3919354920;993386187,2263461901,2454369426,1898404267,1815526399;0
==3209009882,3121296297;1469188186,2810473710;2972413844,2798766072,1691935151,2215055115,827785327;0
==1212451852,1129995495;2954285092,3150751338;1717616870,3228883610,1554469175,758124894,2666523209;1
++2226749508,3110022081;2145820730,1378203841
==3519121733,806365481;1815854582,1661528091;1858700049,696422399,2966305112,2982548262,2523108398;0
==2420792626,2131028103;2504820815,194618666;3308687479,964390409,1790218613,3168113374,1844853256;0
==1525062655,2455345901;3115157182,2242176629;1958448259,1851248403,1175521483,1034691430,1646693026;1
