6;3;8
+0,0;20000,20000
++0,7590;20000,20000
+++7637,8300;9004,10630
===8557,8300;9004,9799;9992,9302,7866,12250,10128,10724;0
===7894,8649;8645,8947;10370,8670,11246,11156,9430,13260;0
===7637,8709;8543,9182;6118,8790,10274,8382,9080,13422;0
===7932,9818;8055,10630;10106,10062,13338,10480,8976,13280;1
+++0,8318;8934,20000
===0,12472;8776,12983;13450,12678,13126,9546,16124,12068;0
===7461,10017;7647,11166;8292,10460,9502,10690,8948,11204;0
===0,8318;6773,20000;7556,10144,8210,12000,5880,13278;0
===8266,11140;8724,11515;10528,11212,11388,11984,10402,13692;0
===8622,11218;8934,11817;10122,11368,13298,9654,11824,13280;0
===6242,9339;6283,20000;6494,12572,9358,13200,5954,13770;0
===0,10106;7959,10746;10160,10294,7792,8984,11326,10558;1
+++4930,7590;20000,20000
===6309,7590;6374,10390;6118,8790,10274,8382,9080,13422;0
===7828,10309;20000,20000;6500,11990,9358,6298,8986,10178;0
===6659,7840;6700,20000;7328,9574,8112,7830,7194,8548;0
===6828,8214;6866,9422;7974,9270,9346,9396,9022,9690;0
===9986,12417;10288,20000;11440,13526,11678,11696,11282,12748;0
===4930,11603;20000,20000;4102,13288,6592,7734,10192,10696;0
===7232,7665;7273,20000;8474,9224,8710,9774,6366,8124;1
+++6989,7725;20000,20000
===8724,9842;20000,20000;8292,10460,9502,10690,8948,11204;0
===6989,8214;7302,9422;7974,9270,9346,9396,9022,9690;0
===9146,7725;20000,20000;9136,8628,8878,6192,8062,7828;0
===8242,8198;20000,20000;7328,9574,8112,7830,7194,8548;1
+++6513,9842;8412,20000
===8383,9842;8412,20000;8292,10460,9502,10690,8948,11204;0
===7777,10694;8089,20000;7022,14090,7992,10782,9014,10464;0
===6513,10098;6547,20000;7022,14090,7992,10782,9014,10464;0
===6585,13186;7784,20000;9068,14382,9946,10276,12648,13238;0
===7762,9990;7932,10630;10106,10062,13338,10480,8976,13280;0
===7967,11253;8050,11649;10096,11308,10454,11420,10900,10364;0
===7435,9946;7539,10059;9320,9974,13258,13358,10510,14416;1
++0,8394;11724,20000
+++0,10189;7891,20000
===0,13835;6585,20000;9068,14382,9946,10276,12648,13238;0
===6855,10189;7025,10829;8292,10460,9502,10690,8948,11204;0
===0,13540;7891,13941;11680,13792,10756,16564,11354,13556;0
===0,13407;7771,13808;11440,13526,11678,11696,11282,12748;0
===0,12027;6701,12676;9300,12064,10070,12394,10380,12562;1
+++0,10478;9884,20000
===0,13072;8232,13219;12362,13150,12410,12078,13988,15210;0
===0,10478;6667,20000;7652,13748,8140,7202,13748,5870;0
===8878,12420;9884,20000;11752,14544,6348,14030,8412,12114;0
===8745,13954;9060,20000;10468,14160,13244,12538,14100,11280;1
+++0,9240;11724,20000
===0,9240;11724,9415;18030,9256,12730,15958,7432,10726;0
===0,10888;6373,20000;6756,15284,4486,14710,6118,9954;0
===0,9599;6028,20000;6500,11990,9358,6298,8986,10178;0
===7148,10017;7461,11166;8292,10460,9502,10690,8948,11204;0
===0,12287;10146,12429;13372,12308,16356,13468,11906,16774;1
+++0,8394;10052,20000
===8018,10447;9336,20000;9536,12266,9926,7106,11676,11520;0
===0,12241;9028,12521;12052,12492,11124,11770,13060,10760;0
===0,8883;10052,20000;10968,9138,9336,6360,8656,8096;0
===0,8394;7003,20000;8016,10296,6250,10890,7044,8094;0
===0,11717;9152,12235;12886,11920,11510,11558,12936,9614;0
===5616,8706;5654,20000;5550,10204,7400,10800,8570,12250;1
+++0,11205;8521,20000
===8063,11218;8521,11593;10122,11368,13298,9654,11824,13280;0
===0,12644;6513,20000;7022,14090,7992,10782,9014,10464;0
===0,11205;8183,11351;10528,11212,11388,11984,10402,13692;0
===8110,11968;8161,13077;9300,12064,10070,12394,10380,12562;1
++10538,0;13129,20000
+++11493,8972;13129,12429
===13082,10514;13129,11009;14724,10874,14684,13576,11842,13326;0
===12406,11726;12453,12429;13372,12308,16356,13468,11906,16774;0
===12547,10514;12811,11009;14724,10874,14684,13576,11842,13326;0
===12410,10584;12415,11009;14724,10874,14684,13576,11842,13326;0
===12811,10514;12922,11009;14724,10874,14684,13576,11842,13326;0
===11493,8972;12618,10919;11116,9288,12564,11510,9468,11482;0
===11876,10241;11996,12188;12632,11826,12814,13302,12024,13644;1
+++11434,9900;13128,20000
===12111,11615;12279,20000;12688,14574,15620,11328,14434,15526;0
===11662,9900;11945,11847;12356,11144,9692,13360,9120,11446;0
===11945,9900;12113,20000;12356,11144,9692,13360,9120,11446;0
===11901,12850;11948,20000;12362,13150,12410,12078,13988,15210;0
===11775,11224;12018,14168;11680,13792,10756,16564,11354,13556;0
===13117,11231;13128,20000;13372,12308,16356,13468,11906,16774;0
===11434,13840;12620,20000;13800,14154,12560,13458,13724,13260;1
+++11396,10141;11940,20000
===11493,11486;11805,20000;13450,12678,13126,9546,16124,12068;0
===11508,10584;11940,10948;14724,10874,14684,13576,11842,13326;0
===11396,10557;11501,11830;12632,11826,12814,13302,12024,13644;0
===11636,10141;11662,11847;12356,11144,9692,13360,9120,11446;0
===11424,14121;11441,20000;12688,14574,15620,11328,14434,15526;0
===11400,13171;11607,20000;11680,13792,10756,16564,11354,13556;1
+++11927,0;12623,20000
===11927,0;12210,12235;12886,11920,11510,11558,12936,9614;0
===12423,10584;12442,11009;14724,10874,14684,13576,11842,13326;0
===12385,11726;12406,12429;13372,12308,16356,13468,11906,16774;0
===12415,10584;12423,11009;14724,10874,14684,13576,11842,13326;0
===12207,0;12623,20000;12362,13150,12410,12078,13988,15210;0
===12105,9720;12273,20000;12676,10784,13272,13810,8898,15546;0
===12322,10584;12410,11009;14724,10874,14684,13576,11842,13326;1
+++10538,7906;12140,20000
===11307,8753;11383,11103;11646,9656,9760,14284,11808,11452;0
===10538,7906;12140,20000;10160,10294,7792,8984,11326,10558;0
===11298,9961;11787,11309;12676,10784,13272,13810,8898,15546;0
===11264,12287;11336,12429;13372,12308,16356,13468,11906,16774;0
===11510,10574;11793,12521;12052,12492,11124,11770,13060,10760;0
===11141,13072;11302,13338;12362,13150,12410,12078,13988,15210;0
===11204,10841;11400,20000;11440,13526,11678,11696,11282,12748;0
===11303,12472;11493,20000;13450,12678,13126,9546,16124,12068;1
++6440,0;20000,20000
+++8678,0;20000,10064
===8678,6160;20000,6571;6440,6320,14632,8362,8602,10650;0
===8857,5287;20000,6724;8558,6626,12914,10634,7618,7418;0
===13523,0;13593,7078;12926,6780,9624,9504,13858,10804;0
===11102,9638;20000,10064;9320,9974,13258,13358,10510,14416;0
===8871,7544;9100,8507;9726,7790,9582,11372,7352,8750;1
+++9753,0;11802,20000
===9753,7746;9763,20000;10370,8670,11246,11156,9430,13260;0
===9763,0;10643,20000;10370,8670,11246,11156,9430,13260;0
===11529,13562;11802,20000;12688,14574,15620,11328,14434,15526;0
===9774,13171;9827,20000;11680,13792,10756,16564,11354,13556;0
===10185,12472;10551,13213;13450,12678,13126,9546,16124,12068;1
+++8953,0;20000,20000
===13593,0;20000,7078;12926,6780,9624,9504,13858,10804;0
===16075,0;20000,20000;18030,9256,12730,15958,7432,10726;0
===10942,0;20000,20000;10968,9138,9336,6360,8656,8096;0
===8953,0;20000,20000;9194,7132,16154,4174,13270,10562;1
+++11297,0;20000,20000
===11501,13534;20000,14531;11250,14518,11092,14788,11698,13214;0
===11327,0;12620,10200;11120,7850,9382,12992,10022,8876;0
===13156,11323;20000,20000;12052,12492,11124,11770,13060,10760;0
===11297,8300;20000,20000;8474,9224,8710,9774,6366,8124;0
===13281,8956;13593,10545;18030,9256,12730,15958,7432,10726;1
+++10994,9624;20000,20000
===13868,10895;20000,13792;13398,12174,14016,13488,15626,11886;0
===13573,10768;20000,20000;12886,11920,11510,11558,12936,9614;0
===13446,10990;20000,20000;12632,11826,12814,13302,12024,13644;0
===10994,9624;20000,20000;7868,11872,7876,9830,7038,10916;0
===14923,16222;15047,20000;16960,17034,15618,16404,16614,15598;0
===11706,10683;20000,11881;10528,11212,11388,11984,10402,13692;1
+++6440,0;20000,20000
===8512,9585;10994,20000;7868,11872,7876,9830,7038,10916;0
===6440,0;20000,20000;7122,9564,4644,9578,9524,6588;0
===8003,5103;20000,20000;7294,6258,9340,4816,9212,6572;0
===8806,9599;8897,11019;9320,9974,13258,13358,10510,14416;0
===11708,7567;12588,20000;14260,9616,9204,6130,11512,7674;0
===8299,0;20000,20000;10916,5518,6708,5836,8288,5420;0
===7707,6195;20000,6606;6258,6390,9604,6298,7270,8948;1
+0,0;20000,20000
++8897,0;10511,20000
+++8897,0;9218,20000
===8897,9301;8926,11019;9320,9974,13258,13358,10510,14416;0
===8968,10123;9197,20000;9920,11022,9042,11956,8034,12234;0
===8917,9350;9196,20000;9860,10072,9488,9712,12678,9982;0
===8916,10346;9218,20000;9300,12064,10070,12394,10380,12562;0
===8970,11870;9084,20000;10194,13668,12982,9866,13978,10490;0
===8924,0;9146,20000;9136,8628,8878,6192,8062,7828;1
+++9346,0;10511,20000
===9728,12417;9957,20000;11440,13526,11678,11696,11282,12748;0
===9842,11117;10224,20000;10528,11212,11388,11984,10402,13692;0
===9508,0;10388,20000;9860,10072,9488,9712,12678,9982;0
===9779,0;10511,20000;10106,10062,13338,10480,8976,13280;0
===10115,13072;10168,13338;12362,13150,12410,12078,13988,15210;0
===9346,0;10226,20000;9536,12266,9926,7106,11676,11520;0
===9574,0;10454,20000;9992,9302,7866,12250,10128,10724;0
===9826,7336;10128,8239;11120,7850,9382,12992,10022,8876;1
+++9228,0;9829,20000
===9787,0;9829,11817;10122,11368,13298,9654,11824,13280;0
===9314,9968;9616,20000;10096,11308,10454,11420,10900,10364;0
===9451,8649;9753,20000;10370,8670,11246,11156,9430,13260;0
===9458,6585;9592,6801;12926,6780,9624,9504,13858,10804;0
===9228,0;9513,20000;9300,12064,10070,12394,10380,12562;0
===9345,7437;9603,20000;13134,8768,14334,7672,6296,13594;0
===9639,8217;9787,11817;10122,11368,13298,9654,11824,13280;0
===9386,7520;9523,20000;9320,9974,13258,13358,10510,14416;1
+++9221,8062;9621,20000
===9422,8649;9451,20000;10370,8670,11246,11156,9430,13260;0
===9290,9345;9319,20000;10106,10062,13338,10480,8976,13280;0
===9262,8062;9574,20000;9992,9302,7866,12250,10128,10724;0
===9319,9345;9621,20000;10106,10062,13338,10480,8976,13280;0
===9221,13914;9242,20000;10468,14160,13244,12538,14100,11280;0
===9336,9544;9346,20000;9536,12266,9926,7106,11676,11520;0
===9228,8398;9238,11019;9320,9974,13258,13358,10510,14416;0
===9545,9256;9566,9792;11116,9288,12564,11510,9468,11482;1
+++9137,8649;9633,20000
===9196,9350;9498,20000;9860,10072,9488,9712,12678,9982;0
===9159,11339;9633,11764;11398,11656,11200,12748,9172,14356;0
===9172,8649;9193,8947;10370,8670,11246,11156,9430,13260;0
===9137,11117;9198,11542;10528,11212,11388,11984,10402,13692;1
++0,0;20000,20000
+++9302,11981;20000,20000
===9302,13324;9614,20000;9068,14382,9946,10276,12648,13238;0
===9908,11981;20000,20000;6932,13808,9200,8668,13388,10920;0
===15649,13954;15842,20000;16960,17034,15618,16404,16614,15598;0
===14077,14368;14410,20000;15020,14582,15662,14894,13858,15766;0
===11677,13355;20000,20000;10468,14160,13244,12538,14100,11280;0
===12086,12468;20000,14168;11680,13792,10756,16564,11354,13556;0
===12227,13331;20000,20000;10194,13668,12982,9866,13978,10490;0
===12624,12535;20000,20000;12362,13150,12410,12078,13988,15210;1
+++0,0;20000,20000
===11900,0;20000,20000;12884,10154,8502,6676,10356,9678;0
===5436,6922;20000,20000;4242,7378,12062,6854,6174,9768;0
===0,0;20000,20000;5972,11514,10202,3670,12412,8482;0
===0,0;20000,20000;6072,6106,4650,6676,4578,7802;1
+++0,0;20000,20000
===8404,10285;20000,20000;7652,13748,8140,7202,13748,5870;0
===0,0;20000,20000;5682,7208,4550,5754,7738,4406;0
===7261,0;20000,20000;8532,7298,7708,8736,6634,7368;0
===7762,0;20000,20000;9452,5066,12626,8604,5138,11690;1
+++0,0;20000,20000
===0,0;20000,20000;5556,6466,6116,5942,5510,6194;0
===0,0;20000,20000;14120,7376,5884,8884,5418,6244;0
===0,0;20000,20000;8712,3948,8236,3700,5500,5620;0
===0,0;20000,20000;5990,6492,4380,7708,4286,7052;1
++0,0;12509,20000
+++0,9818;11021,14268
===11011,10529;11021,12235;12886,11920,11510,11558,12936,9614;0
===8513,9818;8717,10967;10106,10062,13338,10480,8976,13280;0
===10250,11567;10303,11830;12632,11826,12814,13302,12024,13644;0
===8347,12368;8923,13708;10194,13668,12982,9866,13978,10490;0
===0,14122;10411,14268;13800,14154,12560,13458,13724,13260;1
+++0,0;11858,20000
===6095,0;6188,20000;6118,8790,10274,8382,9080,13422;0
===0,8845;5997,20000;6004,11198,5592,7736,7364,7642;0
===8269,7574;8439,8239;11120,7850,9382,12992,10022,8876;0
===5777,10061;7353,10701;5550,10204,7400,10800,8570,12250;0
===4829,9877;4892,20000;4102,13288,6592,7734,10192,10696;0
===0,0;8003,20000;7294,6258,9340,4816,9212,6572;0
===0,16222;11858,20000;16960,17034,15618,16404,16614,15598;1
+++8485,0;12509,20000
===10226,8892;10252,20000;9536,12266,9926,7106,11676,11520;0
===11889,9168;11915,20000;12862,9198,12948,7816,9944,11682;0
===11284,7405;12164,20000;13412,9292,11032,8040,12076,6400;0
===11545,13331;12227,20000;10194,13668,12982,9866,13978,10490;0
===11400,0;11487,20000;11440,13526,11678,11696,11282,12748;0
===8485,0;12509,20000;10898,11834,8068,12906,6200,9130;0
===8593,6586;11297,20000;8474,9224,8710,9774,6366,8124;0
===8682,0;12181,20000;10242,12994,6444,9850,12934,7426;1
+++7784,10694;10633,20000
===8923,12368;8970,20000;10194,13668,12982,9866,13978,10490;0
===7784,13127;7994,20000;9068,14382,9946,10276,12648,13238;0
===8044,11691;9401,20000;6932,13808,9200,8668,13388,10920;0
===8089,10694;10571,20000;7022,14090,7992,10782,9014,10464;0
===10159,12047;10633,12220;13398,12174,14016,13488,15626,11886;0
===8468,11826;8521,20000;9068,14382,9946,10276,12648,13238;0
===7900,11968;8110,13077;9300,12064,10070,12394,10380,12562;0
===8637,11262;8658,20000;9300,12064,10070,12394,10380,12562;1
+++8552,7574;9310,11542
===8562,7574;9121,8239;11120,7850,9382,12992,10022,8876;0
===8552,9168;9310,9558;12862,9198,12948,7816,9944,11682;0
===8560,9279;9222,9431;11116,9288,12564,11510,9468,11482;0
===8926,9301;9228,11019;9320,9974,13258,13358,10510,14416;0
===8724,11140;9137,11542;10528,11212,11388,11984,10402,13692;1
++0,0;20000,20000
+++13536,8956;15610,20000
===15205,16222;15610,20000;16960,17034,15618,16404,16614,15598;0
===13804,10245;14492,20000;14724,10874,14684,13576,11842,13326;0
===13536,14368;13953,20000;15020,14582,15662,14894,13858,15766;0
===14464,8956;14950,20000;18030,9256,12730,15958,7432,10726;0
===14200,16222;14356,20000;16960,17034,15618,16404,16614,15598;1
+++0,0;20000,20000
===7287,7939;20000,20000;5418,9056,9318,8652,6956,8778;0
===0,0;20000,20000;8884,13968,7142,5204,14182,5658;0
===0,0;20000,20000;5758,9918,3084,7466,8556,5148;0
===0,0;20000,20000;6630,6000,8166,5542,5772,5752;1
+++11898,8339;20000,20000
===12056,8339;20000,10926;9992,9302,7866,12250,10128,10724;0
===11898,11210;20000,20000;9536,12266,9926,7106,11676,11520;0
===12097,9600;20000,20000;10106,10062,13338,10480,8976,13280;0
===12618,8972;20000,10919;11116,9288,12564,11510,9468,11482;0
===13382,9263;20000,20000;12676,10784,13272,13810,8898,15546;0
===12509,9605;20000,20000;10898,11834,8068,12906,6200,9130;0
===12140,8835;20000,20000;10160,10294,7792,8984,11326,10558;1
+++12953,8470;20000,20000
===14030,11885;20000,20000;13800,14154,12560,13458,13724,13260;0
===13475,8470;20000,20000;12862,9198,12948,7816,9944,11682;0
===12953,9636;20000,9905;11646,9656,9760,14284,11808,11452;0
===13129,10514;13540,11009;14724,10874,14684,13576,11842,13326;1
+++6707,8255;20000,20000
===8994,8723;20000,8964;6118,8790,10274,8382,9080,13422;0
===6707,12195;20000,20000;6494,12572,9358,13200,5954,13770;0
===13611,8255;20000,20000;13134,8768,14334,7672,6296,13594;0
===14365,8956;14464,10545;18030,9256,12730,15958,7432,10726;0
===7353,10061;20000,10701;5550,10204,7400,10800,8570,12250;0
===7497,11344;20000,20000;5838,11490,7768,9952,9322,10116;1
+++0,0;20000,20000
===8079,6990;20000,20000;7002,7158,8910,6482,7288,8126;0
===0,0;20000,20000;11534,12550,6986,11218,8614,4314;0
===0,0;20000,20000;6920,11818,8900,9536,4004,11556;0
===0,0;20000,20000;9156,6822,6960,5934,6806,5074;0
===5997,0;20000,20000;6004,11198,5592,7736,7364,7642;0
===6373,0;20000,20000;6756,15284,4486,14710,6118,9954;1
++9706,0;13405,20000
+++12013,0;13405,20000
===13162,0;13405,20000;13398,12174,14016,13488,15626,11886;0
===12069,9156;12265,10186;11646,9656,9760,14284,11808,11452;0
===12273,0;13382,20000;12676,10784,13272,13810,8898,15546;0
===12013,0;13306,20000;12492,10716,8176,13824,10346,9004;0
===13167,10985;13173,20000;13450,12678,13126,9546,16124,12068;0
===12128,0;12890,9190;12896,8226,12798,9440,11976,10040;0
===12113,0;13238,20000;12356,11144,9692,13360,9120,11446;0
===12210,0;13149,20000;12886,11920,11510,11558,12936,9614;1
+++11138,0;13156,20000
===12468,11323;13156,20000;12052,12492,11124,11770,13060,10760;0
===11138,0;12740,20000;11360,8156,11558,9382,9852,6550;0
===11961,0;12468,20000;12052,12492,11124,11770,13060,10760;0
===11915,8927;12366,20000;12862,9198,12948,7816,9944,11682;0
===11947,0;12398,7718;12926,6780,9624,9504,13858,10804;1
+++9706,0;13252,20000
===12251,0;12758,20000;12632,11826,12814,13302,12024,13644;0
===9706,0;12410,20000;10700,5008,8788,11174,6400,7810;0
===12442,10514;12547,11009;14724,10874,14684,13576,11842,13326;0
===13023,9240;13252,10545;18030,9256,12730,15958,7432,10726;0
===9884,0;12936,20000;11752,14544,6348,14030,8412,12114;1
+++11796,8191;13162,20000
===13147,9477;13162,20000;13398,12174,14016,13488,15626,11886;0
===11932,8191;12128,9190;12896,8226,12798,9440,11976,10040;0
===11796,9961;11822,11667;12676,10784,13272,13810,8898,15546;0
===12001,9156;12069,10400;11646,9656,9760,14284,11808,11452;1
+++10034,11900;12207,20000
===10034,11900;10604,12521;12052,12492,11124,11770,13060,10760;0
===11948,12821;12207,20000;12362,13150,12410,12078,13988,15210;0
===11802,13562;12111,20000;12688,14574,15620,11328,14434,15526;0
===10218,13331;10555,20000;10194,13668,12982,9866,13978,10490;0
===11302,12850;11901,13338;12362,13150,12410,12078,13988,15210;1
+++9971,6399;12290,20000
===9971,8219;11708,20000;14260,9616,9204,6130,11512,7674;0
===10213,6399;11923,20000;9726,7790,9582,11372,7352,8750;0
===10537,9600;12097,20000;10106,10062,13338,10480,8976,13280;0
===10895,9839;12020,20000;9920,11022,9042,11956,8034,12234;0
===11747,14202;12290,20000;14338,15410,12038,12880,15110,10874;1
+++11466,0;12017,20000
===11466,0;11634,12103;11398,11656,11200,12748,9172,14356;0
===11607,0;11716,20000;11680,13792,10756,16564,11354,13556;0
===11590,0;11758,20000;11646,9656,9760,14284,11808,11452;0
===11921,0;11947,7718;12926,6780,9624,9504,13858,10804;0
===11724,9240;12017,9415;18030,9256,12730,15958,7432,10726;0
===11716,0;11775,14168;11680,13792,10756,16564,11354,13556;1
+0,0;10537,20000
++0,0;7967,20000
+++0,8214;7488,20000
===6752,9113;7002,20000;7746,11068,10968,7674,9730,9964;0
===0,10189;6855,10829;8292,10460,9502,10690,8948,11204;0
===0,13548;5517,20000;6932,13808,9200,8668,13388,10920;0
===0,10493;6752,20000;7746,11068,10968,7674,9730,9964;0
===7302,8214;7488,9422;7974,9270,9346,9396,9022,9690;0
===0,10704;5798,20000;5838,11490,7768,9952,9322,10116;0
===0,9532;6242,20000;6494,12572,9358,13200,5954,13770;1
+++0,0;7894,20000
===0,8649;7894,8863;10370,8670,11246,11156,9430,13260;0
===0,5540;7583,9323;9194,7132,16154,4174,13270,10562;0
===0,0;7721,5586;9452,5066,12626,8604,5138,11690;0
===0,7858;7232,20000;8474,9224,8710,9774,6366,8124;0
===0,8033;6659,20000;7328,9574,8112,7830,7194,8548;1
+++0,0;7651,20000
===5907,0;6444,20000;6258,6390,9604,6298,7270,8948;0
===0,9182;6929,20000;7868,11872,7876,9830,7038,10916;0
===7488,0;7651,9422;7974,9270,9346,9396,9022,9690;0
===0,6812;6279,20000;7002,7158,8910,6482,7288,8126;0
===0,7918;7346,20000;9136,8628,8878,6192,8062,7828;0
===0,6559;7274,6962;8558,6626,12914,10634,7618,7418;1
+++0,0;5907,20000
===0,0;5907,6428;6258,6390,9604,6298,7270,8948;0
===4899,6922;5436,20000;4242,7378,12062,6854,6174,9768;0
===0,0;5553,20000;5550,10204,7400,10800,8570,12250;0
===0,0;5487,20000;5418,9056,9318,8652,6956,8778;0
===0,6213;5341,6355;6440,6320,14632,8362,8602,10650;1
+++5914,0;6535,20000
===5914,8991;5921,20000;5838,11490,7768,9952,9322,10116;0
===6349,0;6535,20000;6440,6320,14632,8362,8602,10650;0
===6028,9599;6091,20000;6500,11990,9358,6298,8986,10178;0
===6061,7448;6095,20000;6118,8790,10274,8382,9080,13422;0
===6054,7448;6061,9994;6118,8790,10274,8382,9080,13422;1
+++0,0;5900,20000
===4892,10248;4930,20000;4102,13288,6592,7734,10192,10696;0
===0,0;4829,20000;4102,13288,6592,7734,10192,10696;0
===0,7999;5900,9354;6118,8790,10274,8382,9080,13422;0
===5654,10061;5777,20000;5550,10204,7400,10800,8570,12250;1
+++0,8300;7967,11399
===0,11253;7967,11399;10096,11308,10454,11420,10900,10364;0
===0,10659;7962,11110;9920,11022,9042,11956,8034,12234;0
===0,9946;7435,10059;9320,9974,13258,13358,10510,14416;0
===0,8300;7875,9433;9992,9302,7866,12250,10128,10724;1
++0,0;10110,20000
+++6535,6160;7044,20000
===6560,7974;6723,10390;6118,8790,10274,8382,9080,13422;0
===7003,8201;7044,20000;8016,10296,6250,10890,7044,8094;0
===6535,6160;6721,20000;6440,6320,14632,8362,8602,10650;0
===6696,8239;6828,9422;7974,9270,9346,9396,9022,9690;1
+++0,0;9386,20000
===0,8386;6402,9741;7122,9564,4644,9578,9524,6588;0
===6970,0;8200,20000;7868,11872,7876,9830,7038,10916;0
===8521,11218;8622,11817;10122,11368,13298,9654,11824,13280;0
===6091,0;6565,20000;6500,11990,9358,6298,8986,10178;0
===9310,0;9386,20000;9320,9974,13258,13358,10510,14416;0
===7520,0;8229,20000;7746,11068,10968,7674,9730,9964;1
+++0,4478;10110,20000
===8665,4478;9706,20000;10700,5008,8788,11174,6400,7810;0
===0,7104;9822,20000;14088,7742,12828,7108,6084,11170;0
===9778,6519;10110,6801;12926,6780,9624,9504,13858,10804;0
===8420,10659;8894,11447;9920,11022,9042,11956,8034,12234;0
===7891,13171;9218,13941;11680,13792,10756,16564,11354,13556;1
+++8050,9622;8451,20000
===8441,9848;8451,20000;7746,11068,10968,7674,9730,9964;0
===8324,9622;8438,10059;9320,9974,13258,13358,10510,14416;0
===8221,9774;8324,10059;9320,9974,13258,13358,10510,14416;0
===8099,12829;8347,13708;10194,13668,12982,9866,13978,10490;0
===8050,10802;8298,11649;10096,11308,10454,11420,10900,10364;1
+++0,5287;8857,20000
===8635,5287;8857,20000;8558,6626,12914,10634,7618,7418;0
===0,8191;8569,8427;12896,8226,12798,9440,11976,10040;0
===0,8073;8688,20000;13134,8768,14334,7672,6296,13594;0
===8444,8970;8485,20000;10898,11834,8068,12906,6200,9130;0
===7932,9823;8491,20000;9860,10072,9488,9712,12678,9982;0
===8521,11803;8771,20000;9068,14382,9946,10276,12648,13238;1
+++0,5553;9283,20000
===0,10506;9125,10957;12492,10716,8176,13824,10346,9004;0
===7857,5553;8079,20000;7002,7158,8910,6482,7288,8126;0
===0,7682;8521,9037;11360,8156,11558,9382,9852,6550;0
===0,8681;9283,20000;12884,10154,8502,6676,10356,9678;1
+++0,7489;8745,20000
===0,9615;8702,9787;11646,9656,9760,14284,11808,11452;0
===0,14125;8745,20000;10468,14160,13244,12538,14100,11280;0
===8521,7489;8559,9037;11360,8156,11558,9382,9852,6550;0
===0,11456;8000,20000;10242,12994,6444,9850,12934,7426;0
===8439,7574;8562,8239;11120,7850,9382,12992,10022,8876;0
===8412,9842;8714,20000;8292,10460,9502,10690,8948,11204;0
===0,12128;8018,20000;9536,12266,9926,7106,11676,11520;0
===0,9163;8444,20000;10898,11834,8068,12906,6200,9130;1
++9242,6871;10537,20000
+++10324,7790;10537,20000
===10511,7790;10537,20000;10106,10062,13338,10480,8976,13280;0
===10506,8413;10532,20000;10096,11308,10454,11420,10900,10364;0
===10324,10184;10415,11489;12356,11144,9692,13360,9120,11446;0
===10388,7795;10414,20000;9860,10072,9488,9712,12678,9982;1
+++10186,8158;10506,20000
===10186,10802;10324,11489;12356,11144,9692,13360,9120,11446;0
===10398,8158;10506,20000;10096,11308,10454,11420,10900,10364;0
===10224,9941;10449,20000;10528,11212,11388,11984,10402,13692;0
===10288,12417;10298,20000;11440,13526,11678,11696,11282,12748;0
===10418,13171;10490,20000;11680,13792,10756,16564,11354,13556;1
+++10165,9638;10355,20000
===10331,13577;10355,20000;10468,14160,13244,12538,14100,11280;0
===10165,10802;10186,11489;12356,11144,9692,13360,9120,11446;0
===10218,9638;10220,10498;9320,9974,13258,13358,10510,14416;0
===10278,14478;10331,20000;12688,14574,15620,11328,14434,15526;1
+++9686,9213;10277,20000
===9807,10506;10254,11633;12492,10716,8176,13824,10346,9004;0
===9686,11339;10277,20000;11398,11656,11200,12748,9172,14356;0
===9795,9213;9824,20000;11116,9288,12564,11510,9468,11482;0
===9824,9213;10126,20000;11116,9288,12564,11510,9468,11482;1
+++9242,11567;10203,20000
===9242,13914;9812,20000;10468,14160,13244,12538,14100,11280;0
===9776,11567;10189,11830;12632,11826,12814,13302,12024,13644;0
===9612,13392;10203,20000;11250,14518,11092,14788,11698,13214;0
===9675,11870;10027,20000;10194,13668,12982,9866,13978,10490;0
===9975,12472;10185,13213;13450,12678,13126,9546,16124,12068;0
===9641,13072;10115,13338;12362,13150,12410,12078,13988,15210;1
+++10080,6871;10359,20000
===10128,7336;10138,8494;11120,7850,9382,12992,10022,8876;0
===10314,13914;10331,20000;10468,14160,13244,12538,14100,11280;0
===10080,6871;10359,20000;14088,7742,12828,7108,6084,11170;0
===10112,10802;10165,11489;12356,11144,9692,13360,9120,11446;0
===10189,11567;10250,11830;12632,11826,12814,13302,12024,13644;1
++8569,8191;9656,20000
+++8569,8191;9159,20000
===8569,8191;9157,8427;12896,8226,12798,9440,11976,10040;0
===8645,8649;9119,8947;10370,8670,11246,11156,9430,13260;0
===8647,9599;8668,10135;9320,9974,13258,13358,10510,14416;0
===8717,9643;8987,10967;10106,10062,13338,10480,8976,13280;0
===8658,11262;8796,20000;9300,12064,10070,12394,10380,12562;0
===8800,9165;8890,20000;9068,14382,9946,10276,12648,13238;0
===8701,11339;9159,11737;11398,11656,11200,12748,9172,14356;1
+++9218,8442;9656,20000
===9621,8442;9631,20000;10106,10062,13338,10480,8976,13280;0
===9218,9443;9228,20000;9300,12064,10070,12394,10380,12562;0
===9620,8882;9656,10498;9320,9974,13258,13358,10510,14416;0
===9226,8922;9538,20000;9920,11022,9042,11956,8034,12234;0
===9523,8882;9620,20000;9320,9974,13258,13358,10510,14416;0
===9629,9095;9639,11817;10122,11368,13298,9654,11824,13280;0
===9310,9168;9433,10133;12862,9198,12948,7816,9944,11682;1
+++8825,8300;9429,20000
===8825,9615;9384,9975;11646,9656,9760,14284,11808,11452;0
===9119,8649;9172,8947;10370,8670,11246,11156,9430,13260;0
===9048,9998;9327,11817;10122,11368,13298,9654,11824,13280;0
===9152,11717;9429,12235;12886,11920,11510,11558,12936,9614;0
===9004,8300;9262,20000;9992,9302,7866,12250,10128,10724;1
+++8970,10802;9231,20000
===9180,12699;9231,13808;11440,13526,11678,11696,11282,12748;0
===8970,12699;9180,13808;11440,13526,11678,11696,11282,12748;0
===9102,11505;9112,20000;9068,14382,9946,10276,12648,13238;0
===9057,10802;9180,11171;12356,11144,9692,13360,9120,11446;0
===9003,14304;9085,20000;11250,14518,11092,14788,11698,13214;1
+++9112,9549;9626,20000
===9616,9549;9626,20000;10096,11308,10454,11420,10900,10364;0
===9300,13171;9351,13941;11680,13792,10756,16564,11354,13556;0
===9198,11117;9251,20000;10528,11212,11388,11984,10402,13692;0
===9112,11505;9302,20000;9068,14382,9946,10276,12648,13238;0
===9125,10506;9248,10957;12492,10716,8176,13824,10346,9004;1
++5341,0;7932,20000
+++5900,0;6440,9994
===6402,0;6440,9741;7122,9564,4644,9578,9524,6588;0
===5938,7641;6054,9994;6118,8790,10274,8382,9080,13422;0
===5900,7641;5938,9354;6118,8790,10274,8382,9080,13422;0
===6256,0;6349,6355;6440,6320,14632,8362,8602,10650;0
===6222,6213;6256,6355;6440,6320,14632,8362,8602,10650;1
+++6562,7314;7932,20000
===6562,9286;6707,20000;6494,12572,9358,13200,5954,13770;0
===7818,10309;7828,20000;6500,11990,9358,6298,8986,10178;0
===7346,7918;7409,20000;9136,8628,8878,6192,8062,7828;0
===7809,9823;7932,10635;9860,10072,9488,9712,12678,9982;0
===7539,9774;7662,10059;9320,9974,13258,13358,10510,14416;0
===7409,7314;7883,20000;9136,8628,8878,6192,8062,7828;0
===7647,10017;7810,11166;8292,10460,9502,10690,8948,11204;1
+++5341,6213;6468,20000
===5341,6213;6099,6355;6440,6320,14632,8362,8602,10650;0
===5517,12503;6468,20000;6932,13808,9200,8668,13388,10920;0
===5487,7761;5704,20000;5418,9056,9318,8652,6956,8778;0
===5704,7774;6024,20000;5418,9056,9318,8652,6956,8778;0
===6099,6213;6222,6355;6440,6320,14632,8362,8602,10650;0
===5553,8335;5616,20000;5550,10204,7400,10800,8570,12250;1
+++6773,0;7188,20000
===7002,9113;7188,20000;7746,11068,10968,7674,9730,9964;0
===6781,0;6967,20000;6932,13808,9200,8668,13388,10920;0
===6814,8072;7093,20000;7556,10144,8210,12000,5880,13278;0
===6773,8125;6814,20000;7556,10144,8210,12000,5880,13278;0
===6866,8214;6989,9422;7974,9270,9346,9396,9022,9690;0
===6967,10483;7130,20000;6932,13808,9200,8668,13388,10920;0
===6929,8989;6970,20000;7868,11872,7876,9830,7038,10916;1
+++6502,0;7857,20000
===7721,0;7762,5586;9452,5066,12626,8604,5138,11690;0
===6502,9904;6781,20000;6932,13808,9200,8668,13388,10920;0
===6816,0;7857,20000;7002,7158,8910,6482,7288,8126;0
===7788,6160;7798,6739;6440,6320,14632,8362,8602,10650;0
===7374,8663;7520,20000;7746,11068,10968,7674,9730,9964;0
===6721,6160;7788,6739;6440,6320,14632,8362,8602,10650;1
+++5798,0;6562,20000
===6283,0;6562,20000;6494,12572,9358,13200,5954,13770;0
===6468,9957;6502,20000;6932,13808,9200,8668,13388,10920;0
===6188,7590;6309,20000;6118,8790,10274,8382,9080,13422;0
===5798,0;5914,20000;5838,11490,7768,9952,9322,10116;0
===6374,7590;6560,10390;6118,8790,10274,8382,9080,13422;1
+++5921,6195;7818,20000
===5921,11344;7497,20000;5838,11490,7768,9952,9322,10116;0
===6444,6195;7707,20000;6258,6390,9604,6298,7270,8948;0
===6279,6579;6816,20000;7002,7158,8910,6482,7288,8126;0
===6565,8995;7818,20000;6500,11990,9358,6298,8986,10178;1
++8584,9160;10060,20000
+++9327,9479;10060,12235
===9810,9479;10060,9975;11646,9656,9760,14284,11808,11452;0
===9757,9479;9810,9975;11646,9656,9760,14284,11808,11452;0
===9327,9998;9629,11817;10122,11368,13298,9654,11824,13280;0
===9656,9638;9845,10498;9320,9974,13258,13358,10510,14416;0
===9445,11108;10004,12235;12886,11920,11510,11558,12936,9614;1
+++8584,9160;9226,20000
===9197,9160;9226,20000;9920,11022,9042,11956,8034,12234;0
===8584,11262;8637,20000;9300,12064,10070,12394,10380,12562;0
===8609,10802;9035,20000;10096,11308,10454,11420,10900,10364;0
===8796,10644;8887,20000;9300,12064,10070,12394,10380,12562;1
+++9351,9256;9795,20000
===9513,9927;9610,20000;9300,12064,10070,12394,10380,12562;0
===9559,13392;9612,20000;11250,14518,11092,14788,11698,13214;0
===9633,11339;9686,20000;11398,11656,11200,12748,9172,14356;0
===9351,13171;9774,20000;11680,13792,10756,16564,11354,13556;0
===9707,12417;9728,20000;11440,13526,11678,11696,11282,12748;0
===9654,12417;9707,20000;11440,13526,11678,11696,11282,12748;0
===9704,9256;9795,20000;11116,9288,12564,11510,9468,11482;1
+++9384,9168;9757,12235
===9429,11559;9445,12235;12886,11920,11510,11558,12936,9614;0
===9487,9479;9757,9975;11646,9656,9760,14284,11808,11452;0
===9433,9168;9681,10133;12862,9198,12948,7816,9944,11682;0
===9492,9279;9545,9792;11116,9288,12564,11510,9468,11482;0
===9384,9615;9487,9975;11646,9656,9760,14284,11808,11452;1
+++8934,10319;9136,20000
===9035,10802;9056,20000;10096,11308,10454,11420,10900,10364;0
===9085,14304;9136,20000;11250,14518,11092,14788,11698,13214;0
===8934,10319;9048,11817;10122,11368,13298,9654,11824,13280;0
===9047,10540;9113,10903;12676,10784,13272,13810,8898,15546;1
++0,0;10513,20000
+++0,7574;9949,12220
===0,7574;8269,8239;11120,7850,9382,12992,10022,8876;0
===0,9168;8552,9558;12862,9198,12948,7816,9944,11682;0
===0,11822;9776,11830;12632,11826,12814,13302,12024,13644;0
===0,12082;9949,12220;13398,12174,14016,13488,15626,11886;1
+++7188,8709;8266,20000
===7188,9113;7374,20000;7746,11068,10968,7674,9730,9964;0
===8183,11205;8266,11515;10528,11212,11388,11984,10402,13692;0
===7627,8709;7637,9182;6118,8790,10274,8382,9080,13422;0
===7959,8796;8082,10746;10160,10294,7792,8984,11326,10558;0
===8034,11691;8044,20000;6932,13808,9200,8668,13388,10920;1
+++0,7739;10513,20000
===8000,11279;8682,20000;10242,12994,6444,9850,12934,7426;0
===0,11427;8701,11737;11398,11656,11200,12748,9172,14356;0
===0,7739;10513,20000;11870,8656,8378,7226,7116,10134;0
===0,12829;8099,13708;10194,13668,12982,9866,13978,10490;0
===8438,9622;8594,10135;9320,9974,13258,13358,10510,14416;1
+++0,0;10218,20000
===10027,0;10218,20000;10194,13668,12982,9866,13978,10490;0
===9829,0;10141,20000;10122,11368,13298,9654,11824,13280;0
===9441,0;10213,20000;9726,7790,9582,11372,7352,8750;0
===0,4478;8665,5504;10700,5008,8788,11174,6400,7810;0
===0,0;4899,20000;4242,7378,12062,6854,6174,9768;1
+++7273,7508;8560,20000
===8437,9279;8560,9431;11116,9288,12564,11510,9468,11482;0
===7273,7612;7552,20000;8474,9224,8710,9774,6366,8124;0
===8253,8284;8555,20000;7974,9270,9346,9396,9022,9690;0
===8200,9585;8512,20000;7868,11872,7876,9830,7038,10916;0
===8120,9774;8221,10059;9320,9974,13258,13358,10510,14416;0
===8229,7508;8441,20000;7746,11068,10968,7674,9730,9964;0
===7875,8300;7998,9433;9992,9302,7866,12250,10128,10724;1
++8559,6924;10435,20000
+++8987,9643;9290,20000
===9168,13914;9221,20000;10468,14160,13244,12538,14100,11280;0
===9060,13914;9168,20000;10468,14160,13244,12538,14100,11280;0
===9056,10266;9285,20000;10096,11308,10454,11420,10900,10364;0
===8987,9643;9290,20000;10106,10062,13338,10480,8976,13280;0
===9113,10540;9217,10903;12676,10784,13272,13810,8898,15546;1
+++8559,7489;10435,20000
===9157,8191;10435,8427;12896,8226,12798,9440,11976,10040;0
===8559,7489;10258,20000;11360,8156,11558,9382,9852,6550;0
===9827,13171;10418,20000;11680,13792,10756,16564,11354,13556;0
===9804,14478;10278,20000;12688,14574,15620,11328,14434,15526;0
===8776,12472;9975,13213;13450,12678,13126,9546,16124,12068;0
===10136,9213;10421,20000;11116,9288,12564,11510,9468,11482;1
+++8565,7617;10062,20000
===10052,7980;10062,20000;10968,9138,9336,6360,8656,8096;0
===9193,8649;9422,8947;10370,8670,11246,11156,9430,13260;0
===8688,7617;9345,20000;13134,8768,14334,7672,6296,13594;0
===8565,8949;9471,20000;7974,9270,9346,9396,9022,9690;1
+++9100,6924;10080,20000
===9100,7544;9129,20000;9726,7790,9582,11372,7352,8750;0
===9631,7564;9779,20000;10106,10062,13338,10480,8976,13280;0
===9603,7384;9882,20000;13134,8768,14334,7672,6296,13594;0
===9822,6924;10080,20000;14088,7742,12828,7108,6084,11170;0
===9121,7574;9568,8239;11120,7850,9382,12992,10022,8876;0
===9547,8057;9585,9605;13412,9292,11032,8040,12076,6400;0
===9129,7306;9441,20000;9726,7790,9582,11372,7352,8750;0
===9568,7574;9826,8239;11120,7850,9382,12992,10022,8876;1
+0,0;11590,20000
++10252,9168;11510,20000
+++10298,10141;10894,20000
===10415,10141;10444,11489;12356,11144,9692,13360,9120,11446;0
===10444,10141;10746,11489;12356,11144,9692,13360,9120,11446;0
===10303,11567;10894,11830;12632,11826,12814,13302,12024,13644;0
===10298,12417;10583,20000;11440,13526,11678,11696,11282,12748;0
===10393,13176;10585,20000;11250,14518,11092,14788,11698,13214;1
+++10252,9213;11210,20000
===11178,11332;11204,20000;11440,13526,11678,11696,11282,12748;0
===10421,9213;11016,20000;11116,9288,12564,11510,9468,11482;0
===10331,14478;10786,20000;12688,14574,15620,11328,14434,15526;0
===10252,10702;11210,20000;9536,12266,9926,7106,11676,11520;0
===10575,9961;10604,10903;12676,10784,13272,13810,8898,15546;1
+++10598,11649;11141,20000
===11074,11828;11109,20000;11250,14518,11092,14788,11698,13214;0
===10598,12472;10712,13323;13450,12678,13126,9546,16124,12068;0
===10759,13072;11141,13338;12362,13150,12410,12078,13988,15210;0
===10718,11649;11001,20000;10468,14160,13244,12538,14100,11280;0
===10800,13171;10920,20000;11680,13792,10756,16564,11354,13556;1
+++10620,9397;11400,20000
===10620,12287;11264,12429;13372,12308,16356,13468,11906,16774;0
===10920,13171;11400,20000;11680,13792,10756,16564,11354,13556;0
===10903,9397;11272,10745;11646,9656,9760,14284,11808,11452;0
===10906,9961;10916,10903;12676,10784,13272,13810,8898,15546;0
===10709,10529;11011,12235;12886,11920,11510,11558,12936,9614;0
===11272,9397;11307,11103;11646,9656,9760,14284,11808,11452;0
===10922,14121;11397,20000;12688,14574,15620,11328,14434,15526;1
+++10411,10223;11510,14268
===10411,13840;11434,14268;13800,14154,12560,13458,13724,13260;0
===11370,10667;11508,10948;14724,10874,14684,13576,11842,13326;0
===11484,10815;11510,12521;12052,12492,11124,11770,13060,10760;0
===11277,12047;11467,12220;13398,12174,14016,13488,15626,11886;0
===11336,12287;11454,12429;13372,12308,16356,13468,11906,16774;0
===10712,12472;11167,13323;13450,12678,13126,9546,16124,12068;0
===10815,10223;11490,11929;10096,11308,10454,11420,10900,10364;0
===11296,10667;11349,10948;14724,10874,14684,13576,11842,13326;1
+++10659,9168;11303,20000
===10999,9168;11009,20000;12862,9198,12948,7816,9944,11682;0
===10692,9839;10718,20000;10468,14160,13244,12538,14100,11280;0
===10659,10397;11157,20000;11398,11656,11200,12748,9172,14356;0
===11167,12472;11303,20000;13450,12678,13126,9546,16124,12068;0
===11109,11184;11185,20000;11250,14518,11092,14788,11698,13214;0
===10916,9961;11201,10903;12676,10784,13272,13810,8898,15546;0
===11157,10397;11183,20000;11398,11656,11200,12748,9172,14356;1
+++10275,9168;11102,20000
===10391,9479;10401,9975;11646,9656,9760,14284,11808,11452;0
===10275,13392;10393,20000;11250,14518,11092,14788,11698,13214;0
===11091,9638;11102,10498;9320,9974,13258,13358,10510,14416;0
===10304,9168;10999,20000;12862,9198,12948,7816,9944,11682;0
===10584,9584;10692,20000;10468,14160,13244,12538,14100,11280;1
+++10451,10572;11178,20000
===10768,11332;11178,20000;11440,13526,11678,11696,11282,12748;0
===10583,12417;10768,20000;11440,13526,11678,11696,11282,12748;0
===10490,13171;10800,20000;11680,13792,10756,16564,11354,13556;0
===10604,11900;11074,12521;12052,12492,11124,11770,13060,10760;0
===10451,10572;10680,12235;12886,11920,11510,11558,12936,9614;1
++0,0;8953,20000
+++0,0;8871,10635
===0,7544;8871,8507;9726,7790,9582,11372,7352,8750;0
===0,9279;8437,9431;11116,9288,12564,11510,9468,11482;0
===0,9995;7809,10635;9860,10072,9488,9712,12678,9982;0
===0,9163;6696,9422;7974,9270,9346,9396,9022,9690;0
===0,0;8299,6363;10916,5518,6708,5836,8288,5420;1
+++6547,0;8513,20000
===6723,7974;7627,9182;6118,8790,10274,8382,9080,13422;0
===7994,13127;8468,20000;9068,14382,9946,10276,12648,13238;0
===6547,0;7777,20000;7022,14090,7992,10782,9014,10464;0
===6700,0;8242,20000;7328,9574,8112,7830,7194,8548;0
===8055,9818;8513,10940;10106,10062,13338,10480,8976,13280;0
===6701,12027;7900,13077;9300,12064,10070,12394,10380,12562;0
===7130,11691;8034,20000;6932,13808,9200,8668,13388,10920;0
===8080,0;8383,20000;8292,10460,9502,10690,8948,11204;1
+++7883,6288;8924,20000
===8714,9842;8724,20000;8292,10460,9502,10690,8948,11204;0
===8555,8949;8565,20000;7974,9270,9346,9396,9022,9690;0
===8298,10802;8609,20000;10096,11308,10454,11420,10900,10364;0
===7883,6288;8924,20000;9136,8628,8878,6192,8062,7828;0
===8161,11968;8584,20000;9300,12064,10070,12394,10380,12562;0
===8491,9823;8594,20000;9860,10072,9488,9712,12678,9982;1
+++6667,0;8953,20000
===7798,6160;8678,6571;6440,6320,14632,8362,8602,10650;0
===7583,5540;8953,20000;9194,7132,16154,4174,13270,10562;0
===6667,0;8404,20000;7652,13748,8140,7202,13748,5870;0
===7552,0;8593,20000;8474,9224,8710,9774,6366,8124;0
===7998,8300;8557,9433;9992,9302,7866,12250,10128,10724;0
===7594,0;8545,6962;8558,6626,12914,10634,7618,7418;1
++10254,0;11590,20000
+++10633,0;11590,12220
===11383,0;11590,11103;11646,9656,9760,14284,11808,11452;0
===11325,0;11493,10919;11116,9288,12564,11510,9468,11482;0
===10633,12047;11277,12220;13398,12174,14016,13488,15626,11886;0
===11041,6149;11543,7718;12926,6780,9624,9504,13858,10804;0
===11364,11060;11396,11830;12632,11826,12814,13302,12024,13644;0
===11018,0;11044,8494;11120,7850,9382,12992,10022,8876;1
+++10254,9007;11091,12235
===10254,9007;10512,11633;12492,10716,8176,13824,10346,9004;0
===10346,10004;10575,10903;12676,10784,13272,13810,8898,15546;0
===10401,9479;10819,9975;11646,9656,9760,14284,11808,11452;0
===10359,9638;11091,10498;9320,9974,13258,13358,10510,14416;0
===10680,10529;10709,12235;12886,11920,11510,11558,12936,9614;0
===10272,10540;10346,10903;12676,10784,13272,13810,8898,15546;0
===10604,9961;10906,10903;12676,10784,13272,13810,8898,15546;0
===10746,10141;10756,11489;12356,11144,9692,13360,9120,11446;1
+++10258,0;11400,20000
===10449,0;10614,20000;10528,11212,11388,11984,10402,13692;0
===11044,0;11327,20000;11120,7850,9382,12992,10022,8876;0
===10359,5845;11400,20000;14088,7742,12828,7108,6084,11170;0
===10532,10223;10815,20000;10096,11308,10454,11420,10900,10364;0
===10258,6837;11138,20000;11360,8156,11558,9382,9852,6550;1
+++10355,0;11074,20000
===10355,0;10584,20000;10468,14160,13244,12538,14100,11280;0
===10705,13176;11074,20000;11250,14518,11092,14788,11698,13214;0
===10454,7410;10763,20000;9992,9302,7866,12250,10128,10724;0
===10585,13176;10705,20000;11250,14518,11092,14788,11698,13214;0
===10614,8110;10722,20000;10528,11212,11388,11984,10402,13692;1
+++11042,0;11529,20000
===11465,13562;11529,20000;12688,14574,15620,11328,14434,15526;0
===11441,13784;11465,20000;12688,14574,15620,11328,14434,15526;0
===11397,14121;11424,20000;12688,14574,15620,11328,14434,15526;0
===11183,0;11466,20000;11398,11656,11200,12748,9172,14356;0
===11042,0;11325,20000;11116,9288,12564,11510,9468,11482;1
+++10435,7094;11026,20000
===11016,8191;11026,8682;12896,8226,12798,9440,11976,10040;0
===10643,7094;10669,20000;10370,8670,11246,11156,9430,13260;0
===10435,8191;10714,8427;12896,8226,12798,9440,11976,10040;0
===10512,8769;10824,11633;12492,10716,8176,13824,10346,9004;0
===10714,8191;11016,8427;12896,8226,12798,9440,11976,10040;1
++0,0;11068,20000
+++0,6636;9547,11171
===0,6636;9458,6801;12926,6780,9624,9504,13858,10804;0
===0,10802;9057,11171;12356,11144,9692,13360,9120,11446;0
===0,8250;9547,9605;13412,9292,11032,8040,12076,6400;0
===0,9990;7762,10630;10106,10062,13338,10480,8976,13280;1
+++0,6895;10680,20000
===6024,7774;7287,20000;5418,9056,9318,8652,6956,8778;0
===0,11283;8063,11593;10122,11368,13298,9654,11824,13280;0
===0,6895;7261,20000;8532,7298,7708,8736,6634,7368;0
===0,12871;8878,20000;11752,14544,6348,14030,8412,12114;0
===0,8412;9971,20000;14260,9616,9204,6130,11512,7674;0
===0,14478;9804,20000;12688,14574,15620,11328,14434,15526;0
===0,14750;10680,20000;14338,15410,12038,12880,15110,10874;1
+++7025,0;8635,20000
===7025,10017;7148,10829;8292,10460,9502,10690,8948,11204;0
===8545,0;8635,20000;8558,6626,12914,10634,7618,7418;0
===7810,0;8080,11166;8292,10460,9502,10690,8948,11204;0
===7662,9774;8120,10059;9320,9974,13258,13358,10510,14416;1
+++7962,9671;9899,20000
===9276,11900;9899,12521;12052,12492,11124,11770,13060,10760;0
===8894,10659;8968,20000;9920,11022,9042,11956,8034,12234;0
===8771,10840;8800,20000;9068,14382,9946,10276,12648,13238;0
===8594,9671;8917,20000;9860,10072,9488,9712,12678,9982;0
===7962,10659;8420,11420;9920,11022,9042,11956,8034,12234;0
===8451,9848;9357,20000;7746,11068,10968,7674,9730,9964;0
===8232,13072;9641,13338;12362,13150,12410,12078,13988,15210;1
+++9238,0;11020,20000
===9911,0;10398,20000;10096,11308,10454,11420,10900,10364;0
===9538,0;10310,20000;9920,11022,9042,11956,8034,12234;0
===9882,6358;10923,20000;13134,8768,14334,7672,6296,13594;0
===9283,8488;11020,20000;12884,10154,8502,6676,10356,9678;0
===9238,0;9310,11019;9320,9974,13258,13358,10510,14416;0
===10138,6684;11018,8494;11120,7850,9382,12992,10022,8876;0
===9592,6519;9778,6801;12926,6780,9624,9504,13858,10804;1
+++7044,0;11068,20000
===7274,6313;7594,6962;8558,6626,12914,10634,7618,7418;0
===7044,0;11068,20000;8016,10296,6250,10890,7044,8094;0
===7651,0;8253,20000;7974,9270,9346,9396,9022,9690;0
===8890,0;9102,20000;9068,14382,9946,10276,12648,13238;0
===10110,6149;11041,6801;12926,6780,9624,9504,13858,10804;0
===8082,8796;9346,20000;10160,10294,7792,8984,11326,10558;0
===7771,12758;8970,13808;11440,13526,11678,11696,11282,12748;0
===7093,0;10838,20000;7556,10144,8210,12000,5880,13278;1
+++0,8709;10888,14933
===0,14563;10888,14933;15020,14582,15662,14894,13858,15766;0
===0,14304;9003,14901;11250,14518,11092,14788,11698,13214;0
===8543,8709;8994,8964;6118,8790,10274,8382,9080,13422;0
===0,10667;10822,10948;14724,10874,14684,13576,11842,13326;0
===0,10540;9047,10903;12676,10784,13272,13810,8898,15546;1
++8594,8447;10451,20000
+++8594,9599;10359,10498
===10220,9638;10359,10498;9320,9974,13258,13358,10510,14416;0
===8594,9622;8647,10135;9320,9974,13258,13358,10510,14416;0
===8668,9599;8806,10217;9320,9974,13258,13358,10510,14416;0
===8702,9615;8825,9975;11646,9656,9760,14284,11808,11452;0
===10144,9638;10218,10498;9320,9974,13258,13358,10510,14416;1
+++8887,8447;10275,20000
===8887,10346;8916,20000;9300,12064,10070,12394,10380,12562;0
===10203,13392;10275,20000;11250,14518,11092,14788,11698,13214;0
===9136,13392;9559,20000;11250,14518,11092,14788,11698,13214;0
===9231,12699;9654,20000;11440,13526,11678,11696,11282,12748;0
===9498,8447;9508,20000;9860,10072,9488,9712,12678,9982;0
===9028,12241;9276,12521;12052,12492,11124,11770,13060,10760;1
+++9346,8558;10451,20000
===10060,9479;10391,9975;11646,9656,9760,14284,11808,11452;0
===10004,11108;10451,12235;12886,11920,11510,11558,12936,9614;0
===9798,10540;10272,10903;12676,10784,13272,13810,8898,15546;0
===9346,8558;9658,20000;10160,10294,7792,8984,11326,10558;0
===10126,9213;10136,20000;11116,9288,12564,11510,9468,11482;0
===9957,12417;9986,20000;11440,13526,11678,11696,11282,12748;1
+++9180,9256;10112,12521
===10013,11900;10034,12521;12052,12492,11124,11770,13060,10760;0
===9566,9256;9704,9874;11116,9288,12564,11510,9468,11482;0
===9180,10802;10112,11489;12356,11144,9692,13360,9120,11446;0
===9248,10506;9807,11633;12492,10716,8176,13824,10346,9004;0
===9222,9279;9492,9792;11116,9288,12564,11510,9468,11482;1
+9084,0;20000,20000
++10888,10200;13446,20000
+++12922,10200;13431,20000
===13142,10200;13147,20000;13398,12174,14016,13488,15626,11886;0
===13128,10538;13253,20000;13372,12308,16356,13468,11906,16774;0
===13173,10985;13431,20000;13450,12678,13126,9546,16124,12068;0
===13156,11416;13167,20000;13450,12678,13126,9546,16124,12068;0
===12922,10514;13082,11009;14724,10874,14684,13576,11842,13326;1
+++12758,10990;13446,20000
===12758,10990;12764,20000;12632,11826,12814,13302,12024,13644;0
===12775,11886;12786,20000;12688,14574,15620,11328,14434,15526;0
===12764,10990;13446,20000;12632,11826,12814,13302,12024,13644;0
===12864,11231;13117,20000;13372,12308,16356,13468,11906,16774;1
+++11793,10574;13156,20000
===12725,12047;13142,20000;13398,12174,14016,13488,15626,11886;0
===11793,10574;11961,20000;12052,12492,11124,11770,13060,10760;0
===12183,11416;13156,20000;13450,12678,13126,9546,16124,12068;0
===12290,13980;12936,20000;14338,15410,12038,12880,15110,10874;0
===12620,13352;12667,20000;13800,14154,12560,13458,13724,13260;1
+++10888,11982;13230,20000
===12786,12364;12911,20000;12688,14574,15620,11328,14434,15526;0
===12135,11982;12385,12429;13372,12308,16356,13468,11906,16774;0
===11539,13331;11545,20000;10194,13668,12982,9866,13978,10490;0
===11392,13534;11501,20000;11250,14518,11092,14788,11698,13214;0
===10888,14563;13230,20000;15020,14582,15662,14894,13858,15766;1
+++11901,10241;12864,20000
===11901,10529;11927,12235;12886,11920,11510,11558,12936,9614;0
===12453,11726;12864,20000;13372,12308,16356,13468,11906,16774;0
===11996,10241;12036,12188;12632,11826,12814,13302,12024,13644;0
===12623,11652;12624,20000;12362,13150,12410,12078,13988,15210;1
+++10894,11567;12725,20000
===10894,11567;10966,11830;12632,11826,12814,13302,12024,13644;0
===11276,11567;11364,11830;12632,11826,12814,13302,12024,13644;0
===11467,12047;12725,12333;13398,12174,14016,13488,15626,11886;0
===11260,13355;11677,20000;10468,14160,13244,12538,14100,11280;1
++9084,7094;13474,20000
+++9217,9168;10417,20000
===9285,9968;9314,20000;10096,11308,10454,11420,10900,10364;0
===9626,9549;9911,20000;10096,11308,10454,11420,10900,10364;0
===9845,9638;10144,10498;9320,9974,13258,13358,10510,14416;0
===9401,11691;9908,20000;6932,13808,9200,8668,13388,10920;0
===9681,9168;10304,10133;12862,9198,12948,7816,9944,11682;0
===9251,11117;9842,20000;10528,11212,11388,11984,10402,13692;0
===9610,11543;10417,20000;9300,12064,10070,12394,10380,12562;0
===9217,10540;9798,10903;12676,10784,13272,13810,8898,15546;1
+++9084,11416;12183,20000
===9218,13171;9300,13941;11680,13792,10756,16564,11354,13556;0
===9084,11870;9675,20000;10194,13668,12982,9866,13978,10490;0
===11805,11416;12183,20000;13450,12678,13126,9546,16124,12068;0
===9899,11900;10013,12521;12052,12492,11124,11770,13060,10760;0
===10146,12287;10620,12429;13372,12308,16356,13468,11906,16774;1
+++9585,7328;11898,20000
===11016,9213;11042,20000;11116,9288,12564,11510,9468,11482;0
===11001,13355;11260,20000;10468,14160,13244,12538,14100,11280;0
===10555,13331;11539,20000;10194,13668,12982,9866,13978,10490;0
===11611,14202;11747,20000;14338,15410,12038,12880,15110,10874;0
===11210,11210;11898,20000;9536,12266,9926,7106,11676,11520;0
===10722,8365;10748,20000;10528,11212,11388,11984,10402,13692;0
===10062,7328;10942,20000;10968,9138,9336,6360,8656,8096;0
===9585,8057;11284,20000;13412,9292,11032,8040,12076,6400;1
+++10669,7094;12056,11847
===10669,7094;11120,8904;10370,8670,11246,11156,9430,13260;0
===11627,10141;11636,11847;12356,11144,9692,13360,9120,11446;0
===10763,7410;12056,10926;9992,9302,7866,12250,10128,10724;0
===10824,8117;11704,11633;12492,10716,8176,13824,10346,9004;0
===11201,9961;11298,10903;12676,10784,13272,13810,8898,15546;0
===11026,8191;11906,8682;12896,8226,12798,9440,11976,10040;0
===11906,8191;11932,8682;12896,8226,12798,9440,11976,10040;1
+++9812,12364;13474,20000
===12936,13951;13195,20000;14338,15410,12038,12880,15110,10874;0
===12926,13037;13343,20000;13800,14154,12560,13458,13724,13260;0
===12911,12364;13474,20000;12688,14574,15620,11328,14434,15526;0
===9812,13914;10314,20000;10468,14160,13244,12538,14100,11280;0
===10680,14689;11611,20000;14338,15410,12038,12880,15110,10874;0
===12667,13323;12926,20000;13800,14154,12560,13458,13724,13260;0
===13230,14563;13386,20000;15020,14582,15662,14894,13858,15766;0
===12018,12468;12086,14168;11680,13792,10756,16564,11354,13556;1
+++11020,7836;12251,20000
===11120,8663;12245,8904;10370,8670,11246,11156,9430,13260;0
===11020,7836;11900,20000;12884,10154,8502,6676,10356,9678;0
===12083,10241;12251,20000;12632,11826,12814,13302,12024,13644;0
===11758,9156;12001,20000;11646,9656,9760,14284,11808,11452;1
++9949,0;20000,20000
+++13431,0;14299,20000
===13431,0;13769,20000;13450,12678,13126,9546,16124,12068;0
===13612,12513;14299,20000;14338,15410,12038,12880,15110,10874;0
===13508,7801;13578,20000;12896,8226,12798,9440,11976,10040;0
===13769,10210;13855,20000;13450,12678,13126,9546,16124,12068;0
===13829,10895;13868,20000;13398,12174,14016,13488,15626,11886;0
===13730,10025;13816,20000;13372,12308,16356,13468,11906,16774;0
===13540,10514;13793,20000;14724,10874,14684,13576,11842,13326;1
+++12588,0;20000,20000
===13578,7801;20000,8921;12896,8226,12798,9440,11976,10040;0
===13474,12364;20000,20000;12688,14574,15620,11328,14434,15526;0
===12740,7766;20000,20000;11360,8156,11558,9382,9852,6550;0
===13816,10962;20000,20000;13372,12308,16356,13468,11906,16774;0
===13855,11147;20000,20000;13450,12678,13126,9546,16124,12068;0
===14299,0;20000,20000;14338,15410,12038,12880,15110,10874;0
===13238,9260;20000,20000;12356,11144,9692,13360,9120,11446;0
===12588,0;20000,20000;14260,9616,9204,6130,11512,7674;1
+++13606,0;14640,20000
===14410,12728;14640,20000;15020,14582,15662,14894,13858,15766;0
===13606,0;13960,20000;13800,14154,12560,13458,13724,13260;0
===13878,8956;14365,10545;18030,9256,12730,15958,7432,10726;0
===13953,14368;14077,20000;15020,14582,15662,14894,13858,15766;0
===13960,10765;14030,20000;13800,14154,12560,13458,13724,13260;1
+++9949,0;12013,20000
===9949,12047;10159,12220;13398,12174,14016,13488,15626,11886;0
===11185,0;11392,20000;11250,14518,11092,14788,11698,13214;0
===11704,0;12013,11633;12492,10716,8176,13824,10346,9004;0
===11765,10557;11874,12188;12632,11826,12814,13302,12024,13644;0
===11543,6149;11921,7718;12926,6780,9624,9504,13858,10804;1
+++12936,10733;20000,20000
===13405,10733;13829,20000;13398,12174,14016,13488,15626,11886;0
===12936,10960;20000,20000;11752,14544,6348,14030,8412,12114;0
===13386,14368;13536,20000;15020,14582,15662,14894,13858,15766;0
===14661,16222;14923,20000;16960,17034,15618,16404,16614,15598;0
===14640,12728;14872,20000;15020,14582,15662,14894,13858,15766;1
+++10571,10733;20000,20000
===15610,16222;15649,20000;16960,17034,15618,16404,16614,15598;0
===11858,16222;14200,20000;16960,17034,15618,16404,16614,15598;0
===13343,11723;13606,20000;13800,14154,12560,13458,13724,13260;0
===17495,13145;20000,20000;16960,17034,15618,16404,16614,15598;0
===10571,10733;20000,20000;7022,14090,7992,10782,9014,10464;1
+++10141,0;13611,20000
===12905,0;13523,20000;12926,6780,9624,9504,13858,10804;0
===10141,10831;10519,20000;10122,11368,13298,9654,11824,13280;0
===10923,0;13611,20000;13134,8768,14334,7672,6296,13594;0
===12398,0;12905,8467;12926,6780,9624,9504,13858,10804;0
===10310,8015;10895,20000;9920,11022,9042,11956,8034,12234;0
===12279,0;12775,20000;12688,14574,15620,11328,14434,15526;0
===13149,10606;13573,20000;12886,11920,11510,11558,12936,9614;1
+++11487,9839;20000,20000
===11490,10731;20000,11929;10096,11308,10454,11420,10900,10364;0
===12759,10156;20000,12103;11398,11656,11200,12748,9172,14356;0
===11487,13038;20000,20000;11440,13526,11678,11696,11282,12748;0
===12020,9839;20000,20000;9920,11022,9042,11956,8034,12234;1
++9357,0;20000,20000
+++9357,7583;20000,20000
===10417,11543;20000,12307;9300,12064,10070,12394,10380,12562;0
===12060,9844;20000,10113;9860,10072,9488,9712,12678,9982;0
===9471,9204;20000,20000;7974,9270,9346,9396,9022,9690;0
===10519,10831;20000,20000;10122,11368,13298,9654,11824,13280;0
===11923,7583;20000,20000;9726,7790,9582,11372,7352,8750;0
===11068,8836;20000,20000;8016,10296,6250,10890,7044,8094;0
===9357,10103;20000,20000;7746,11068,10968,7674,9730,9964;0
===9614,13324;20000,20000;9068,14382,9946,10276,12648,13238;1
+++12620,0;20000,20000
===12890,0;13508,20000;12896,8226,12798,9440,11976,10040;0
===12620,7613;20000,10200;11120,7850,9382,12992,10022,8876;0
===15842,0;17495,20000;16960,17034,15618,16404,16614,15598;0
===14492,0;20000,20000;14724,10874,14684,13576,11842,13326;0
===13195,13665;13612,20000;14338,15410,12038,12880,15110,10874;0
===14872,0;20000,20000;15020,14582,15662,14894,13858,15766;1
+++9658,0;20000,20000
===13253,0;13730,20000;13372,12308,16356,13468,11906,16774;0
===10838,8760;20000,20000;7556,10144,8210,12000,5880,13278;0
===11400,0;20000,20000;14088,7742,12828,7108,6084,11170;0
===10513,0;20000,20000;11870,8656,8378,7226,7116,10134;0
===9658,0;10538,20000;10160,10294,7792,8984,11326,10558;1
+++12164,0;20000,20000
===12245,8663;20000,8904;10370,8670,11246,11156,9430,13260;0
===12366,0;13475,20000;12862,9198,12948,7816,9944,11682;0
===12164,0;20000,20000;13412,9292,11032,8040,12076,6400;0
===12410,0;20000,6192;10700,5008,8788,11174,6400,7810;0
===13306,9046;20000,20000;12492,10716,8176,13824,10346,9004;0
===12181,10185;20000,20000;10242,12994,6444,9850,12934,7426;1
+++13593,8316;16075,20000
===14950,8316;16075,20000;18030,9256,12730,15958,7432,10726;0
===15047,16222;15179,20000;16960,17034,15618,16404,16614,15598;0
===13593,8956;13878,10545;18030,9256,12730,15958,7432,10726;0
===14356,16222;14661,20000;16960,17034,15618,16404,16614,15598;0
===13793,10514;13804,20000;14724,10874,14684,13576,11842,13326;0
===15179,16222;15205,20000;16960,17034,15618,16404,16614,15598;1
++10168,8956;13281,20000
+++10168,11393;12135,13338
===10168,13072;10759,13338;12362,13150,12410,12078,13988,15210;0
===10551,12472;10598,13323;13450,12678,13126,9546,16124,12068;0
===10966,11567;11276,11830;12632,11826,12814,13302,12024,13644;0
===11074,11393;11106,12521;12052,12492,11124,11770,13060,10760;0
===11454,12071;12135,12429;13372,12308,16356,13468,11906,16774;1
+++10756,9961;11796,11667
===10756,10141;11041,11489;12356,11144,9692,13360,9120,11446;0
===11041,10141;11627,11489;12356,11144,9692,13360,9120,11446;0
===10822,10667;11296,10948;14724,10874,14684,13576,11842,13326;0
===11787,9961;11796,11667;12676,10784,13272,13810,8898,15546;1
+++11021,9605;12083,12235
===11306,10529;11901,12235;12886,11920,11510,11558,12936,9614;0
===11372,9605;12060,10113;9860,10072,9488,9712,12678,9982;0
===11031,10175;11706,11881;10528,11212,11388,11984,10402,13692;0
===11021,10529;11306,12235;12886,11920,11510,11558,12936,9614;0
===12036,10241;12083,12188;12632,11826,12814,13302,12024,13644;0
===11501,10557;11765,11830;12632,11826,12814,13302,12024,13644;0
===11349,10667;11370,10948;14724,10874,14684,13576,11842,13326;0
===11874,10241;11876,12188;12632,11826,12814,13302,12024,13644;1
+++10819,8956;13281,10948
===13252,8956;13281,10545;18030,9256,12730,15958,7432,10726;0
===10819,9397;10903,9975;11646,9656,9760,14284,11808,11452;0
===12883,9156;12953,9905;11646,9656,9760,14284,11808,11452;0
===12265,9156;12883,9905;11646,9656,9760,14284,11808,11452;0
===11940,10584;12322,10948;14724,10874,14684,13576,11842,13326;0
===12017,9240;12679,9415;18030,9256,12730,15958,7432,10726;0
===12679,9240;13023,9776;18030,9256,12730,15958,7432,10726;1
+++10786,9168;12759,20000
===11634,10156;12759,12103;11398,11656,11200,12748,9172,14356;0
===10786,14478;10878,20000;12688,14574,15620,11328,14434,15526;0
===11822,9720;12105,11667;12676,10784,13272,13810,8898,15546;0
===11009,9168;11889,20000;12862,9198,12948,7816,9944,11682;0
===10878,14121;10922,20000;12688,14574,15620,11328,14434,15526;1
+++10277,9605;11484,20000
===10277,11339;10659,20000;11398,11656,11200,12748,9172,14356;0
===11106,10815;11484,12521;12052,12492,11124,11770,13060,10760;0
===10414,9605;11372,20000;9860,10072,9488,9712,12678,9982;0
===10748,10175;11031,20000;10528,11212,11388,11984,10402,13692;1
