6;5;4
+184202592,2077243528;346488021,607742528
++1210814567,723577047;1400131658,1636494435
+++1871854328,1862993641;1945832614,584436603
++++1478152021,571271549;1261592214,103137381
+++++896709166,1369078233;361784335,2005510639
=====867307638,192128121;1547679653,1155599164;550517207,991685636,1440525939,1725968724,1838742398,1768633612;0
=====1847240297,1623187280;2074442313,970196650;2108678167,1179285589,1987808420,2104056622,791763965,546506272;1
+++++180315244,1293962937;1834658336,227942038
=====1356865580,1238376308;1169444073,38358925;1330943206,1498510431,1766545479,1736258173,712027119,1568649973;0
=====885052244,145897807;1300069429,2049800956;1047227670,1662629122,2142136321,1277711633,501707109,167039870;0
=====1536610251,1983413944;349967473,1470307968;421122783,1552533644,908401043,322032745,276010418,1860210737;1
++++3941182,2030947754;314648612,929953925
+++++1528689078,727039874;1853597187,1156971022
=====2048380867,1706829723;15463144,41554013;1132967958,1356847886,1214694408,408485987,1506359640,104702057;0
=====368871487,347919449;492160322,710375887;1318109385,1678012223,1839434079,657999343,93122589,836982016;1
+++++1495434103,832155689;1510865565,595383716
=====805150447,283866125;1591163553,1666431654;618981454,91723912,870146911,2068578467,1041143914,1866659758;0
=====752754882,1869419409;200412656,766944757;937513377,1223282171,1268946067,1353725585,897533443,735859348;0
=====364176506,1065640112;49359025,534854751;1792440571,953600648,867728014,263701118,548268051,328744917;0
=====814942876,1552884138;551889550,2078747155;554813314,664457087,1915813304,1177775962,1153829774,140037199;1
+++1836154223,1215425453;1318253766,1291757211
++++1478763419,341066624;1727451644,328662748
+++++924917528,1300187390;747671173,1436397459
=====1066405164,559071623;1773762195,770544604;1287253002,395506648,2137541438,1032814861,1267819554,3775118;0
=====352301123,809747331;927135148,1930235073;1247436261,1455877655,20697085,489290671,1408414189,135552860;1
+++++1954458562,1339541421;110629878,635234485
=====1502524172,1973077025;451924973,1923819355;356244671,475579668,1036538581,1798363304,1789792556,747756270;0
=====691856065,1195678702;1927555517,696105312;710814812,1792596955,1290035045,862291290,1511749591,264388005;0
=====1912968782,212042874;1421016090,879223372;1730900345,548691949,1532164447,2083367871,1773202419,874316324;1
+++++2012021032,619321560;533572150,2094343477
=====2074488918,2044811159;1756054240,1525753486;882217298,395862472,1307489750,453618898,1849190025,943709132;0
=====119180767,1894994354;437751375,64344509;1557657500,1407605153,833463953,639700647,1211364737,48701337;0
=====846804427,992423947;2101710882,1139956925;1031806053,1163832367,699796037,1881597537,1024960112,918001124;1
++++427884511,267348969;712400254,1796483239
+++++619211498,786508968;1047458608,1656395093
=====1114765961,1650876128;1503945193,376138768;1638535574,1089351801,524417841,449538672,1479800672,1544278717;0
=====141660626,1046304860;1135962602,2120820901;1540757318,502766122,445381953,1042615611,1654111238,1018142802;0
=====2054114315,1329684358;1327559272,871035200;1118947058,369899762,1759554176,167942357,1842207501,1505179694;1
+++++594688853,446862279;659924025,1622395376
=====398404538,1246501994;1983251082,649411836;803454973,1323198995,1861614774,1442773321,146015796,1079471275;0
=====257016761,1113316903;784965916,197512334;2131336314,914753537,1996805878,362191382,804056610,1645574566;0
=====927976190,1154056935;278569692,467979725;2026432511,226230157,819794442,1192557625,1148434068,185105858;1
+++++1873374136,850239515;1983268680,719057515
=====913244958,1623587196;1812694343,489704075;908285400,404173438,1422260716,651947518,490157065,219796293;0
=====147822970,553528533;646703511,213638080;817502258,470009454,844646251,1680413709,706491393,1140466616;1
+++++1077184211,1627742042;1609587412,1190263511
=====960327657,1527765711;316094747,1638023478;1676573426,1662925838,876980505,387367290,413127616,1601834592;0
=====998228545,1020424144;1091789546,2075562810;639934053,13170072,1632638173,1730565419,1652309341,928346044;1
++1117297772,1512590338;1030431360,1447011537
+++1219310780,1924455118;1823564582,185085758
++++1874405762,1054726025;839201811,582766838
+++++1823363624,1142445507;1578402037,214278415
=====855094333,1071365452;125523307,1290334985;768991219,1731862724,2066265717,1929318781,1772478592,428548052;0
=====391253763,869436233;329483915,595180276;1585625021,1289394301,13212826,773452797,2067179568,991878448;0
=====590071244,39378672;7642190,1138928320;1875487892,1325635483,204390416,1874757065,1165349060,1799502775;0
=====1117081532,631315621;828803697,882527674;630725000,1276318449,2033566212,1714886014,1195092305,756082321;1
+++++1240189742,1493292045;1984372229,1086532306
=====377804366,1437030577;736165412,871422913;2090293384,1165657397,2041839501,1052632214,876501943,476385391;0
=====1379176695,1363163977;228099235,693774841;813215003,928541923,743392027,976418811,1458601885,1114346519;0
=====412384469,1332589783;1608777508,1217582879;1886409713,1910208609,883204503,1738230793,1474907336,291882958;1
+++++1396430971,548687040;799576670,1964274523
=====1158251965,932153867;676092145,1146867806;1484220471,172900865,28353071,1836365776,1819652466,1503839536;0
=====5243005,1709089932;1062749665,1925861123;1358752910,522307644,761542051,1197169242,1816106820,1981792206;0
=====637392125,346715717;1720611635,900738991;1722583266,204028639,2006417783,1238892508,183499327,1022452014;0
=====335921659,1486777654;711279731,388817226;1727606176,1447162022,1360312671,1742033444,718544700,2125997757;1
+++++551451587,1636455348;1491645520,1609065481
=====2145053285,791320398;273005900,1159991862;774504017,1713590736,1127285857,1252167557,1731982514,1134169586;0
=====657354784,1516801116;1243837536,1793992714;362166861,2051428019,25239769,283074988,1835535029,642770287;0
=====1258791723,1097149279;1114294415,45345295;1193964490,1058673881,1698998285,855355479,1250392200,1753402822;1
++++1267849799,1642780399;1309933678,377173621
+++++1549555027,1086515882;1395377112,1205580130
=====2100302137,1261321198;223048305,1873552062;475573520,66387102,2126413665,1583980368,113010136,1326152994;0
=====1663390604,1961029845;210274224,1048665541;1622871473,1115859130,1915651722,58009320,1842319155,1304817534;0
=====505766557,2022246363;347487622,527021304;2098835516,541852412,1396522816,176040102,689823266,829768326;1
+++++447437629,1391590219;1947318429,872096576
=====1423425291,489977014;1213707753,1355335118;1569864780,1920153401,2046332379,1501036410,1204944411,5253882;0
=====1433374304,1868015207;783121819,2032680438;1497677514,468142318,287599438,180901313,265711445,1235534231;0
=====176466633,1823707885;1016860196,27982215;58669280,681754255,1225902124,1047942430,615292186,2062320597;1
+++++1384161505,1956527421;363892492,1566477720
=====1400256885,1002673655;1237469921,2084284385;335763522,331534097,1217431268,1585317431,188244064,1127236504;0
=====673094245,1377899188;2015848072,1168647705;1935587414,1387287028,70476461,789142672,474286396,541015882;1
+++61368450,477361338;2101660467,734254328
++++1867861173,236187019;94596156,2035842585
+++++1178856417,919220697;1730324869,759881914
=====560686362,16454232;1201557929,102561811;1813570094,114151964,1973045620,63391089,1051886526,192426059;0
=====738121510,661779645;1364324211,1386762218;613019212,319444257,502453482,1156690774,1303533067,1842781705;1
+++++309403795,878707683;1799890549,893267028
=====1656012523,1817984043;1478067926,1048750197;1480095958,2063626932,1303125778,744578267,1476173790,907430100;0
=====2017212392,808305019;1486863691,749366131;1743618024,879432513,508191091,1958236147,1803109720,1436399460;0
=====162671919,807387519;1598922992,1416236061;1343406705,159565379,2141505511,843344659,1074694631,1847627679;1
++++1911321514,1974126069;1590956714,2028815794
+++++1383685173,261370479;964514594,959441784
=====1625570289,341225790;1997373412,1792815115;1243278122,107677389,1773306266,102359094,450149550,1321986408;0
=====1436227957,1887360230;347116503,1630179412;1351872238,591401166,1090404157,680827920,548621421,1005171021;0
=====1922929175,808736765;845374870,1305297269;578941762,138151454,1567817564,2112214836,1700796577,1936237734;1
+++++1992319593,8237305;529331097,798795010
=====570446294,1912006696;1485860699,637665084;1797338161,629596317,1191098305,951902233,1149154469,633207610;0
=====1481164480,421504274;689443431,1929308799;522168528,1802363235,407285363,1309590,1439923309,1723270797;1
+1808771856,99565506;2109628329,662795897
++442847175,1510437276;1135559195,1836119827
+++1267529824,1069352230;1926420892,405740439
++++1054604515,2049892557;1277855646,469869533
+++++1746461443,2090713318;2123091416,47356048
=====1052547465,1150630448;1677056908,475904280;1411861597,212490016,709125269,1688313423,1042943466,254060181;0
=====1718050838,679575208;215251637,787414076;1072969726,1927102287,830265235,548218667,2133346280,968596564;0
=====1627725600,1186496377;739092747,1441308589;1040276530,1139186320,1614529085,1964362002,1650273581,2040427596;1
+++++378735847,6535579;1055558597,1802210359
=====523262194,385960234;1567816405,1901308694;1723635521,1013873108,1188211467,2087610948,2033204577,670612578;0
=====2037487605,1446574363;1500515052,1411349741;1079761031,1754497451,762116098,960117664,1535173800,841161261;1
+++++1957141252,1619907437;1408759954,1160339634
=====736391926,918123625;957453500,312433175;1347176668,47828802,1842846289,1749907256,800550513,1717697090;0
=====2112358032,137314353;594931130,2040610444;94540779,636977731,1048400140,1293542752,787421439,1438795749;1
++++1815186052,337937834;1851379388,77233190
+++++1011987180,1917997313;1537446040,1549142467
=====1528863605,926610042;1756888625,1092900779;1126962436,456353141,1726172330,1604168441,113883926,137025687;0
=====672573159,1077769196;1690408882,787844402;1787031044,914301067,2140255166,736940167,1920491056,343820499;0
=====1745480127,1323020455;437220101,207216338;1020048725,894825059,310287027,991282432,912974111,1277619105;1
+++++1630832097,1627746864;1947136450,1322931291
=====284269442,457076883;2017620002,2000119408;1162485416,891584847,140290164,1260216023,1822527778,894869595;0
=====796976481,1509695361;1546652713,238371189;1568508462,478327442,336415885,1469924627,788809573,1352606272;0
=====474941991,2033440490;1492498448,1635025259;1764101932,2091794599,650243715,1157938509,1395375258,51862979;0
=====1407977073,1467574838;914910612,835583455;1164314615,1842404833,70063319,922532297,1657932335,2033366513;1
++++41709467,2044764501;1170239261,2047781844
+++++8260340,1405828402;257449711,1666574773
=====2130422333,417717558;2083603605,1970046378;662247332,1859998868,348364019,1282394122,721530452,508946999;0
=====1254534047,1143461724;1247305104,1762504377;1986416097,696665649,1467705177,157809279,1819121498,1915106066;0
=====1498527855,789573562;2131971165,2134334662;1394822294,1651975455,1203118470,872692919,1316585832,1218985940;0
=====1560664527,981025336;233431169,922906616;1145418026,1985758164,390438761,681368184,1498160542,385948566;1
+++++1897719671,1339198308;1346207391,902462458
=====663959353,211217839;941833095,157123478;414767324,1982732426,2100938245,1733127101,850726885,1605366451;0
=====312277885,1852763522;288312682,1709750755;302668283,369419616,1220674606,1114862946,587303417,607646422;1
+++++1469011096,261734514;2014157653,1718425644
=====873259120,185344870;363736878,952275636;1754314944,1102153441,265498719,1072380142,1016454238,741314200;0
=====210193787,574186422;1388012527,1969501889;678436869,1949802988,1456110803,669925321,384162106,708474402;0
=====1355390775,406597590;605612752,1071794438;1130500506,742668541,964714565,71047981,1375146550,221959117;1
+++2008853236,1720743972;741606616,145425966
++++934076061,41839786;1036579466,1014034210
+++++1192285876,442856938;1874120643,926226675
=====1977072517,1416181775;1355812233,130346900;321960409,1386689084,502732172,599855448,2054020575,1512659720;0
=====1454980093,279045506;2066155047,912757623;718322112,1504516863,758445141,1379588015,46324312,423061031;1
+++++569998476,203050249;773930423,422668837
=====2009965513,1851308403;962103402,1317514951;1824656575,1801843798,739156020,628407326,814657612,561678144;0
=====1172934046,87955248;1293145324,1324841757;919245201,1080717162,1270161237,1328186967,1282887880,634560054;0
=====1411387794,660216227;823143266,1030595451;1334517213,523011766,2084289698,1270927020,1183669154,166751763;1
++++437350586,1818528879;1025890982,1061642255
+++++1633635037,276820012;702667360,1339595291
=====1545590236,1970037986;456581837,1782256135;2107874801,1238865504,1685258124,1624174949,1248628078,332730304;0
=====977686959,1580702558;1791128821,1268372458;299923585,1677579436,11767790,826528914,1489851461,527999753;0
=====1841371168,1260907282;2080126625,1162504026;322516475,615935526,179411716,1814804847,1233260311,414744492;1
+++++554255312,999317274;12486473,1084542020
=====2046516001,1832809807;2094124528,1512251323;1609686721,64093003,1231440408,1423795740,1917363390,2129461860;0
=====1241569381,1323601626;860657145,1169031700;1328416494,1305505021,1761443991,485108775,1340496195,483363057;0
=====2027153294,2057705981;628534897,209832611;1240820864,1255831586,1096050804,1950342303,405355043,2078798105;0
=====2146123069,699411163;446297711,2042486908;842119939,1410042701,15431998,538534407,1487995288,1946358075;1
+++++946163064,569041550;1084661187,1897132606
=====1511025919,1219862624;2008528835,1545400256;1213061755,2025364956,1137374572,187924088,14914592,1939607626;0
=====1290919282,561673694;38552105,737351772;296442446,467321370,356004715,1098844558,1345777647,862870490;0
=====1815933279,58845020;733705405,697128382;2028665230,315513001,1306288527,590147634,1101190852,1807811142;1
++1570228344,2015656519;423764329,2092648516
+++236273659,443139475;190082525,357564945
++++523193820,1138517944;563151821,1410608991
+++++433016849,946336477;1110883421,1174333410
=====292153347,92436356;552922951,795419183;1922416938,1699879188,341659591,1111155915,1554918502,847691519;0
=====385919131,429044345;1101352243,2107575507;727868380,1070109552,1006232392,1093246339,1684531022,1569604875;0
=====1973260996,1880549573;306782017,664021553;1720522827,1092554085,1467736565,683281743,1462562069,440546807;0
=====2002169603,1312022424;97456214,491986026;1151814054,389436134,430284332,1323093198,1250571,1690010314;1
+++++1428528326,1843316049;1665731799,878024321
=====961484181,1130609740;1535214125,95158040;1920632631,1532179681,1015043826,520824506,552117112,780426292;0
=====335002881,324384436;293464682,539752927;1254424817,1840037427,1927707491,1760235625,853010048,1479320810;0
=====1086308047,1232726027;69170568,1985263555;203901387,1302224721,1740372893,1443086239,850349291,1722107080;1
+++++1099054993,1018536978;1554085463,2056282617
=====2126158603,1056534639;1359672777,1958882507;1426484209,912283924,1934857804,511565989,132335017,1550934803;0
=====1647163884,137820850;974450614,1199386269;983321602,605121518,1539391263,1991527079,1129221821,1230995519;0
=====1957380871,2128929414;1323178636,1718368796;860504923,1737851664,494884910,33627556,1243976261,1970409627;1
++++845129215,903134509;761579765,1966519688
+++++1070073767,648867523;1674378540,274500825
=====1113719776,1276793618;1074628539,184912156;1687401324,812608220,1645051208,1044493762,1387877680,280931302;0
=====227213857,1397024579;1386842417,158089421;537717034,582210741,1328044641,1538126743,492058693,12886486;0
=====2021521271,2133387169;234683526,1767131043;312500715,165592111,1059456201,586552808,2098941617,583826343;0
=====1632714571,1863903869;6529904,696745513;1262500941,920274105,49906701,1678532761,1085233978,1401014446;1
+++++1411233107,1379446307;1920749962,1546886497
=====1155756461,767111584;927597446,2125130134;1623359823,1433702045,1665175677,2048214028,1127247555,1231658016;0
=====794175371,471792101;431550657,524599841;1382890357,1244523772,291744685,1646603867,1263367566,1906844183;1
+++++1473295425,1372523324;507616436,8373077
=====1430141703,1098199865;19124909,1977046461;651736917,64969183,433560927,1390291965,926618642,702237643;0
=====1246285593,1365578206;502284455,1154500837;1907497418,1350758641,1532092001,1739727821,688949503,356479304;0
=====1801995404,1956665639;2027473867,995742254;887059251,1407314915,246859825,371367751,2146934268,1707456825;1
+++1551440812,921189184;193782530,1254138361
++++1166473292,1154939869;607987573,1798355993
+++++73636881,678642009;1764255525,1370991388
=====216584608,621195300;60937902,201051765;1949769874,233762420,1953942232,497629152,657039626,1131784984;0
=====621540048,1470789342;992837205,1778343364;250964329,838649367,117713990,601370075,1741772990,164026079;1
+++++1206878613,157211161;233439296,727241330
=====1204748072,2044790729;1506206034,1832888258;1995367187,1422291810,2141740250,15085354,1360201281,1446628443;0
=====799414203,146834097;296669503,288626950;538702740,1148415327,150350116,1363086682,721112636,1173254749;1
++++2075516886,646178534;789164101,1443418506
+++++1302669817,1062584305;316143525,1542912480
=====793890511,656298358;1092675856,1699045884;222172277,1909056248,176407026,167454981,67437997,1767401625;0
=====767930454,106715091;1107212317,375683073;1343576813,944034594,1336577270,209682181,2131720388,478317182;1
+++++2058666862,1944869375;1066046315,425810822
=====1088097366,1083050129;151261868,1499815344;430794784,1064398278,1069866312,2005398463,1997598558,1166710421;0
=====469526456,1365737953;1329818912,476952254;1994615032,838666775,945326521,1403747345,1472946080,1281461231;1
++1349697522,1851097585;740369018,2122910402
+++859680060,1339976260;318386303,902571451
++++708642788,730962596;235582702,1605063721
+++++1077136820,1007046545;321806613,350522156
=====1819519269,1439585260;1682958844,1048094563;1451443176,2075046178,831260404,1475835765,555056256,1395853823;0
=====1894906504,1568551465;1545553584,716605637;2035943052,1228879755,387111258,1646481114,502869157,540539470;1
+++++1347959151,1026262871;1126206806,1096136174
=====134721660,286260968;1135670600,1884104043;1913210015,103576861,1639954312,1493084465,1557871412,221374500;0
=====1112841551,264651170;1417713289,1559016620;1470835716,2120204043,1427576223,1964073830,1716263187,958024021;0
=====2064790409,1595261413;1147221109,1922569126;1131337685,2067575401,34057599,1412560157,695329331,1559057128;1
+++++619242754,1692320246;1242906373,1877243963
=====759375864,167667018;35606024,2103654366;881406187,715613568,343181015,95225356,1793345818,423130399;0
=====1191489038,1502943596;1196823116,647345328;683026919,1249448422,2081827083,1703827183,1862145451,1081912437;1
++++132742546,143249168;396383786,332031492
+++++1309539233,1873777182;1174888661,1705793825
=====1116927554,660200748;631711243,793388648;833602908,132826946,1286968916,1426583484,810458481,416316278;0
=====143729530,1278384889;125310821,408843567;1876743370,1346962738,1652054115,226078753,1584676805,31960946;1
+++++1210505783,1050995471;1441708141,1306224275
=====742136072,1510605749;1131621095,1234597496;900004624,556747675,1262334455,1102560962,1055517903,344046976;0
=====1526651726,1271737173;1479865104,2129995513;1562415009,683951920,1730614473,1035545214,142714816,2008783929;1
+++1453382454,2121271072;803138236,1663838622
++++1733971898,1818426389;210618164,688999159
+++++27269253,1842123424;2112621835,287438922
=====1513945850,413516720;1892694529,764554617;1744446868,246541533,2034050964,557195414,1729261304,839053781;0
=====504440593,875225810;1981152270,1117340515;921708264,1488860701,971641638,476480721,1232984608,896056813;1
+++++396317146,1883143754;1762021171,1811199284
=====1313123253,1548728877;1930782145,1423747739;415460325,1586046930,1834283384,998380956,176463754,1492143465;0
=====1652650159,1330545165;128605473,1527641424;352438409,1540763492,259729811,1334512031,952857012,2002960540;1
++++1072951945,243138392;1686149751,1754907471
+++++1256040364,1281335077;901823201,1326496445
=====1235412343,1612854831;1481697457,912881060;510644164,1622988738,58527199,1065024164,1188307836,1648424491;0
=====1191480572,1349853650;1740183040,1341717237;6937562,449108040,450527051,1956605085,1515024949,1972296606;1
+++++283355142,1540523071;478535873,598995008
=====202261573,1364471802;335485551,967813979;1970377760,1152572581,967445073,697353455,1194909709,1983495354;0
=====2085768904,166824632;871513282,1227258379;283511800,1175845778,1821228877,1173944473,2053380444,894037297;1
++1678502589,426849246;1298654246,1368324916
+++1934163679,345753833;1051699757,1447481235
++++1551353244,503375768;775265619,1759812660
+++++418136995,320419242;168431390,2115744891
=====1985409558,1157174267;221599994,1616485992;1212319764,765113136,1369946422,35927326,1853333271,50252719;0
=====1530962722,1829895851;1476840931,1513065705;1054048869,1053815411,1585302569,840784746,1009020139,1405945083;1
+++++1128707591,1506125212;192562966,1238785298
=====116290822,368560993;664896211,509642546;1470514178,1286607373,1161882733,628049406,532354346,102905090;0
=====1878309713,1780141731;449317558,1405578129;598137909,34472809,993435376,1604193479,817490374,1876646131;1
++++1082657034,1741333279;955898718,1584325110
+++++65617338,2030756172;340449500,1467160850
=====832069521,1024082751;2056911284,791485348;1223509622,1513918988,622719879,1776236497,252565537,1904475776;0
=====1421930875,1436604595;1161793676,1876898470;178306460,1397063354,449587662,547011890,2085416872,1438511828;1
+++++1104188618,209627870;506513873,1049894124
=====1242153281,1818014943;736835586,394853970;794846926,491524839,2141594617,230399934,749296679,282390528;0
=====1452723545,971264604;976939600,1941447659;1028995730,279077334,1197113783,1276015022,1410019068,1745390245;1
+++1029106945,484195788;444019672,819813194
++++1282618994,1055651809;1749913334,307675545
+++++1075539519,1422696279;1088984332,1670751700
=====79142779,1912502383;2131418172,2134885356;1880376043,356289412,537866818,1755079466,1359416382,1065575728;0
=====681110729,1677491952;1897684989,1478321140;1148856090,1695911312,1886550900,1322977181,1169037975,523823469;1
+++++1653979467,430958961;1966007585,74583671
=====100612032,2089608049;349989491,463864719;1822867238,824737227,1189023265,217611641,222989303,1203110514;0
=====1322012959,225712584;2069450954,1192899729;376835441,2015492492,870893784,1336569705,1519904404,256422370;1
++++1139814970,1411269910;2025624469,1325399111
+++++1549406651,2081206920;989674493,1329034760
=====629870701,1184378215;612728218,1642980388;1703922235,88111738,1657021150,1228243797,1003689359,1200144231;0
=====63845780,986871113;498735050,379459330;1259928855,1290384995,1932348738,1038823782,1684495610,1782931518;1
+++++1061974446,1615442744;1376983303,1252231974
=====1130079910,1004480853;351300495,719789461;1753696348,899958277,183614938,930244136,166748627,182967549;0
=====1877806601,131771022;1918375054,735174688;561656639,1427832546,844143871,712132585,1953308269,1026542089;1
+++1161303212,1230952336;1774647615,371367378
++++986703365,644845433;649357049,103612677
+++++2019271228,1282919341;1504559382,35559542
=====2037396602,1289690473;1524844984,965848907;1686079398,957061324,157859615,94283266,1549783766,133866907;0
=====549342204,624849612;1267685131,1620817465;617143900,1341782153,750966995,820171441,464066398,183827994;1
+++++220434461,1869837819;54285518,2098184706
=====541612274,1621797210;1748700094,356426798;253374682,1370883784,1061103099,574881929,1243827408,526548525;0
=====772837294,1676054948;737381811,890585425;373656429,1460134382,1809311652,2041785508,1775490892,1999536398;1
++++944024176,1143819127;502441251,827182876
+++++352324609,376586053;867962819,289812672
=====1899677086,2034589032;864484282,1571318805;2071480073,483988875,175684769,1603226032,1919802597,72495252;0
=====634345956,2071805207;836976815,676454904;1562012687,1458216265,584369472,1104472904,851441089,1101549461;1
+++++449814247,960708199;303114052,297632779
=====458659083,1186373413;352199724,625935143;1127050007,943910934,171244706,1307378959,2045720684,188162251;0
=====1520112233,306481410;177501084,1189783068;741926581,1030369201,1584556389,1123009076,1354185255,1068843173;1
+++727507025,251317050;746728566,1458707494
++++1870233055,754538182;539361822,1774807969
+++++986237892,215499267;299371876,595624938
=====567651108,1096155381;1174536052,328705339;724822695,47418410,302533745,1785165569,1805154934,1956793186;0
=====477452083,1692111;202475226,1442576019;1316974802,1686514673,110864195,1072855452,1836582936,2096479777;1
+++++361917249,37062807;259358143,713603817
=====970046210,1030831205;1460484000,687464887;1511935187,1801844261,704695461,2125075152,1230183956,107204488;0
=====2100716433,1244322871;756422822,1738230066;808299520,1419135078,1534483006,1116268373,976523843,1908054242;1
++++1587286106,1447149502;1375984674,978778670
+++++95938284,1944040771;530420999,1225636818
=====1540379228,1931211816;232102981,716694915;1528190750,310616173,2132253019,2038565041,2119785177,1351558840;0
=====405764900,657399082;1345352815,66401731;1582281284,686266651,1310193786,788780282,993269904,510389882;1
+++++1193928492,1738426759;1936343231,671982426
=====225690749,1076859139;2119976833,202195204;867788486,370974942,1564700713,285030261,2007797636,1673005808;0
=====1293425288,1378683789;2018610569,1098937608;2091985160,1118020727,268231154,1899729980,46163137,914664213;1
++++1491416524,2013310224;1895646252,1265891566
+++++701642409,1701618253;2118752601,1495245060
=====675340378,89891363;626151687,203057572;1149267022,617115781,711972076,911479425,1368981223,950400725;0
=====1694393672,933320250;1105084041,1500993799;1543247939,56191584,740104331,983212772,386002766,849844822;0
=====114686278,2016487015;701089561,614505807;7897995,1129200918,118291763,676741558,717681401,1967875166;1
+++++727262288,921955065;1880080300,1772915416
=====60676775,705797975;1962406684,218373741;378795675,1022067005,430842250,1111986292,1668227434,879539989;0
=====1155926112,2044771468;1707497231,1590223149;663388980,578636596,754813943,302966788,1691645290,798129312;1
+++++217769611,325149873;1306236302,1637341994
=====1997185568,769470333;856560255,552876781;1655812611,1774037166,301714549,1193728939,218192670,308576708;0
=====2062166641,1040690094;1922573952,1194690500;1147945907,2015967777,1121968485,521049272,851891958,1242360620;0
=====1376788068,933904552;1054118048,707610366;682750555,689069856,447719964,1301237918,237103263,107619520;0
=====481066512,583511187;2122999282,938975197;1763805303,1185464189,1858585020,966371772,687853605,1328347314;1
