6;2;11
+2659445058,2674378774;3786260742,723573933
++2267063420,2118704337;2031178252,3358624968
==2164867769,2527356943;2687875388,1382581471;2157856610,1490214151,2990491652,3313183490,1221924079,960905022;0
==2018441900,1549514349;3100487701,1222075474;1633246285,2571344691,2624423530,2121539758,1378191268,1805732955;0
==4053028998,1550706385;2757106273,1134181552;2789888512,2570671530,2129117739,2348202283,2501738828,1589361145;0
==1970750610,3876015507;1171176784,1680896340;2612738339,1294249105,1082849080,798315100,2052237399,2751715265;0
==997844161,2748377942;4144137836,969219522;3762923410,1256652511,621470506,3008419530,2349010177,1902636571;0
==2582707549,1828747844;294033667,3189841777;4111992516,2728704063,1585910299,2258804221,2186230654,1341600073;0
==2108883639,1351297282;477778508,2226834276;2264909245,3835431959,2346764327,2536267516,1498956633,2252210169;0
==2092098786,1124146800;2081058932,1821251277;3973447365,3363246831,4047040869,913782441,1857390291,3662319390;0
==1807031302,1923142585;2486989344,2053331386;1622866169,2823294753,3786355262,2217776581,2914956689,2417986188;0
==3104837548,778090798;3349068553,1347417355;1905093374,2242584365,1444390893,2247203775,1731759154,2511988848;1
++3726419773,3196358917;3121445769,1391942160
==1113887746,2017388183;1888617618,232529096;3484828004,1807745698,3804584951,1335263655,823179773,4264697835;0
==1015472109,2688652644;2132665504,2034986402;2351871945,1696700382,3613690743,3457067718,2087428755,2787661065;0
==3728553999,2971371427;540836743,1214205506;1111735365,2086129297,2840831585,1859738251,1145377029,1770967302;0
==2249354285,991953599;1665957754,3008623983;2318418006,2526003721,1717521066,1247125647,2644961134,1880643886;0
==2696065786,1676709251;2131931247,1569131421;1007451288,596505342,2658427634,3730468468,3251026049,2235000370;0
==3147159621,1655815411;2844136409,1889795055;2281965023,2180761773,1854346280,1666854806,1782327060,2377459114;0
==2864453136,1819780438;2294115830,3136724698;3452687123,904019409,2153533561,1869891932,1149611007,2079501781;0
==1401817171,1312688634;2486255440,1581368534;560948996,1887751492,2702075134,974575261,2106361766,1991617997;1
++2329514038,2123693957;509016233,2024532139
==3574663349,1584476121;3247547970,1560359543;2989504600,2180701131,2254649692,3040219036,2732111924,1633724371;0
==2156073713,862867272;2454238467,1691171926;2550396997,2338393265,3288557988,2654054621,798542667,3437760932;0
==2956544033,1535124025;2186452812,2202708752;1794518178,3070335299,4039266373,462709914,1497370311,3867112140;0
==2021131726,851662371;789072674,1549795911;1831084944,3026145740,2521644269,2460173678,1171292399,1140455394;0
==2302934918,2729110308;368339011,1257009195;1256667244,2499588183,2218982530,1797717770,1966960812,2458293063;0
==2861667004,1021034400;1723279428,1684021663;1684408519,1076362328,1377348164,3218490903,636488664,3326757785;0
==601816716,2032599098;3555294983,2163157586;3230009763,1877455245,1962495754,2987082465,914034248,829800506;0
==3969985531,1437656171;969608080,938524397;2186766696,4057853009,2907604553,2194590488,1297280193,2062555510;0
==3414856776,1791452922;2571766216,2462948053;2885328000,855324347,2424726587,2021498066,2865766668,1868353978;0
==1938517050,3886522669;1056805897,2479528288;3888998532,1103941779,1618449510,2311669096,1720224943,1786359919;1
++541950439,1549314910;4013232525,2142099077
==2020475021,1278804735;3005657402,3955307264;3049514363,1601229053,1872579180,3191236550,3268385149,2335911579;0
==1839104393,2164911500;1026356802,2819516141;1473475850,2419325014,1633478073,1056459668,3313331858,2746822975;0
==3548038490,3362542103;3297707870,503635220;2630556083,1644733603,2355909626,1631062919,3833496540,2987729941;0
==577127931,3186188476;2745468040,3481672113;2206455448,1798024758,1013016954,2134007405,3515296589,1307539395;0
==886990459,3586275203;2319744638,2838466080;3307995713,2347706029,2797662413,1568547784,4119522095,1701815361;0
==1890726202,1430850872;67986878,2640524498;1524141319,2321713052,2194127118,757744828,3901121986,2806343931;0
==2328693701,1703560122;2243146104,2130904158;1460065307,1654755386,3052042849,3296881504,3152972706,504136484;1
++1709194870,3916488642;1311769464,306665964
==1265137060,1933560793;1609219832,1489985052;1877840013,1976961514,2583979392,4134400239,2291204620,3324005789;0
==1478354493,3484682481;2055473787,1584868130;2480757791,2236106435,1165881913,2271764686,1497156588,1139961059;0
==805140757,1929683281;1057988714,2085617590;654346167,3249409044,1860010320,2095153401,1826060426,3167962380;0
==793000499,2933341876;3401835710,2995731456;1103800257,2860606695,2506157785,1193999258,2630591850,3672426384;0
==1592300057,2626060736;1414670634,1885945299;2363228344,1623818117,1870465659,1165982682,264049696,3439715433;0
==3949412703,2258362267;1534808556,1806261240;1690226852,2561586802,2589645019,1344668449,1726634753,3439736819;0
==2883679098,1612715119;4068716061,1514016899;2595087375,3123355628,2995865759,3614181737,2353153737,2651350030;0
==1809160118,3368313979;2591852187,1924925083;306518483,1711764967,2417596779,2276111144,2749374239,2703164092;1
++1777533821,2055061577;1970491006,1839852934
==2159959983,1154055747;1665832678,2854307645;2812878867,3816147556,1992723763,1350562853,1694676415,3455106456;0
==2129751902,1746137372;1698737120,543524104;2320901473,3288555437,2606665952,793119157,3223242170,2614345507;0
==2651659687,1039348385;2780834381,3214691434;2547229712,2525142370,1588566114,1135552710,1284255464,1755443256;0
==2271232507,3159055379;1339296976,237148957;1429022219,2800289206,3188273293,1579102228,2289372302,4078301360;0
==1359905907,1734373043;2032885022,1297380850;2562889761,1307753846,233640228,931667077,918616673,3261791652;0
==2967644261,1762489435;1449977992,1195561671;2417356540,3498277125,324105139,3933847419,1413259849,2205440770;0
==2828153540,803850982;3489372522,1131288775;2636586706,561819214,3911535189,1223276819,3385465981,3676968753;0
==1155431597,1879442633;2026731585,2967244293;2686876741,2375544253,2313238131,3005956393,1845442156,1017059237;0
==2401527004,2661862321;3228692509,2772609312;928257503,1415598298,3790400386,2238214636,3540574555,1745823591;1
++983731546,1249247621;3333156368,945654238
==2085793901,1551395131;1952321444,709448228;384479463,2571638494,4142387957,1530316791,927085051,2864741228;0
==347774364,1529830601;2709370780,2784449156;2265187421,3306370454,2485296470,2641802518,737825871,1965057895;0
==1324905368,2480399220;1365499193,1561105699;148768151,2896445630,1243327904,2515093555,2297231642,1629041576;0
==2188215644,2049741864;515002914,807909603;2644470821,2452024520,1667165032,2227980877,716680926,2231753603;0
==757460227,1151393913;1464415410,2185607393;3756424461,2204528941,2789010226,2491041824,1672833413,2042624029;0
==1432813275,996673532;1971670210,2112375126;1661604060,2816302968,2043424421,3080528914,3252875116,2919715072;0
==3474989741,2027731626;3116134133,1123317962;2600393239,2326479615,3082951506,748969773,2101019022,2992663274;0
==1962946841,659546800;550435963,2428990071;391079775,1275283581,3844710647,950356687,3017841446,527174639;0
==870705694,1822992301;2327373557,1963368901;1979150188,2722600763,3123017652,3635575474,2576225463,960792161;0
==2460952139,3352499082;3272085724,3042820318;1408225847,2512005159,1415953651,1359682858,2902817308,1047788181;1
++3027329066,1325450413;1982133562,3060978843
==2644540200,2490451720;2101175175,3521149348;2016287804,3405578506,2473780654,2058810557,2238932119,1255095570;0
==2902663308,2179318393;3036702204,3451217482;2590173632,337390229,2508657302,3607592020,1578567393,326204638;0
==2768317084,3477940196;2554166903,2594096273;2462662302,1330233325,711123137,3862813850,2886941116,2900751148;0
==2750110613,2225711302;895891680,3844311848;1517828229,2716345077,1295235218,366636948,1275684716,3386648714;0
==1531772863,3780755867;3553571744,3444884313;1806870560,2706548663,1498052806,2801381872,1361355833,3476586412;0
==1623783849,1455271057;2090672982,2233347290;2792512723,2261939615,3302946742,1659632268,1869788861,3377425570;0
==2504019298,4167281081;1888465489,2524209141;2799283674,3173304220,1217134321,4164734529,238080439,2115508434;1
+3312616297,2964622090;1315203837,195618737
++1254853922,2386682953;1217110495,2304739757
==2623287134,2409716822;1144024428,3495093169;1546661145,2112722955,705196625,1542530176,2304322689,2534874530;0
==3740743459,2847712744;1549999083,2573426005;2721726239,836926979,2976850412,3526923287,1003040224,2666358458;0
==1529901256,844817156;2815180179,1767268702;1179059521,2601492778,858539686,2130911510,2015364282,1687064284;0
==2985483260,3458772530;2528102072,1629785557;1539589040,2749732179,2109556336,111684279,1968160653,3451940584;0
==1290670752,2152648089;1486334194,2851634716;1879719760,3227311101,2520916311,1424003980,1985568595,2266149292;0
==1788690097,2048814458;2716535887,1022726296;2112555083,1682279253,1860645042,2052630277,1158730664,2039155270;0
==927115885,3865239561;677132524,2313253701;1566098893,2969950360,1716897276,1498896357,1651568565,3047257447;0
==2504899656,2263421967;2488136790,3069952137;2188834435,3935356626,1717796116,2051110887,539200204,1811102712;1
++1534604952,1862322632;2000401969,2765459782
==2934746775,978685580;3049675906,3186605376;1681278513,2045078130,2444690490,2744235001,2024951078,2608869468;0
==823632664,3042420730;2114278710,1290955244;956500969,2650054368,1780602507,2956649682,2451779229,2078916203;0
==2147552783,2652233594;702055889,3330900188;4033006872,2560052679,3310906247,2784711676,1201277448,2204964281;0
==1166504922,1305689881;2498796686,1911808322;4105786942,1893706978,2456803762,1432939385,1576921879,3602293642;0
==2279783882,468324158;3778239824,2509418436;2134474753,3186211422,1715125782,1458223002,3530192898,2994825138;0
==514369170,2202027872;2707346755,2747555456;3393036654,2846547255,3306734632,3147078898,2447409539,1598474418;1
++1866464025,3941778312;1670450312,3854689127
==2615378335,2769803092;976002221,2953367634;2796931763,999244268,1550435191,2431367669,2264120139,968984956;0
==1070582803,1853406177;2299536649,1757836486;1837546847,3638260859,1541136285,2260957755,1470240781,3057756530;0
==2181357569,2007417174;1537095642,2670146094;566410973,1833624432,379632168,1328438661,1554642879,3756861730;0
==1109926399,1691729246;1941850191,1737615960;1782100178,1826444698,3206587231,2907462766,3023539018,3536386170;0
==2730150613,2753809809;2128760196,1535262684;3301392967,2980471657,2351965335,2506069979,1736219365,2331477704;0
==2371923166,2666003809;1697530787,1618955765;3059600467,3349387906,1062006279,3642226108,1353381441,2229690622;1
++2775161473,3734217736;3460233056,2418102368
==2423407712,1981248702;2668209722,2347317069;327520211,3474978228,1938889823,2669281260,1305722109,2643795878;0
==2692645317,3522944164;3076078475,3131850117;3379397896,1854232820,3073105661,1856870911,2972910165,2007350744;0
==3501249186,2122752986;1685833188,3332368120;4141389995,866303998,2517701630,3927155242,3205238898,2485111578;0
==2169131648,3191470520;2565802603,4215921720;912211071,1658006482,3310638151,1518293514,2939517075,2701786801;0
==1438194402,850077540;1848282087,2135331616;2801421024,1785755656,2655092823,1600687835,1321265303,3725154029;0
==2367957880,2217812421;2057264506,2728700129;2154505714,702240934,2166015190,2579798490,389151454,2087006693;1
++1969918313,2149911142;1372722346,2311987463
==2281357288,1173105762;2803687815,1277180095;2278662626,1237363275,1267473393,1567095982,2726286555,1820440340;0
==1917127400,1797761337;2742912885,2774901493;3000339728,2673907647,946825681,2315719105,2903889761,2191777100;0
==1865714380,1402804547;3231025161,2118732889;3696468911,1782060817,2579254051,2432939920,2997780347,2502582341;0
==2844444395,2493167062;3789265138,1695100902;3584663847,2421017906,1953436667,2282513726,3730794471,2882907849;0
==3487626496,539698078;2686083288,2050105156;2018635139,1936592649,412804904,1290730590,3356197844,1339508403;0
==1711304225,2361539057;1630781718,620034116;1650094289,1986416451,2057662029,3113032851,935417819,1644531143;1
++1155813701,2124157467;3912301434,2211921755
==2145899362,1166195720;2416344239,1440527087;2597868183,1685087034,2377405360,651481611,866748676,985079481;0
==1302681367,2895651059;1977535286,3368885502;1520379958,3084314199,2238318427,3052136772,3044651752,2327700870;0
==1316643911,2343645224;170965464,2671435522;1252693388,2868130641,2794345810,1109580892,3811588668,2629009867;0
==2539405964,3024405945;3827163146,3098100302;2796980896,1613742060,1286384045,585266040,1539237738,1742324578;0
==1265992187,2527520673;1696239688,2831334787;2201919608,2344847544,1741853740,1324351145,2144528811,2010993401;0
==1433341536,2057037016;372983065,1146409560;1181256213,989146648,1269201723,2783200005,1253983270,421378786;1
+671806002,3445965337;3176147684,2275506034
++2694811361,2391901123;2040682392,2216068940
==1789449302,2481532160;1229482337,986809726;2894305124,1366186127,1752327139,3808908968,1689133939,2480098291;0
==1716449508,657524543;3047781733,1318809411;3632315504,3920961332,2493104757,872469457,1238301319,1150246066;0
==1511504802,1970167995;1222428327,3736767885;2569597280,2135380136,1607527374,2028893791,2739838079,2786440114;0
==545647792,2567774727;1526052697,2141971671;848777400,1189660156,1988096167,848707128,1392930348,810581205;0
==2472359147,2186528955;2383636668,932300375;2327649554,2400727885,2972601099,2162492279,649866215,2060406901;0
==2552831176,1487293820;1539658768,2231412092;1469618587,1727962437,1408307266,1369302728,2265943540,2245154288;0
==2469720997,1573079109;1703279171,2384956334;1259192538,1769412289,566451694,4153329672,2596159326,3527118957;1
++1794775421,2695577665;3173631186,1836709676
==1270726985,1974538393;2574964562,2790670858;3972957083,1101974520,3953202301,3211411520,3479317051,2047697301;0
==354169076,3071204453;2552208952,3488220538;669698279,3208066135,2633341886,1671375241,2943881205,2019983748;0
==3534686410,3291735049;1175413580,2433734610;3329360459,3804025136,3531288250,1367601339,3548650506,854210400;0
==2770546371,1803821834;561020982,2871147972;2189706645,297109943,1321737184,3357251551,3135152788,1338177699;0
==2676213494,1877814832;2513289036,3173931160;1662604471,1363231954,2322661531,1656528365,1008267262,1951227968;0
==1372275488,1414906164;4011308713,750538296;1730764321,2221277288,2778847599,3440083551,1701970071,3319106013;0
==428471294,84624128;754543083,1695677557;2664525798,709254469,1993038717,3837251175,3282872920,2466566216;0
==2664167724,1394479182;1368508592,1898771430;1081615099,2951465387,3445559858,2448523840,1160533863,1966178205;0
==2311115198,773374348;1889971427,3724761956;2388934251,3101996148,1827180114,2035972451,940764663,2203156201;1
++1775684873,3611364066;2207135068,1786123945
==2247878890,1563365551;1246137191,2290225767;2622225305,1920889035,2095723412,2014333916,1728425677,3237598783;0
==2559253589,2485323381;3910410315,2083303744;1289714934,1876805182,1526208964,2947254255,2560668590,1809669464;0
==2180796935,3285883613;2424082461,846569523;1734363793,1272170411,1985398572,2048177825,3623925109,1677326327;0
==2641001364,1513190034;2132743056,2073119129;940081937,1729605552,1574262361,3336219560,1805789823,1152400207;0
==1894546871,2927602649;537956487,2483777748;3162997749,3392543456,2112357851,3026466518,1513462493,3963653039;0
==3904134996,1478648890;2073010708,866439675;2907455913,2414050677,2339931838,1112181404,633857188,2196388571;0
==1295350773,1537560792;1083059740,1414233644;1956899917,2293980166,839149298,3762209373,2218001430,2702431781;0
==2675286479,2177624425;1800735773,408723831;2416102678,2764553190,2001319812,893052034,2316196360,654272778;0
==2073226427,1230296040;3241328702,2456168723;1049051730,1980543952,2625448357,2066656908,1129869231,2170946888;0
==1976873636,2507775777;2249968710,2614039415;1414809588,1901453118,2675896490,2478728143,2576896431,2242703445;0
==2044947392,2724011725;2076043033,2667509637;824645461,2497864830,1244568096,2002685637,3106065845,2360882132;1
++580916942,2939380540;777012499,2386124038
==2504462741,2858834393;1907461047,1873117095;3146822360,2032369242,3140962847,683844788,723430029,803979530;0
==2890650126,1371669940;2994003940,1377465830;2179188697,1785112739,2119765380,3662300326,1753652563,2191712665;0
==2428251271,1836331341;2898233632,2601884718;830331477,3677612275,1857946476,2190530017,2488156058,2926840619;0
==572342854,2933493079;1654761993,3582480888;1768798391,2641092112,2886320048,1130120889,1157536706,1412387356;0
==1046587973,1918253804;1214736989,1888916700;3180673526,2782127226,1616284533,930777971,1653027447,3370079639;0
==2492012838,1789025591;362456393,915861534;1791421170,1509932465,1900389059,508720184,3105639004,2493265019;1
++3137050398,3428622564;3371210582,2446694653
==2012022153,2919896147;2096640243,2069931803;2178660558,3037674063,2156171516,2534877725,2581677340,2994191485;0
==1950664936,1476121941;2417292020,2271292686;2323020504,1573831557,344665263,2350565882,1034146580,3701213391;0
==2161262111,2997702361;1421097854,1953994077;2404393315,2345363300,2252217190,1792217615,2597427241,1928220818;0
==1640157009,2547444942;1349454351,756804242;2771698703,2041636743,1011456567,1287624359,2612870660,1123355813;0
==1373331094,517740768;2034945771,1622672683;1095250464,2662106530,1466210453,2735170153,1703365055,2259926826;0
==2549027785,2702457605;2225762201,1891498904;1667327458,3992779239,1959912353,1272286963,1220382947,2297419412;1
++2172658356,1780313067;1447487714,2196430827
==2302621340,1525793218;3036377104,2301072537;2779280911,2891675615,1996612212,3071715962,1180003464,2568324036;0
==2702880220,3473163961;1463434581,3344806525;2736909935,1168194013,1425788735,3670052212,1465052076,4070820184;0
==2221504238,1634186288;3180414830,1279402987;2660939561,1675456094,1537885335,3419768848,2218523394,1396330568;0
==2190793267,3742354013;3017151471,1260368990;1869562052,1889333893,2244125974,2883708948,2598690318,2327635287;0
==1110147502,1047255878;2748980070,905569589;934601869,2357169748,1556749789,3586245842,2977549359,632237407;0
==792074751,1992088396;1914731127,1140767716;2266072650,2738096490,3314266482,812159592,2034538422,1509228074;1
++2274100352,2355539158;1178462222,1785190341
==1698504692,1465485724;3035220972,1904636441;506164263,1041927765,2025155957,3495363131,2741334630,1897951170;0
==516724030,1088481540;1313321978,2222511229;3058570888,1779262425,3030679249,2058459344,2185593942,1104805654;0
==1728507307,1241714125;3628706016,1708026516;1076454687,143813788,2746197054,2784612123,2085731599,1433715005;0
==1635946974,2006256934;1958300557,2342582946;3026647060,3440327295,140716186,2079295497,747707024,491688708;0
==2470294350,1834873085;2094767179,1565177048;2038295968,1357964394,3215951212,1907178810,2178143345,1410452203;0
==1774658274,3001591102;1775628644,2839904535;2225665775,1197248304,1940366554,2221846364,2249596396,583365279;1
++1464703575,3382046930;2045458153,2790628134
==3019938190,2624197377;1483327654,2666336474;2323944458,550672671,2689385332,3237936185,2791933789,2512420092;0
==2074683754,2048749554;2008443332,2274067056;1993377009,3293980876,2405536027,3546360221,2531031596,1358122393;0
==1416933164,3708168440;1727321464,1718225153;2197317644,565263306,1564063884,723012385,3881913765,1858487822;0
==1599813996,1056692751;2980399513,1899649618;1631145031,2253744201,835081638,2318021494,2613975242,3983007734;0
==1998192983,1882149838;2195276405,2448063751;1925139034,1811662278,1264706938,1440613354,4099210543,2021255513;0
==1156374923,3343629273;2723452986,3414501788;1069910291,2992886951,1608709508,937318812,1683232537,2454371204;1
++1222233865,4084196857;2645850204,2130328256
==2903274047,1900669378;2656599660,1390084211;2999333681,1446056680,777948466,1526786272,1418908221,2510972405;0
==2949374286,988560528;2168702921,1513320981;3092694715,1054852930,329031201,2270333544,1099193041,1087913712;0
==1412744087,2114482806;3677450125,3323905617;1805734920,900614378,2097622583,1634470565,632502929,1358810178;0
==2265056277,2388955094;2466583783,2554795824;2662884831,1418696237,3072385392,2321158059,1039643821,2092021759;0
==582350852,812447395;2372099879,1970271266;1724031466,1378776488,3467566596,931880449,786759569,3609923015;0
==356124666,2274577543;1154207480,2669698299;1741395152,336269868,1521741172,1715368254,3348161281,2288539296;0
==3149031914,1749883827;3183337584,2238940739;2088573984,539344714,203067438,2882369130,2398429022,1703617250;0
==1965307183,2108674016;1876263586,2314383921;2201530779,1844066596,1012679213,1902893621,3839758307,1221055839;0
==2961983614,3674709918;1465774314,1330205184;3943786853,3446952386,2050793428,1770180467,3127389692,1538729716;0
==2073827224,1332896339;3401304335,1306755410;2900317067,2148310467,2895836313,1094214281,2423435908,2143562084;0
==1099129528,2021656098;3284303136,2567599994;3446544762,1600526017,2336961030,1095981604,2467883431,3623666865;1
++3163931358,2199464636;3936509346,1171351195
==3787108077,3917180263;3405883808,2201208542;228129469,1503838724,3305100380,2265584383,2484179445,1622385205;0
==2116644544,1315561237;1024682663,2779021818;2879060518,2382351078,2446918395,1658545167,2150245489,1333086616;0
==1579651157,3509923330;1819905637,3879321206;2857971618,1489037482,3157853892,3722660259,1630699309,2472791752;0
==4054482549,2885056530;2469358954,3815744695;1840116468,2719970331,1762249531,1841017979,3098399360,2300408850;0
==1273414572,1151226544;1342867127,1811380021;3778503454,2054361728,1077752953,2432091047,1531688703,3841969469;0
==3025360640,2335278086;2014409241,1966421016;1719824285,1132564869,2457872895,2131113117,970067664,3665746290;0
==2622379075,1888314992;1687002083,1747536361;2177418303,4139297036,2378887698,2483745900,1103043882,1124767049;0
==2653965963,2967915767;2398362419,2356895534;1737206889,2784551511,922347169,1500232378,2999750591,2222349468;0
==1421689324,1583250586;2070100797,1595765891;2064933330,2085120630,2572952640,1074609278,2267056609,3191637326;0
==2016264477,3257718492;1779884397,3370465183;1714909947,2893284412,967232566,851467464,2112225946,3260941246;0
==348863766,1792626355;1627349599,2565270148;2874118626,2337318345,3550129605,1268330213,2702355893,3943632471;1
