6;6;3
+534818888,1692251719;1262361833,1536940490
++403804822,1415016805;204944691,357398707
+++1990058429,1625678998;752072133,1207996555
++++903740176,407793513;2044554959,1116807809
+++++2077414309,425932040;1658807261,119608511
++++++948233963,1254382902;1535871146,1109920241
======852183011,1490397011;1679376814,42305616;977439801,1054440642,896041346,1885098991,2104302991,568000378;0
======832072947,1179425467;1045737004,950117525;2102947311,1223780789,1928448119,1264326024,542329910,1658474930;0
======375955170,1607578602;1958025330,439399494;1644863500,996589477,391120511,1936332858,1713547080,410315367;1
++++++98658175,897389852;1160075961,306901070
======2101700299,1256817045;1572268909,992642206;613349682,1421109260,429271859,825796079,1446899509,324654342;0
======1505934342,1769124778;160339642,954583385;374193750,15215681,1243305298,1457602772,748910429,1168134412;1
++++++449559464,198811321;1426272003,1569246086
======1850180814,615242267;506789865,439866242;1315509709,938116270,729690238,1652295699,656257031,1632912080;0
======2102186959,790887953;152682132,1014949470;1182519808,1952950030,1839839188,381644323,1550803769,638220720;0
======1528942644,521361309;1000116437,1265840612;821210611,2129939006,73405149,1073532559,1443836381,587298102;1
+++++2009516092,627110928;1029459454,1437046941
++++++1929089582,907180357;706807688,95739601
======614706942,1816723085;886312982,1431318221;1482589973,253240282,2031540351,1212392142,1275113739,1157375966;0
======1817356165,1497453932;1536385471,1044338097;717655072,1494647135,1076607290,1055048856,1187158809,1792478597;1
++++++974791076,936399040;487224790,350210866
======765994392,242977061;1279625893,1061098087;767023434,164890368,1008987414,1557650892,1952372439,2025295306;0
======1024807321,320396999;1451851059,1029586087;224741543,1658700296,1599791030,456277303,339436102,1509857801;0
======1616167722,2086947608;1953287017,2128971027;1818792492,392818055,1639943702,155704764,587291902,1756497555;1
+++++1281927680,1704345773;1939855741,410576846
++++++961831141,92853580;721448893,1063686012
======156950974,412039310;801697946,1010132550;1182647504,1506463161,741262191,1182573235,1916991420,1803457343;0
======1103170552,1936089187;912238429,1500452378;24817368,1659493999,694299367,1828669661,525637224,1011196043;0
======730932471,347772542;1097768404,2033288851;911642155,1792341742,1252940674,1264632194,88274862,36201624;1
++++++1274065321,1645395770;387657827,140162050
======240038681,1050001832;339499861,1298243668;1589965601,1456021442,1037376735,1083953926,1386609424,595102941;0
======1908492297,1583962906;953110953,1498176436;1117155883,151354783,1291224473,941157367,1805712420,1657293839;1
++++1042840579,994940429;718927620,289745124
+++++111522572,2022184506;1174551970,356135140
++++++215072955,263604660;1552954039,539411535
======1242155855,792419781;1650949047,2132189167;1415741863,365095370,1869152642,526589156,1040405586,2026752066;0
======162699673,136429563;1523768354,2005530468;2091954950,1490886287,1755766431,32033763,1057485352,1037764184;1
++++++1933413225,292014742;1536374081,2117611371
======10173054,48348372;1876544902,1798509001;1480742211,529248054,684683996,363571221,1419948972,1848049823;0
======2122015972,704196065;1413534575,1903455069;523489476,1888405400,1972787450,280465180,454035491,493309355;1
+++++648833335,598679314;906631359,587663983
++++++2002068031,2007725103;1409836558,1617170217
======1727999422,1075006688;1903436836,813088990;761233728,1595851453,1833406679,2124125445,760413642,816892956;0
======1642948979,2106351187;153422755,161659268;1688822271,115800497,919464931,794997240,2043290149,1186303333;0
======710325514,677490065;668263061,1526168662;700160467,1791010338,2126498296,1117536522,894919410,1625586806;1
++++++267533372,329619709;565866298,1089886035
======672244986,1387623377;91749611,1007753819;2120461468,367704110,2138995466,1690983047,559893742,1048771840;0
======269629227,2070121827;1227369086,1487719;388421985,1068321023,1058587640,1149920559,546644017,1737340097;1
+++++1280365811,29767705;1937513339,640946277
++++++214605263,1058259540;183673783,1028071342
======1339374911,795717961;1236473889,487152219;1689467818,994687536,1349602609,1671498329,1156779926,1928879344;0
======858082550,1230465333;1754864974,1463635317;419245114,1922600659,1192595118,1839975038,382521268,1128356219;0
======1168065476,1425107570;835098420,1071201767;2046308562,1505361051,903651136,656810277,1680247161,1615967132;1
++++++1629045531,268547841;2062216378,229351721
======1403439153,1005076557;1595062047,985492103;905592617,1487263342,148170189,323978828,116487832,1738288313;0
======1220422133,475430339;644367910,1286482366;496748977,625264573,124756773,1103918182,1085946747,1356541691;0
======1217930638,1871133656;2135188323,90606884;1453882465,4246867,1855226586,1503779792,837986588,1098666393;1
++++++1283215367,2059299134;1912460980,602570735
======68428976,83200106;1161737357,1837206004;1915049963,1935036691,582726028,1225344958,429203874,101775358;0
======1364870091,1070037313;924038847,2127391546;1350024589,891131896,220712488,1908963335,418879172,136412408;1
+++1215589131,406285303;1554672046,1129224234
++++934085242,1126887560;783673172,1482615884
+++++1105297781,64130286;1641841257,927332922
++++++1051912087,1985085478;1421013497,1225041545
======2028282065,1415301258;2068792702,1987036186;431265822,96652617,325575225,2105500145,514945681,1586019032;0
======2033349324,1320496521;956153994,784472936;690077155,1755752554,1466316778,1722331967,511063155,1505031418;1
++++++1724757341,1928097862;688316432,407170705
======625604411,1172296361;2005657887,1991599442;54332304,1262024214,1363235397,1276741720,2016320786,106750806;0
======1364573413,1807386661;796887654,811067776;1295661547,1273107006,200584128,1139994073,576975156,1544366563;1
++++++694921540,1545994243;1774123517,1929481645
======1790521603,1175786918;2018361347,53999685;1439281715,474920589,251086560,620064075,2074888828,444696474;0
======1192148017,1473395553;1670923990,750412776;1387880175,1233744948,800941237,932683910,1588757764,1596322251;1
+++++1567370414,2089810780;576986544,540491715
++++++694553357,811824382;548490795,886676688
======83217120,799881941;144833017,166977857;1425362527,110623951,2034510086,1018287566,1468211744,1299332554;0
======757951532,780430616;103505166,992111609;546390294,1770956669,1357814886,1378700608,593833070,1434996811;1
++++++829102441,1601721029;466856723,1902436694
======631381417,899264263;1068594293,197024147;567366264,1495545148,200746365,1412173738,1407474630,764328754;0
======283570573,482716645;856540946,1410979863;1493680090,1119698330,860675499,2136850058,355880176,1962032603;1
++++1809066089,851560045;727862819,859565937
+++++2021007426,1886212296;705512997,637622379
++++++1383083526,1802235148;1888374271,1990472895
======980395997,2046964094;35138244,589645622;924880775,1806509157,1035645244,1836045458,2757272,258980621;0
======548876779,868732693;377660833,1093740142;1439251226,1202196068,500060415,1562761327,1892214855,32610916;0
======1717565232,1787429731;997298789,2042199824;1685291852,2034027259,530733199,1759246262,169637065,753922132;1
++++++117675322,1333939350;2026092213,556586738
======1282563565,1578873955;1988697095,817392631;1440114806,2096969079,1157240919,704323760,1674028036,104507312;0
======194912938,906645860;138601160,1678481190;1878574035,1225262846,86546260,539622483,236633563,988790229;1
+++++540812285,1140393669;276697370,1192379644
++++++1901492848,246775406;736926819,922300915
======342337314,148584710;360812743,1797976112;1037517267,702416425,230772607,143877291,1346988992,1820992192;0
======2144128703,693698453;131135236,1490109892;1860104329,709324383,1340917583,1285072579,1533485257,423780682;1
++++++861633571,1113971372;288922712,908585739
======800480419,1576999823;1738995504,1792849992;1797074224,1565854901,1666034676,405415057,1076329188,374346893;0
======1154031769,1326667749;1982301379,1910539238;767378039,487516292,1569887064,604885427,1362762418,310093898;1
++1865318094,1868667208;1837402963,1135485282
+++264034538,1160757951;315370206,972175893
++++1919745094,346180108;809760608,1042063450
+++++1485099843,2091999476;167134091,1451155437
++++++1602565418,1211397497;215853910,1667414623
======1220264560,949838451;663199785,1429525542;615432418,66094046,1674122376,166849190,2041468431,291896754;0
======1060858017,2007425282;1933054336,529550013;638255828,1614428052,215798144,1768708185,1615952653,2145870186;1
++++++28130607,804530222;60518308,21500888
======1054522922,1958044835;5285487,630867938;504117933,904162651,1816852264,1815065164,1561480507,711387206;0
======456205379,1008587075;1945451819,667953222;660081393,530559077,329707831,815549310,1034627622,1320244170;1
+++++1823028645,1145231790;346376424,1768122719
++++++1252212559,479622931;1083742141,2058799641
======1675266849,1900741486;621043224,313572042;741251307,2120873030,2135651547,545744673,706422338,1736346620;0
======1895298173,1417301616;1370666122,901679025;1551249502,176749081,1875167764,1072783291,1216526485,1809367371;1
++++++1392315279,1435580701;409104299,1006435901
======1963617404,1874143439;2126835360,1805921479;964621609,1959412035,1561500786,398032682,7834931,179315999;0
======418055856,232270452;701824174,922085743;1126920319,1753549618,1071803102,20662041,1814684121,498659993;0
======1927987231,1233891629;758034979,1272075639;691654358,1358127031,853989219,641892736,1271004519,607959475;1
++++196834409,436662779;708703480,2087273358
+++++775793035,571893480;1787885502,1518847148
++++++1436355207,5843053;319571250,1057970932
======1927763528,2031063644;460436856,2096686489;1334507912,769663558,1763491038,489056986,2138865266,1454216521;0
======1015836483,1154831435;808882015,274318167;1155784293,1857789066,1258952219,18898561,2119252026,341486895;1
++++++460807356,533454732;1342180504,1227375125
======240689651,429088758;415242301,1689624006;331776468,421252672,1139840049,509336974,2121251398,457635;0
======967165943,1954016367;1625707989,338158328;1257323876,1795766686,1778674244,1958224634,886516767,924161582;1
+++++86494166,330124211;305427630,1316839642
++++++2029738231,384461667;1892045030,1707735129
======841621214,1584690801;98676206,128401402;422472498,684742527,873355548,1482298656,1589387081,1699572737;0
======69464797,1374163815;73354204,1029532977;1898027214,825043499,1203176787,266621069,613549393,199815197;1
++++++256938122,1090484419;1841862928,914280756
======1781169213,121482422;396982767,1691946686;2101672203,697997925,753354128,1544482639,2091654085,159845831;0
======281318491,1256252181;655040455,1432889815;1998957666,563804656,1832677903,164746336,1272358771,1140412900;1
+++2142334874,1471559185;2070709322,1185335944
++++1276928871,1168718201;1264904209,2017866433
+++++1489307517,49381733;1828790624,1353790559
++++++393281344,1486031215;1277014873,1760451782
======1365078418,142483213;397666689,419522308;1075519903,1957885932,733292284,890579106,234385740,1409969040;0
======222802415,1499251525;1801416307,1368057986;1973919356,1958557151,1152791288,1420400797,782182424,1513826880;1
++++++57610118,396453568;1388512980,574428456
======1841811625,977575423;783866445,1838079198;308777272,1672649345,1816336327,205556844,938723641,1007179947;0
======1487022836,1188951738;1368094179,398828796;1786851871,724182220,222028931,127983025,1288516287,2134598750;1
+++++1836509159,1426330026;1074755478,320665954
++++++845628752,708552176;706813184,1262721684
======1842310990,1918450752;1507115391,902961956;1869840206,1370951065,991619595,460196906,2107704250,33726278;0
======1876720643,194206301;673589341,1317029294;2109909702,845548151,49374952,2001346517,1205062099,491266142;1
++++++744804241,608481105;734785975,2140941746
======784291954,1391209603;2032486659,1807064149;106844912,466218345,145974975,1361564844,846841796,1926239750;0
======538881446,448032765;328995926,2097454477;680873244,1570436963,394166946,1356260565,1823382068,1817492206;1
++++291538699,1894018682;897616557,1024897581
+++++295560505,1304816265;1047960395,1086585430
++++++1403031342,277100628;1027473927,816693480
======193141868,1603707564;1269823113,764661482;1968094683,1942841073,521510310,857271324,2029275718,429488653;0
======231493019,122273985;40763377,2086140862;1482222154,784826409,1031870554,1258913124,653083181,1580144365;0
======1755995275,861255724;1672665009,1976849307;1611759588,566828240,1026148828,1735347553,979253767,811539124;1
++++++2054895063,1519027405;529542762,2088477283
======452578971,1012769424;1441132460,953296047;2039929588,53871773,50854162,807751861,1985135904,1304648172;0
======1844396530,972001850;383197106,1153534484;260375160,848537916,1965090396,927150463,593895020,2061920692;1
+++++1532598632,578046965;1863888248,432423799
++++++1138499676,1047438761;642726356,2032370047
======1093075607,1804444708;2127275396,622109021;79272971,38899703,1200061233,900112600,1024779102,1737177764;0
======289784665,1404877206;309813435,800114858;2136488622,1354396161,454693520,1560995208,824137294,1184694436;1
++++++391129637,1122594774;1900493220,2136603311
======1727433261,1564431403;1686636623,1525112525;1339429616,2143323192,875783470,1644151461,785555257,353306180;0
======1614606707,1591237802;531934301,1455863243;1004524672,1476050277,1119136029,203075879,512661043,1944733780;1
+958242734,273137256;1468580303,1894375820
++191887653,2025928369;510276403,151284454
+++855738518,1202242167;1833686438,1989203724
++++1965113958,137414994;12032463,1991449132
+++++1173981308,1519630266;1487048912,385156978
++++++1325464785,1940632260;1910540476,1900745293
======900143740,1106783581;1392607393,206061493;1944915895,1589893182,1763757231,412156718,1500753383,1359208210;0
======556721025,1289621768;783890390,2141857894;2027741250,1177587474,471638469,2135371822,895676883,1440295557;0
======487220172,859740814;1115647316,1978711723;1014745101,839706179,925851198,41524315,2112881352,510767217;1
++++++1704193875,926891067;602279256,1512820140
======1807595294,1695422319;127703938,1722726729;501801063,151503005,1225244382,1148248932,1088626612,751906688;0
======1442266761,1017614107;96027614,920368676;64408842,76651571,1871692893,954238659,189901191,1033404837;1
+++++534061947,79000560;874388920,2079121922
++++++1034491037,223032944;1099634094,1734963607
======1595521362,672963556;373358957,1991025623;955165184,737693926,982954435,1536781938,1411237051,419352041;0
======261496980,80758010;1871788332,1155135511;1507754614,576833440,1379261183,772032350,1174976605,1225807317;1
++++++1437075083,594271920;844428576,158799113
======1999871899,1761759050;931823853,1654234348;226518547,1248310252,2063353736,714785926,784481897,1467831118;0
======1634852202,1595429313;457652353,1013163031;1076943292,619538886,270002925,45577200,108894984,976179176;0
======2055220070,1281600065;1472615266,211832603;412469236,983741955,1359111508,1389873298,1040949494,580690616;1
++++++1700600465,1278080173;1075899669,1474081238
======1151720959,1699304201;1229658939,493492757;1895060494,1113178857,1699822785,2119310531,182111635,679161785;0
======238517241,1840535359;492781265,863562628;447582990,1056124452,1542054459,1139715147,501788547,1471480384;0
======520365861,637259081;171683472,945979160;886446675,2030328976,1390530303,21034838,1915698287,138487224;1
+++++192553950,1522170208;927472737,265464375
++++++1943722005,366742016;1206660102,903356346
======1426527527,436215101;1904602649,689576097;1670937522,848954767,493259925,930413406,1002781063,1461777441;0
======1414053603,947556127;488256740,1969398020;1328446061,37745301,558610267,2008699783,1271129196,1645090472;1
++++++1400486255,334269030;1473633817,1724653441
======1891311314,226690986;961931390,239059520;891670594,772459602,1505546711,640200787,1373588982,415463540;0
======1817775295,1740740509;249456752,1044111232;27608272,675237658,1602596355,361398928,1736542989,1363961643;1
++++959146662,179211848;1155472941,1759268780
+++++1090744718,847920969;1369131273,1103456739
++++++573616656,1524548802;905500661,984036133
======2053538842,1553445801;1782707898,1520227422;522826192,1163388116,247999587,776005598,2107451032,271762105;0
======1588097145,1930632788;1744718945,1880638039;957334811,894355402,1302144584,274728740,1259683230,697070211;0
======1638462533,299694268;2104016632,1956813637;559309243,978647393,222464014,1310953615,41242337,246835924;1
++++++2034898294,893594976;1951673955,2051196404
======698506911,57728226;2064476627,910770266;912468903,1746026522,2136889688,2055573553,995002428,1952367762;0
======263684296,535433016;20746943,1206363065;849276973,136536952,2076268552,232873505,1912271228,784126184;1
+++++770522686,1963058322;1116316695,671841340
++++++1454195234,1177014875;626195626,2013862694
======136141119,1778556338;1735691426,1702764339;1450505376,765454191,2123720010,854672673,1873612741,1601143317;0
======1307579191,577053329;1337322911,170074749;2040944822,1715542162,509724927,193775078,1963226465,661187012;1
++++++1693825458,894577498;32303863,72950403
======872356975,412393346;1054382747,1679638527;329880671,1365060549,548127574,376033418,1749138279,711212968;0
======62098700,342964755;1496941086,8023514;2124257264,1171966094,846048350,45774419,2044128500,983680777;1
+++1555388210,1480087492;261843769,1378790186
++++803977166,1335639592;201906218,568911035
+++++486280512,595146707;670105931,439481885
++++++1514418503,36848959;1385783142,882869975
======1491027440,2136878712;2044269967,986058212;1522226766,1746872440,1423943795,318674995,1648130449,1871202102;0
======96606408,830979620;440088880,509134284;1461933038,299603612,1417267560,1732863225,1522047352,1245121818;1
++++++801802467,76895191;1702985962,1982048639
======1574013287,392852165;837062136,1469092217;263732045,1844138139,1924070466,212737447,191026060,2145600040;0
======1126989037,2079096427;584454533,1222948694;448869821,2099165204,2123411571,2009244599,2006516041,992285456;1
+++++351699227,2021353898;142046919,1897075298
++++++223066163,1793442753;1341850710,173234184
======968766658,1502068252;1063199812,888108724;153469101,1373950514,1049351079,538989210,711932862,1319651205;0
======677159186,573521975;1557335748,459491239;875723804,784814534,338169043,1858181946,1894879874,1485730173;1
++++++1645973526,1708166337;1578911256,2116583559
======350750138,1642186176;785651415,465047239;253646027,459299050,590398725,794057700,513945934,1519667531;0
======1086378512,488185847;2004967379,488798640;123614369,950742470,1646478453,1371999989,9714476,1617637352;1
++++783828865,16311135;982194687,1361902529
+++++718699310,1473547520;901603436,507552697
++++++1394789126,2081227266;1532931073,226333331
======1898544346,150147941;832628510,217555197;1858815444,1677067800,2039046190,1299744970,433570840,1799626067;0
======592244858,512607753;1175472147,663195360;1516557300,1386639756,940438668,1753394325,484838861,1392985894;1
++++++2078555028,1666293705;342001756,1588576788
======753278662,2046280198;279190091,944309355;839229182,385321005,582473813,228928232,1214638286,1661246846;0
======787086044,122016993;2004116831,1505311913;2092709762,1815753055,1062531511,662425698,388812875,1081726473;1
+++++212628567,1556431254;444200086,747075413
++++++639267747,2064743145;1721020795,963859602
======1493799594,1621929285;136836869,1559283086;234883687,1041286963,827807363,1234614547,704206615,1222232676;0
======839806444,1257009737;320454674,1434105919;1727708975,805561302,1682868041,1238063607,1748929110,1480598727;1
++++++88811055,743404203;540593333,718458133
======1862503858,1696001178;1610757601,1109667242;796421255,1867454649,600974600,721375943,1502516769,1453860080;0
======1607336991,75173792;1486436941,1193484925;1917225936,1317550266,1713593287,2067967498,1100490830,1742408153;1
++1622976091,1862296056;1434772752,1360851318
+++974284103,1290989260;1215713127,2092105953
++++1077714016,313802714;897924913,729971585
+++++1870703670,2113012777;1817662653,1070250386
++++++950134615,2132229580;1033572398,1162619409
======694335872,379753723;1018249155,1606928096;1188680,1482841153,968533184,737724886,638654999,1711491019;0
======1762000780,1959545029;330105063,632486015;768462797,1798034474,867091579,1134939308,1422273413,1356704088;1
++++++1567707329,1236911138;1990764780,161511484
======869789618,150265275;283677739,1897466269;399979283,1832548400,322943124,56915344,202701601,1458159924;0
======1742504228,1635129894;873993364,2056787839;835627483,2142227376,220811574,1281326208,933677921,1820388172;1
+++++1478595869,1708224460;1193511866,709604107
++++++1278719587,2108093495;1654487584,907074577
======217475718,1226432912;847435979,1521753406;1979895009,1983408952,1292367840,250462597,670743155,2024104731;0
======1133273764,545594162;544429648,810267041;1415845876,1650607011,1085055283,672913168,595110061,1497179217;1
++++++321296471,1905899930;1269859257,313119937
======727802995,1653554940;1235170525,267133960;159066072,1950611978,1989639680,1411563995,1533806059,1572725078;0
======771574289,344724724;8948494,1133201835;1030844070,395655733,463724883,1871195905,797404898,423060801;1
++++1381960632,1637512303;286638404,570516823
+++++2026032348,1238828798;996014743,180769453
++++++1159648469,1715732294;1970635629,717499595
======975730240,701279674;569533413,2083423530;976828062,892334650,86147465,301334308,530606619,752961878;0
======1082718107,1706183257;909810468,1230610032;25905716,1090048594,1850013332,631742711,1489941996,1734794059;1
++++++1036015241,313462438;1320466377,1533321726
======1517077263,1177881247;1735306906,2088051433;699285116,1301158904,912130424,1529221433,474343658,1679505690;0
======996917443,361676043;1688715262,1370722850;795177093,824967851,333670332,2073429702,1619615604,999047259;1
+++++447887398,1620689788;374320607,1135223035
++++++469711719,697454464;403876957,687599103
======2039880498,946569366;2046213653,1088812321;1909972480,1897788636,209017679,873508839,1705048042,2091130030;0
======1769520851,1491724395;92265693,808508908;879832328,1907638011,1327534115,802488333,525616077,472586200;1
++++++2091577485,2120291731;480145635,1667841376
======341487937,560756875;891879978,308158168;1030347137,1149758129,501450135,244538008,748588883,54204307;0
======1896280639,728984092;1924449295,668994777;159060329,2038725513,1857371360,391410782,15357611,341203853;1
+++1860730271,41736203;162454381,1206036854
++++2046254451,2009379822;888138598,1818266546
+++++831478529,75944509;1059698100,308983908
++++++2144738732,696697418;2124608490,797277502
======682959382,807775577;1797865561,2146430209;871901477,952100149,1439992424,1066849460,803063030,353764957;0
======1198735259,682004616;1015541252,1599347596;907802708,1600138170,2002797894,197572878,614940992,690556245;1
++++++1286318927,309530861;1810856453,676810119
======923266856,1177772321;633605581,129111869;1357444972,996606352,1402219642,128957462,825595195,1734003548;0
======715441628,1114621603;2070881551,513389991;1649562973,2012435560,1985399342,1831889980,1067294879,1255520409;1
+++++1443256081,1430198629;521858470,1244193498
++++++1760308394,1812268309;2007866568,1905586463
======347751423,2025522492;1680315113,51441783;721319319,1410459379,1160619762,608421496,2024765030,607050062;0
======374709776,447045772;2096844756,447376281;1648487535,1438102172,1235469579,1042086,2144391893,825407818;1
++++++93279284,625926684;837884703,773303157
======311309170,692899964;1428048889,1569110346;258911359,2082690418,1827537355,1076880082,943710563,2129896700;0
======825374460,317354737;1081633340,1969154914;1702660585,1011383044,1694821243,961690776,1059694835,330423681;1
++++911604413,316260463;1546929228,1957843868
+++++1594798174,2046141518;1308101519,308561607
++++++1098334344,1028959106;120378948,438794934
======2056957384,1660773758;1352598856,402905976;55636198,292070185,1936547266,128542709,1840285503,2147276357;0
======1798077444,979618412;1044731630,1399071033;97899242,1184643732,1920146999,2122502472,448338071,1205223;1
++++++1066674909,354336338;392929946,1822270827
======1097422104,1662640046;411093245,441822851;1028548190,403364956,1962825666,2135063941,1024323123,603625926;0
======1686411168,1566434000;267256022,475178386;484910803,300084965,722117620,389891385,1870861358,1879350074;1
+++++627567014,432520241;1774563513,2111223945
++++++965722823,1818721542;1813136440,588464518
======2133136727,201615524;1541961525,2035210474;1410507503,1783749111,1115868209,1808687698,1101321474,612844258;0
======1218656559,832709415;870721449,469168609;1857924549,1953215849,277376861,200614979,501411903,1376757765;1
++++++1102454043,986982595;226125447,1793327849
======1361338536,895170571;1541543411,1485658420;1008721942,580483683,1591903143,587982409,1715358552,416781885;0
======842444004,485612293;1934777850,664566874;2138984071,417331370,998006863,371568276,559672821,1496238618;1
++++++1515396081,905047155;1035495777,1483710586
======1951519031,448203250;371026941,1484017671;110291922,1568530533,986354716,1756962662,146457928,590144368;0
======137673273,1084490421;1881835056,822970028;1135383190,1845518392,2023165548,1453232436,1379100619,1880525902;0
======1644755953,1889571951;515974415,1375682139;113483789,1095842195,1532690182,1089039835,1767191625,1787104740;1
+++++1626526495,941422131;1556466154,866043640
++++++396390201,505584909;119798778,525284009
======815028009,2071959013;959065354,360359718;692467173,976318303,55111236,1016255762,344605715,917850339;0
======1667255713,1554613218;48699597,1504968471;60802004,1018649183,1385699474,1891592788,1719116820,1828099692;0
======760660005,1308022566;428462510,1702541106;1720147991,2070493743,1715412137,130510453,807664915,1081887116;1
++++++65522695,703249046;1254392196,1922009141
======543607368,767278833;803067597,1287585039;577947739,1309642862,1607500706,323708309,677427806,2069488512;0
======1808746560,1278276175;450543559,1365607062;2143753385,91922610,1871341847,1441065980,1933346677,607146215;1
++++466022014,1596062183;1145613780,2045151855
+++++1375568994,480864108;513208897,1326179080
++++++2074115492,1020923637;1165051338,2045199167
======1815188960,2143783899;1221817558,642027251;1641885786,245473129,935401739,2120794072,1985272289,1571523849;0
======700531388,2052778374;2057148224,1113715051;1539618207,520769345,472249881,732253005,1096520800,1743423710;1
++++++1445040733,1782953492;99887182,251569897
======1420786977,2134906713;468802981,1012240883;2083780303,673081559,1403400252,954747081,872426254,535204835;0
======2062163873,985089116;1170146953,953841724;1679601996,113818373,1987285576,158955259,1492090065,1330811236;0
======270963372,780350055;2008791058,50689815;1519060858,1806305996,579085351,904832924,926654952,1735937838;1
+++++1736948336,1140957060;1864894014,1312648947
++++++1111515855,1639150642;1393024703,41586046
======183265159,238964679;1096559296,810927548;353463388,1629929990,1753990013,279782377,1435067172,842489572;0
======114876075,224972010;475411303,1108807702;1420004062,2047391235,1131249934,198784664,125639043,1775591801;0
======881792230,604529175;1669378564,823953026;580255049,403757789,188869523,684696980,1848830380,1145052549;1
++++++1080703464,1770956120;306241357,740216098
======1297422610,1258970775;611614242,1101170954;1682880253,1891512490,158766347,1843035846,1866222827,261409753;0
======213611410,1183210879;975010467,1765752316;1407680089,322254842,509849286,553189397,768910841,268027977;1
+++++72550694,457795326;1974914703,1210650133
++++++945042842,1278942297;1144394716,220042199
======1942567436,1253015764;184207786,434138241;1905117417,1136992372,125035560,487680945,750134664,1056430926;0
======1184381509,1072269211;1446989973,1277536398;644185111,625682092,1540904972,951210603,1422119888,85540740;0
======391459110,1745806082;890653611,1567573546;1523604278,122242238,2121356717,665786447,374230183,1354261020;1
++++++404843840,200472290;868056289,783978860
======974507991,930882720;188586058,1196184324;369735385,1799567862,1402965194,278327201,628588208,1719564430;0
======1869388683,1083021771;2106990673,1771908646;1221166991,393463853,1571049606,1265113008,2123394676,1861401624;0
======459104990,1574000080;288204420,786285320;1551886344,697111794,68408022,885395836,67972894,472627785;1
