6;3;6
+2906591974,1774605694;1368279038,3352292650
++2020899796,1992107542;2060481829,2750474034
+++2294795944,659305853;2136846427,3482480456
===1716637864,4033927093;2203015973,1983139436;1133397185,2410816304,1802000883,2549002954,1952056434,2560258704;0
===1654368944,1165318755;1959397548,1519563734;3436102949,2187439585,1386227928,1185143960,244436292,1789471308;0
===2910433779,1957106406;3939271430,478238336;2282171521,423763465,3483773629,2219403803,1647757586,3021005343;1
+++495487474,2265751025;2765683938,1425205524
===1507806000,2489801114;2150401375,1765548311;3048559104,1472159290,2060431794,1373213541,2180392750,1063894757;0
===1436679510,2099926090;3692575652,946444437;1954472994,2066499091,1190396783,2189041043,3416085851,3472199394;0
===1298325612,2028587652;1896069519,2642200964;1132054485,1036998082,2642669091,2309564166,2062850454,2582387514;1
+++292348233,1683764384;554041796,1686509171
===2149675929,457549293;2398875733,1783144390;1318928231,2839250657,910227753,2917036463,3736585379,2955677026;0
===4012973492,2983472402;3982389150,1718457261;2405237756,1129740641,899967726,794370523,1307785380,4087850000;0
===2731794531,2272216792;2468609491,2367695166;968255410,1468535038,901181997,1154528733,1959820543,3179605928;1
++1585573304,1447929045;2617835945,2212078973
+++1303248027,2077271085;891095838,1299502807
===792130617,2318094161;2256683501,1815209160;2386746342,3034848797,3123019230,2292206826,3072706272,1085327396;0
===2562683619,1169128560;1436598145,2600027240;1745103036,3712113082,2913518214,1796904986,2202360931,943179130;0
===3344394882,2476836808;268920909,3843380340;2799256101,2387393568,2701141125,2427102450,1736956216,1979803112;1
+++2277456126,3350540795;2969283320,1649173753
===1311634029,2390616402;1847651838,2976958662;3791476514,2814072332,2599279378,888965959,2195949585,1431941449;0
===171235235,2229474153;1965601794,3101371461;2545848342,1966560688,1639358291,2525444589,1751606602,3320176214;0
===1517876494,696566080;2415687653,2148751576;2889332523,500392277,2772255835,2214410688,3292615983,2199119825;1
+++2203497137,514605172;1899875299,2407448650
===2202720647,2607576552;1426754528,2110995379;1644517738,96118040,2157351325,2141213687,1972551410,764202830;0
===4052627399,2395717919;1021276925,1720405841;3831115787,887604601,2612083251,1549923676,3489933157,2147319131;0
===1865564219,3588266540;1896005865,2759593633;1482882573,1587723998,1269238156,1402349965,2376797382,1895249926;1
++2635530328,880397240;2420988234,2946312173
+++2747432404,1694591022;1012544656,2622775940
===959007901,2538307736;2104140279,2797277037;2380168395,3306738670,451974135,1661271136,368585313,2692624613;0
===2425591171,2750504772;3596621134,2041424542;3565481020,2692168532,3048264195,2750828598,2523958827,2750205746;0
===590969727,683826564;1965594616,2408362974;3069677634,2026209665,1855204251,1635775970,1840871087,2399333331;1
+++3185178013,2206220112;3141643381,2791492285
===3867613304,1233969981;1664503909,2849894150;2866956792,1207191403,1359009681,2016069127,1913686498,2620223561;0
===2281509799,465094478;2512145791,1099389588;3452463649,1540445061,1874243621,1659366239,2109871798,1764678672;0
===3055451956,1812701918;1991092404,2930403854;1931125109,2433188412,750265238,3084135152,2826996172,2049619655;1
+++3279498392,1031899598;3151976275,2020457588
===432715926,3387619012;892719940,3159366845;3437543798,2147287712,1498714021,2672919980,2563261543,1020826745;0
===2721996191,1641343307;1525583367,1580564407;1618295063,2309323075,2923878793,2626485802,1338816114,1560380862;0
===2259471890,3010907672;2345442248,1439450606;2565805523,1551951883,1310170514,3371000092,2261264963,1850814605;1
+1226936343,3616927566;1506517733,1943056785
++2993456280,1421670453;2231254537,1640182286
+++1446918376,1710235175;2483866423,3765337144
===2190173041,1966402058;1760539408,1476122741;3777470383,946785561,539101296,2585884247,1133066329,2358077506;0
===1913520172,2761477285;754013436,2089573244;1921227328,1228221995,1649522872,3163690360,1443849352,2963191067;0
===4191175222,814021740;797015588,3087048399;1950213821,422888085,2788213247,2076543798,2301782742,1664120555;1
+++1822982542,593508687;639629195,3468472507
===1999193253,1524185695;1964251531,2500575911;809388618,1298073383,1288135571,2787639742,3940367596,1110632014;0
===2675825418,1858837628;1583696194,2044460457;3854468851,519188151,1539213395,2355217290,1934368538,2356172177;0
===1471627110,3213394002;2196365127,2258291600;2318250971,1572406639,2902600908,1990823386,2112950474,2806761438;1
+++2784453888,2227532639;2571815719,2812856146
===1459088325,1138447038;1859578319,2517915090;1549075582,624237756,1112454005,3572018440,1376648211,1963038684;0
===3558109464,2211148501;2059822860,2924192766;314833044,2414473159,2353393231,2445345408,2915488990,3393088597;0
===1904867817,2352183574;1882211078,1580776363;1917051233,3625847780,2052371599,2480067214,3198461207,3556634758;1
++2682410023,2278800732;2892606454,1311190352
+++1384669555,2643505302;1109663364,2142031590
===3291706236,513736810;2695424829,2469869064;3555403337,3335457707,1549133624,2405480956,161488671,1616570649;0
===3914673320,2474591798;2488474711,1421447818;1035665182,936195144,2114766446,3149711091,2251117117,554063301;0
===3450574944,1651667699;1842780674,1717791897;968625321,2960318072,2954134707,2415197882,1833500123,1720717630;1
+++792333579,3366519416;1408846940,1389050164
===1979492780,2595022862;3311872125,1165876438;1840942026,2935979530,3347571428,2848143743,1714848982,2957608884;0
===2702081253,1222228076;2517328067,1507246780;546568141,1220363422,1807151131,2619102362,613645694,3315222344;0
===1449531812,2539906295;3011927973,1878515382;2813441769,2122817713,2621727137,3146621724,2882224786,1407454793;1
+++2572995430,1387866217;2295109504,3484699621
===3428230825,2241814053;1158633180,3082679659;1696190926,1907922319,2091190196,2561335080,2021876481,2986154067;0
===2364552160,3439217977;1083048176,3298511098;2194131956,2762338793,1729063803,1447897208,661408501,1610871277;0
===947992872,2638848811;1729229888,2585020375;2085048782,3166220226,520797795,1428716970,2463275668,3161122392;1
++2916273273,1329055012;2925673014,1447221305
+++935767554,2907378611;2533646838,3816463199
===2734829870,2917246946;501491133,777557058;2829569970,1811468330,343138782,2090228749,2863989102,740137668;0
===3213296212,2048261102;1239933528,1197734388;1581961881,1942243077,2843768151,2330120485,3512781381,445180148;0
===764345453,1205726800;796872273,3091135056;2414769951,1273878020,2436564282,1296893689,1136240576,1368129475;1
+++2424394408,2531220678;2412772055,2396742604
===3448830651,1524520179;1164705255,340508482;3267442760,2919806458,2058788381,2199340458,2289792079,1136798892;0
===2328578880,2292569433;3488975602,1213151050;4129795894,1560173407,1759278468,2918436950,1501667666,3790451398;0
===2799268138,1934840236;1729805163,1194103934;2227954140,3187682511,2768486938,1891327037,3344764852,3253202784;0
===3619188046,3196673514;644549472,2499096684;2834046097,1419917223,1749430324,2800348210,2241576966,3357127358;0
===1607755803,3572778008;1618805052,1385198445;2166534839,1317198174,614274114,1175120693,2938563218,1045816314;1
+++2220644217,1643423638;2109351304,652084240
===1527899488,1632194198;3002563906,3707155892;3510687437,969568078,1433827614,3473404285,1201282357,2103985658;0
===1896853046,1139355277;3305571356,3128382198;2969779855,2224203322,1852740258,2291699340,578960084,2170439580;0
===2436655348,3050380052;3783389614,3131747361;422437287,1150722486,2585112878,2591245136,3269016414,3147688974;1
+2100470397,3057003010;3127568549,1785267951
++1872627405,2930567424;3013830645,2631128105
+++728891254,3208176883;644913843,1927386702
===2877991532,2518551815;3835574504,1966739773;728823556,1120722639,1663543973,2025285367,1977304627,1961755102;0
===2198089107,2903540939;1110222011,1300456384;2635408202,2376463850,2606976497,3268866281,1639648456,1416380120;0
===2766169082,1904547009;1170739727,2275265807;2981621584,2021868136,816556069,1211706321,591957448,2494248097;1
+++3643190767,3274594633;2638148218,707990672
===1528248578,1196317550;1741715039,3780290548;616611361,3215857755,3941095305,2114720861,2108633063,1920312813;0
===2796330788,2377602280;2134263323,2967292834;993346406,2908084617,3234914980,2347155335,1630177964,1590605002;0
===2136079196,1587900986;2424795841,2683472657;1521715186,1671651592,1366343648,1844439693,2341454253,1985472852;1
+++3627015536,2158758843;2013888331,1897476784
===3570592787,663463383;1727888445,1700205511;2894570187,1971059221,2521051421,3003377593,2636035826,2831049869;0
===2430164488,3697532338;2132346595,3291217639;830154527,232003733,2512312956,2318259928,2442415678,3111204943;0
===1796075691,2128168148;2999791639,2183194628;1931456007,2880612570,173100259,1955921075,1613690008,1675016009;1
++3678758665,554363385;3327558432,3134852941
+++2908331550,2247603471;3260697236,2974734745
===795989565,2363821497;1077492668,2633519440;3695151586,3639211955,2059080327,2055221356,2935980098,2160291789;0
===2421228732,3390359406;1545579168,1401760806;2097357126,1909447564,294920344,1042290491,1950994859,1717644101;0
===3692783660,2358008093;1936316470,953311383;2788477990,1723422091,272973960,1105728001,1732464811,2467268474;1
+++1390196148,3599525070;611965547,1914672391
===1859475596,875179368;2331486887,2141390413;2198458661,2269851787,2532033049,2081950263,2379573337,610239958;0
===2584257474,1306025645;2223081124,1415956379;3030801149,777562527,1660709649,2202807104,153862064,1991318763;0
===961444181,3036087356;2504142715,3796881970;2950364187,1936075490,2955557816,3339347214,2514919498,1673723777;0
===1608543335,2510683273;3021483452,2529930979;1772115977,1052387227,2904772220,2054325946,1481526032,2327190916;1
+++1130093859,1216377449;3484119537,1772911057
===1416174187,721073486;2421969774,1713096190;2531677370,2207237762,3635256048,2120485852,1684604024,2249468200;0
===2347391858,3450440775;3131987152,2126180013;1883009280,1516750310,1698310634,2265095933,3944911463,504808974;0
===1215796973,592170361;2114757259,1904055546;1149678708,3133960436,2169509161,738162425,2789323356,3169061583;0
===2730613291,1836964286;3380006024,1363036232;3728899093,1185843510,2151466454,1397364410,1274625667,1900767873;0
===2491912064,1935265334;2771906235,455416825;1895374985,2907800034,762236678,1915644683,1338598820,2614736329;1
++2097358303,884975608;2270255620,1612880544
+++416377200,2413633966;2377387041,539056285
===3427335406,2083876515;3734298073,2712400735;538414888,3033272420,1776914957,2835949732,975045239,1045531535;0
===677306317,1672620754;2806627891,2815951260;2797037143,3143909578,3193901323,1046399387,3680010498,2848286928;0
===3046305616,2372126163;2898860752,1836341655;2436736385,3139459284,510810941,2065178442,3388926558,3775681954;0
===1962264001,2107955908;2417323545,3378421309;1233198012,753095315,1654358336,774254014,2322274932,2392359711;0
===1329435531,2358850989;3327773641,948148497;4115345181,2607568082,1890980652,3290376074,3895472725,2426493550;0
===2581157281,2125864333;2169606758,2484098471;1450330861,1261189952,605708236,365689928,1120090649,1649044231;1
+++2175121041,2999347337;1816393437,2449958315
===1032459186,1718009359;1044910884,1369668553;1456388232,1352205359,800690554,2009813252,1351245155,3637634084;0
===1662606580,3085239034;2081364426,2586510635;978462800,1134202217,1387859305,567098015,2859721369,2112175158;0
===1661254715,3716251215;1751405310,3242024612;1088203228,652461537,2581964270,2841670908,3527134553,1342252288;1
+++1291351828,2978047424;2201919308,2319244302
===2352159779,1550839811;1916860299,1228612003;1719615233,3998261630,1937250492,2188500646,1219769527,1304817860;0
===1389736853,2522432898;1930748273,2297242152;2947399548,359907280,2096407511,2223653736,2504354460,3013275140;0
===1796629173,2513308776;1329809942,2221132854;2081796346,1585234067,1837008801,2805843417,2234948641,2261195439;0
===1679655114,3098107791;3269183794,2105911314;1031086980,1481663374,4097013605,1245256293,2040642547,2050160452;0
===1715220886,2723920009;1442706322,3310389124;2800876592,3633131339,2712109745,2885162931,992823813,3028368910;0
===978412130,2150891480;720939690,2641266931;1138837413,1787785278,2101556458,1942587874,3612627439,2246838841;1
+95891862,1192843810;2631896307,1652612316
++2652045266,2477121776;2111966032,2756374660
+++2523578909,2892112364;1866446705,2510053823
===3132966320,1391929834;2332334684,1381199131;2344142744,828122215,872007778,2803114648,2824368735,361194526;0
===299439437,1618489195;2066512327,2105745363;1154561577,1449407399,3040536208,2996149596,2904191852,1117445249;0
===1247478249,2007041325;2894155642,2661124040;2365208267,2500042457,2053832314,2861150177,2249527917,1588734049;1
+++1803043235,2601935254;1776533712,3235875180
===1721816754,1605089357;2217663145,2193428000;1600810924,2546386525,1180996868,3827639807,2377085313,2066003825;0
===1359337505,2010151958;3606737270,2561808331;1111779240,2959620860,1238309258,1832488370,2995682626,3419940782;0
===3856510613,1880485870;1574212739,2000943864;2398739767,3463531145,3354115781,1831622512,3765005719,1295401016;1
+++3122567408,1727975016;3591408791,3194235721
===1501638952,1909874584;2283672222,1466395643;320839028,2117111234,1545227630,1960351358,2251790800,1374160702;0
===2127375020,211832476;1873481610,2856940539;851442081,2836761069,2005210419,831236798,2588070627,1713798227;0
===1575834524,2256448465;2843005318,1768965218;2129850421,1294852182,3350721583,2395330135,3668733536,1580745435;1
++2320984907,3441422110;3085554817,2791351837
+++1602665150,1765950785;3640261553,2899386802
===2250701868,1489853351;1610681302,2114940962;2526606127,2942334623,3459988410,1358150160,2373069045,2385849480;0
===3114571999,2148655618;2162397246,455994926;2105250561,1870573026,2544490323,2110836531,2006161923,1852510159;0
===2406641497,2941604014;2069030680,1527335032;947626347,2400925313,671383802,555995489,2308708497,1709911760;0
===3364115519,1321450474;437683265,905577395;2137171528,2452228098,3521042500,1225977493,2033860234,575278997;1
+++2153979034,2229506578;1037338032,3450392763
===1188166618,1129619660;3583144552,1296000968;2922658870,3094236262,2248519009,2225481111,2101252928,3810646335;0
===1393157637,2989293213;1503242247,1083334647;2374669099,1121343114,2240697703,432438302,2231947030,2329787107;0
===489150270,2456608918;1932224204,3305402517;1556826046,2967015384,2573319771,1677898928,2427519674,2837257685;1
+++1053888714,1733313629;3109797248,1650161942
===3653011484,1603192670;2361523411,2738293649;3115882669,1630672253,1481996697,2004451840,2472516987,1955227800;0
===1425582508,2476671208;3538051661,2029363121;1722413376,3093574658,2767789287,1879975981,1504653363,1888698807;0
===2462383183,861961935;1806575430,1905550360;2965346839,3057127757,2644906714,2368853777,2313464024,3716081989;0
===1833168499,2261042832;2777614196,3826999617;2567184638,2238979881,1973417927,2841664986,2608028698,1029913944;1
++2964022785,1922586682;2750030617,2965931246
+++2805176479,1781612212;2502418563,2501946422
===1550188710,2797176099;1449788597,2047451132;2498031308,2235409517,1869964760,2663808162,2029880003,2222744938;0
===2474006965,3341447159;1962084663,2518722310;1337978267,1074347371,524217547,2835175196,2178425428,1479976780;0
===1300023267,2873437103;2297873845,3707587216;3020106222,704695606,2355643377,1936405727,2955870093,802008501;1
+++1683935720,2018617682;1310433875,2162956277
===2462915388,2187348886;3510287906,1922965128;2729694559,2157678002,1174050707,2392836808,1705800766,1934064892;0
===1370686825,786686531;985964485,3082514907;747770396,2245071052,4093948098,1698620835,3257048982,1159565899;0
===3874967726,1914709353;3049061599,1443793027;3798335564,731453929,1925312177,1769542249,2458221850,2036921783;0
===408150450,2073730065;3075195029,3605471313;3435338245,1866444043,2342570128,717166774,2398598628,2163977681;1
+++463331879,3311369987;1598582656,895334159
===1460992909,1659027555;2435837753,1711843817;1624481572,2312950832,538603610,891360162,2176880437,1324673198;0
===3108618322,2493774464;2087318925,1792632669;2089840940,2273313119,3286538152,1344583756,3421297951,2538633895;0
===2570231162,2014521233;2513923181,3551660573;376161354,2687956813,2248590467,3059488647,1769201512,3697765570;1
+1624750027,2675607061;1284348166,1960142215
++2776749970,2674170876;1634120931,988604309
+++1721974860,2209880128;1864601416,3732854791
===2949761135,3747972992;1281169776,830552061;735488841,2254763645,2507886926,1649110931,3839388612,2649857262;0
===1111927906,1341159530;2247131989,885860692;760007153,2157053818,2904117672,460169885,2541014128,480483685;0
===3927631626,1980224967;2032295541,1742432150;3113193716,1661283629,2771230582,2509775558,1385046411,1738830952;0
===2417446517,1581120146;2051086104,2846252321;3653822224,1964936060,2523660762,1982666410,2993174066,312646862;1
+++2836779486,3392238489;814867135,1530966870
===1466254683,2789523476;1917468541,2328159156;3248614229,1354379973,2656967329,2728326430,1962935567,3559966841;0
===1062346886,2515577144;3598475327,1923716955;4012056619,2862073983,2431500959,1678080893,1694116670,3016762164;0
===3334423959,428161190;1347394370,958036765;1083515164,695599578,3189329831,3860978036,2380872602,2547120745;1
+++1822480376,2315482320;2433718597,3904785970
===1657202171,267326791;3851528625,2544409805;3612817539,971246106,1124255647,3158382527,2965786069,1290658676;0
===2442083890,1738444559;3532609153,1713599545;3810839893,379100474,2363298543,3361212972,1543394271,3481545868;0
===1001806078,2060497233;959342959,3079142211;1657207254,1109176867,1353929699,185058846,2942510665,2212126863;0
===2808170772,1084827967;2747019852,2456215946;3326306039,3497112824,3117557954,346999461,2641544866,333741138;0
===1693247988,1709608200;1591630294,1131275625;2331859176,2260165576,1285612889,1169607782,3783907983,2781799380;1
+++1895897049,3809893706;2304853386,3394901489
===2177642926,2700082793;3279651090,691379975;2642533623,733654075,3669089903,1654748922,2702809996,3134390199;0
===2424083745,1701434275;409184392,2883882760;3582455098,2425378307,1062105179,1096651512,2108243883,1428761999;0
===3636689362,1812769518;406000840,1357237693;3886183384,2616012095,1710936946,1371997651,2125203569,1616155798;1
+++3629056264,719748200;1947950075,3394298965
===934034770,1887449389;3308605712,2965841716;2321072858,1367769107,1543298603,2960191463,2150097103,3214133901;0
===2901932369,2732399267;1690265164,3270525754;3644930016,1362014391,2916802739,2989693121,194735401,1761234690;0
===2333708953,3650154226;1439125923,2370371255;1382287487,2078113848,3843784568,3678427054,3240254102,2174261713;1
++3217015091,2154421864;1770442245,2225759738
+++1610028147,1975486065;3125356827,2127891718
===3004623052,1192911482;3393878908,1684237696;3656015184,1890625251,2090821049,1656162040,4034763461,967427821;0
===1561148544,721009462;1759807715,2531458315;1268166737,2656353397,3555394843,3232981567,3563927132,3826320176;0
===3637052690,2282140194;1434001460,2172713013;2490090530,1512041968,1767260106,2053740706,3346145442,1708433342;0
===2108117225,2079137626;683499755,2427584995;1752773890,3451329620,932459621,1212808493,1349126156,2259217089;1
+++2716084777,3230650898;4103330971,2359309918
===1934067891,3248004833;446868783,2891221041;2549120825,2896011414,1929551606,1318417459,1827901863,2131437169;0
===2835471492,2457562644;2289944085,2290487498;3736327157,2559228466,1728956052,750311978,2566922024,2101530161;0
===1545280410,2264615725;3271432958,802704396;1281998244,2751492658,2698278079,1424650679,1152549194,1597999649;1
+++1553261303,3475552925;1331337578,1956711363
===2259619680,3421728687;2157028641,135465433;3481750694,1998153879,2153930796,2025385878,883122161,3013318364;0
===1855396250,3355977435;2513065639,1058009508;3823756629,3553716528,1595813259,675228509,3396446965,3257608469;0
===1025799559,3037726551;2793922619,1680937815;2136300087,1560907746,3489945365,2774572068,1316408682,1439719867;1
++1730017621,1502692901;2763622490,1388320685
+++1131815587,1825719474;1700022835,2103248763
===3371469828,2916203842;1963558976,1301843791;1837672273,1815109494,1049682846,2216025000,2264891244,1442604134;0
===2930447043,2231165491;2183507175,2120019843;2277786788,2993094817,2014958877,2385566977,1133130090,672881386;0
===1806432579,1850765378;2198431209,2571627578;2605163716,2075180518,896586635,393602860,3745817018,2105649760;0
===3545403694,3361700000;3260629425,2062316082;1299798051,1198503862,1115962587,1737981837,1947920623,1991221604;1
+++1110219483,1872610723;3540864526,1768067709
===1528852779,3481177643;3021016377,623831815;2938878358,324884712,3558682648,2809138394,3757198118,3403078109;0
===1467835903,2432666419;1569604792,405412630;2487802735,2060660715,3113028889,828375953,2689851103,3047966263;0
===1897465625,3111800352;2548147763,1703414411;1828253326,419788746,2255838167,3529913033,849633528,1823133761;1
+++2311338928,3217390224;2206953722,2195502699
===2500780950,1344376578;3532264328,3450399441;3220428022,1156443937,471823792,2730239471,1691134051,1978677609;0
===2500634781,2106159647;778795689,2238771763;2692357264,2219720898,3089753273,1416194433,940709422,3576779498;0
===381514521,1423363246;1227949817,1390127667;3116603506,1131639608,1392725752,3139733795,2434690826,2700001126;0
===2811378656,1142663584;1454904165,3579561057;1932978938,2498217180,3145246424,3747064051,1031775201,2994490527;0
===2268212055,193244468;2961646899,1454766901;3320504281,2040259417,3031457263,2729593936,2158032541,3711351702;0
===2490121378,1623216301;2242179376,1690960282;2108940062,2375413649,3242298314,1575409335,3753567529,1618441297;1
++3365801614,3541876554;2390947872,2080751537
+++2932073071,2203501915;2101309730,2153522255
===2775737104,3025777634;3264951893,3268454872;1004614655,2197205653,1963222887,2593554480,1578529137,1184595457;0
===2599242790,2664074626;3089077117,1308226749;3654531373,1476030276,1225112561,1912390084,2996352830,2835010242;0
===2233092084,2187881254;1096610489,1626430422;2207547399,2772824012,3209881855,3240573664,1798136371,2271293060;0
===1860257010,1671552014;1755402947,2376542281;2337790121,2739125949,2835600563,661660501,1514584852,3401186315;1
+++1269087593,3007370079;1001469708,3666832553
===1896697831,1319689686;3433792155,2359667520;2537424405,2430483122,2823467996,2022181683,2361411648,2486359711;0
===2207602244,2040049965;1770775512,2255409858;2524646144,2180577849,2693622683,2378396341,3460224968,751060585;0
===448680329,2219556177;3511425750,1809542913;1968773526,956672210,3291961055,933917750,2103283832,3156500312;1
+++2000466194,1951067070;1869441759,3000630036
===1199957792,1879529363;3751342728,1041888507;3026152651,3429006144,1238884485,2002888892,1610622383,1251856482;0
===1388561477,2410514385;2024003615,2629120654;1310704125,1712029595,2240110745,2157250630,1936166796,1892599369;0
===2452444294,2286708392;1764467009,3049918563;2040616009,1668538530,2383298305,950479707,2132399432,512865248;1
+++1712137939,1755143239;1247151083,3734971209
===1798754131,2442749178;3149238333,2463503505;1306684086,1255617080,1802356635,2316078941,2662446746,1922756189;0
===1102144616,2483543238;2380546010,2733355757;1578573580,1409721610,2335740868,1974549654,2892869899,1895791754;0
===2380614914,2072384416;1322236084,707338568;2110979476,2594147175,2069548568,1734273080,1846406726,1963381572;0
===4080810804,2539118453;2683148438,2716175910;1773608334,2718314505,2789034988,2208066544,2283124014,3869076102;1
+++2855532517,651082022;3689314716,1860773323
===1601243587,815420660;891367490,2030809032;2485243088,2822482454,1000553607,3807032172,2723297599,976221497;0
===1629876326,1909540389;3481274116,2888693633;2018374069,1981733423,2147836233,1745413998,1060450724,1674968134;0
===3617727699,2016206466;2815087211,1700057556;3004575520,2627776503,564445628,1197839783,4107060212,2159650416;0
===2071189025,3208959155;2942974456,1392057775;3082262561,2412584890,1357366813,2354640621,1557935001,1940594634;0
===1513854374,3610963661;1356972759,602490320;2497885979,980074803,1677897069,3195114619,2517566236,2726740056;1
+++3372332388,712264809;3672394774,2135004986
===2646334156,4179112306;1248278537,958196682;2027505053,2861739986,2111297292,3016797825,1718868283,2998269391;0
===1493895417,2310764230;2718718223,2395620754;1983586303,2473669595,1058618243,2146138043,4039538811,3273647432;0
===1087758294,1510234779;1712782375,840819230;2176815713,1921209291,2877309867,2303379145,3068117577,1796134297;0
===3596105629,1042600439;1518502554,2869696528;2007042369,2217353479,2273252853,1213286130,3076736997,2436321231;1
