6;2;9
+1976698131,1587120339;3289359916,1512286745
++2400485383,1492513133;1802005587,1555584386
==3541512680,1663677861;2984508253,2468832729;2000033186,1266694795,1190461155,1253559518,2303636832,2294656983;0
==1709781094,2344837877;2986044468,1769637982;2500258773,2624047188,1438455862,1350339918,3961857281,2350538763;0
==338113704,1932577303;1309969431,1259192423;2079027779,2319434013,2705659773,1767948565,1782323386,2226170649;0
==2195078340,2636407041;2145794800,904044471;2340080407,1842916455,2588250827,3081097939,1908350269,3692071737;0
==1793261045,1714320928;1001908871,2605591195;1391470043,2034089144,2925711763,2198942844,1332442423,1499955240;0
==923569134,1680029888;426367571,2280328407;1482274544,2623406707,2198027097,3344445135,1442775502,2222673493;1
++1367781912,3016859671;1199263922,1378678161
==2587873802,2840663073;2228338289,2576422299;1917823369,2554361885,1714257167,2479863188,2106093085,3602658701;0
==2303851710,2172820120;2762190386,1825729349;998795395,1209117177,3794866673,738051356,3798734211,629586692;0
==1861929240,2326980137;769397734,2436096319;2220167436,2617144515,942603727,1730257408,3600996097,2057286709;0
==1768849224,3013702959;822739776,1506107006;3820051187,1827984350,2266668132,1998674488,2720090558,2165879740;0
==2683243578,2376245121;340787741,1316662727;2687255019,902365562,1825270102,2475968167,941738307,2077257372;1
++1869923120,2409212748;2556046320,1341358511
==2047342637,2556712924;2147779393,3583589283;1298262909,1243350790,3437602650,1919681562,2012843533,2099229207;0
==822828785,672558993;2400069042,1457449704;2072259509,1869807330,453686275,1803644004,2225923152,3590820591;0
==1612137153,2549768593;2483025275,2111531621;2351575260,2217974009,1059210621,2926106977,1712029824,876661939;0
==1596683619,1006042137;2130554498,2809668884;3153030437,1627041283,1702389457,2416634009,1107169731,2860979625;0
==2689354097,3020100825;2097790609,2465366747;2162005489,1459290442,2121382639,673238978,2873704388,2414852461;1
++616055589,1994238062;3571397496,1136424056
==1908876488,2809302971;3544907342,3381512734;2311545715,2031018739,1339064338,1344326144,2836361555,2105874935;0
==2662593348,3812918027;1814337960,860818623;2125678222,3525550113,1219238785,2546231635,1305104807,2199547134;0
==2798278520,484718165;3455527675,2250763288;2177205158,2050098760,1982121028,1431997212,2673025843,2371255261;0
==2168116353,2173476477;2133350674,4012048090;1514984782,1691183668,1342569553,1184998729,3477781314,1192530195;0
==991339621,2045888978;2177113977,2264488714;1500555723,1215771527,3152231002,2197694159,3389932983,4032473549;1
++1870342363,2155598321;2162472117,3795466992
==2413432678,2171760878;260522795,1990988721;1613971499,959931388,2423732461,1085932980,3372126784,3858021992;0
==3651543205,3699750403;1862473350,1942148500;3530273308,2475349588,1680929432,1541917004,2572058890,1333341763;0
==2339835690,2220842789;528719644,3901706317;1805823843,3095883215,3090623442,2283905458,3979291868,1683501331;0
==3012485377,1447880951;3525377869,3309125278;2975802013,665266954,1924230795,2335856344,2614169812,2354745766;0
==2060910124,724360885;1356791374,2054173178;2658084420,2335911732,2564507250,1966906936,1739834058,1679926144;1
+1899155449,1487420147;2457800173,832265688
++2512628778,1224528832;1347465989,3808084933
==1815711390,1065966966;837609075,656610281;2756897255,2753576201,2150513433,2341631999,2554914773,1986828925;0
==1320294093,2227087600;1798254780,2686317440;1287687830,1311512429,1562760103,2009377177,1378134004,1993603106;0
==2484558723,1768662229;2625082771,3522600883;734972251,895949418,1898317354,2461021592,84549809,1566236578;0
==2135879952,1168002925;2238577033,2140854469;2350001720,2326945435,566334442,2570236203,2647539361,2576621183;0
==1887978407,2464182622;1912513053,1430181198;3106083386,2372594055,2052154188,980588037,2224165273,3784239903;0
==1375535742,3985518465;967797452,2436109568;1473358815,2367390209,2977145409,2535289097,1930645117,2736801465;0
==3865337161,2176588086;3550909714,3657357334;1848572634,2259371453,2186669447,1826505244,3796747837,853221021;0
==1354303253,1574784823;1344416198,1928594454;319658834,2181152906,162787943,572129562,4116371469,1294203760;0
==649802008,569593862;2171756792,4026700647;2824915407,1643972511,3631028031,972158960,4062373160,1692156434;1
++1203741428,2301406528;2123378788,1965071427
==1500498551,2178006243;629786349,1921048983;89498368,4005670354,892759128,1232429155,1568839525,1190244081;0
==1497876250,3639482094;2903578472,2304868822;2431458267,3580741846,978396985,2339004020,1917123966,2193524435;0
==2972197496,2612277513;2491924610,1745035591;2784128548,1723612468,2174162142,1624491252,2668910575,2481032072;0
==2286171551,407532675;2573719321,2163497314;2920861355,2210599610,1605109748,1825532279,1898223851,2082768130;0
==2362015138,3559960385;3217637477,2228413176;2024400840,2478606262,2747736994,1521831943,1493527912,2373077189;1
++3183330764,922460491;1168848757,1783811550
==3975627475,3252677577;3817140697,1926212660;1835956022,2530174061,2412247721,1943111137,1801337146,2073342289;0
==2259299076,3414678685;1579752662,1461458934;1365591368,3638399895,1691517629,3567717555,1099605327,1485702758;0
==2494639861,4113076000;2120479167,1970631345;3618837191,522666756,2608991017,1654674812,1887420936,2629488673;0
==1531085840,1549340342;1587904233,787212498;3984134705,1929202159,1860262581,2611192978,2055335882,2814441888;0
==2798943117,1828296133;1934438029,1933099780;1089386090,3010449584,1968690865,1208715314,1566225163,2904524886;1
++3381740011,3525531098;1287971469,1989735855
==3703321039,1851077204;2411548857,2254489563;2593106733,2157637389,1649464257,2196886858,1996141762,2388553334;0
==510569931,2159546469;2401915947,2343123385;2320044456,1898684315,2539020030,2375637276,1128569791,2623774556;0
==1865731367,1414365251;920705173,2191403017;1365411738,2389354577,1823831626,742137005,1223321592,3824268591;0
==2729567150,1409116057;1174140237,2664938414;1007871006,2857891543,1288184762,946461248,1348365374,2140561365;0
==2122798624,2173525131;1210019276,2451284410;2809422933,1986532020,1513408576,3011635280,786059960,1123318832;1
++1246761314,1310585764;1583392305,1412209535
==192147922,1922098373;457157190,1955490506;2169998462,1142894098,2678747217,1819967133,2854726828,228162083;0
==1834778028,3337041974;2750846081,2408934503;3184805989,498815472,1422337229,600444126,2208376917,2290339764;0
==2306279376,1639117469;3798507918,2198242407;2350816194,2710784438,2123424468,2540609236,3448049501,1398099567;0
==3151851221,1622552182;3795139137,1738257021;771086826,1997214897,2636544770,2222177713,263112646,2941075025;0
==2823771792,2999902201;1746709845,2674720557;994546636,1274517780,2742928280,2128544167,2095957349,2481167650;1
+3538756535,868629071;2935052915,2312979110
++2719908110,585988574;2391002975,2163879635
==1988707993,1794465657;1395706047,2647870107;637139448,2817781504,830326694,2449821067,2912258701,2462850795;0
==2186617954,2493198488;3146048206,2556872715;1681093903,1255761287,2886070222,2405375464,914715974,1027060428;0
==3609671062,1225199035;3638843741,1315798565;1939351754,3333242896,2222328371,341698569,2058935594,2373628869;0
==3139809815,2016171896;3216167022,1729763585;1830500417,3930226128,2139681591,1297379975,1084335282,2313365545;0
==2093422275,3236890351;3369865146,1096050519;3286551475,2086775163,2604668410,1505703047,2403624636,2485159950;1
++2509713243,1126357529;1193856549,1179565145
==1635484051,1524926801;2865427407,3095595242;2769598225,1409301613,2254368098,2833156856,1018190344,2776462390;0
==484410706,2743666619;923597563,2061475370;483028324,2482085492,3798015778,1815264572,3330925777,1267571622;0
==1554604539,1020200525;4014389709,2137547712;3637293451,1458541598,3340424957,2676975064,2293838668,2369974604;0
==2188602110,1916813545;3185218536,2463224978;1910385277,382455350,3243062160,1196768074,777546343,2344160255;0
==2954376001,2854727860;1507849035,3629221070;1839285278,1727121259,2853848383,2245827472,2114874882,1428548361;1
++1592998755,1822562244;1376729136,2132436784
==2620250624,3548492599;1652893409,3215920030;3760592867,726579854,3296843420,1646901612,1672576259,1759353642;0
==2402128732,1632818075;2472068482,2477919224;3038986560,2918065387,2613236058,2685493961,3733951301,3726544084;0
==2768039258,3559918102;1517801346,2511190874;2835531641,2618476120,2311273411,2922248403,1409337388,1072159465;0
==1686671893,2124614034;1734499870,186130256;2849638145,2454332560,2620474859,1170349241,2344341631,2891898634;0
==690163885,1722597172;2177522439,3029228233;824945483,3138949870,3193495720,821216224,1592683612,1474788951;1
++1402878140,3301289422;2374387995,2056413973
==3367702134,1619745685;2610184896,3345364301;3522981427,2041640854,2677833486,2405141134,1565059469,3517315456;0
==3710437689,3511594031;2605794512,1419948781;348201634,2880071314,1819747625,1354700475,3373532747,3962491111;0
==1986382470,3680975950;1947055239,815226897;2846060223,1041675284,2249856266,1904862846,977636387,1882081039;0
==3328832359,2019233682;1853264222,3595960115;1679250324,1594682174,1357987681,1194496762,2142634474,2892950097;0
==3859427732,2163606034;2614409443,1855310917;759346397,3618937472,715517525,600462447,2455561265,2830323584;1
++2561373869,1850471046;836453306,3254461554
==2543973088,1918093827;2512424582,3136325931;2216182221,4109101882,1822723640,932128024,3949042637,3598499201;0
==2909126080,1857590926;2157417929,1381758355;3806273517,887911686,973570836,2206480137,2439607787,3555509585;0
==2814753135,2301677854;1346001657,1949067659;2835667024,1908357255,650655625,3152180234,2689847778,2296492720;0
==984451018,2806969102;3043722496,1374201343;1786615929,959626429,2674609381,2481925250,2194276653,1941221797;0
==901735815,3604205459;1944432264,3975472154;3993563028,2306988410,943337787,2364272424,1711871014,1403157947;1
+3677362605,2611018977;3037650409,875403535
++2114434925,975807249;1114079694,2628576119
==2971441256,1827907497;3901955231,2691824823;2752795007,2281338418,709991394,2672418415,831985114,3570256862;0
==1922217129,1740274847;1795844135,1893791879;1514133918,1940598730,2233892570,478956872,2279996252,1325017161;0
==2478113668,1381981542;226357526,3577439771;2284542979,2620781065,1236968672,1988525765,2268173106,3925193286;0
==1908762360,1307317649;2440571748,1975460866;1809315047,1874305837,2540621721,2002261096,3791137696,3156342917;0
==3305740307,2380924549;981748443,2157231464;2835999911,2188908551,1550240765,2746886103,2047910128,1028253953;0
==1398033684,3226366963;3220479888,3892344568;3659279066,2323156709,1824022971,2732482653,872707166,2886582634;0
==1889617714,2596086464;546700695,1851463879;2876964918,2128824267,3004231387,1055328966,1676167848,3155050757;0
==1568002146,1795981577;1464718745,2960258354;2539869998,1951113244,1421141003,2138452700,2235966100,3642625357;1
++812749680,2713293264;1853851788,2276295767
==1739167753,3334811134;3883455449,2987191484;1688017039,3035890324,3250353100,3119976134,1043554045,2210311485;0
==2799779073,2408802253;2796925044,2696122782;2559386676,1547559813,3392823293,2354478834,2202152749,564406957;0
==3163015157,1604571031;2711630422,1682974762;3205592823,2269418657,2087135005,1767288638,1225389514,3344750144;0
==3882127646,1752308650;2416959404,207874998;608537820,2102089371,3704070102,2692735606,3054999823,3829886917;0
==3601709531,2516287808;1843543722,539714955;2375398014,3138343847,2164627511,2182011809,1710656134,2865863532;1
++2349643549,2845182078;1960639559,916651919
==615594959,1401137839;1089142310,946966144;3290321070,2843605444,2897328542,2921371880,3791276797,2156258963;0
==531614534,2606803804;3722126277,1794616295;3798057982,2222230799,1459615248,3478156331,1579779422,1603493010;0
==578670805,2261070582;1628534854,3607214988;2762447876,3157938991,1827800019,686919781,3566971980,2702512362;0
==1814825225,1036196413;3190541762,2550582114;2821639983,1929982730,1494827086,1688515141,777340957,1678454718;0
==1751163307,916662525;1110439779,3340774432;899961672,544205007,4038003481,3440687918,2732590131,822109523;1
++900820337,1699999093;1733094593,1437102238
==1171299262,2102799719;2667885031,3667799315;2322963048,1526971909,1765153225,2236451239,1268033546,2526524061;0
==2808477132,319754724;2594553307,803905372;2575709182,1398116916,3945333586,1978679143,536357926,2526399727;0
==1770470824,247796673;2663315303,1500029788;2037684592,97652323,1764685909,3354046638,1416130670,3773003802;0
==341845123,2326743051;2839743937,3464299265;3169788400,1523461641,1401260459,749952007,3743470760,2149550252;0
==3112241026,2956784633;3232649592,1104897207;862045048,1697319836,1070017872,2222094023,2939451335,2311542812;0
==419952846,1529998781;2174837948,2638192579;1419174949,3700249162,1622623070,685041564,2308971317,1401010662;0
==1988557213,2518978353;2519378688,3045272947;1838894661,1866689448,2175159770,1520740355,2658325740,1869651955;0
==3276052912,3095093010;2015274901,2748847692;2207416200,355410142,2472321398,740759023,2674154907,988973883;0
==1806197800,2903365448;1828626773,1224949816;1721595732,1863887129,1262483609,1552311362,3035012415,4109427812;1
++862093098,3414536124;3256899267,748137955
==1304334244,390044171;590447774,1590311875;3456873165,1375485583,3270124503,2044786707,1350848877,4022095405;0
==3184935028,1213725654;1652693379,2510886710;2844386810,1239583623,2607321169,3131501809,205989201,3499415374;0
==3388550154,1862536405;1651077761,3102270281;1557229651,1755311248,2132334780,1701688871,2321632029,990651510;0
==1693854112,2801003926;1802858149,2928189090;3834161729,714683669,763273153,1292201983,2864352546,2429042259;0
==722459521,1616787357;2689815912,1579516461;3347458514,1945242206,1864241297,1547506621,2498480004,893390171;1
+2201803391,1900638518;2873114565,2287634447
++2614926669,531568943;2325942945,2849484591
==2741127507,1019116186;942752722,1862306762;562762418,2293818296,1742884896,2895772164,2837627869,1911794035;0
==2475388167,2598534705;1604616082,868151765;3127854141,2868102938,1716614091,2918624736,1411073706,493968497;0
==728177392,3435671577;2212485374,1049842662;1940996637,1478101873,2049014392,3600435044,2992321067,2059555222;0
==2585438470,2943208032;1773456099,2082020854;2836871879,1854793078,2265302371,2322270510,912187863,2472547200;0
==2306803548,2825111086;3451857551,2502476374;1752504790,2377607873,1170314089,3863437991,2910778423,3574650888;0
==1837652188,3619964216;2126955454,1711232468;1613098695,2004825390,2055442025,2181353453,3340489534,1241536195;0
==1735531758,1919233806;814077069,3216446456;2220781988,1854059673,1306892109,2235917245,3529471720,551101665;1
++1885816323,1839706533;2513917122,3914943591
==2868435072,3260288613;2716138856,3172699790;2184998181,2273931073,2967038496,1848397142,2564315924,3410088091;0
==2396439855,2363158065;1291632849,2419026644;1489368304,970140910,2287171050,1075048836,2919589872,1922313422;0
==2363024314,3158208621;750277709,2305553140;2224261147,2023585082,848092068,2757994016,2093798808,2923124900;0
==1472826517,1839833545;1191342542,1992279114;799612604,1501609228,1708621324,1591596666,2235944260,513612299;0
==789329930,1863846488;2831641773,2271624627;432586371,1725964655,2386064134,1821294684,2167041444,584205609;1
++2720697590,4035078784;3918618737,2403457760
==2875833132,1005885311;917483584,1416437322;2960487850,2208738354,1314118752,2351199119,2574042313,2457411819;0
==1754472915,1664649501;2589068188,2318647822;4066251382,3065772754,2325080603,2820761248,1902718840,3653004493;0
==2966122465,3017295038;733064696,4155830214;503936230,2135662217,871277850,2693962368,1467090918,2394958604;0
==577127801,3623531396;2290191916,3365414710;2672753614,2934302252,2608041283,3429895193,2422988638,1310997554;0
==2617885870,1675031569;1848759260,3044304863;2112803707,1354884739,2402451608,2007948244,2032482333,2859165576;1
++1299199284,2344078697;2037292303,2264447425
==2425521968,2148885786;1208778257,2374020146;2223962842,2568257492,3329649897,1015200622,2570107764,739511760;0
==2397184150,2841988540;1116846330,1921483437;1958951787,3077347846,3449123684,1416929692,2736911111,2547344859;0
==1075797906,1916284749;2936457119,574447620;2003885679,241326267,509605230,1856190195,453483554,449927791;0
==3451233706,1619580563;776440873,3974961217;2851581539,3106217185,1099678524,3181958218,2356087547,1746862953;0
==1125842885,2128947234;2168047396,1815801349;2492297621,1745397358,2880640083,2412554634,2516635203,1533952423;1
++3656191794,3278933570;2549352653,2652237407
==2454624955,3304795308;2311964034,2672493545;2875258101,2766319821,1061089113,1165593318,1353962748,3176784341;0
==2429377401,2234651735;3841264278,2089938261;3640129415,1452265297,1812760947,2545258062,1804100564,1404843441;0
==2405840470,1861270212;3937137214,3207634421;2308679504,2721467797,1852010017,528481285,2075535581,1617178337;0
==3505795370,3045993668;933440828,2064381741;3113874325,1504676638,2505282482,1744158079,2600400698,1419855495;0
==1712728962,1024852539;3324763396,1195733289;2588772096,3811467398,1058781574,1717070343,2788967000,1186720167;1
+1447625554,2978318599;1468129244,2554628262
++1619045701,2289176165;1236002062,1275768177
==1672196825,3104588743;3869990568,1246774222;2446036780,2935681590,2314935191,2581602014,2453263555,3070800088;0
==3366916221,2715418490;2164815352,2768687161;3062530821,3473334154,2938015189,3940920351,2421890296,3711472643;0
==1227977086,748239765;2931271107,2653616250;2458133839,2375983521,1158914826,3596715237,520707833,473795423;0
==2321744199,2642136959;1397140021,234302226;3278238072,2966004055,3415948727,3269320030,3934639352,1726286190;0
==661265656,2781944326;3717560696,2430138868;1613805720,1935893638,1187624566,2147551304,3096692048,2559667788;0
==3443237498,2137070388;3442609497,2419268222;1447503472,3073927340,1552459929,2981529430,1655845434,4013065061;0
==2690205430,3340732347;3417442951,3036917711;1613841490,2622409373,2983549863,2500641197,2549079661,1953305759;0
==1678649282,3877944646;2724080193,1606856290;3231835941,2736953925,2200007399,2211222166,1981645334,1766053682;0
==2078890202,2259732108;1796465490,1624007161;2419531548,2636737455,2789894662,1773975041,3172182163,2513009657;1
++2840968921,58891069;2124168387,1599623728
==2872147989,2277419943;3631587967,2010959154;3047253853,970949254,3709932955,2940128848,2882188354,2950884272;0
==1087448391,166296443;1596398521,3336247027;3196452752,1760060657,2816439633,1434104969,2353212256,506912166;0
==1305825357,3638777790;2737476526,1059410011;2138092665,687935834,1973240380,2863049546,3535009293,1659666923;0
==2134852729,2440933660;1599180389,2399022367;2264386967,2281278009,1682556200,2806355549,2468088735,2111246380;0
==2849246839,1731370990;3577055926,1607503110;2464179982,3668952756,827321465,2861796845,3012271817,2793155739;1
++436979321,2480689724;1564286282,1235397660
==2514732682,1421217766;752551639,1582260391;337625368,2165657650,3960928462,2128004081,1655299391,1544490661;0
==1018235251,2007761246;1753179042,1477041747;2619496501,2344112754,3425606278,3386183067,2047588690,954925944;0
==1416536402,1298898661;2511740956,777572000;447037708,1290253788,3496462833,2366781208,2441956522,1731983433;0
==2269555635,3818824816;2500795298,2410396819;2681285661,1561839045,3019480663,2168772380,2405823711,2700200575;0
==2696697758,2879680205;2573313401,2995738382;942515999,2046448949,2276489327,3233552463,1687446389,792616893;0
==559537198,2196139500;2159299190,397911919;1767554882,1445759932,2106484099,1090431199,1045941179,3403805771;0
==1299816533,2038604844;3040951658,843179336;959629094,2353536812,892877682,2680825303,3144557289,2752411774;0
==1261582290,962989048;2026812850,1687076889;2678548531,2367178801,2312292271,1293153608,2040178217,1902400846;1
++2089587501,2128023432;1924468711,1650301589
==2152601935,1231016318;467879521,1228383420;3394856349,1328886497,1458192297,1552059250,1901613377,1147683788;0
==3611818684,1462488359;1285423317,1341035232;2822232303,2697385270,3872183680,1905846073,2900129107,2176631031;0
==2909848011,1948648057;3389225728,1101532865;3454366254,2555836561,990667811,2337039468,2817393231,1226516841;0
==3321758256,1842934615;923304468,845537423;3376414427,2736814944,1942980335,2737944834,2414590543,875482499;0
==845637251,2147626708;1370280851,2714084578;2788878981,1963072183,750872115,2639911703,2167509052,507629944;0
==3612158797,2108291378;3789040314,1256959303;1289042175,1424331881,2815436294,2614239134,1088970585,2173360271;0
==2219729319,1512082307;3604424732,2545689298;3789312118,2040281275,3203274288,1242422977,2218693351,2605297679;0
==703338805,3253231714;2103886078,1560354931;2412991615,803213480,1918862441,2105207810,1848384885,1621568865;0
==2017941875,1034774113;762883771,3177291070;1876073512,2956101992,1757570735,2065227572,1177965706,1970589701;1
++1760017418,2873497784;2298242093,1349799607
==3494466661,1996434332;1482254881,2784488544;1733064085,1271544582,2067645869,1831116069,1949956497,3718874758;0
==3107588378,2364236284;967969170,3631552755;2997810152,3009386730,2231129433,1281804367,2934323843,1869994796;0
==2698288216,2527934083;1896548849,3120882815;2514058452,2599504547,999214540,922603734,2120381779,1335066414;0
==1019591685,1625997589;1159480737,2296967303;1901325989,1599909919,3201685085,1052794714,604554615,2535326822;0
==233672224,1357314343;821297733,2603947167;2307372514,1401402243,2635530905,1951778435,2319346092,1352517028;1
++3193769567,3150046022;1274258874,2109424539
==2351832593,2086418851;1666071818,753030969;2319941125,2772108145,2872982829,3596994394,1527231100,589116005;0
==4104914801,2904673456;1815012188,2749373717;2268456698,2054381431,2596435153,2267218441,2145892420,3290078713;0
==1238211032,1496567830;3232164277,2900104986;2662856278,1627087445,1089953303,2932939351,2693795598,2315794942;0
==2405927144,178945566;3928498590,3646746853;2764496415,2439585576,2749482058,3086998714,1499352116,3194879571;0
==3756239421,2165940519;638966668,1661040732;522462530,2229460211,735158902,2478376595,2004797589,1971106986;0
==1489083060,1724017962;1005947541,3157830040;2012726843,1730819634,895415139,2760429620,2307282349,1831796275;1
++2226080803,1597669451;242200330,765016319
==2653724713,1546876541;1590758262,808949060;2736224119,2486310976,1940574173,842953086,2411478151,3077880847;0
==3281670319,1527063794;1245606510,3670828866;2075362525,1509862522,1297443060,3623582342,916973710,1286203075;0
==915077575,1015684646;1960334366,3057470768;2521208338,2063534325,1917567013,1451977157,2162351931,3197537774;0
==1612312485,2164350276;2333915378,1634504448;3655284631,3429456025,2722509455,1699491805,2290231103,2898747813;0
==1503263560,3153213613;2203478507,1280942352;2326571975,3662450705,1600749778,1193340995,2948313909,3144615041;1
