6;3;6
+1277311751,2095446285;1464410022,233553374
++191276675,1119253435;1644445425,625007315
+++77466106,1715943654;2009743172,664588437
===1638745358,211012266;1122713052,541256920;1263906434,1516826331,2067101728,959348200,1789614852,429924845;0
===577760481,2033498838;1114004616,1103716744;511394444,1990739719,1751282356,1650917545,2111828193,637345149;0
===1042713124,1571744465;198975565,2110295834;1843685440,2123055417,737801373,889472569,616009855,395075552;1
+++1857680210,958147187;772008465,1366092799
===1274067721,717606384;1599303869,974905933;703326082,1100521343,1281908251,1977497733,1513457522,1769200719;0
===812098133,658938401;484701687,1346063213;2064555491,1246667497,1991741584,768024221,474187321,10224531;0
===1399544903,1083112855;1321065154,613966319;1156424983,1571616983,611817022,346727253,550775598,626537660;1
+++1941123877,622011178;2053329098,1716286257
===1015761621,2103834065;1091280961,871114688;1068812563,401471490,2066375681,513875372,447966268,724797544;0
===72109220,1079821926;9783123,913091698;155243185,1039228062,1266201110,2066050688,1161332593,42649319;0
===1196622239,123080254;140675267,734988819;1804887646,1277917264,1865765796,1387930518,858128761,245624349;1
++1139861496,1809030885;565958607,1752947391
+++2036115896,1939650427;2016866902,1257082134
===2117152162,1656715203;1243314887,1228203275;271066040,632490432,684637455,1302922905,309730143,1296210488;0
===37654758,1624082829;1408778251,1292023480;2144461822,52146231,657601864,791863776,1149522985,1483683502;0
===486789077,1086526136;2133114401,390092226;400848798,308511621,644217607,1780786321,1864114779,1647795135;1
+++1655087979,412022889;322579869,1764134203
===1894827991,1877328973;656043547,330801116;475728532,733182846,191846832,1689145407,1761933490,1244116637;0
===2024611117,1359809551;1829748983,926246737;1678080314,517202038,1331216396,597694653,1694231282,771309471;0
===762066504,1643939559;249361497,1248031299;618938152,2062319609,409717398,1411486008,630686447,1739753211;1
+++1491937570,1865454866;742651871,1452501933
===1818235896,1229851180;1608246504,555627549;638177527,2130515142,1011855191,197728420,1531007002,1822161884;0
===20126257,1837326905;1424580226,804978475;250773292,1723563579,160501068,1537073042,537206082,689190574;0
===401500314,477125895;1067973581,1438954369;1297164122,906265986,1401982180,1285658179,933632200,682193306;1
++271741925,1603812280;800316655,947362983
+++635985973,1020445002;1809797538,289723274
===1306866712,659896401;735675666,26725224;1539455481,217438722,1745851942,1962552907,1783974510,563343066;0
===145206680,200216572;16961149,798328352;663525570,462976227,1112242851,649278253,266559456,773138388;0
===1559817111,2024149917;1975238879,788508591;1153489863,975271172,326246869,1069561035,1872845037,739601765;1
+++690154832,1385477684;51938157,559246335
===316312691,1306853999;843445267,1010455862;65349827,1357350594,1408154299,990959032,706497753,884511574;0
===2001219937,1957320597;1140167358,1973241297;222981007,2011037191,1551469112,1914393790,49988442,589717455;0
===378111318,437901523;1819966473,281756237;548639317,934401659,1870865834,1001352639,1100061457,1530507025;1
+++278998438,1967924047;771292984,510964745
===1757762443,657814018;2047885178,191784651;718724662,1250318977,1490764689,248790839,531326557,1804601389;0
===1027049373,1905653612;1241030767,1659228256;943530230,36272369,1334447143,1207059486,1144653457,1882900600;0
===902851990,742489088;863466548,1252966495;236680447,1690264550,954522059,499524352,838558644,1319855875;1
+1684522317,134649099;1621699774,277249069
++206574456,1364859292;1412711971,1769928142
+++985230520,1737139800;1445990509,357967204
===473130578,2126149269;1165082645,1219198532;492322097,1526564251,2032375470,738092672,1195751405,1757047738;0
===1024337657,692309117;2099512204,1621520888;951188413,1877900372,1275982016,133581040,1857878114,1228848366;0
===6236325,2110714650;1565784589,936440072;1768197795,2123636687,1098669641,392543519,956595247,491790964;1
+++1730318590,1846986258;1602684592,741547354
===1766343367,1100442706;485029886,1046367068;1964880570,1707303604,1667310694,967156083,210286721,1753332818;0
===580029300,1983368156;1268389807,219843497;3323631,1803505824,2130926706,1085231283,477589134,856018506;0
===999101782,125976228;294402550,443794698;515939446,1421251148,303126776,1015073821,1428605761,752621296;1
+++796864044,1535662244;1558904631,115925648
===1260982459,1558371001;389555138,1014589798;1197313226,1715124087,1170292107,482651697,1136933113,1528863646;0
===357582246,28247961;1314707585,484739751;2088094189,657206311,1884823900,678228756,877609394,809813330;0
===2112385978,822362240;1828979901,759379960;1679745660,423964711,675609691,1753764280,132404094,381188741;1
++440291901,148808960;547597188,1558015400
+++1755796180,1079290028;1869756785,683912815
===334277473,1840907580;914751432,899075598;156744956,269108007,1827851085,260100438,2020643332,1485860970;0
===261702551,1249710781;1087465183,1522875043;1400771734,1519431820,1167385518,541172608,569386562,1765088724;0
===339948460,1112768923;1190230539,751497319;2028581290,305784252,73054856,1571199073,1772172878,1788624360;1
+++1442478978,248361709;927453474,2045513260
===1858067858,1616936962;157022642,2029440673;1102342416,402115428,621038497,311304405,1017265687,835924843;0
===1187983635,1414960980;665514052,1055458004;1947361864,1987629424,1397118181,1546107862,2036178967,13607063;0
===1145134385,54790318;440320929,1299609125;792912810,1856766558,1269710558,737558230,942035093,2107350075;1
+++130942927,1700534120;1467096458,163008360
===601805467,469581743;1509559097,557014434;1195323290,1299487310,293715916,94885808,1819321430,851466211;0
===1150244691,438416495;1760865485,906955241;1466716177,107426067,1878565427,868175025,1563401491,1973342569;0
===1915115584,1496884076;1349095810,1409469788;2136899019,728373478,1716621158,2142498729,883702152,1044694457;1
++547274839,1349605956;181401612,1195047749
+++1882663680,104958704;458692416,367479350
===207740375,493641369;1669823644,1857321690;725894172,2057851205,1941578254,468295990,547212886,1797110532;0
===462644703,1872107949;1556028831,1200199718;2068025111,1850080998,704537129,1121860860,299661120,2083622974;0
===1667539170,1978420453;1498595713,990074014;1231260914,1914998275,1755838122,1868827403,1407504358,1570898994;1
+++67377649,998257735;1212075852,91935460
===608668983,668359815;1936492628,1902714677;727568036,331863144,1744071209,2035787691,293519267,1607895882;0
===1090718238,237820752;775078130,1676871504;117748505,600401528,1287650321,973164142,1361041840,84367942;0
===402912428,369522157;501603722,981819031;1886090375,270318289,1115766111,1414390606,143288015,263442169;0
===358266505,1009256725;1617160154,1111316766;173390924,1926151810,898432922,1484396717,224892977,850794605;0
===1916322679,696935645;1631509429,822024563;353287895,1247561093,2035110571,1144481832,1304390078,1579758300;1
+++1389372099,2146690086;941169637,2049051188
===794516168,711388829;534578600,239639224;286229234,2100270146,1101223334,674119194,1833765436,831918341;0
===1801391764,2011006796;524573407,692872467;504855486,194025412,1148920255,535884754,1659798777,1851314909;0
===328665514,566302404;341379565,414556358;1805383065,1863827604,706394343,205947041,893200037,66766633;1
+1354690851,117116531;432107289,1013596338
++1297670547,284665602;847661608,865222505
+++2100745663,134366356;1788636900,1885780793
===375607193,1281181668;422792242,187056881;1517540749,1968531111,1168081132,774255074,1466527128,246796496;0
===1260464215,832053237;1522405184,1179735817;1086292664,247530901,70570450,105118579,1573024205,1045027113;0
===154653768,626001482;979328816,578882474;1200390865,1416207229,1587230852,1071458213,1650538546,1174127057;1
+++462840543,864347438;1371888742,1980094248
===1347057299,1159374175;1504844320,211718424;1665436994,1069772563,220583907,240209961,525167367,480900324;0
===726733942,931990654;937754779,1034140674;1919747067,410719388,958514144,449012725,797943046,603314750;0
===314468942,1518722133;1333476786,655809377;2125179084,1308152083,1456638638,342369806,774939625,461198359;1
+++31401024,763417887;1909428450,1548518189
===674234294,2133933779;1573555224,2059562839;125954767,1557850250,1476815915,978169502,1302239076,123712868;0
===1463765467,316977694;474130591,949280040;1730101970,1967653590,892011093,1617796183,1582196398,633691815;0
===1619808001,1010239484;753000099,505646892;670379269,1311564087,2143288733,913320053,1450532121,1525866493;1
++6855502,1717605458;37509392,1142128703
+++858068115,1174518494;96891701,1169683442
===1916816425,945605396;1508723975,645363552;410746642,498310076,1261447685,327042161,290934479,1295674149;0
===765587704,211762801;2081104419,1833027502;305988147,776353276,1870197391,1895551519,671466206,593188649;0
===559965813,210589046;1258576530,1912117789;496315210,1997780285,2119006481,2086791420,1149092168,1355874532;1
+++876782932,367862555;2067014727,379196122
===1962738569,1382166743;380594616,601761753;1889778344,1297659822,811002240,1865080880,899878149,1977933526;0
===711264464,1811246596;1830404518,1744523441;701007134,1775783514,1887470119,117262578,2093332886,640876170;0
===2055820097,229262385;1142693658,217987951;591531669,2051997489,254500311,647332062,250157545,1154214415;0
===1825752224,1291557621;1115160704,32497149;1338967049,1293872713,667999194,2123614482,1386155689,1695726978;1
+++1368182952,1356222216;220554113,1453072397
===1232016746,2020654274;1120158110,1325683378;638849949,1830639255,112258383,346637973,2064301711,354676713;0
===385686721,379854231;845811518,352899629;957314116,2135913919,1914375490,439185286,21451333,1837308027;0
===1041859331,2067859772;1638185672,1937303222;1667045164,73947722,1962540253,2122574411,1269221145,115395758;0
===628205141,1362409028;471158576,1011216960;516883697,1803082530,1016932480,1331376582,2043198578,1411032352;0
===320969342,874636396;424390423,1745936059;1307388608,1114046042,1537089972,330022456,2027033444,1254645434;1
++1437285824,1520050511;25616923,725030872
+++1984671530,1738420542;908994209,2017975107
===2397271,1618205847;251762972,567914691;1846651080,866516936,1148377827,216240781,1851135794,1922273509;0
===1753891315,1187541440;3757830,1409970616;363648288,86998779,405690329,1392641318,345645938,731550678;0
===28676186,1476346761;379154204,1416131088;570503166,121786574,1722443798,840869131,320156689,209023177;0
===634048034,923907824;1665145637,440079244;1124193342,1708492737,1182467620,1479022954,1926849215,1294470907;0
===1296343580,1183774853;821060484,1802146224;54196973,436239478,307858179,532916734,113955086,538213779;0
===475595469,949669758;1210185273,1727988095;1496872607,1194605429,2002181585,1861153273,1614962500,956609375;1
+++445308454,1004891043;1614690573,751954
===2113866274,1382056146;2056897597,946719401;779692556,994276861,2078604080,1481360059,1039568040,525369071;0
===729572552,1107579601;1650198695,574193038;2087895903,2117003743,1947999307,1898432144,649573586,2079998326;0
===1914655323,139932675;1003490028,399420257;1105495864,2059835806,163548739,460421451,678720934,1686752194;1
+++892380710,116533505;2041617883,1559394286
===500523400,964087625;1058953154,1508513384;593989119,215143942,877362993,801257617,1038330142,1670213716;0
===819418109,1335766685;443521886,1344618569;196894153,2102891383,502322103,896562698,34255700,554199879;0
===2048426135,877611045;1277844690,713822518;900085834,830082986,335900767,1308066566,317308379,1521049688;0
===547332689,856697147;161878129,1920376729;1128412701,1572534705,191926056,984936624,1074843294,798442370;0
===1357133501,553888523;940066699,541473797;1079362629,58300134,591587365,395682507,1167982223,656110531;0
===1554082453,1350697808;2083488459,126218238;2146118461,1746779411,1177672305,603170993,417009717,1300693710;1
+2068428520,1429496675;1632879251,1196418497
++745268822,309257628;350187189,1062401633
+++722421486,315838392;1176048895,154237051
===480081797,1578455661;1925912890,1552193736;1754875079,1533441768,1759509229,1314052635,264715055,2103544536;0
===1902687224,1138361811;479418882,2091622854;1733446482,1598409400,933055137,145132278,877014823,1948391914;0
===1298303529,1610121152;1231794036,1000315558;1066157149,1013270251,1223045848,691758831,1095061625,887418437;1
+++1973670047,1682586393;1354839010,30674042
===1538675526,2031689829;686642787,1822262862;732284933,1361659304,1687424316,57652308,1207058100,1563228481;0
===1714214408,541381652;81891041,715465682;1149700759,89731473,1836394355,614395984,564593334,774478854;0
===230318301,2121572850;1263799482,916913385;1184929287,110853737,316377666,1272948991,475996158,1801027504;1
+++425615573,1700794852;231509774,188954189
===918978356,1086508698;598660484,1490987436;1854956222,1336692051,1579024103,1285776859,911669643,1148540973;0
===466526698,1950397403;439348454,685773583;1619163429,1151743636,726862639,1719712952,251393372,1818465302;0
===1352940527,1626379429;1072818009,1070422267;1233789628,1230681206,411660184,44544939,400882266,1220930475;1
++911545403,729398072;776986950,1066901345
+++1178875790,1651433065;281147795,781692050
===1370459824,1854391286;1605243369,1502067931;800416214,100367150,243327330,1619767753,943437572,1373721817;0
===1110419961,1768192956;1824735669,1925602620;1231409464,280027299,1200174987,1566924129,1228695094,1208726183;0
===858106688,206563481;1543635373,1335103107;1837413976,920056604,1697102506,1662209645,1290228280,1934918782;0
===830051118,1169410509;1803595910,2080416912;1391308540,210468669,25972406,1019190049,1795640166,1701807850;1
+++362860338,1137798422;1319025054,426153294
===1248925144,1447225714;282301083,1480962739;1196180070,379818810,124975503,695992871,1127774516,296487917;0
===1290605213,1224359800;1638982535,2135496564;684227718,1493743655,1949424561,2136122863,848393706,523440047;0
===1658822146,1553832845;474111481,69115497;1875674743,717580429,766115577,765342152,963097567,182667868;1
+++1307013572,620786956;37886297,551844587
===238013305,1461648523;880639763,9551108;55657717,1489618288,1995113258,528911224,1722086135,1459941845;0
===1900845103,1066765039;119648327,1124926810;2043721441,396004597,792715018,1112627459,1007921112,1142101734;0
===814811022,2019521626;1833066030,515265357;266248361,350351786,1140845704,617901556,763854911,189479061;0
===810349575,1092531221;1367345120,357656202;45108992,200031250,1407715745,970988285,2027031,1895732732;1
++772241920,319933976;29624764,644967149
+++643927308,1478086416;1379348829,524029463
===1810980429,199323593;1625851542,1843853550;1616177054,1216624992,711901168,912577020,488884262,1246491964;0
===926790250,757084283;2066539122,1724210933;959587366,1242676885,2131404320,79451389,260730669,1780832285;0
===1046276278,1322527108;717609241,560830108;562561572,1754928604,1152840928,1876700251,756279038,1544193265;1
+++1130130525,2037012705;843936730,1927814929
===788649315,1026511234;161139545,1585537625;52741194,1899796957,1427095360,945111037,967808685,799968765;0
===1726382451,1761014948;1815568506,623765617;1978546338,1502767420,160446122,1320502793,508160818,1514834392;0
===419974077,1159349999;675034249,1317936272;191699337,1585942970,893577053,1659615619,1814220396,1182606174;0
===1929367475,678717621;974863946,29269188;257379736,1397491054,341194034,1534368014,160864592,1636163105;1
+++2125572065,801181996;1140210068,1641244680
===821249063,1749239755;1857930952,1853983541;1833847307,26562379,2094084148,1906579721,523034127,1258034448;0
===494942184,1301187754;769501259,1586265973;2065937251,408822454,571795947,1034705808,615535915,1682955506;0
===454360078,1526455802;1672622350,531491748;1970355629,758352310,255300974,743693985,984971832,71543211;1
+2062476339,390710107;1192829951,1820355223
++848661572,81268313;789027719,2109818414
+++518648356,1614867673;1496728291,1195938
===893368081,228993921;1280966581,2061305144;2027880324,191294302,852853555,1924053713,454387834,824847049;0
===1212954608,2143635365;733879546,1940587655;1550990569,1520791874,115739796,1712708489,193284201,2123424033;0
===267940450,2057263475;601114893,1452038101;302033055,1428471746,205242093,1543226693,1221565553,890585968;0
===669113357,585802696;296522532,820179406;168996108,708516701,489374820,1589484019,12366258,2028564459;1
+++481263829,272162523;1430939649,888690318
===847402771,1407510098;920069317,294892883;196348480,1566288900,274594471,1331294030,1173443799,82278175;0
===1610951424,502985861;304115871,1384773819;183549473,299972018,760928859,1098378542,1843341682,53206255;0
===513602726,1920301371;1646443275,1964343184;1805254903,1830576743,214715768,319412081,1711900686,1649547280;1
+++832012400,1867752088;491553914,338977915
===1745770091,1999244293;224277990,1426311874;303077354,2065054981,1210350809,211010924,124032178,2138884248;0
===660928544,1010896204;99927109,1411495719;202246166,2103601111,1083103264,775786887,1695478705,239470698;0
===1732329632,1836187273;1444044272,317863316;1809463208,1654491423,1695222664,2003427748,844216696,785862094;0
===1287437701,1460683316;1439486695,150464808;561232720,679950610,104898950,2024237178,1625239276,1885024956;0
===533580221,1264500124;1384879397,1332218401;602359360,77968310,1018117259,1320117512,376334312,1080422893;1
+++819356371,72712813;1682748842,636710058
===2006093440,879615100;154265494,1897116991;741494774,1886922264,136532053,1710712933,31385676,684874668;0
===325138734,702453858;1849362931,89728072;571245310,1479554225,2128383359,1935182710,1738049318,1709351359;0
===488774737,523078503;1990449820,1421344837;395942419,1649733717,952482125,1445577437,1741944189,713256681;1
+++304813642,2000071435;507672489,627822756
===1237338151,2060801708;774353622,901324272;925249424,1886853123,670894494,1045040139,1842746631,949922818;0
===100376870,418161834;1780886520,545820594;500573384,1448407620,435002798,102486110,2083353996,1153511264;0
===1582729609,158923038;1204937510,891152608;1791747454,2084301226,391336260,190133412,638331547,1910446465;1
++952189943,755494077;1039632993,168938369
+++1869539234,2069237832;616057300,612319446
===674640768,1622637251;417516426,1898853539;31395066,286412802,1123280276,1663615282,138218807,1408833158;0
===1360086013,1625628567;598424065,5196932;1235319840,555192449,103176932,440876014,390096323,77568509;0
===325349399,17084907;1491943024,1233457409;1223717879,1276175048,428494979,1249380995,431805577,2060486149;0
===375314966,1744287765;2120444723,1560847725;1420571018,432421194,1771893670,1713793687,2116348909,50172038;1
+++464668521,709242858;82197963,1774278063
===1431037717,51559587;1883206091,321218228;82060876,1267964561,1885686224,1990964697,344188540,863503329;0
===999113455,1163304122;1195915782,1195509907;51433222,990670660,1133720697,2001043024,692062744,52466782;0
===708183650,71307355;850811948,1722308002;1464156654,429857644,541984566,757998386,1406022934,714529795;1
+++1751817452,577217472;1134364826,1868859489
===378824746,773517598;1597640853,2119857037;589370550,763615860,1877131442,139827116,2117355569,260455001;0
===695944346,671966429;93374714,1257523364;2807155,472303276,1750536245,1975508263,595773331,760683579;0
===1456214928,803001706;834500345,1033616655;974148986,2071629942,250048416,1352508768,2072812155,1667739304;1
++2073058666,839826029;861024083,810668654
+++1386098733,681847476;1425328117,1119817151
===129380249,1008202481;609331893,1228809992;697162953,1425179171,1649354558,798010194,886706333,1425841648;0
===539478503,1613202425;1079734467,1193729867;1087717429,1001536132,1307855806,1752660538,1950541792,1548410796;0
===515650627,1322924238;1072650697,196104495;1248241159,1283274686,2041160373,2011948904,53948824,1558647890;0
===62285922,135026054;980697006,1132040756;1661923778,1888792243,1363501698,1531417053,2073530968,595618198;1
+++1699900724,2064232231;468054671,1144501396
===2063552337,134903880;694182168,1899892916;319616889,2133804478,366240043,575005656,291636326,876303102;0
===1726872110,1709993161;2075964428,1916759845;787896614,1233097215,1115323500,1641815975,722219658,440797455;0
===1552647693,663817513;649329241,889169656;1287084625,1750771467,120568168,224990427,1850806188,1829585876;1
+++1252767301,441692505;1314270680,499340234
===517434943,853706455;311486571,630701402;305772721,2105602395,1949829783,203622218,1084853955,1870602136;0
===677414155,216703435;1586840786,561034048;1442364238,1681254717,616499872,1820221073,1696536844,513496992;0
===1803029844,1365792125;920725944,2075486867;806091295,1451137991,1282867896,669608595,114561311,1447984438;0
===1341329491,1920090694;1781281850,96227875;1486817775,974499675,746062927,125899950,1693243289,464573328;0
===1546802165,2075252581;1180983117,1601062194;569124591,292910767,885638692,887563947,570239,402514842;0
===1749558581,529350801;1559032101,465458498;151917490,352362737,148874426,2111874268,161864166,1554274581;1
++166889796,294389693;353450589,277866006
+++738460105,1249806773;1680013171,655552726
===252382353,1105663339;114373091,454983008;1595163391,347596940,1378704384,1221596239,1262764399,1848971294;0
===752642221,949836509;729078558,1803158202;89675391,885404770,2091018500,1297154805,142235925,844071283;0
===1429937308,723399361;1545886219,614817454;1929877438,1334077670,22608107,351679461,441220178,50817665;0
===1592959099,920299518;765986043,1170972712;625514334,593119722,388119982,1717567415,1450735351,427140748;1
+++1004390814,62348966;1784565203,150525845
===1791053005,1475701502;216647269,317217432;1271426307,657033037,1025295785,2056516190,1742298778,21240845;0
===1635107161,1814169850;1062410137,1820388013;684552315,1155081205,307233143,1641727987,501085605,1535458186;0
===1700412309,1241279091;336549962,1956125280;790397016,1341949438,638952498,1319560617,330263534,187846954;1
+++1328521876,674434975;850121391,577427382
===1547780884,699485157;180381035,1988374433;1209127980,142660869,1296131504,1254775862,858353466,1724085356;0
===1901518989,1611663792;1071245266,763385646;1334929003,2096597827,212854749,343013832,1409830462,336965300;0
===1791935632,719797954;1419363023,1225728945;816356162,2048493470,752224125,1667928250,667004193,2003694868;1
+++1340082224,612299936;1653868116,377567778
===1128522469,699767925;722744364,1474721633;1640171786,1344593907,1294787294,1071033328,946779672,1563090633;0
===1835912962,873513976;268693017,389780736;1956965954,1785178513,948699991,1342594238,1168593163,1211760521;0
===1361927170,2055310527;1663456729,1887536242;1511366849,132924984,1174995325,560296260,1185356131,1039742140;0
===59583765,429850783;1410938645,1509307454;1263149499,741992063,874331397,1576945839,1005740236,264503456;1
+++589588196,1559889860;547185364,696518973
===1140033203,1549994260;1977229326,1210587561;793447155,1189016925,1765573553,358719620,1169439469,1640699509;0
===1314333068,1125392307;611245437,976442304;1201521987,1096768295,1831303797,1749289781,1837413184,551055677;0
===484813358,241106635;579768465,2054058023;785177693,485407545,1944126238,1845602029,151500720,1592014326;0
===1166656034,109277033;523616237,1913308619;1101145054,309683556,844846511,1755212097,1556870026,1768595349;0
===982638990,130519463;1197122444,1736459312;1145114336,1654552160,1924680350,951456099,516660958,118220346;1
+++51161613,1994389166;89340746,885001030
===1295245517,111038617;1219042984,1744092355;1726343748,829481955,1493417224,342406224,684455781,120291791;0
===2136356398,1424175542;941111384,1802815812;499716807,584331137,1690160954,51163076,114704310,676233061;0
===1237232465,2009679656;783966712,2052349072;2010758137,1283013003,1195998046,1896929659,239561694,766707936;0
===363100323,1232477995;1327151134,612264718;1902300835,1072343878,83807964,1895231990,903259942,1058026215;1
