6;6;3
+2885930928,779909120;2743802552,2283895496
++2695668400,1039184880;4033875448,3474216506
+++736084815,1172247095;2030535320,2245566634
++++2939132616,3515827750;2217783649,1178647012
+++++2063700364,2587790601;2596235545,3942421538
++++++1683650726,1698892326;2046162400,1786455956
======2594017163,1971931882;1482478653,3941722292;1608767590,1583163187,1609038656,1442125633,476503883,2788572182;0
======3403071769,1410182051;1159197827,2399851234;2152818255,2727449276,1693889366,1878964253,1989466186,1383606861;0
======3653597497,2191054527;1053334626,2954785423;1402889041,1322974618,3147820321,1567532093,2255136484,3164518167;1
++++++3635655630,1974256686;1404013602,3628935809
======730557562,993062077;2264293932,1749544340;3093235467,1653433995,2784318695,3231737326,1011052144,3453971444;0
======1010932435,970974884;3635463936,1828274434;2868198834,3439475256,955342846,2383164806,3389554978,1416446883;1
++++++1779320740,3371813784;1813050580,1261989675
======922580316,3185759686;3062328834,3085632473;2196220304,2072071451,1499071988,1990456038,2310064779,2163245181;0
======1589028433,3090216968;2613521909,1375365611;2921503628,735276833,632777932,3534509012,2275190541,1640024293;0
======1455099650,2647938822;1828905520,2113328359;1991583416,488860401,3318260065,2480729883,1554665232,2568729870;1
+++++1967603058,1706353686;3012641911,1449515657
++++++650540963,1735955334;2663917245,3618115644
======2315028841,1086983479;2179787360,2108208380;700541280,2695654933,861722064,2410710150,2168990720,1943819182;0
======1299779971,1079844901;2269449234,3015987063;2136286808,885288343,3034758533,2885668029,2651000978,1652054611;1
++++++1359231039,3314619181;2318571773,3450931833
======1653794948,2327687849;1213267007,1770669183;1732318419,3458835456,2168813918,1398621510,581405016,1825269862;0
======1685247041,2075205459;1131617185,3209474835;2907897600,1945220141,1806661773,1877326803,1928591282,1599592205;0
======568365540,647754346;637216909,1528003222;1791960516,2810749584,1080896024,3936731563,3382484261,2330108642;1
+++++1842849418,2136938083;868571188,3477976960
++++++2104651076,4013788978;2256027806,2455592661
======2988629698,3809367672;2879481585,2459657448;1568292558,850987929,2464035176,2844655462,1527188212,1254043396;0
======2043087136,1182966726;2147014300,1162077953;3713530231,2218177761,3452854039,1616340940,2379193804,2743066384;0
======3001699842,1814244055;2006760071,342808152;1981474485,1565455379,1877452929,1918580874,2895502173,2148565637;1
++++++2527121536,2475504363;3711417708,3832627562
======3215286511,1991395729;3309343859,1064578546;2202521692,2387030692,1472172917,2440903621,1065196010,3205353890;0
======1139856912,2046764520;2834198206,653334731;1122318813,2835679938,2760995818,2940280092,1369051684,2328578529;1
++++1302973274,2846626578;2127610438,3738294705
+++++3675187379,242252008;1496118620,2349406282
++++++2944622932,4027778436;887891877,3732508317
======2775967894,3264169357;1819507154,1894451900;2844651129,1984501917,1061308270,2526032447,2024562053,2173457846;0
======3480367154,2169754658;1082748893,1584051204;1890069811,917372374,2116377617,2294386476,1734802021,1208485188;1
++++++852097737,1930067009;1087477668,726056407
======3283229477,3334998431;1208239093,1917768807;2733221546,2666677350,1726835668,3118691750,1957099295,2401365256;0
======221987484,2681839881;1861697020,944651240;2406587972,1739607941,437504398,2504962006,2552979765,1997464635;1
+++++1501503881,2535639938;1578689243,2467377053
++++++2103648894,151514240;2259680674,2565062927
======1325872176,1658153149;2296738970,3186907653;3266434237,2599635913,1308166605,342128956,2490913939,1757483473;0
======964836711,2023067999;3968992059,2606661143;2149257988,2460647982,1497244594,1615238907,185103346,1087062200;0
======1502653922,2114734037;1499724749,735802005;2826824039,2234652209,1028940185,2140770204,3041370798,1083677558;1
++++++3668868416,2750038051;3456574232,2889622527
======1537291978,2661969540;2345745431,2320847588;394229998,3794082643,1474603769,665860705,2587390462,1819173169;0
======2660094187,212850895;1938092851,2221832965;1851833788,2474348434,2128711712,2952918225,2762611019,1519007326;1
+++++2184405490,3055399979;597409480,2646114870
++++++2151537064,2326014826;3549417044,2634938357
======1937096104,2363756421;1859871314,2733328971;813087374,2287344059,944742953,1511133028,2558247955,1004466059;0
======3354240677,2921751846;575285848,2688402437;3010040671,1925489517,2741096838,850813654,1799214380,2067338543;0
======2310795075,2233585933;1521346210,2395295243;1949788319,1465587929,2887143778,3506112992,1933786575,592996502;1
++++++2414454513,3077420376;436891051,3241203473
======1945713669,2717820351;1831056417,2255225176;2807713065,2463517702,3373849226,3313597684,3409134004,1776452068;0
======1935428076,2243807115;1973499680,2936882988;2980360235,1991951120,2062609861,2693908358,2552535525,2447761344;0
======2218659613,1414468555;1864238704,2897187745;1501975398,2807359528,1337565593,730601876,2375687919,1994546994;1
++++++2172176741,343031629;813161398,2733120454
======4223569121,4115849150;2791091094,2134138987;1369909212,999969546,2779474638,2097771962,2592422210,2088498789;0
======1802537771,1553471035;1292799634,303052819;1913638811,3041220872,2453654157,1427811227,2732254036,3441280895;1
+++2833183928,1842080876;1512770717,1484219374
++++2798538035,1030636919;2821172490,1590711292
+++++3069956835,2260850397;536590735,3102006713
++++++1758944146,340295639;1006000914,2447715343
======1958205788,1041464533;1153066542,2025013915;3270172881,4120238572,3284080112,2026434560,3068423110,2088160545;0
======1755251863,1483157477;1800158830,1917716901;1923371412,1951650070,1598550224,1290009188,2462193900,2740664765;1
++++++2296973923,275227268;2876526269,3857378878
======3084407853,986045983;890042043,329756151;4030954429,2588505931,2833516370,1302039845,1360770382,2135197897;0
======1376151969,1779151735;2368970814,1549719824;2814266819,1412465116,2313708365,2621717677,1667461503,1048957253;1
++++++1648042838,1815434998;1425134816,1756882799
======1905169982,2885900681;2054870926,2830332772;1320192959,1709958980,3836393283,3208118734,360474326,1987160148;0
======2512463404,703241261;1333318695,2612798327;1963101924,953808567,2144769953,2103720559,1295640888,1442988233;1
+++++2481080048,2157146771;3513383835,1980030177
++++++3513175887,1526779473;3452334669,1281846820
======3840844880,2332482796;2531296387,3276837636;1865174719,3591743170,2012741895,1542783801,1891640366,880748936;0
======1462308771,3316043717;3196994081,1736296713;2932559779,2301961824,873388271,2887435844,2733958949,2430305749;1
++++++1995867382,2173099390;3658089344,1157509490
======2907934982,2912848438;2043389249,1980725264;1682959773,2784216935,3462842106,2368715450,1978619327,2041713231;0
======2771578016,1810046126;2539130087,2161080116;1470354772,1868240731,3038471933,1510759513,3250373471,1249488873;1
++++1539035475,2479429037;1960303455,3374993648
+++++1001949068,1040359314;1993200679,1808218080
++++++2329131728,462409987;739389699,2192095855
======1719588125,2230286327;4140486423,3466568658;3046523624,469333440,1987376438,867974554,2264641280,3722081393;0
======3554582496,1812865533;1839050880,1862876426;885329085,2246033482,2929325319,1974359455,1881904861,3123133053;0
======2408855177,2273033577;3060262347,2112444375;2158622907,1322009240,2922995933,2402612069,3380586215,1787809257;1
++++++3934593924,1096478876;940029605,3434453406
======1998639949,2327487480;1292188816,1539765341;1897359626,668081731,1306791977,3367606536,853778422,3319901858;0
======2211299237,2680281692;3742448946,736891392;1245698181,2967891276,4129187742,1841621566,2717338896,3237468286;1
+++++2103130516,2771299369;2541222785,2688465467
++++++361650411,2677773636;2556567843,2108228630
======2481352043,3670981107;2266660157,1254659068;2049773417,3411816374,3509114845,2196041054,2795525980,2335184033;0
======1182282965,3259639447;3534702713,2078209046;1070957905,2829872855,1975391982,1279079526,2640587727,1957392761;1
++++++2771541379,1479890451;2766905154,2510231355
======3461165447,932015646;1792905585,2031252372;1068323017,1473406824,1907082748,1876763527,1217775490,2660758810;0
======2549921937,1775466193;1991668206,1979158957;2470338640,2927667981,2504408448,2168310278,1541584249,2458187036;1
++290131828,1545576941;1898059358,2283773326
+++2346051750,1361518787;2018133369,1943257105
++++638346180,2545804325;2103098870,1945931473
+++++1176833686,369004434;3475831280,1748481103
++++++2109107233,2844481983;2803685324,2087096724
======1308185102,1972999410;2674125149,1998330365;1792330823,3144184346,1594854332,2620316324,2207417910,3620504465;0
======1341016305,1154807875;1045146175,2938427635;2233306133,1694126598,3701125999,1010402117,796296903,970500165;1
++++++2855007448,1518888546;2952812565,3928544491
======2703862216,1235392267;3946587714,1710934708;2001155883,1791337396,1405280792,2376980383,2498702632,2628824627;0
======3506739870,2929748234;1728157099,3213294709;2085429245,1932118508,3781788537,1844354823,1925063101,2790464214;1
+++++1997523581,2590377703;2834462611,1087270445
++++++2820842208,1825982633;2768901085,729240439
======695562008,2190432470;2738961852,2418323279;3475309356,1353116530,518540720,3525662234,1606975421,1202674736;0
======1067220889,1770755430;1902081541,1440279657;618668560,2786642239,1479058656,1653456186,2424878604,1988232340;1
++++++1992478502,2834872613;2744886950,1274304600
======2108879943,1708439157;922673632,913794960;1651455291,1895820130,828042065,3772924476,3544067043,2336699388;0
======2158383251,3153678865;3098258306,1649534438;1872303167,1464139774,2765292491,2961515060,2159926939,2663698077;0
======1347925482,2912482045;3212480190,2613828779;2428862097,1916369207,3213304161,3432764844,1828450711,2616469719;1
++++2722419145,3057699534;1490793718,343639713
+++++2846966844,1728727612;929699982,961097189
++++++965306769,3585774289;3068881576,1610848127
======1780531360,666703993;1851288947,979421609;1308310311,2650708554,1480979435,2669448346,1204170289,1483903580;0
======1402982442,1908621326;1640228986,2959917157;1699700838,1032939152,2514276060,4156254417,341013799,2324742891;1
++++++2777887368,2262119080;818339165,1594830122
======3010015976,2198463396;2804230813,2075612790;2758538620,3441269949,1253057276,2776208977,128525254,2296091202;0
======2686077128,1094696850;1250172112,3449540108;2813840513,1916383039,1929834951,273537433,1794406954,1486722570;1
+++++4104545161,3531417892;3317956751,1555478338
++++++551903359,3866700825;2120428854,2205036390
======2216604083,1878766687;3491947052,2326814029;3012890801,3389459055,2886299868,1843312676,1797183841,2565064974;0
======2747225537,2213891452;3940361868,1960716661;1599887948,2616097786,2455001656,3385690954,2331792185,4034416199;1
++++++2889400750,2416598308;1182612828,2490480914
======2189315862,2697948439;2536811445,470003756;882708775,3507437285,1847279879,1703739263,72214275,2484918421;0
======3402441333,2934156274;2769058648,2636771833;289338831,3636803094,751420483,2343733388,938564644,1839422367;1
+++937567043,2796551714;294318151,2653161659
++++2558155041,1936126905;1175565440,358543810
+++++751912674,2305741214;2142766343,2191329827
++++++2216490310,1205948945;2156511428,2322409903
======1815185421,3130674253;3176822327,3648938441;2470870844,688397131,2305113140,3117135234,3971686753,1304346479;0
======2439189817,1525506288;1704369646,1304968125;1961589343,518080132,2441464153,2158571195,2246647560,2449733781;1
++++++3535600391,2621903531;2614815388,1689917623
======664167812,1337961777;3242067439,972634163;2558596818,2586293014,1209085239,2321351360,2840925090,1582143053;0
======1726987408,1992613269;1788662975,3187587876;888953930,2989477362,3017997495,4159688772,2133489895,570995305;1
+++++1664956440,2370721522;2548958656,3641253330
++++++1573705068,2008674828;1669189099,2224576273
======2426685893,624500641;1493178494,1603044342;1523361175,2338925247,1613588601,3033370133,1726814020,2312496055;0
======1682562508,2240601068;3234589056,2544017781;458084635,3019527729,3285663290,1968821691,1180457073,3342221873;1
++++++1852731633,1796376545;2084815368,1196835153
======2980500437,1005686011;766056422,1829948379;2279841058,2850645898,3589935924,2521878511,3156588659,1948933623;0
======3509498448,3321743138;3803214675,2164815982;2071637185,753015840,3742535996,1611832926,1440225128,1494661740;1
++++2762526081,2256753846;2092761060,2676501654
+++++2240806456,1587825372;3213556090,2584841809
++++++1913332305,1945364990;2608565476,1622650519
======2604958118,916285130;2924629996,2618164322;1386844586,1935775624,3516446201,2106830055,345300784,2148489552;0
======3018122843,2547672932;2605836559,1415685220;1942351426,3268496041,1169036437,1161723059,1598189529,1955077145;0
======1931478143,3317219726;904230071,1039359166;883601516,3674493056,2123494926,1126789097,3203561261,1360654126;1
++++++2110944118,1750593650;3381491496,761459857
======2469548453,1980412812;1162045460,1795368644;214873668,3336762538,2325754093,1504766327,1908070501,1581654525;0
======1428095868,2361629436;1797524455,2032318509;2056386938,1631144640,864206888,1479511903,1925518816,1991721122;1
+++++2314582223,1932384048;667627428,3714427978
++++++1653130563,2199095164;2134630617,1048004456
======1885572982,995207627;975424080,3511864787;2802773442,3975030841,2958209420,3001129430,1783738125,1407631925;0
======3235397986,1089543257;2310971424,2840729406;1312832300,1909070409,2279218312,1694614152,2019148906,3000037352;1
++++++2018249360,2034046089;369417139,521282229
======2146736230,1368703733;853356352,2760230091;1473456747,1086554552,2725765431,909951368,1956144961,2795474814;0
======769199773,2220541301;3348170700,2235502582;1191926016,1415591566,1452219083,3263970849,2838715489,1251490228;1
+3004088093,2219302262;1711445448,1224883955
++2108429764,1396306438;3440934141,2614786237
+++2168093788,2941098543;2042474555,1676154818
++++910266919,3017529402;3141435279,427125776
+++++2348035226,1121137808;2037265349,1917799971
++++++1494802095,2006694861;831504773,2182358343
======2791420261,2288761097;1760182871,2390508399;686357863,1795968787,1497578777,1796497833,803582766,2762623457;0
======1783217862,1138681336;1719202742,1120967169;1709227864,2563324163,1789058026,458821331,2681888673,1546440807;0
======2022214447,2884380047;2014019586,1989998421;1149195895,2693652170,1418408598,2172910227,1704294555,2978550679;1
++++++1054381372,3161667653;2810660459,1483752782
======1084676918,2516011379;3555695910,1157895412;3410160483,2112744160,2076122889,2794552427,1772864012,2913970902;0
======2251002697,1398426057;3690235481,2769107628;3209964337,2803692968,409971998,1303707317,2764216908,2731478906;1
+++++3465170230,3373361973;3273876849,1674620813
++++++2968258168,2194735613;1246544653,897222515
======1001654519,2537354663;2341009641,180856385;2806760509,2196605834,1295357648,1043055357,2187467951,3081385033;0
======3171302289,2070199141;1549374855,2068438478;1882434634,3661522644,1874150965,2021646889,1753864599,933749116;1
++++++2527745315,2628782078;1793372997,2487289053
======950433238,566282885;1824873238,696246171;2608919953,2307153825,2158731287,2404646173,1520879840,2806287730;0
======1109598312,697428231;2981374746,2208988434;2332742850,2453904406,3883680363,3669448399,2902153405,1524100595;0
======885028966,944069727;2327237459,3701544597;2600386562,1783099047,2512247825,1911686184,1354933939,2960052171;1
++++++1779920536,1982098487;1504304445,1553016794
======2836853101,955703395;1359093314,2078379256;1940259744,1969718212,2466989599,1990065021,3534671070,3011835867;0
======3105047929,488525073;3390566993,2451354668;2535940177,2015190069,2222355118,2545899203,3504960478,1287625570;0
======3666514225,2244534387;3023891987,1887355186;1795985906,1150538534,2270111800,2577053763,282003548,2259963408;1
+++++3432996835,1788357941;1530173372,4016098252
++++++949904993,3698968866;1019298810,2429967188
======1112714127,2472726337;2225965899,1999298176;2356784187,2681972114,2771621073,2907688840,3127932034,2306401391;0
======1994938050,2668068900;1718699951,712552489;1450806288,3938399076,2651968287,2192681125,1713512363,1895183839;1
++++++2132766451,3716845107;1924412150,2537784686
======1646893758,2541577755;3286552364,3825231322;2171277869,1701764985,1522298793,3545143531,2600495959,1979021314;0
======703058846,660829279;2680370530,2945365541;2490237773,2079487964,557403363,3657757141,1786398739,2220950745;1
++++3033754378,2750117124;1719756179,1332529404
+++++2006994640,1422742405;1928532882,1077580101
++++++2778332050,2056469428;2410029432,2697009837
======1295093967,2181783774;541589343,1268809527;1665552944,1328640809,2342777512,2862010753,1070292475,3200959792;0
======591394642,2054126026;1078151561,308122909;1730363749,2782835892,1007415533,3717063859,896294949,1464004976;0
======600823081,2352441083;71988153,285622945;1622906773,2380698703,2624170771,1564967034,3426379359,3802821799;1
++++++627432087,2316249446;623767129,2164791855
======3184238234,3734630054;1660828260,2030692205;2878367880,2295710739,1005931027,1115393971,2612719532,824038780;0
======3277497390,2769993165;2918824169,1680725591;3083745642,2442872356,1622214168,2887082282,1588149696,2998062708;1
+++++3097621725,1894881075;1310574897,3564192845
++++++1584905278,1120210452;2380060055,1065651313
======2784802277,1190898621;783378020,2051921765;1939905886,1552875711,903591827,1312762292,2268790433,1671403261;0
======1272680576,3039957170;2215110103,3235134564;1090132047,1933251017,3011645837,2156767283,1917251534,2257006829;1
++++++1153468834,2749761698;2387159114,3528741101
======2009603376,3377640334;1600599739,1411053164;2801672413,1311868712,3156982125,3458648992,1940321491,2685627104;0
======2687952477,2767304096;1229749705,4244077299;1479855225,1614581402,1834537047,2919383138,1312235102,3305164324;1
+++781924185,1478181097;2469777901,2167875151
++++2583603211,957246503;3128606242,3185098577
+++++1702678826,2642223506;2150365773,3294320331
++++++2719288992,2730570817;2659279166,2407942348
======2223167213,1745846276;1434910619,2640153906;2269444225,2435477975,1263753875,3903902995,2604049483,462179975;0
======2325966865,2051809061;3471892325,2430050958;2412913737,3253655852,2069847285,2228786533,960622450,2251495028;1
++++++1884629139,3316358029;2551194638,1247220450
======1317978629,3624894207;2672981980,2721525514;2964771232,1440993723,1261011977,1991560105,2125384194,1423807060;0
======2187569097,2168695894;2972578975,2216199337;2127900829,2183103408,242865613,996362088,1025581000,1377647640;1
+++++2690688472,973088492;3506310368,1070274318
++++++4026346368,784383567;1010138801,2814208181
======3302438803,2244292909;2710491705,1381358490;3344559396,2504992323,2661937293,2874890762,2524278131,1899318842;0
======1637132182,2725859328;1954909059,2464576507;1593352164,1705536832,2019162906,2221753438,1994181831,2020143292;1
++++++2610830416,674203668;1671345693,840803175
======3734764817,1433601995;2686257222,2716759212;2780749682,2110956787,2575653310,3310404746,2379920563,1644202163;0
======2840690990,3350355424;158303302,3167409521;2495598150,1514219547,561790919,1301188723,3174596290,1090092262;1
++++2531596005,3275712367;2100561869,836398939
+++++1529626994,2186617258;2330714175,3628633216
++++++990135273,524908518;2466053198,3811659976
======1661427071,2975646931;3297554382,2393144837;1297643268,1550898757,1320586652,1250751920,2940620837,506340795;0
======3492480911,1650196952;1659466936,3226840539;672449687,1382890411,2085332864,682623061,2909278461,1610005917;1
++++++262803402,2154218686;3160662354,2250661535
======1396254861,491782681;3124669099,3186349707;1642628596,3213071890,2228060435,2039764924,2376447316,2557961235;0
======2263356672,2291247324;1338571467,1613237371;944831472,2066961240,1179496158,2389785335,3824797325,1273453063;1
+++++2105847086,1266548523;1839972503,3547847414
++++++3433259276,1456780484;658329892,3134306719
======2288249833,753333059;3084771988,2529527186;2516466044,2131385834,1502211149,2337970203,2265090795,2352645453;0
======1865831108,2609079057;2946820081,1282633250;2306628918,1615908435,1660800300,2444326019,419474247,1417552835;1
++++++3369823998,2658090817;2209715117,2362287349
======528599934,2060840189;1674819481,2705298410;2676825343,1149919132,3181469519,2194346291,1409514138,1734368369;0
======2672139712,2644315194;2095749075,2661939124;1463488458,1986691782,920900674,1600015595,1788437984,2162883678;1
++1354074407,2062912782;1159470893,1755941743
+++1197768651,2072033191;2221981038,2084364403
++++1826753288,2311577427;2757317748,2863073935
+++++2114277272,704407698;1017704264,2070386128
++++++2064102165,1065301416;2394976091,2532746782
======2150364800,1934436371;1201884410,1774369503;4152212874,1797795292,1754398763,1537695188,3147090691,747673212;0
======712877159,1112300787;3877919748,2925263035;1401874380,1519167005,3121602145,1142092276,2125738428,1018093996;1
++++++909382918,2290439785;1374985425,2440202819
======1981561886,3804017970;2154874418,1975322332;2169485371,1743843446,3440473383,3474256296,2276091451,1717638286;0
======956576615,808502957;3341409631,663478468;1374221120,565745135,2372989348,1076785786,3173432625,2103285396;1
+++++709424092,2000610956;1821821328,3499932779
++++++1326204141,518773013;775091763,1508422372
======3737686013,1113193940;3383902329,1497567279;852648903,1839094530,1322998316,3152877130,2836193894,274859148;0
======2901258951,2790667825;1611576372,2730085143;1524882512,1599100756,1301341085,2810700041,1764398557,693764909;1
++++++3801573351,1232915949;913490183,2263833112
======3397009363,2573152049;1135792069,3046754897;2240990053,1987327467,1576181074,1587171022,1485635507,2170319207;0
======2073572835,2997239814;4241856882,1432201119;1443482059,3240836152,2854509390,813325064,1763269727,2964307521;1
++++895797326,1932769785;2582057993,3493801080
+++++690358881,2618188949;1484366956,3909194947
++++++1365162531,1238066311;1106594969,1596813141
======2471077835,2273805978;3327172446,800043267;2260106760,1585788111,2699830912,3960260754,2831204790,3531287984;0
======1980231575,1694183535;2404816481,2765774610;3612282145,3167460661,2134105881,3044117932,834534918,1731168903;1
++++++3052571245,3691776305;1344982076,729531332
======749653238,2106875957;1942071805,545031932;2211250825,1230897533,2637334163,899480651,3317707454,2575101898;0
======1737403868,3391720068;505787112,1687363257;2395393351,2846228433,2278320010,489543936,1482119466,2852458900;1
+++++3833278864,1000564865;2180504838,2444126958
++++++2548070807,2675127529;2507302293,3467410051
======2220685692,2549240881;2221963727,2587129572;1919449223,2023884098,3989672738,1572044545,1943851667,696789632;0
======905017862,1178704240;3482897430,2460450224;2522952927,758138981,2820199743,1370317412,1683511068,2956079879;1
++++++80435641,1956232205;3410050176,1055684021
======3476359868,1959596529;2934689679,3687217187;2559799009,1249125024,1918325499,3167472821,1882174375,3975686860;0
======1291932597,2985043350;1667403166,3490261453;3673381372,1835932886,544203271,1940075852,2454037360,2942524634;1
+++587989484,2927350963;3092652204,1727221565
++++2152052073,1339612761;2081434339,2036170936
+++++2984683174,4150288037;1775037672,2704477338
++++++521025226,3116127219;2035636463,1492384774
======1896837164,1952959150;2147937742,579546545;1279395942,1818715716,1971008183,3089076212,2411919620,2730769307;0
======3037528846,3187779711;1704720129,2468723505;3181080651,774621570,1585764642,3153953705,3344219402,3170327149;1
++++++1313531400,3495857015;2004541209,2579697499
======1795066946,1836679495;1991661084,3122196696;2495116185,1816858177,746708837,3540630094,2592694199,1185969295;0
======2756142382,1455691301;1314615706,2921600123;2208760587,1289924476,1688845815,2238337808,1700445013,2439870472;1
+++++1102129335,2672502691;2478088144,1969406626
++++++830391076,1734818463;1070970977,834662865
======3090311107,1607886841;1896082704,3135140678;1968430420,1843526192,1344622017,2417149018,574307986,1972214175;0
======3232904743,2053984900;70544100,3219804581;1058373922,2195107777,2719651508,3557858735,1810835295,2972226590;1
++++++4163413509,3067109507;2113442660,1938199810
======1927060451,1902826531;2737632411,1106730438;2114350832,1670872955,616224629,2335175881,2624492025,1847622033;0
======3143630975,3074305934;2493373948,2146473336;1120455111,3258048855,642058062,2049660391,1493970300,2843215478;1
++++1746106662,3086636618;839930209,2276335942
+++++2062403706,1021116064;2168620900,2686767819
++++++2447298604,1556397090;3818561052,2194799598
======2157548397,1481081414;2936467625,2591118762;2140302760,2563867476,229717322,4051915970,1478573822,506785919;0
======1621829989,2421164055;1350777709,1233430098;2871269614,2559065053,1812086799,2038692524,2194549749,2237480862;1
++++++1645968019,2710436318;2697781635,2044538508
======1725031016,1515413482;2498107708,2057909732;1868526276,2019503124,1895949889,477713107,1843035333,1867227236;0
======898930023,1367934775;2150207479,1763228781;3692560451,3045893664,2662079478,2207835871,2358473325,838433339;1
+++++1744710072,1793078984;1437119826,1991551863
++++++2636857623,2323148541;782970801,2393330021
======667002105,3733052521;2060523056,636428675;1932916914,954534243,2557984775,1790878017,2564767183,3021027909;0
======1442958053,1810420565;3300671227,2175859225;2382554537,1156188727,2044915623,2897907872,3183269339,1211326305;1
++++++2814860236,1901078275;2204473826,1876438804
======1792010683,3338076845;2414595853,740511865;1888266396,1770964571,898912259,2113825512,1900159007,3160003961;0
======3326029913,3580737603;225085574,2388859021;811845370,2069183274,2436155451,3096564500,2186055372,2505587668;1
++++++1294493315,2487031478;1226746195,719127967
======260590057,2634367976;2562018643,1196013147;2815024842,1969564714,1864745277,2220483411,2619111774,2144616528;0
======3551808654,1187806283;1846756779,3304193040;1137559551,1405120326,1307541592,1281269928,2867499187,2071867599;0
======2264169758,1497021012;2953467227,2273356654;3038092296,2951232454,1248143115,1474407271,2193541460,1931266337;1
+++++2249329280,2512474312;2632531491,1811696198
++++++2527101434,2279285940;3170988699,3470891936
======1676822416,683022968;2560422666,3044973715;2339428745,2654960301,2748182496,1906832364,3225046891,1691452191;0
======2328392760,1249332690;3057223987,960808348;3380082689,2956035268,1062592425,1901519074,797069804,455021181;0
======2668403848,2564737170;2833397077,1927144688;2151991857,1854137898,1913548616,4080558855,3387544184,1979765177;1
++++++3031169021,2720220947;2362016526,1953074563
======2511752226,2453937708;3110560016,1634372592;1792481185,2462892082,904544705,2161097457,2292633894,1672208630;0
======2005734809,2833801686;3338833352,2301686176;127942225,3040668154,1789133569,2499010291,1557951853,1952944002;1
++++3519453694,2239583001;1186716722,1328700533
+++++2129249483,1772813053;2832164190,2742614812
++++++1428480340,2734743766;1473307842,514135531
======934554749,680066541;1761846806,2878519763;1514344896,3112157861,1820840988,1517236488,813189331,1744056747;0
======3324578037,1450272538;1689076340,1236269463;1040156406,3136836715,3372052141,2884463507,1358819264,418013395;1
++++++1968806482,1194784780;2350853290,2420881367
======2553636878,1954809309;3018411081,3166866831;908814077,1713124748,1797040203,1981620208,1731502696,1883102052;0
======1148825617,2871933692;2913441568,1876137398;1701043425,2783829206,2293862869,3186317298,2711252191,2693103583;0
======2778281950,2211550106;261507785,3211000327;2155667130,507657489,3453827056,1610437101,1940017526,1498510764;1
+++++591526881,1398426640;369844157,2404163061
++++++1127266841,2420009470;2567249897,3135165114
======3631321970,2772791705;3094238923,1356405727;2613733765,2610171000,1185611558,2819259176,724846116,2292238414;0
======3863345244,2790355816;3470402435,2433726879;2117370675,842385221,2590125332,3387816676,2450386150,2058817460;0
======2645130483,2088699491;663341475,2313789672;1707694389,2888291941,2812220236,2748740186,954258551,1581276441;1
++++++1304142325,2503385716;2723868262,3520837701
======2703455468,1210343000;2586698611,1492884935;2608206034,1700219418,2026514899,1558318695,1303380311,2756766671;0
======3673525636,1130769525;3056661396,1165564164;1263489526,2739618352,2516668462,2263740743,1788328268,2434281214;1
+++++3956287950,2747819526;1444971419,2935142975
++++++2690478593,1493236297;3054367306,3064332284
======1350875574,2800184094;3533472177,2547737100;817182158,2441743088,4074004701,1693461424,2099115293,2228346634;0
======2489181026,1833836409;1137801572,2671677650;3174697928,3044844900,786995905,1856385239,2378151697,2542054986;0
======2208438498,567208354;1265559922,2306984436;2435588136,2545004194,803034062,2255357849,3599346418,2470046963;1
++++++3442912661,3327317062;3405282074,3493296610
======2637903505,3229533210;2264750953,1895956118;2037073818,1042778644,1602681573,3027659161,3378533302,2367404829;0
======373422128,1088321022;197714375,1948238474;2686419703,2114895338,1875888404,2663854056,1835002982,448418134;0
======1895317323,629028727;3890933803,1928212923;2152521193,3083947048,2366521102,2334727469,3691384261,2420474597;1
