4;2;5
+2324887929,3815055151;3326441043,2778247243
++3072813991,1319508995;2387974709,3167784115
==528416572,3761456347;3639928406,1623711571;1684443618,1586593854,1071525418,1117381481;0
==3273294580,1589526167;906129767,1808282962;2017285323,656995044,1050344402,1812256964;0
==1236606429,3609529299;1561308789,3563752479;1757082354,4048591989,3240700231,759297886;0
==2037611994,1563806439;998945597,1784889631;1125750550,3772986578,2110462074,3131624587;0
==1797298626,1715972435;3841356897,1345960526;1782058060,3006933291,3839846240,1071462240;1
++2125340300,2391006201;2715549143,1299383478
==1320414817,2179307160;1277815677,194097234;3562984362,2521339833,1955560626,1606993585;0
==2884450179,3374461437;1335195344,3883891166;2368163841,2818029118,729709769,3336422671;0
==2433583181,3533325993;1385258823,1145523233;2640259707,2837738550,2406111555,2999764240;1
++2946630290,3964711570;1099676353,2519309356
==4001977802,2157597028;1069655604,1571614256;1992946757,2220484176,1829154680,3232210730;0
==1540813715,1545875417;2542481662,708433570;2590347669,2228114235,824885324,2090681937;0
==3729597745,1282291666;2493644304,1483052340;2489577405,1810355988,1613827368,1067037113;0
==3203142992,3502165972;639784656,2378223776;1901275145,1659087023,2998459860,2466376075;1
++2642657507,3621172906;3483243388,3456414082
==1731000738,1145979207;1550144742,1220437397;246890598,2370999279,1808534183,1643912667;0
==1807584865,3565316766;2641517550,2352785801;993795624,2081850571,1472704105,922524928;0
==3450307219,2307749753;1237496411,3221341382;2412467670,2844350287,1777173164,3173883317;1
++4195705441,753497190;2485342978,4040188425
==2802722723,2139461180;1162886860,456344306;1868278055,1899159149,3528771309,2076432427;0
==3475874719,1315655881;1953929846,2084032723;978001030,3935043073,1806927961,3788911977;0
==2465615182,1808147966;1678385551,2070804188;2795886695,2920418275,1353420226,2197032974;0
==1885970539,1851689351;1725447429,2365246696;3372746179,3376233450,801254442,3465764898;1
+1479842696,3312210664;1958999502,1026150413
++2425222082,1567659428;1994805334,1972687491
==2541541514,2265500873;2844753325,3173649024;2955480099,1440207364,1956394821,1652554698;0
==1560564766,3135658079;3725577025,1583810382;1179933167,938828981,2960570113,2462618576;0
==1294128934,2405007201;4040844272,4120492127;1654767184,3740597262,2002856383,2912510840;0
==2942880051,1267544219;3425745207,2822106638;1489137536,793423470,1301450915,2772251757;0
==1600207100,165801667;1534941512,2839635658;1040520040,2370115913,2657539744,1242309477;1
++2085459527,2546227628;3371183721,1648421478
==3122264626,2598340381;2193828072,1431000779;1097330287,985510315,478943449,2484375395;0
==1122077892,3270302889;3207301353,1645017722;2343958479,1587416420,3643684868,1819268219;0
==1179763308,2118248750;1936116848,2834092213;2034013431,2678485031,2700196714,1230389062;0
==3221745320,1849862142;1881526002,784651297;994828432,1256554310,1789080135,1798667103;1
++2009706553,1476105877;2661734669,3040838417
==2540333131,370949866;1951654304,1090776541;2653200701,2491309535,2581292905,719732139;0
==2033203135,3186715565;2276142284,1445446880;2979399390,2141947910,2507076374,1319398813;0
==1806321295,2180080905;2139055894,954685974;2317090622,1224336064,939438973,2793459084;0
==2357641112,925813829;2953514587,3340186228;2419480346,420183267,2786467328,2903657185;1
++2386271542,3402668426;1380601449,1538449900
==2545471754,2361349835;2039854604,2067356376;2994154450,416891434,2350032266,3035418573;0
==3011748149,504933893;2258742324,1729802728;1601229121,2069244436,2207267221,1265429193;0
==1736336554,632720008;2817488314,3704241282;3022090721,1422920059,2057724902,262267305;1
