4;2;6
+1981289185,1786598779;1352749369,1105968663
++813833951,1311863441;1899948834,1641334737
==1016631443,1833472724;926129105,607947389;750117573,961842676,670933460,960881365;0
==874579963,136418700;379521603,1662508837;375509491,1851585145,1295968239,360277887;0
==2017449770,1925760606;1533366715,1527719191;833704354,593148761,1134688554,2011199961;0
==719097151,576033567;701689266,217915543;1119785199,1032108679,676750003,1373470042;0
==1060993303,1985308660;858664892,1330255819;135498966,1133526336,742295924,1188439495;0
==1203298084,944303679;780244734,1013152476;311738464,1269667618,858753637,1844767089;1
++841769692,1892277369;230757602,1402903093
==1742982727,1200730596;1134504205,1615477588;935151440,1294418288,1483647676,194126461;0
==1373779787,1251114609;1697947646,224726130;1022001049,252842770,847266358,1360468043;0
==1633858314,1884205737;58416273,242680061;708535959,1090021821,361234466,1687653326;1
++1599178209,1881310160;959028407,797654773
==413912609,573120745;252451031,865084290;1263096457,1988732891,912631794,1465717279;0
==1288134573,1396152059;1012693148,1391650598;297441268,59521409,122762965,1788902530;0
==2082958287,868776379;1165210091,1730930213;1942174957,141256377,409846856,952451217;1
++1396380049,492011912;817572347,990409930
==1300513389,1629992346;1290938031,255165348;1734348778,1912405354,373211983,1619530250;0
==190515213,1810192231;395591187,393556973;530766788,1567499340,1547959229,856526008;0
==1533554497,580845742;796393666,1260047867;257950934,316367925,150288471,591068647;0
==1669105178,152883184;1511332052,1678767676;14550820,797386917,676766966,204866730;1
+1988653635,1279927388;1118185422,1810125636
++1826407443,497159753;1397213297,1883595234
==1057133759,1950771102;1255818797,73336293;1409486079,1226880788,1508173083,1632340662;0
==1130214729,532908629;205415621,796664289;300226662,874129460,2138635026,89635364;0
==388804496,1427760308;602440342,2062003729;1911827177,2057944509,962892718,1732428056;0
==275910203,1500694524;1797582924,1951062926;1057149419,1513824745,1013101027,46363047;0
==1627641068,1019302271;656470228,1880802472;462146272,514523128,700314879,1298423602;1
++813082656,203544920;1143148476,1450118206
==253840804,1699682909;1853811118,1566508007;248144743,1611714138,534480152,1689646408;0
==1025107417,597336705;367415555,645064610;498114659,430249201,1653947077,310192321;0
==1838308895,502733819;688989765,912267216;1244874034,319091100,941254595,81205808;0
==1643435809,2118536336;553083607,952371560;1535988749,1313715375,21512211,42165620;0
==644757135,53135912;1512986153,1710728236;36724642,375436635,317533614,1416475631;1
++1433017250,404554696;301388259,372010845
==1945344280,939928352;1698282758,843829670;2003871064,2086458092,1484017517,1376257250;0
==705104663,1759510884;773750006,294216135;57195032,1686837376,1390798785,1321999778;0
==1951926888,714972814;1863948712,1314508683;700476431,1100046061,308608278,1531072240;0
==1359113343,1685070835;1638021946,1974699205;1467720549,417292837,1789940590,280435758;0
==1616301590,948464002;404413166,743422944;144860342,1176413673,512785881,308420210;1
++746538584,1216005843;1945745316,459443393
==625201089,591965718;1856662769,1599816201;2043874051,1480391335,1345769007,595708325;0
==381158476,1802376363;1618284302,599635952;1912315265,1216968822,948130993,1213502236;0
==87889585,1571979347;780387690,423488023;1309694324,1741167417,828372886,2129711232;0
==1443612118,321564207;938167348,2116311320;2012333740,1307280890,533828467,472568648;1
