4;1;11
+2567361341,2148202762;2849600423,2791720638
=1669224477,2435162898;2516564645,2958215976;1101589923,1429326133,512162890,2129880123;0
=2198320324,2621156692;1001647936,1535110561;3369474698,1255797867,234339478,3115570431;0
=1681782758,643264378;3161308087,2864506865;1444105834,1159361383,2584024912,2939148972;0
=3634524480,2831080233;1270508515,2949793312;2226870516,971056785,1772775592,2405061317;0
=897576120,3791465566;1386856911,768300768;2275952464,1981975355,3653897825,1209405242;0
=1724401782,3023980568;468768559,2279309007;1975434336,1019477511,2998429972,3420560417;0
=3310567567,1926123591;596954604,1729236484;2702827826,2167948654,1730485707,1764823666;0
=2235263615,2522724455;3054691955,1960342170;2221217281,2163268182,3971322809,2077754626;1
+1251261728,3497671033;873829725,3929924792
=2104199608,1095821099;808377423,926785189;1788986937,2861805241,3044560779,2838830622;0
=612016997,2118218574;2455732573,1137105218;2453048902,1954482849,2469022195,2670546742;0
=3568890201,1484949520;3664900760,1088689400;1324138658,1313810811,1325658666,2810027448;0
=2207362342,1159337193;2526668156,1925578907;2130836883,2295179921,3708947494,3757919399;0
=1486385529,1951561050;2605235625,1093012772;2525739983,1862924339,2365124902,3033326489;0
=4155634494,1515448718;3526609896,3616795810;1510073946,553528565,1408045511,1751145658;0
=2170640072,2007952304;1630128013,3602252667;2283516009,2301231250,1424639016,3669566372;1
+1620571378,2514388192;940725503,1522234331
=1272867928,2595085989;428668423,1630477957;3513021071,3690439385,1044691194,2251044228;0
=3041162731,1030625913;1612628217,3009881733;1840071297,1094341258,1694536610,2891783931;0
=2571355908,2483247734;2179271506,2117145347;622586137,2665773271,2288636016,1435578805;0
=376807130,2439241696;3537625744,1263568581;952164502,3078880250,1763528614,1465834957;0
=3031844283,1324447538;3181548790,3876410732;2292254586,2823508488,1360622331,2079880777;0
=2107513620,3084058866;1543588664,2462229956;2085424016,2575249347,1669034539,2633940393;1
+3801607822,3032236417;3297257363,3061764194
=1662064732,1775683843;2169707775,2224917120;2570426302,2196862833,1702333530,3999623197;0
=2820702274,1549632585;1872932384,1141493960;783324429,2816658312,1566986258,2374158549;0
=3256377564,1351667494;1631611799,2090901836;2411011749,3212974694,3769774729,3870241894;0
=616431962,2949854556;1039310173,3374578145;3331158268,3804068054,4045223227,1924170007;0
=2193340364,2674309034;449883625,1044270490;852368503,2180573015,1706817744,3427995190;0
=2226648636,2489177866;1249360978,3134693887;1191684260,4036731072,2007098126,1610669587;0
=816743691,724024912;2103141580,1317415617;1758273092,674553858,1771945648,2159161207;0
=3140688218,2821064183;1994369115,2588360074;1126651857,2640876820,1739364054,1518416371;1
+2071273194,1504078077;3017513408,1844177550
=2516982458,2106178589;2575376298,2337704454;2816226191,2199939365,1888919877,2559929356;0
=1472704267,2168275613;2732046624,1886238957;1542814279,1737763898,1567511707,2508823609;0
=737376913,736540604;1868224655,3689805723;2297045298,1958528136,3271816958,872127917;0
=2368678386,2891236385;2230307988,2247222765;1643345716,2596685113,1020533697,2114392386;0
=3489213389,959510493;1879465406,3793287984;1368592817,3746838333,2500584160,3460146822;0
=2735168320,3120288552;3424129339,3477922358;2872579479,1457075532,3163833290,1068293383;1
