4;1;7
+1309189933,839397021;1102952118,703982481
=1383154277,2013380673;1378344032,1366908841;642810979,443289975,229294332,492207449;0
=1420478970,2110018348;1180145679,1670502037;1626548654,2100571192,1649562203,1656482168;0
=727901230,62734540;1654410382,831433958;1246120035,1163746802,99626536,1741511986;0
=1753083231,689971793;815224188,325349100;1053719547,598787590,1833460766,2012514967;0
=1805098860,1243207676;842732412,1447999805;1088597660,816489098,352937482,1856306453;1
+515717944,799480788;230517766,1198143061
=37977719,982475248;447789331,237837516;1733252263,266465538,920139821,689468143;0
=107432184,1969229974;12434660,2180189;1746584339,85876852,607299988,489916763;0
=742489807,1542185655;176179967,1242886416;853343290,1253593798,744733222,960804444;0
=831709052,1068634629;638248200,482475600;1383164862,2127066942,1317533527,199449992;0
=1329954811,458158676;288572544,61321336;1814368581,1956272003,93625152,922529559;0
=581760843,1500470704;826172863,1080984062;878932446,907266264,588895556,173367344;1
+266886457,2088387810;71172575,262670475
=1751621554,1333503612;1992114956,362682422;742135179,376648617,1282121462,466034580;0
=1548911460,1823806082;764958877,132033976;1288971720,150139102,1793998117,124010260;0
=1493343069,1245150043;1937563530,2024100340;1779593369,1519369276,1068965960,1325080006;0
=1700478032,497861531;1400484786,1965693934;136694752,1567810488,1821614191,2069632427;1
+227880449,1329336083;592524572,1290889543
=1976444665,1245337994;261151760,2015558286;2076760222,1575078558,1058691220,1327825283;0
=1997446594,2052765037;162232920,684458936;260772244,775698798,1175740809,139461573;0
=1544747824,141953595;934446786,2038902351;2105687513,1704010914,1012752146,500567452;0
=724355375,419447190;1127970288,1795873101;776691534,792140784,1191128502,905724843;0
=809617526,802292556;710684612,972361051;90126674,101836815,629611850,1620166809;0
=284585954,846443506;1601448063,1263065622;1742244594,16421104,1525569849,1994435296;1
+463695876,2056572604;927518843,1533554155
=2081912020,846797124;236764591,1574314081;185820459,299121120,1036785410,1938264686;0
=2132586656,935890907;187577787,1380648391;280580041,217545162,185228726,1096772408;0
=34878385,1419912478;1087505361,996489014;1655617882,428678060,1901010680,605955263;0
=940413604,1523237955;1234892585,1550057613;1532649975,910725104,1939414058,1293620301;1
+285372429,645457300;1379738230,1791871874
=913867395,815065510;1477257126,163656201;1091606429,1632526850,205119552,259127640;0
=1615253236,1466122861;1474685676,1819580861;1559832294,1318560757,888016408,733915493;0
=367704376,69301305;213612206,1975923467;302348967,1850643693,508185876,841660043;0
=589236639,766874136;1776411678,1812350037;1536997406,1964219988,543380175,1139169079;0
=1426848898,2027150329;1454494459,1393041604;420867006,1634105807,699574654,1786336546;1
+757604946,835507422;488855276,686287934
=874081956,1448098084;630628213,136641448;1614580587,138917785,1424956862,1581874882;0
=1198534143,52640872;1376044363,51999036;1569032203,801244675,1828057347,103283710;0
=835585033,1307556179;1172207040,1372365662;739635341,1790922175,224024904,1576501260;0
=1552678781,1960924303;248320878,413655483;1016348069,845247816,617907996,838576491;0
=10769586,1895927928;37579475,181169480;1896573616,1426251082,1656034635,1041990608;1
