4;2;4
+2139730205,1777779557;1966417476,531626732
++1077371966,2950801529;1124575990,2136745719
==3685939465,2239710772;2518886683,1575968378;797880613,2063281403,1564781896,2524353099;0
==2992498029,2111580262;1216262597,2880343692;1066858896,2080591861,1782919825,1596982996;0
==2585914855,3404170131;2728781336,2368473914;2203398261,3077856228,1538073036,2765015976;0
==1301836990,2400484069;650609241,2462246527;3075646263,1621202975,3021772112,2635026252;1
++2735673788,2426919723;1521160153,2467996550
==3616535576,571950618;1439975172,664058857;2953366839,1249862469,2387602687,326721748;0
==2298780734,1784907398;3096903424,2137448458;1545089421,1752696441,1430009100,2173442845;0
==2187666981,1749291505;1898932713,1313834799;369158704,3806111788,1160940190,1112415643;0
==1549485000,2381956852;2613738950,2193395396;2604744855,1876339610,1768462197,344643280;1
+2478181608,2741716331;2338153659,3765276668
++2163583426,2231593934;1385690607,2634547351
==3200786495,3090304233;3169869375,2282088377;1359105006,1760020664,2277147273,2356661033;0
==767137502,1893604138;3425235970,3194845636;739541899,3080794831,1422847060,2526128720;1
++2969231745,1089050745;2542138484,2331434704
==706652550,3312925206;2992546662,2455837425;3066028540,3245689812,3125422123,2607727575;0
==1064651277,1442738496;3340844403,2802425124;3637813425,3714379711,1610598357,1986627702;0
==2334583269,1942541851;2858624502,1273571758;2318621553,2168006295,2674372679,1624298075;0
==3086088770,2115168582;2811715730,2787522556;2564439554,2754248963,1880030020,2317964624;1
+3024408358,3608523535;1486037957,1561672243
++3318789691,591386166;3220299549,1116714668
==737738923,3016023605;2681765124,2880050374;2828905647,3326761458,2802427700,2044391503;0
==2163744459,1295917115;913891763,1613527357;2510809028,2868570418,1247513214,3883116132;1
++3478082976,1435617508;2201707516,4015755109
==955687488,2553670029;2704983751,3839723250;982366498,1755365810,1940946216,1497590324;0
==1545290065,1036715744;467568240,234830862;2706974654,1529609522,946000873,1384837563;0
==3393070507,3594794846;1637291747,1851840931;2291213568,2452911710,1117339472,2758959475;1
++1254136875,2997813834;1334717167,2117354753
==2979951282,824570570;1939090640,2809989630;465402949,506730097,756684703,1336102260;0
==3252296277,924874233;2832105897,2513074274;3233607672,2727517931,2990349231,2397419523;0
==2842415584,5672671;2510423022,2517468833;699287942,1575416162,2175631552,2106428843;1
+442621195,2835334957;1474608640,1072161375
++2874734064,2425526219;1981000682,1754315279
==2325511412,1104078079;2099319011,1119228931;3571877134,2400503666,1255031111,2445443477;0
==2754709355,3501171010;3159226980,1094634535;4155113210,1353032745,1223148516,1231603479;0
==1099338803,1891394283;2165025656,1216809785;3451693137,528835292,3684361904,3769097873;0
==259509200,914338043;1484416102,3841477343;3568270748,1998235104,2023037281,2321550833;1
++2118423074,3804859354;1295446833,2996948669
==2910587524,2788091121;2350796254,2387990160;2828259039,177110672,1149796734,1176582020;0
==1901921164,3309347200;2452959386,2048135481;1363728224,3150593712,1633935129,3082416330;0
==2974391690,1182193378;829088986,1442588758;947711763,2824188471,2222554415,899897492;0
==2274826975,2182651085;2287564152,2772104383;2480013945,186662397,1702647211,1826290999;1
++1160633800,1075326149;3597228912,1336385992
==1584175024,2697701884;2803871690,2784327391;2330383045,3256716034,1675762065,2708688791;0
==3153208339,2280421196;2014541844,295964951;1891492141,1661654547,1904571442,2597433764;1
++2334292736,3485476166;2525185100,2377145353
==2112207095,1492589727;2216837050,1253045872;1800107954,1853261694,2794644002,3507154564;0
==1080698411,2261165629;2765581830,3075411033;1853121281,554552691,2932178009,1021454119;0
==1614279633,3426309088;1245851852,1112938520;1790295066,1615596215,3036422634,2162653008;1
