4;1;11
+832564157,897536531;516765159,958723950
=1816187827,662270709;924537683,90369894;1906048257,1649824195,1918952113,805512934;0
=109196257,1321748368;1773284073,1583308599;193123754,2102076807,2049695972,987236885;0
=792882693,1985461031;271969967,356542976;1051599444,1682447543,1415822812,1047283535;0
=650135306,775793528;1088322876,786802222;1601505385,1951216524,1294833106,171069054;0
=2098493719,94542772;1610257475,2138246590;31661054,1110259939,484722249,1854772994;0
=745715636,283859091;1880905880,552783142;2123661981,1615379268,387463331,835272051;0
=168150433,1076402872;1874822080,1301411005;555714053,558379338,2092373855,1658797105;0
=1115430399,87751630;1024503805,693134908;561493256,1154807196,68034738,1265468376;1
+1536923908,502174764;2119938592,199884943
=1895420112,1140510175;1549028325,1558913244;1140393900,498167195,563255192,1022285115;0
=1911996135,1412884410;301246931,1331631189;878726362,2052212430,128827473,1089308095;0
=455489280,753644040;18710318,1209101438;1261083277,1179771670,2058131478,864310457;0
=245873905,1160901297;1447857533,1178883161;1118428442,616033364,388864040,79840874;0
=968554861,967820412;590256741,2042300624;1528406623,377058289,416350139,316826576;0
=92784820,1988312435;602587533,367075713;1294052147,1595632154,1311723553,1672550464;0
=79125585,268627135;1526333829,318935353;1349671025,1304494171,1340740934,178466861;1
+1505616519,1331820408;1846225928,1949410034
=1579064620,660534747;2092172500,957640872;114945749,75231166,1216507526,874360571;0
=11920926,1542588317;1473294367,416391719;602847907,1621584042,1720521926,1247952479;0
=267766602,240529167;1141915047,78112126;1684096808,437974189,639901411,1571816447;0
=1817332288,1216574798;174307736,1470874163;2064282549,661489005,1802517217,1244286082;0
=80096357,965535811;316265556,274555663;825806326,779048125,1576914688,967401816;0
=91779253,739169612;1713904440,1487810609;332998484,1481328291,1663776094,836792097;1
+485090288,1183116300;812238561,451951281
=768124100,1925845288;452857967,1995692242;1395603045,576083980,2108865451,210087442;0
=1337200507,1494819545;1771451263,1289290011;1875570703,607489149,1821125963,1364078926;0
=602387604,1707778634;1698851121,1248142586;605757255,65548288,518649346,148225552;0
=1935295369,625906324;1482370631,524479536;265085147,22269031,102650875,254658047;0
=679618477,1240069046;1763757598,1834531973;1482060074,2040200986,806139167,819704581;0
=700693498,1157112451;1597049231,1106970406;2140418029,69153245,1156231619,931600819;0
=1555943818,2140751070;563029162,1018198136;1792479772,1957270536,1643241470,1199110782;0
=739337432,1391219000;615488254,1468501647;1061981889,1334547900,1640935012,708074554;1
+1159919093,1766251248;164387206,1744054597
=911605424,1124555054;1662798345,1031723522;892715049,1223660800,1153261079,578944163;0
=1732140767,1756695192;1420584298,1422785429;748370919,1439099478,1039720323,1637970429;0
=1742113003,1511668181;1190045958,432304128;1824846372,1356941613,81046651,1373067747;0
=369254942,1230667602;2021595934,1687168481;589453460,767081381,1765421675,1003226281;0
=628493041,1453232928;1977367284,302973737;1865650026,425691168,963979673,597721868;0
=253604103,425017184;87276559,604321312;165831074,891506384,429991451,1484757520;1
