4;1;8
+640055466,933968610;1834104610,1443071355
=503027647,193844375;1667864880,715365245;745367729,1786576357,985733699,343461350;0
=1817551147,1687374247;712942796,1854482989;1318948757,1256876199,1646625539,240989945;0
=378996982,1840683949;817819065,1976746904;1266411635,171649544,85771173,861100937;0
=235311052,1458373983;1516837208,91322835;1600744382,1202959282,928989800,536040108;0
=1826165576,1432007151;1463794801,1950038411;1037569325,1139943253,1503715863,2061348513;0
=684713261,129320832;411050927,1611285616;268071513,1821802679,493218518,620206837;0
=1801454665,1969843993;180903913,226664302;104689638,1833893400,1281050972,1572891970;1
+994550819,1824832770;1257654309,908183855
=106787413,1623658357;1935547170,897791968;509335402,1897575061,815749973,936882637;0
=1570868938,985308127;1136273752,824155955;1851343678,1155393864,2116618401,364653399;0
=824452143,167783184;185779311,835927155;303815615,1866879210,719224825,1205539616;0
=1305667979,746289822;1677967194,121389470;1234512886,1133250191,1632963772,1438854684;0
=1891530972,1541328367;2067361939,2105658148;1980195248,762458648,77768234,204192512;0
=653699204,1321773733;1632614654,1578955718;1988712790,1963312630,42869188,1746905751;1
+1875608258,619123114;349139260,78572583
=237459438,1716386396;2032503168,1999289164;742884804,819587077,1153074786,202478254;0
=1450697554,1754285316;1666418418,96578589;1346688155,1019283010,1399887922,262905444;0
=1532562339,1216706372;1256889893,689623028;661311766,1579254750,471729106,708593757;0
=2086947149,1949076804;568544242,86610089;139967880,225603291,2124167762,719221226;0
=2091712144,842874206;1848157113,319323055;202271194,1017691027,1120243724,462849527;0
=1294214606,1471781346;725236609,697178871;776534620,267783990,541265623,1515320372;0
=635069419,1710476496;1039107999,2121001123;45122278,98896651,397636448,649390534;1
+2030550165,177620298;956035524,753445834
=154986898,1396202608;663763824,1134456721;1313909710,1422845048,312573946,1147710922;0
=797052538,1459093183;1778045884,1607139472;1190503190,1072069331,752190640,993078192;0
=1543580369,1879099318;1380126968,1195764523;563915728,211354605,1599084241,1841156629;0
=35045108,1080817737;1856816381,1374812377;876091876,394588592,642671743,500594689;0
=1342252489,1468376302;1588889068,1200796795;2113205845,435186948,95427007,1726474608;1
+1200379273,340396300;2143535775,1017273190
=590433816,1283022481;1387244483,1316789665;2053894285,1016927708,1477450297,40228933;0
=1186404527,793439973;971509537,318631448;1490153947,1236335081,1460958563,597110267;0
=63877114,1552416886;1090885958,173923572;351662507,404660030,1025347798,264902240;0
=1140859404,1933944567;1080136619,1297465411;564741941,1767824545,1069870343,2057820086;0
=41387539,1988256782;1022401487,454224216;505197433,463855394,1703016642,1550755980;1
+1198670916,1189036266;1819373174,650431156
=1330228337,829556501;2058358117,1172147007;602275878,513627525,2131873704,100776130;0
=1159974116,1101806171;520759039,472946286;1626915824,1452672183,409596626,1566488532;0
=265734912,34048105;1092892975,914633039;1570340737,1512864265,1851714372,1697490539;0
=284911975,31458409;1465176177,1621218258;1068146896,1847339172,490697653,346554892;0
=1344087989,2116019007;1402352164,1430723296;1903911668,752268894,1352204437,675112799;1
