4;1;11
+895047672,1249227998;928621709,544542703
=809566866,1197533684;853884963,1246401421;1287341753,1215832063,1863866430,1359585702;0
=1987461507,352062231;1520055282,1176568131;732379955,937105377,2010944217,192170779;0
=1820310608,1666241882;861709237,1073937450;1799272491,1453165527,295129807,308542466;0
=10314729,688093530;1936155900,558391757;466598780,1372702210,1227368467,1718845368;0
=1298904013,408958953;1297872905,1388439933;1987362195,1202739531,156359601,1230794509;0
=1824855752,987127632;1945312852,1462895142;195878032,1660119618,909083368,39141561;0
=816256880,1292440828;1823199375,1264327936;1036435890,1568646461,472117969,871354202;0
=944279322,1684491206;215778755,1641498880;1512264144,976900141,255619618,951752737;1
+1506781655,295128797;1301210853,165177556
=295357587,2058649947;1937573422,1809288858;1365599096,935009955,687165462,433863022;0
=1770959376,763871610;1537993053,1826250884;963197859,288281610,1697124799,535122278;0
=270587810,2056387661;611366229,1997196453;1709757998,1801399910,911191289,620640854;0
=1841739937,1974738077;320450661,1190525223;1045712694,1383764330,197168931,457218638;0
=1840035375,1375596762;1099484012,1159673895;240831801,2054997423,1513504626,944825030;0
=46556257,791215853;165778755,311115768;1490851926,2145816896,1575211401,871282789;0
=2045210887,2018397813;1138516246,373799271;661791373,689254630,1529599717,446944862;1
+1168779394,448764962;1508025435,823342926
=1443034743,1039353173;1774132364,1706857129;667007861,529304968,2033778445,1169570940;0
=1241892693,1721761990;1209054282,868713839;1852058815,1579052315,879921929,155242501;0
=1455844781,1571196661;973787250,2099729818;1988292768,1191227365,1366442248,1287577493;0
=2100827873,639157854;583039641,1560544547;1278527298,554607142,728930840,1584852990;0
=1183026651,2004991245;797158162,144020896;1176912211,692420276,1357437448,1247694522;0
=2095674418,471748774;1037482467,344946726;1876555519,238399977,962169832,824246421;1
+8269181,79614574;185491367,781271816
=1864778459,593444245;1672409089,74366063;328948422,1522027640,483778550,85264334;0
=137069776,1250515161;650603644,1864203320;1636077991,870829428,906862246,556739640;0
=436206774,1235521163;964524371,955942869;1278202987,1016449317,6548490,276504601;0
=1743250882,719206411;1773306487,395921152;698734604,468640530,147106363,2116150857;0
=1422019053,380589211;2081336990,1416184828;1960549442,74203614,1782023554,47279140;0
=1367632697,648683059;1448564671,53311132;962875480,189090136,1131647786,1752704567;0
=1922279782,1430195827;1628801200,1959373538;744219127,1663147905,879785447,936700058;0
=414941641,82684108;1685129922,238125570;2106338147,319546599,914672821,2068480896;1
+1063775004,1024644237;1113077280,706755144
=866388984,1064242391;56803251,925559315;586036779,871377450,1252799509,1156105392;0
=1090122257,370007665;142344843,985962905;2003793209,1118116675,1687747637,148184057;0
=1815483887,2046764777;1236703239,172877440;173084043,979505076,942116066,2049777081;0
=1557039793,173070361;43069248,360596045;2062175173,931209903,1509021299,1177355362;0
=177269948,1882234364;438143854,198725570;1060735564,122450550,830415834,237109405;0
=1306200864,749668173;783567438,212732288;1256564128,1946393603,701152424,1741924836;1
