3;3;11
+0,0;20000,20000
++3595,0;8669,11882
+++3980,0;5318,6967
===5139,0;5318,4530;5134,3220,7104;0
===4608,0;4943,3594;5134,3220,7104;0
===4508,0;4608,3594;5134,3220,7104;0
===4792,4583;5275,5519;5502,5198,4962;0
===3980,4948;4305,5519;5502,5198,4962;0
===4635,5710;4644,6967;5112,6580,9838;0
===4943,0;5091,3594;5134,3220,7104;0
===4465,0;4565,4333;5048,3968,4374;1
+++7713,0;8493,11882
===8457,10384;8493,11882;9490,11780,11112;0
===7713,0;7758,5371;7496,3870,10128;0
===8375,9773;8446,11384;8962,10558,13408;0
===8438,8491;8474,10298;9452,8612,10464;0
===8229,9773;8375,11271;8962,10558,13408;0
===8163,8778;8309,10486;8830,8988,11054;1
+++7642,0;8669,10699
===7642,0;7713,7927;7496,3870,10128;0
===8145,6661;8495,7541;9796,6712,7404;0
===8006,10389;8187,10699;5516,10610,13170;0
===8394,5909;8669,6608;6992,6606,11710;0
===7758,0;7892,4541;7496,3870,10128;0
===8127,8778;8163,10486;8830,8988,11054;1
+++3595,0;6640,9493
===3656,6410;4129,9194;4176,8122,8654;0
===4140,7174;4319,9493;3136,8508,6024;0
===3785,5710;4110,6967;5112,6580,9838;0
===4129,0;4167,9194;4176,8122,8654;0
===4852,4955;6051,5526;8020,5212,4412;0
===3595,0;4078,3780;3108,3478,4854;0
===6408,0;6640,7245;6992,6606,11710;1
+++4951,9075;7900,11626
===4951,9181;5301,11191;3408,10478,5826;0
===5326,9075;5676,11085;4158,10266,7120;0
===6223,10217;7900,11085;4158,10266,7120;0
===5301,10208;5416,11191;3408,10478,5826;0
===5416,10323;5848,11191;3408,10478,5826;0
===6658,9951;7508,10066;10858,9964,10388;0
===5647,9616;6310,11626;7118,11348,9490;1
+++5710,10274;7794,11763
===5710,10518;6185,10584;8962,10558,13408;0
===7419,10944;7794,11763;11430,11622,9276;0
===6355,10274;6470,10979;5516,10610,13170;0
===6560,10363;7239,10584;8962,10558,13408;0
===6533,10527;6908,11068;9658,10788,11816;0
===6032,10800;6507,11169;9606,10990,14378;1
++0,0;11670,13465
+++0,10774;8400,13465
===0,12862;6747,13461;11036,12876,12908;0
===0,12880;7593,13465;12728,12884,13416;0
===8362,10774;8400,11385;9606,10990,14378;0
===0,12684;7434,12830;12410,12812,10864;0
===0,12121;6389,12198;10320,12186,8632;0
===0,11980;5978,12133;9498,12056,7884;0
===0,12425;6690,12522;10922,12488,8790;1
+++0,0;8043,9275
===7602,0;7763,5111;9702,5010,9984;0
===0,8560;5955,9275;9452,8612,10464;0
===2396,3454;2783,4962;3108,3478,4854;0
===0,3674;4977,3919;7496,3870,10128;0
===3366,3699;3782,4025;5048,3968,4374;0
===0,4713;8043,4784;13628,4728,10916;1
+++4848,6143;11670,11191
===11395,8585;11670,10552;10922,9482,16470;0
===4941,6143;5239,8307;2458,6446,4610;0
===4848,8159;4951,11191;3408,10478,5826;0
===5218,8538;5557,9253;7978,8568,10614;0
===10797,8800;11563,9082;8830,8988,11054;0
===10597,8100;11241,10616;12686,9488,7506;0
===5223,8810;5326,11085;4158,10266,7120;0
===4869,6784;5856,7120;7280,6886,13636;0
===7309,8274;7607,10053;7194,9938,5030;1
+++9994,0;11609,13465
===10508,12880;10688,13465;12728,12884,13416;0
===10468,11880;10883,11982;14648,11980,12600;0
===11146,10889;11167,11103;9606,10990,14378;0
===10824,10607;11174,11436;12850,11250,11286;0
===10632,10875;10882,11089;13476,10962,13434;0
===9994,11662;10140,11723;12492,11702,11142;0
===11402,0;11609,10787;14296,9018,6264;1
+++0,4948;5483,9253
===0,8538;5218,9253;7978,8568,10614;0
===0,8127;5483,8439;8508,8370,6048;0
===0,4948;3980,5519;5502,5198,4962;0
===3317,6410;3642,8315;4176,8122,8654;0
===0,7284;3317,8315;4176,8122,8654;0
===0,6784;4869,7120;7280,6886,13636;0
===3445,6026;3770,7931;4432,7354,6174;1
+++0,8763;8377,10584
===0,9951;6658,10066;10858,9964,10388;0
===0,9943;7438,9956;12418,9948,13002;0
===0,9387;3308,10372;4158,10266,7120;0
===0,9329;6690,9710;10922,9482,16470;0
===0,8763;8377,9478;14296,9018,6264;0
===0,8998;7572,9713;12686,9488,7506;0
===3308,9387;3633,10372;4158,10266,7120;0
===0,8894;6438,9557;10418,9176,10644;0
===0,10518;5710,10584;8962,10558,13408;1
+++0,4769;6080,7113
===0,4925;6080,5104;9702,5010,9984;0
===0,6777;5194,7113;7930,6872,9374;0
===0,6757;5553,7093;8648,6832,8414;0
===0,4769;3605,5643;4752,4840,5160;0
===0,6513;3785,6967;5112,6580,9838;0
===0,4955;4852,5526;8020,5212,4412;1
+++0,10875;9961,13465
===8442,10875;8817,11089;13476,10962,13434;0
===0,11942;8553,11982;14648,11980,12600;0
===7593,12880;9961,13465;12728,12884,13416;0
===8960,11002;8996,11498;10496,11216,12276;0
===0,11501;8766,11563;15074,11504,15648;0
===6952,11002;7327,11282;10496,11216,12276;1
+++0,5264;7700,9369
===0,8879;7685,9369;12912,9250,9628;0
===0,5264;7700,5578;12942,5316,11992;0
===0,8212;7611,8336;12764,8302,10492;0
===0,6697;6127,7033;9796,6712,7404;0
===0,7409;6874,7674;11290,7464,9028;0
===0,7401;6106,7666;9754,7448,10022;0
===0,7576;7163,7786;11868,7688,9194;1
++0,0;20000,20000
+++6226,6982;20000,13723
===7741,8274;20000,10053;7194,9938,5030;0
===15515,13346;15863,13723;18266,13512,14794;0
===11771,10590;20000,11233;10496,11216,12276;0
===10237,11864;20000,12020;7788,11984,9878;0
===10600,8810;10710,9369;12912,9250,9628;0
===13842,12151;14055,12751;13036,12322,16320;0
===6226,6982;20000,7619;4432,7354,6174;0
===7288,11036;20000,12057;6288,11904,5358;1
+++0,0;20000,20000
===0,17826;15718,18359;18594,18288,18192;0
===2812,3274;2932,20000;3108,3478,4854;0
===0,0;20000,20000;2516,3430,2194;0
===3419,0;20000,3884;2756,3070,3032;0
===3299,0;20000,20000;4082,4698,2716;0
===0,6528;4838,20000;7218,6610,4820;1
+++0,0;20000,15883
===2100,0;20000,2470;1684,1510,2508;0
===0,15733;15032,15883;17922,15816,17786;0
===3982,0;20000,4390;3882,4082,3118;0
===0,11111;7050,11824;11642,11744,6418;0
===8133,6890;8243,10389;7978,8568,10614;0
===0,12266;7747,12342;13036,12322,16320;0
===5165,8196;20000,9223;3136,8508,6024;0
===0,13557;9832,13990;17206,13934,14164;0
===0,13346;10362,13723;18266,13512,14794;1
+++0,6564;11280,8895
===0,6593;4725,6644;6992,6606,11710;0
===0,6564;4141,7018;5824,6682,7402;0
===11131,7995;11280,8895;12764,8302,10492;0
===6540,6757;7075,7358;8648,6832,8414;0
===7649,6697;7810,7298;9796,6712,7404;0
===6874,7409;7861,7674;11290,7464,9028;1
+++0,6900;10211,11723
===0,6900;3445,7931;4432,7354,6174;0
===10140,11662;10211,11723;12492,11702,11142;0
===0,10800;6032,11169;9606,10990,14378;0
===6106,7401;7093,7666;9754,7448,10022;0
===7973,8491;8323,9275;9452,8612,10464;0
===8243,8469;8313,10389;7978,8568,10614;0
===5676,10102;5791,11085;4158,10266,7120;0
===8404,8679;8559,10599;8830,8988,11054;0
===4319,7174;4712,9493;3136,8508,6024;0
===8313,8469;8715,10389;7978,8568,10614;0
===0,8778;5644,9463;8830,8988,11054;1
+++3647,3674;6115,10372
===3647,7482;3783,10372;4158,10266,7120;0
===5803,6210;6115,6631;5112,6580,9838;0
===4948,4404;5127,5340;4752,4840,5160;0
===4977,3674;5302,3919;7496,3870,10128;0
===5360,6597;5463,9629;4432,7354,6174;0
===5813,6597;5825,7619;4432,7354,6174;1
++4565,0;13577,20000
+++4565,0;7352,20000
===4565,0;5096,20000;5048,3968,4374;0
===5091,0;5139,20000;5134,3220,7104;0
===7249,0;7352,20000;7280,6886,13636;0
===4613,0;6284,20000;5144,5840,4324;0
===5323,0;6360,20000;5502,5198,4962;0
===5509,0;5670,20000;5516,10610,13170;0
===5080,0;5123,20000;5112,6580,9838;1
+++10112,10250;13577,14973
===11487,10875;11567,11089;13476,10962,13434;0
===10883,11880;10921,11982;14648,11980,12600;0
===10112,12880;10408,13465;12728,12884,13416;0
===10674,14055;10820,14163;12142,14064,16088;0
===13418,10250;13573,11374;12850,11250,11286;0
===13159,13622;13577,14357;12142,14064,16088;0
===10329,14478;10725,14973;13162,14694,14336;0
===12785,11862;13145,12396;14648,11980,12600;0
===10215,14055;10395,14123;12142,14064,16088;1
+++7954,0;9632,20000
===7954,0;7999,20000;7978,8568,10614;0
===9552,0;9632,20000;9606,10990,14378;0
===8054,0;8188,20000;8088,12848,10724;0
===8398,0;8715,20000;8508,8370,6048;0
===8723,0;8773,13807;8798,12362,8416;0
===8773,0;8860,20000;8798,12362,8416;0
===8942,0;9084,20000;8962,10558,13408;1
+++9643,0;10981,20000
===9643,9614;9954,11918;9490,11780,11112;0
===9683,8706;9753,11010;10858,9964,10388;0
===9819,14055;10115,14123;12142,14064,16088;0
===9965,10057;10075,12150;11642,11744,6418;0
===10058,0;10981,20000;10320,12186,8632;0
===9728,0;9775,20000;9754,7448,10022;0
===9686,0;9749,20000;9702,5010,9984;1
+++9979,0;10890,20000
===10589,0;10890,20000;10858,9964,10388;0
===9979,12682;10267,13461;11036,12876,12908;0
===10276,7995;10347,8336;12764,8302,10492;0
===10086,7944;10107,10681;10418,9176,10644;0
===10077,10196;10146,11701;10496,11216,12276;0
===10188,7576;10258,9716;11868,7688,9194;0
===10457,0;10677,20000;10496,11216,12276;0
===10585,0;10766,20000;10674,14046,12718;0
===10369,0;10638,20000;10418,9176,10644;0
===10333,0;10382,20000;10346,6036,10778;1
+++11988,0;12927,20000
===11988,0;12638,8476;11290,7464,9028;0
===12005,0;12276,20000;12142,14064,16088;0
===12139,0;12548,20000;12410,12812,10864;0
===12414,0;12455,20000;12418,9948,13002;0
===12277,0;12927,8588;11868,7688,9194;0
===12459,0;12748,6208;13628,4728,10916;0
===12707,0;12746,20000;12728,12884,13416;0
===12390,0;12799,9369;12912,9250,9628;0
===12451,0;12589,20000;12492,11702,11142;0
===12316,0;12725,8895;12764,8302,10492;0
===12807,0;12881,20000;12850,11250,11286;1
+++5663,0;7856,20000
===7460,0;7642,20000;7496,3870,10128;0
===5663,0;6056,20000;5824,6682,7402;0
===5753,0;7856,20000;7424,10168,3576;0
===6348,0;7206,20000;7194,9938,5030;0
===6806,0;7156,20000;7118,11348,9490;0
===5895,0;6391,20000;6288,11904,5358;0
===5998,0;6844,20000;6494,7884,5128;0
===6743,0;7055,20000;6992,6606,11710;0
===6181,0;7321,20000;7218,6610,4820;1
+++8578,0;12969,20000
===8578,0;8698,20000;8648,6832,8414;0
===11755,0;12277,20000;11868,7688,9194;0
===10621,0;11282,20000;10922,12488,8790;0
===10282,0;12969,20000;11642,11744,6418;0
===10979,0;11163,20000;11036,12876,12908;0
===11106,0;11466,20000;11290,7464,9028;0
===11360,0;11536,20000;11430,11622,9276;1
+++8814,0;10719,20000
===9578,0;9664,20000;9658,10788,11816;0
===8814,0;8876,20000;8830,8988,11054;0
===9359,0;10719,20000;9796,6712,7404;0
===9210,0;9647,20000;9498,12056,7884;0
===9064,0;9352,20000;9206,14182,9550;0
===9471,0;9494,20000;9490,11780,11112;0
===9584,0;9733,20000;9670,14262,8682;1
+++11891,0;13491,20000
===13196,0;13270,6989;13628,4728,10916;0
===13209,0;13261,11230;13476,10962,13434;0
===12994,0;13285,8407;12942,5316,11992;0
===12748,0;13196,6515;13628,4728,10916;0
===11891,0;13336,7815;13986,6142,8950;0
===12989,0;13041,20000;13036,12322,16320;0
===13270,0;13337,8113;13628,4728,10916;0
===12927,0;12994,20000;12942,5316,11992;0
===12164,0;13491,20000;12686,9488,7506;1
++7650,6374;20000,20000
+++11719,12844;20000,20000
===17725,16182;20000,20000;17184,18430,16718;0
===18094,14664;20000,20000;17922,15816,17786;0
===16757,14942;20000,20000;16308,15950,14578;0
===15388,16521;20000,20000;14468,17092,14594;0
===11719,13429;20000,20000;10674,14046,12718;0
===11900,12844;20000,20000;11036,12876,12908;0
===14271,14209;20000,20000;13894,16438,13104;0
===15204,13999;20000,14357;12142,14064,16088;0
===17611,15649;20000,20000;16956,17364,15886;0
===18258,15900;18430,20000;18594,18288,18192;1
+++11163,10170;18258,20000
===11163,10170;11233,20000;11036,12876,12908;0
===11759,15311;12155,15904;16022,15370,15096;0
===17081,15649;17611,20000;16956,17364,15886;0
===17889,17052;18258,20000;18594,18288,18192;0
===17775,17052;17889,18359;18594,18288,18192;0
===15718,17826;17775,18359;18594,18288,18192;0
===17195,16182;17725,20000;17184,18430,16718;1
+++8176,11900;20000,20000
===8176,15845;10544,20000;13894,16438,13104;0
===8879,12702;20000,13515;8088,12848,10724;0
===10717,13904;20000,20000;8748,15252,7630;0
===12728,12155;20000,20000;12410,12812,10864;0
===11092,11900;20000,20000;9498,12056,7884;0
===10064,13335;20000,14222;9206,14182,9550;0
===11178,13224;20000,20000;9670,14262,8682;1
+++8431,6374;20000,8246
===10489,6374;20000,6608;6992,6606,11710;0
===10022,6879;20000,7167;7280,6886,13636;0
===10308,6852;20000,7168;7930,6872,9374;0
===8431,8003;20000,8246;4176,8122,8654;0
===11472,6772;20000,7925;8648,6832,8414;0
===11220,7080;20000,7456;9754,7448,10022;1
+++7650,10731;13688,15908
===9832,13557;12200,13990;17206,13934,14164;0
===10271,10731;10417,11560;13046,11498,10804;0
===7959,13028;10327,13613;13460,13180,13208;0
===13311,12191;13688,13032;12728,12884,13416;0
===10566,11762;11088,11918;9490,11780,11112;0
===11137,10875;11487,11089;13476,10962,13434;0
===7810,14478;10178,14973;13162,14694,14336;0
===8324,15315;10692,15908;14190,15378,15250;0
===8418,12529;8443,14050;8088,12848,10724;0
===7650,13062;10018,13643;12842,13240,16736;1
+++8193,8778;8979,14757
===8432,13409;8979,14757;9670,14262,8682;0
===8639,10384;8710,11995;9490,11780,11112;0
===8470,9773;8625,11384;8962,10558,13408;0
===8426,10478;8541,11284;9658,10788,11816;0
===8380,8778;8404,10599;8830,8988,11054;0
===8193,9773;8229,11271;8962,10558,13408;1
+++10371,7222;20000,20000
===16221,14292;20000,14847;14176,14650,15946;0
===10371,8469;20000,8590;7978,8568,10614;0
===13530,7222;20000,8660;12764,8302,10492;0
===13491,9253;20000,20000;12686,9488,7506;0
===11563,8800;20000,9003;8830,8988,11054;0
===12609,9366;20000,9485;10922,9482,16470;0
===13604,9134;20000,20000;12912,9250,9628;1
+++11352,10250;20000,20000
===11352,10376;20000,11019;9658,10788,11816;0
===11503,11965;20000,20000;10320,12186,8632;0
===13573,10250;20000,11374;12850,11250,11286;0
===15184,14314;20000,14869;13162,14694,14336;0
===15660,15510;20000,15800;15012,15650,15708;0
===14996,12151;20000,12751;13036,12322,16320;1
+++7900,10217;20000,13945
===11004,10261;20000,10673;8962,10558,13408;0
===7900,10217;20000,11005;4158,10266,7120;0
===11541,10976;20000,11103;9606,10990,14378;0
===9380,10758;20000,11485;7118,11348,9490;0
===9297,12209;20000,12459;8798,12362,8416;0
===13927,13210;14286,13945;12842,13240,16736;0
===15554,13210;20000,13376;12842,13240,16736;0
===11127,11762;20000,11918;9490,11780,11112;0
===14229,12432;20000,13032;12728,12884,13416;0
===9183,10389;20000,10699;5516,10610,13170;1
+++11804,10258;20000,20000
===12708,10555;20000,11683;11430,11622,9276;0
===11804,12116;20000,20000;10922,12488,8790;0
===13671,10258;20000,20000;13046,11498,10804;0
===12969,10381;20000,20000;11642,11744,6418;0
===15249,15374;20000,15664;14190,15378,15250;0
===17144,14652;20000,15660;16022,15370,15096;0
===12769,11600;20000,20000;12492,11702,11142;1
+++11874,6803;20000,14809
===14054,12580;20000,14809;13460,13180,13208;0
===12793,6803;20000,8241;11290,7464,9028;0
===14603,9990;20000,11471;13476,10962,13434;0
===12732,9718;20000,10599;12418,9948,13002;0
===12357,9097;20000,9213;10418,9176,10644;0
===11874,8150;20000,8815;9452,8612,10464;0
===13082,6915;20000,8353;11868,7688,9194;0
===12422,9726;20000,10793;10858,9964,10388;1
++5194,0;11402,11089
+++5564,0;6668,9293
===5564,0;5698,3723;3108,3478,4854;0
===5789,3545;6124,3919;7496,3870,10128;0
===6056,0;6159,9293;5824,6682,7402;0
===6159,0;6509,7283;5824,6682,7402;0
===6509,0;6521,7283;5824,6682,7402;0
===6236,0;6668,4904;5048,3968,4374;0
===6247,0;6408,6644;6992,6606,11710;1
+++6534,0;7722,8977
===6844,0;6856,8911;6494,7884,5128;0
===7055,0;7093,8977;6992,6606,11710;0
===6640,0;6743,7245;6992,6606,11710;0
===6582,0;7722,7690;8020,5212,4412;0
===7105,0;7244,6608;6992,6606,11710;0
===6534,0;6582,5526;8020,5212,4412;0
===6660,0;6995,5240;7496,3870,10128;0
===6761,0;6895,5205;5502,5198,4962;1
+++5553,0;10369,11089
===5553,6757;6540,7093;8648,6832,8414;0
===10107,0;10369,10681;10418,9176,10644;0
===6470,10389;6506,10979;5516,10610,13170;0
===7967,10875;8442,11089;13476,10962,13434;0
===8187,10389;9183,10699;5516,10610,13170;0
===8739,0;8814,10675;8830,8988,11054;0
===9125,0;9187,10584;9452,8612,10464;0
===6284,0;6716,8004;5144,5840,4324;1
+++5194,0;11402,10787
===5194,6777;6181,7113;7930,6872,9374;0
===11322,0;11369,5676;12942,5316,11992;0
===11292,8694;11402,10787;14296,9018,6264;0
===5335,8003;5685,10013;4176,8122,8654;0
===6052,6223;6068,6644;6992,6606,11710;0
===5644,8778;8012,9463;8830,8988,11054;0
===11137,0;11317,6427;13986,6142,8950;0
===5275,0;5323,5519;5502,5198,4962;0
===5318,0;6164,4209;5134,3220,7104;0
===5302,3545;5689,3919;7496,3870,10128;1
+++6315,0;11220,7601
===10698,7080;11220,7456;9754,7448,10022;0
===10958,0;11138,4869;13628,4728,10916;0
===6315,0;6499,4534;7496,3870,10128;0
===8468,0;8578,7601;8648,6832,8414;0
===6521,6646;6922,7283;5824,6682,7402;0
===6499,0;6660,5240;7496,3870,10128;0
===6360,0;6761,5904;5502,5198,4962;1
+++6552,0;10615,8520
===10481,5163;10615,5676;12942,5316,11992;0
===6995,0;7345,5240;7496,3870,10128;0
===7562,6741;7574,8520;7930,6872,9374;0
===6552,6748;6887,7385;7280,6886,13636;0
===6716,6777;6877,7378;7930,6872,9374;0
===7345,0;7357,5240;7496,3870,10128;1
+++5825,3545;7236,9253
===6077,8226;7236,9253;7978,8568,10614;0
===6124,3545;6272,3919;7496,3870,10128;0
===5825,6982;6226,7619;4432,7354,6174;0
===6068,5902;6247,6644;6992,6606,11710;0
===6080,4925;6405,5104;9702,5010,9984;0
===6272,3545;6315,4534;7496,3870,10128;1
++5373,0;20000,20000
+++12896,0;14183,20000
===14081,0;14183,20000;14176,14650,15946;0
===12896,0;12927,7283;12942,5316,11992;0
===13336,0;14141,20000;13986,6142,8950;0
===13468,0;13552,20000;13476,10962,13434;0
===13253,0;13544,20000;13460,13180,13208;0
===12979,0;13516,20000;13046,11498,10804;0
===13337,0;13807,20000;13628,4728,10916;0
===13261,0;13468,12071;13476,10962,13434;0
===13104,0;13311,20000;13162,14694,14336;1
+++12725,0;13940,20000
===13761,0;13940,20000;13894,16438,13104;0
===12725,0;12838,20000;12764,8302,10492;0
===12799,0;13449,20000;12912,9250,9628;0
===12838,0;13375,8776;12764,8302,10492;0
===12853,0;12896,7283;12942,5316,11992;0
===12803,0;12846,20000;12842,13240,16736;1
+++12046,0;20000,20000
===12046,0;20000,7865;9796,6712,7404;0
===14472,0;20000,20000;14648,11980,12600;0
===14685,0;14861,11742;15074,11504,15648;0
===16998,0;17736,13723;18266,13512,14794;0
===14830,0;15043,20000;15012,15650,15708;0
===15876,0;16165,20000;16022,15370,15096;0
===13807,0;20000,5435;13628,4728,10916;0
===13464,5022;20000,5729;12942,5316,11992;0
===12166,0;20000,6089;10346,6036,10778;1
+++7574,0;12853,20000
===7606,0;7859,20000;7788,11984,9878;0
===12405,0;12853,6809;12942,5316,11992;0
===7574,0;7677,8520;7930,6872,9374;0
===9329,0;9475,20000;9452,8612,10464;0
===10779,0;10824,4869;13628,4728,10916;0
===8628,0;8835,20000;8748,15252,7630;1
+++6164,0;20000,20000
===16468,0;20000,20000;17206,13934,14164;0
===6164,0;20000,4209;5134,3220,7104;0
===6185,0;20000,20000;8288,12210,3542;0
===6716,0;20000,8004;5144,5840,4324;0
===7093,0;7105,8272;6992,6606,11710;0
===6895,0;20000,5205;5502,5198,4962;1
+++7722,0;16670,20000
===7722,0;8154,20000;8020,5212,4412;0
===16140,0;16670,12719;15074,11504,15648;0
===14382,0;14558,20000;14468,17092,14594;0
===15402,0;16140,13274;15074,11504,15648;0
===14861,0;15402,20000;15074,11504,15648;0
===14088,0;14243,20000;14190,15378,15250;1
+++16165,0;20000,20000
===18430,0;20000,20000;18594,18288,18192;0
===16165,0;16614,15660;16022,15370,15096;0
===17070,0;17195,20000;17184,18430,16718;0
===16632,0;17081,20000;16956,17364,15886;0
===16457,0;16998,13723;18266,13512,14794;0
===16670,0;20000,12508;15074,11504,15648;0
===17564,0;18094,20000;17922,15816,17786;1
+++7677,0;20000,20000
===9549,6361;20000,6595;5112,6580,9838;0
===7677,0;7975,20000;7930,6872,9374;0
===11844,0;20000,5576;9702,5010,9984;0
===10741,0;20000,4440;7496,3870,10128;0
===8154,0;20000,8711;8020,5212,4412;0
===8715,0;20000,10463;8508,8370,6048;0
===8605,0;20000,20000;8922,12556,5116;0
===11609,0;20000,20000;14296,9018,6264;1
+++5373,0;20000,11191
===5973,4404;20000,5019;4752,4840,5160;0
===5373,6143;20000,8307;2458,6446,4610;0
===6922,6646;20000,7283;5824,6682,7402;0
===7257,7247;20000,8911;6494,7884,5128;0
===5848,10323;20000,11191;3408,10478,5826;0
===5698,0;20000,3723;3108,3478,4854;0
===7753,5911;20000,8389;7218,6610,4820;0
===7856,0;20000,11189;7424,10168,3576;0
===6668,0;20000,4904;5048,3968,4374;1
+++14141,0;20000,20000
===14183,0;14236,15014;14176,14650,15946;0
===17736,0;20000,20000;18266,13512,14794;0
===14141,0;20000,7580;13986,6142,8950;0
===15189,0;20000,20000;15730,15044,13364;0
===15927,0;16468,14489;17206,13934,14164;0
===16019,0;16757,20000;16308,15950,14578;1
++6856,0;11137,11226
+++10543,0;11106,11226
===10890,0;11074,11226;10858,9964,10388;0
===10979,0;11106,10985;10922,9482,16470;0
===10890,0;10979,10985;10922,9482,16470;0
===10805,0;11106,9976;11290,7464,9028;0
===10670,0;10890,9723;10922,9482,16470;0
===10543,0;10805,9825;11290,7464,9028;0
===10824,0;10958,4869;13628,4728,10916;0
===10638,0;10854,9570;10418,9176,10644;1
+++6856,0;10543,10334
===10394,7088;10543,9825;11290,7464,9028;0
===9152,0;9359,9634;9796,6712,7404;0
===7093,7160;8124,7666;9754,7448,10022;0
===9475,0;9577,10334;9452,8612,10464;0
===6856,7247;7257,8911;6494,7884,5128;0
===6877,6741;7212,7378;7930,6872,9374;1
+++7619,0;11137,9111
===11003,0;11137,6427;13986,6142,8950;0
===10818,0;10994,6750;10346,6036,10778;0
===7619,5911;7753,8389;7218,6610,4820;0
===10562,0;10779,4869;13628,4728,10916;0
===8646,0;10741,4440;7496,3870,10128;0
===10071,0;10333,9111;10346,6036,10778;0
===7763,0;8448,5111;9702,5010,9984;0
===10382,0;10818,7606;10346,6036,10778;1
+++7611,5624;10602,8336
===7611,8212;8470,8336;12764,8302,10492;0
===8219,6042;8289,7621;7930,6872,9374;0
===9905,5677;10590,6376;13986,6142,8950;0
===10590,5677;10602,6376;13986,6142,8950;0
===8770,5624;8782,6323;10346,6036,10778;0
===9744,5677;9905,6376;13986,6142,8950;0
===8289,6852;8714,7621;7930,6872,9374;0
===7745,5624;7924,6323;10346,6036,10778;0
===8470,8093;9629,8336;12764,8302,10492;0
===9565,5677;9744,6376;13986,6142,8950;1
+++8085,0;10562,8533
===10411,4299;10562,4869;13628,4728,10916;0
===9250,0;9600,8533;9702,5010,9984;0
===8085,5624;8770,6323;10346,6036,10778;0
===10024,0;10071,6374;10346,6036,10778;0
===8995,0;9175,5921;9702,5010,9984;0
===9317,5523;9497,6374;10346,6036,10778;0
===9175,0;9250,8533;9702,5010,9984;1
+++8334,0;10219,7601
===8334,0;8468,7601;8648,6832,8414;0
===10068,5264;10219,5676;12942,5316,11992;0
===9042,0;9152,7541;9796,6712,7404;0
===8448,0;8816,5111;9702,5010,9984;0
===8861,0;8995,5921;9702,5010,9984;0
===8599,0;8646,4440;7496,3870,10128;0
===8908,0;9042,7541;9796,6712,7404;1
+++7227,0;9222,11042
===7352,0;7388,8527;7280,6886,13636;0
===7321,0;7619,8389;7218,6610,4820;0
===7227,4489;7375,5104;9702,5010,9984;0
===8264,0;8398,10290;8508,8370,6048;0
===8698,0;8785,11042;8648,6832,8414;0
===9073,0;9222,9444;8648,6832,8414;0
===7892,0;8072,4541;7496,3870,10128;0
===8072,0;8599,4541;7496,3870,10128;0
===7418,0;7602,5104;9702,5010,9984;0
===7375,4115;7418,5104;9702,5010,9984;1
++0,0;9821,20000
+++2071,0;4900,20000
===3122,0;3272,20000;3136,8508,6024;0
===2636,0;3419,20000;2756,3070,3032;0
===2071,0;2487,20000;2458,6446,4610;0
===4120,0;4295,20000;4158,10266,7120;0
===4257,0;4592,20000;4432,7354,6174;0
===4417,0;4900,20000;4752,4840,5160;0
===3319,0;3982,20000;3882,4082,3118;0
===3258,0;3645,20000;3408,10478,5826;0
===2932,0;3495,20000;3108,3478,4854;0
===4167,0;4304,20000;4176,8122,8654;0
===2607,4938;3170,20000;2458,6446,4610;1
+++0,0;4554,20000
===0,3454;2396,4962;3108,3478,4854;0
===3782,3519;3902,4025;5048,3968,4374;0
===0,7433;4554,20000;7424,10168,3576;0
===0,10544;3987,20000;5516,10610,13170;0
===0,9175;4373,20000;6288,11904,5358;0
===0,7165;4476,20000;6494,7884,5128;0
===0,7477;2797,20000;3136,8508,6024;0
===0,0;2100,20000;1684,1510,2508;1
+++0,3756;4826,20000
===2487,4938;2607,20000;2458,6446,4610;0
===0,3978;2071,20000;2458,6446,4610;0
===0,3756;2783,20000;3882,4082,3118;0
===0,4064;2883,20000;4082,4698,2716;0
===0,8462;2933,20000;3408,10478,5826;0
===0,8192;4826,20000;7194,9938,5030;0
===0,5269;3414,20000;5144,5840,4324;1
+++2933,4769;5753,20000
===4554,7433;5753,20000;7424,10168,3576;0
===3170,5264;3270,20000;2458,6446,4610;0
===2933,6978;3258,20000;3408,10478,5826;0
===3930,4769;4417,20000;4752,4840,5160;0
===3783,7482;4120,20000;4158,10266,7120;0
===3270,5572;3801,20000;2458,6446,4610;1
+++0,6862;7650,20000
===4476,6862;5819,20000;6494,7884,5128;0
===0,13062;7650,13643;12842,13240,16736;0
===0,8454;4986,20000;8288,12210,3542;0
===0,11944;5123,20000;7788,11984,9878;0
===0,12383;5690,20000;8922,12556,5116;0
===0,12416;5273,20000;8088,12848,10724;1
+++0,14055;9707,20000
===0,14055;7300,14123;12142,14064,16088;0
===0,17228;9707,20000;16956,17364,15886;0
===0,14456;8317,14672;14176,14650,15946;0
===0,14478;7810,14973;13162,14694,14336;0
===0,14653;9094,15148;15730,15044,13364;0
===0,15311;9240,15904;16022,15370,15096;1
+++0,15315;9821,20000
===0,17897;9821,20000;17184,18430,16718;0
===0,15315;8324,15908;14190,15378,15250;0
===0,16765;8463,20000;14468,17092,14594;0
===0,15601;9383,16194;16308,15950,14578;0
===0,15845;8176,20000;13894,16438,13104;0
===0,15514;8735,16044;15012,15650,15708;1
+++2783,3454;4837,20000
===2783,3454;2812,20000;3108,3478,4854;0
===4462,10438;4837,20000;5516,10610,13170;0
===2783,3756;3199,20000;3882,4082,3118;0
===2883,4064;3299,20000;4082,4698,2716;0
===3199,3576;3319,20000;3882,4082,3118;0
===2797,5993;3122,20000;3136,8508,6024;0
===3414,5269;4613,20000;5144,5840,4324;1
+++0,11811;8628,20000
===0,13028;7959,13613;13460,13180,13208;0
===8518,11811;8628,20000;8748,15252,7630;0
===0,13409;6064,14757;9670,14262,8682;0
===0,13731;5603,20000;8748,15252,7630;0
===0,13447;6566,14114;10674,14046,12718;0
===0,12286;5628,13807;8798,12362,8416;0
===0,13369;5832,14717;9206,14182,9550;1
++0,0;12552,12525
+++11555,0;12552,11380
===12455,0;12552,10825;12418,9948,13002;0
===11555,0;12166,6750;10346,6036,10778;0
===12143,0;12414,11380;12418,9948,13002;0
===11987,0;12459,6096;13628,4728,10916;0
===12116,0;12405,6502;12942,5316,11992;0
===11579,0;11755,9716;11868,7688,9194;0
===11712,0;11987,5382;13628,4728,10916;1
+++0,10633;8504,11842
===0,10633;6058,11068;9658,10788,11816;0
===0,10913;4788,11626;7118,11348,9490;0
===0,11423;7752,11560;13046,11498,10804;0
===0,11564;5974,11842;9490,11780,11112;0
===7561,10774;8362,11169;9606,10990,14378;0
===8129,10758;8504,11299;12850,11250,11286;0
===0,11050;6944,11763;11430,11622,9276;0
===0,10864;7654,11299;12850,11250,11286;0
===0,11662;7475,11723;12492,11702,11142;0
===0,11002;6477,11282;10496,11216,12276;0
===0,10875;7967,11089;13476,10962,13434;1
+++10327,0;12451,12257
===10327,0;10589,11075;10858,9964,10388;0
===12180,0;12451,12257;12492,11702,11142;0
===10994,0;11516,6750;10346,6036,10778;0
===11138,0;11665,4869;13628,4728,10916;0
===11241,0;12164,10616;12686,9488,7506;0
===11536,0;11649,11683;11430,11622,9276;0
===11317,0;11891,6427;13986,6142,8950;1
+++9664,0;12116,12525
===10037,7080;10522,9817;9754,7448,10022;0
===11644,0;12116,6390;12942,5316,11992;0
===11466,0;11988,9604;11290,7464,9028;0
===10719,0;12046,9228;9796,6712,7404;0
===11369,0;11644,5676;12942,5316,11992;0
===11665,0;11712,5382;13628,4728,10916;0
===9749,0;11844,5861;9702,5010,9984;0
===11516,0;11555,6750;10346,6036,10778;0
===9664,0;9680,12525;9658,10788,11816;1
+++0,0;10780,9493
===7357,0;7460,7019;7496,3870,10128;0
===0,5938;6402,6241;10346,6036,10778;0
===10710,8469;10780,9369;12912,9250,9628;0
===3272,0;3509,9493;3136,8508,6024;0
===7571,6721;7921,7601;8648,6832,8414;0
===4480,6261;4991,7018;5824,6682,7402;0
===0,5991;8222,6294;13986,6142,8950;1
+++0,0;5813,7619
===3495,0;3595,3780;3108,3478,4854;0
===4078,0;5564,3723;3108,3478,4854;0
===5689,3545;5789,3919;7496,3870,10128;0
===3409,3145;3796,3325;5134,3220,7104;0
===5463,6597;5813,7619;4432,7354,6174;0
===0,3145;3409,3325;5134,3220,7104;0
===0,2290;2220,3250;2756,3070,3032;0
===0,3699;3366,4025;5048,3968,4374;0
===2220,0;2636,3250;2756,3070,3032;1
++3796,0;10394,12459
+++9084,0;9686,12370
===9600,0;9686,9636;9702,5010,9984;0
===9574,0;9578,11422;9658,10788,11816;0
===9494,0;9596,11918;9490,11780,11112;0
===9084,0;9207,12370;8962,10558,13408;0
===9123,0;9210,12306;9498,12056,7884;0
===9529,0;9548,11385;9606,10990,14378;0
===9187,0;9329,11397;9452,8612,10464;0
===9555,0;9574,11284;9658,10788,11816;1
+++3796,0;6236,4904
===5096,0;6236,4904;5048,3968,4374;0
===3796,3145;3825,3325;5134,3220,7104;0
===4121,0;4508,3594;5134,3220,7104;0
===3902,0;4465,4025;5048,3968,4374;0
===3945,0;4121,3349;5134,3220,7104;0
===3825,3145;3945,3349;5134,3220,7104;1
+++7747,0;10282,12342
===7747,12266;10115,12342;13036,12322,16320;0
===8816,0;8861,5111;9702,5010,9984;0
===7861,7148;8892,7674;11290,7464,9028;0
===9899,7148;9969,9760;11290,7464,9028;0
===9577,6811;9603,10334;9452,8612,10464;0
===9276,6229;9626,9752;9754,7448,10022;0
===8346,11112;8461,12133;9498,12056,7884;0
===10075,0;10282,12150;11642,11744,6418;1
+++8860,0;9552,12459
===8896,0;8942,11557;8962,10558,13408;0
===9548,0;9552,11523;9606,10990,14378;0
===8876,0;9141,10772;8830,8988,11054;0
===8860,0;9148,12459;8798,12362,8416;0
===9003,0;9123,12306;9498,12056,7884;0
===9050,0;9125,10487;9452,8612,10464;1
+++7244,0;10394,10276
===10044,7088;10394,9760;11290,7464,9028;0
===8785,0;9073,9694;8648,6832,8414;0
===7244,5238;7461,6608;6992,6606,11710;0
===7701,7720;7737,10276;7978,8568,10614;0
===8024,8810;9703,9369;12912,9250,9628;0
===9131,7140;9201,9752;9754,7448,10022;0
===9222,6772;10145,9444;8648,6832,8414;0
===7508,9951;8988,10066;10858,9964,10388;1
+++5974,10758;8965,11842
===7525,10956;8965,11824;11642,11744,6418;0
===7703,10758;8308,11779;7118,11348,9490;0
===5974,11564;7889,11842;9490,11780,11112;0
===7050,11111;7525,11824;11642,11744,6418;0
===6507,10800;6882,11169;9606,10990,14378;0
===6477,11002;6952,11282;10496,11216,12276;1
+4455,5238;17564,20000
++14181,12746;17564,20000
+++15712,14652;17564,20000
===17553,14875;17564,20000;17922,15816,17786;0
===15712,16657;15984,20000;16956,17364,15886;0
===16972,14875;17115,15883;17922,15816,17786;0
===16614,14652;17144,15660;16022,15370,15096;0
===16826,15593;16972,15883;17922,15816,17786;0
===16343,16657;16489,20000;16956,17364,15886;0
===16489,16657;16632,20000;16956,17364,15886;0
===16467,15593;16826,15883;17922,15816,17786;0
===17115,14875;17439,16590;17922,15816,17786;0
===16195,15733;16467,15883;17922,15816,17786;1
+++14181,13055;15189,20000
===14181,13055;14227,20000;14468,17092,14594;0
===14625,13315;14953,15014;14176,14650,15946;0
===14842,17228;14860,20000;16956,17364,15886;0
===14558,14536;15099,20000;14468,17092,14594;0
===14858,13512;15189,20000;15730,15044,13364;0
===14286,13210;14899,13945;12842,13240,16736;0
===14812,13512;14858,20000;15730,15044,13364;1
+++15517,12746;16457,20000
===16126,12746;16457,13723;18266,13512,14794;0
===15517,15510;15660,20000;15012,15650,15708;0
===15871,12746;16126,13723;18266,13512,14794;0
===15691,14292;16221,14847;14176,14650,15946;0
===15596,12957;15927,14489;17206,13934,14164;0
===15954,15733;16195,15883;17922,15816,17786;0
===15908,15733;15954,15883;17922,15816,17786;0
===15566,13315;15691,14847;14176,14650,15946;1
+++14860,13315;16019,20000
===14956,17897;14974,20000;17184,18430,16718;0
===14953,13315;15566,14847;14176,14650,15946;0
===14860,17228;15425,20000;16956,17364,15886;0
===15147,15497;16019,20000;16308,15950,14578;0
===15245,15207;15876,20000;16022,15370,15096;0
===15043,13577;15371,20000;15012,15650,15708;0
===14958,15207;15004,16231;16022,15370,15096;1
+++15341,12746;16343,20000
===15471,17228;15712,20000;16956,17364,15886;0
===15984,16657;16343,20000;16956,17364,15886;0
===15863,12746;15871,13723;18266,13512,14794;0
===15341,12957;15596,14489;17206,13934,14164;0
===15479,15733;15908,15883;17922,15816,17786;0
===15497,13346;15515,13723;18266,13512,14794;0
===15382,15733;15479,15883;17922,15816,17786;1
+++14967,13210;15554,20000
===15024,13210;15554,13587;12842,13240,16736;0
===15425,17228;15471,20000;16956,17364,15886;0
===14967,13557;14985,14489;17206,13934,14164;0
===15371,15347;15517,20000;15012,15650,15708;0
===15101,15497;15147,20000;16308,15950,14578;0
===15099,16068;15388,20000;14468,17092,14594;0
===15013,13210;15024,13945;12842,13240,16736;1
++4455,5238;8432,20000
+++6127,5238;8366,8527
===7461,5238;7506,6608;6992,6606,11710;0
===7534,5378;7605,8527;7280,6886,13636;0
===7388,5378;7534,8527;7280,6886,13636;0
===6153,6210;6165,6631;5112,6580,9838;0
===6521,6210;6566,6595;5112,6580,9838;0
===6165,6210;6521,6595;5112,6580,9838;0
===7894,6879;8366,7628;7280,6886,13636;0
===7114,6697;7649,7298;9796,6712,7404;0
===7810,6661;8145,7298;9796,6712,7404;0
===7236,6721;7571,7358;8648,6832,8414;0
===6127,6697;7114,7033;9796,6712,7404;1
+++4455,5274;5232,20000
===4455,8810;4651,20000;4158,10266,7120;0
===4464,7738;4660,20000;4176,8122,8654;0
===5000,7738;5232,20000;4176,8122,8654;0
===4772,5710;4932,20000;5112,6580,9838;0
===4644,5710;4772,6967;5112,6580,9838;0
===4788,6597;4967,20000;4432,7354,6174;0
===4660,7738;4839,20000;4176,8122,8654;0
===4932,5274;5080,20000;5112,6580,9838;1
+++4974,8003;8432,20000
===4974,8595;5314,20000;5516,10610,13170;0
===6412,8003;8431,8246;4176,8122,8654;0
===5603,13731;7971,20000;8748,15252,7630;0
===5628,12286;7996,13807;8798,12362,8416;0
===5690,12383;8058,20000;8922,12556,5116;0
===6064,13409;8432,14757;9670,14262,8682;0
===8309,8778;8380,10599;8830,8988,11054;0
===8012,8778;8127,9578;8830,8988,11054;0
===8078,10363;8193,11271;8962,10558,13408;0
===6908,10478;8388,11068;9658,10788,11816;1
+++7239,6042;8219,20000
===7975,6042;8109,20000;7930,6872,9374;0
===7883,7720;7954,20000;7978,8568,10614;0
===8009,10708;8033,20000;8088,12848,10724;0
===7587,10389;8006,10699;5516,10610,13170;0
===7239,10363;8040,10953;8962,10558,13408;0
===7271,10758;7703,20000;7118,11348,9490;0
===7685,8879;8024,9369;12912,9250,9628;0
===7586,7720;7701,9368;7978,8568,10614;0
===8109,6042;8219,9541;7930,6872,9374;0
===8033,9030;8054,20000;8088,12848,10724;0
===7501,7490;7851,9154;8508,8370,6048;1
+++4826,7889;7641,20000
===4846,8982;4974,20000;5516,10610,13170;0
===7603,12416;7641,20000;8088,12848,10724;0
===4826,7889;6169,20000;7194,9938,5030;0
===5273,12416;7603,20000;8088,12848,10724;0
===6185,10412;6560,10584;8962,10558,13408;0
===6506,10389;6902,10979;5516,10610,13170;0
===5123,11944;7038,20000;7788,11984,9878;0
===6058,10633;6533,11068;9658,10788,11816;0
===5791,10217;6223,11085;4158,10266,7120;0
===6310,9616;6703,11626;7118,11348,9490;0
===5685,8003;6342,9030;4176,8122,8654;1
+++6703,9616;7606,20000
===6703,9616;6806,20000;7118,11348,9490;0
===7503,11076;7606,20000;7788,11984,9878;0
===7453,11076;7491,20000;7788,11984,9878;0
===7491,11076;7503,20000;7788,11984,9878;0
===7038,11666;7453,20000;7788,11984,9878;0
===7156,10643;7271,20000;7118,11348,9490;0
===6902,10389;7587,10979;5516,10610,13170;0
===6741,10921;6856,20000;6288,11904,5358;0
===6882,10800;7561,11169;9606,10990,14378;0
===6856,11036;7288,20000;6288,11904,5358;1
+++4455,6210;5650,20000
===5232,7738;5335,10013;4176,8122,8654;0
===4455,8159;4848,20000;3408,10478,5826;0
===5128,6261;5484,20000;5824,6682,7402;0
===4838,6225;5650,20000;7218,6610,4820;0
===5128,6210;5307,20000;5112,6580,9838;0
===4788,10913;5263,11626;7118,11348,9490;1
++8653,7722;15106,20000
+++8653,7722;9226,13807
===8653,9597;8723,13807;8798,12362,8416;0
===8980,7722;9050,10487;9452,8612,10464;0
===8957,8894;9103,10580;10418,9176,10644;0
===9207,9585;9226,12370;8962,10558,13408;0
===9026,9167;9141,10066;10858,9964,10388;0
===9058,9329;9209,9723;10922,9482,16470;1
+++11782,15242;14956,20000
===11782,15242;12107,20000;13894,16438,13104;0
===12843,15514;13870,16044;15012,15650,15708;0
===13616,16765;13972,20000;14468,17092,14594;0
===13972,16765;14181,20000;14468,17092,14594;0
===12736,17897;14956,20000;17184,18430,16718;0
===12622,17228;14842,20000;16956,17364,15886;1
+++11239,7845;13886,20000
===13544,8954;13677,20000;13460,13180,13208;0
===11239,15315;11469,15908;14190,15378,15250;0
===11378,16765;13598,20000;14468,17092,14594;0
===13723,9661;13878,14809;13460,13180,13208;0
===11880,15514;12341,16044;15012,15650,15708;0
===11346,15350;11696,20000;13894,16438,13104;0
===13677,8954;13723,14809;13460,13180,13208;0
===13685,7845;13731,13700;13476,10962,13434;0
===13742,11501;13783,11603;15074,11504,15648;0
===13731,8552;13886,13700;13476,10962,13434;0
===13783,11501;13880,11742;15074,11504,15648;1
+++10604,11501;14393,20000
===10855,12682;10947,20000;11036,12876,12908;0
===14375,15207;14393,15904;16022,15370,15096;0
===11431,11501;11681,11563;15074,11504,15648;0
===10604,12684;10666,13497;12410,12812,10864;0
===10678,12682;10691,13461;11036,12876,12908;0
===11613,14653;11909,15148;15730,15044,13364;0
===13880,11501;13901,11742;15074,11504,15648;0
===13901,11501;13919,11742;15074,11504,15648;0
===14055,12151;14383,12751;13036,12322,16320;0
===13509,13210;13927,13945;12842,13240,16736;1
+++10955,10583;13842,20000
===10955,14478;11416,20000;13162,14694,14336;0
===13470,10583;13761,20000;13894,16438,13104;0
===11681,11501;11936,11563;15074,11504,15648;0
===13358,11501;13742,11603;15074,11504,15648;0
===13511,11910;13842,12751;13036,12322,16320;0
===13667,11739;13706,20000;14648,11980,12600;1
+++13686,12806;15106,16235
===14419,13679;14960,16235;14190,15378,15250;0
===14960,15211;15106,16235;14190,15378,15250;0
===14536,15497;15101,16194;16308,15950,14578;0
===14393,15207;14958,15904;16022,15370,15096;0
===13686,14112;14208,15741;15730,15044,13364;0
===13818,12806;13826,15544;14176,14650,15946;0
===14412,13315;14594,15014;14176,14650,15946;0
===14899,13210;15013,13945;12842,13240,16736;0
===13870,15514;13888,16044;15012,15650,15708;0
===13825,13170;13833,15908;14190,15378,15250;1
+++12385,13346;14518,16194
===13577,13622;13936,14357;12142,14064,16088;0
===12747,13557;13940,13990;17206,13934,14164;0
===13676,14279;13825,15908;14190,15378,15250;0
===13202,14112;13686,15741;15730,15044,13364;0
===12528,15497;14518,16194;16308,15950,14578;0
===12385,15207;14375,15904;16022,15370,15096;0
===13669,13915;13818,15544;14176,14650,15946;0
===13574,13937;14446,15566;13162,14694,14336;0
===13277,13346;14470,13723;18266,13512,14794;1
+++8766,9167;11096,11839
===8766,11501;11096,11563;15074,11504,15648;0
===9177,9167;9323,10974;10858,9964,10388;0
===8859,10895;9312,11839;11430,11622,9276;0
===9228,9888;9244,11284;9658,10788,11816;0
===9226,9585;9230,11169;8962,10558,13408;0
===9142,11002;9213,11498;10496,11216,12276;1
+++13688,10396;14317,20000
===13826,10396;14035,15544;14176,14650,15946;0
===13833,10760;14042,15908;14190,15378,15250;0
===13847,10499;14317,20000;14648,11980,12600;0
===13878,11099;14054,14809;13460,13180,13208;0
===13919,11501;14060,11742;15074,11504,15648;0
===13688,12432;14229,13032;12728,12884,13416;0
===13706,11739;13847,20000;14648,11980,12600;1
++9590,7576;13685,20000
+++9590,8706;10236,11560
===9624,8800;10236,9082;8830,8988,11054;0
===10082,10833;10120,11560;13046,11498,10804;0
===9828,8706;10178,11010;10858,9964,10388;0
===9590,8929;9940,9713;12686,9488,7506;0
===9753,8706;9828,11010;10858,9964,10388;0
===9940,8929;10055,9828;12686,9488,7506;0
===10120,10833;10235,11560;13046,11498,10804;1
+++12284,7696;13685,20000
===13552,7845;13685,20000;13476,10962,13434;0
===12284,14657;12465,20000;13894,16438,13104;0
===13194,8139;13209,11230;13476,10962,13434;0
===13163,10106;13194,11230;13476,10962,13434;0
===12866,10374;12905,20000;13046,11498,10804;0
===12559,10455;12947,11106;13476,10962,13434;0
===12974,8819;12989,20000;13036,12322,16320;0
===13516,8820;13671,20000;13046,11498,10804;0
===13449,7696;13604,20000;12912,9250,9628;0
===13477,15036;13676,15908;14190,15378,15250;0
===13470,13915;13669,14672;14176,14650,15946;1
+++9603,7899;10613,12525
===9680,7899;9706,12525;9658,10788,11816;0
===9603,8030;9624,10334;9452,8612,10464;0
===10464,9543;10613,11904;11430,11622,9276;0
===9958,8312;10086,10681;10418,9176,10644;0
===9860,9329;10187,9723;10922,9482,16470;0
===10022,10709;10137,11436;12850,11250,11286;0
===9629,7995;9979,8336;12764,8302,10492;1
+++9958,7576;10359,20000
===10296,12337;10359,20000;10922,12488,8790;0
===9974,11002;9993,11498;10496,11216,12276;0
===10187,9329;10210,9723;10922,9482,16470;0
===10258,7576;10333,9716;11868,7688,9194;0
===9958,11662;9994,11723;12492,11702,11142;0
===10137,10607;10173,11436;12850,11250,11286;0
===10249,12684;10349,13497;12410,12812,10864;0
===10297,10875;10335,11089;13476,10962,13434;0
===9961,12880;10112,13465;12728,12884,13416;0
===10018,13062;10169,13643;12842,13240,16736;0
===10210,12337;10296,13375;10922,12488,8790;1
+++9632,8038;10660,20000
===9909,9449;10058,20000;10320,12186,8632;0
===10547,8038;10660,9288;9452,8612,10464;0
===10235,13116;10497,20000;10674,14046,12718;0
===9917,12716;9979,13461;11036,12876,12908;0
===9922,12337;10210,13375;10922,12488,8790;0
===9953,12684;10249,12830;12410,12812,10864;0
===9632,10889;9638,20000;9606,10990,14378;0
===10421,10196;10457,20000;10496,11216,12276;1
+++9935,7995;10727,13643
===10636,7995;10706,8457;12764,8302,10492;0
===10169,13062;10565,13643;12842,13240,16736;0
===9935,8312;9958,10616;10418,9176,10644;0
===10691,12682;10727,13461;11036,12876,12908;0
===10266,12266;10662,12342;13036,12322,16320;0
===10327,13028;10478,13613;13460,13180,13208;0
===10210,9329;10359,9723;10922,9482,16470;0
===10173,10607;10319,11436;12850,11250,11286;0
===9979,7995;10130,8336;12764,8302,10492;0
===10178,8706;10306,11075;10858,9964,10388;0
===10211,11662;10390,11723;12492,11702,11142;1
+++10055,8473;11854,11723
===11638,8818;11854,10785;12418,9948,13002;0
===11250,8714;11363,10793;10858,9964,10388;0
===10353,9562;10533,9956;12418,9948,13002;0
===10055,8929;10487,10616;12686,9488,7506;0
===10196,10261;10302,10673;8962,10558,13408;0
===10390,11662;10570,11723;12492,11702,11142;0
===11282,8473;11395,10552;10922,9482,16470;1
+++9622,8810;10077,14114
===9736,13301;9798,14114;10674,14046,12718;0
===9703,8810;10053,9369;12912,9250,9628;0
===9969,9543;10039,11839;11430,11622,9276;0
===9997,11002;10077,11701;10496,11216,12276;0
===9989,9118;10038,11487;9658,10788,11816;0
===9622,9614;9643,11918;9490,11780,11112;1
++9605,7222;13667,20000
+++12286,11501;13667,20000
===12286,11501;12966,11563;15074,11504,15648;0
===13570,11739;13667,20000;14648,11980,12600;0
===13529,11841;13570,20000;14648,11980,12600;0
===13418,13968;13470,20000;13894,16438,13104;0
===13311,13937;13319,20000;13162,14694,14336;0
===12966,11501;13252,11563;15074,11504,15648;1
+++10613,8818;12030,20000
===11924,8818;12030,10846;12418,9948,13002;0
===11365,12650;11378,20000;12410,12812,10864;0
===10613,9543;10875,11904;11430,11622,9276;0
===10954,12650;11040,13537;12410,12812,10864;0
===11218,11880;11468,12018;14648,11980,12600;0
===11103,15514;11254,16044;15012,15650,15708;1
+++10683,7222;13530,10793
===12101,8469;12390,9369;12912,9250,9628;0
===11143,8432;11552,9570;10418,9176,10644;0
===11854,8818;11924,10785;12418,9948,13002;0
===11772,9726;12422,10793;10858,9964,10388;0
===11108,7995;11131,8895;12764,8302,10492;0
===11843,8892;11917,9485;10922,9482,16470;0
===11069,8150;11182,9050;9452,8612,10464;0
===10832,7576;11579,9716;11868,7688,9194;0
===10683,7576;10832,9716;11868,7688,9194;0
===13375,7222;13530,8776;12764,8302,10492;1
+++9605,10889;9940,14123
===9668,14055;9819,14123;12142,14064,16088;0
===9605,12425;9785,12522;10922,12488,8790;0
===9638,10889;9654,12626;9606,10990,14378;0
===9654,10889;9701,12626;9606,10990,14378;0
===9609,11803;9715,12020;7788,11984,9878;0
===9798,13116;9940,14114;10674,14046,12718;0
===9661,13301;9736,14114;10674,14046,12718;1
+++10302,9329;11382,10673
===10302,10261;10824,10673;8962,10558,13408;0
===11107,9562;11382,9956;12418,9948,13002;0
===10608,9562;10935,9956;12418,9948,13002;0
===10634,9329;10670,9723;10922,9482,16470;0
===10906,10261;11004,10673;8962,10558,13408;0
===10935,9562;10958,9956;12418,9948,13002;1
+++10824,8320;12101,10673
===11354,8469;12101,9369;12912,9250,9628;0
===10824,10261;10863,10673;8962,10558,13408;0
===11176,8473;11282,10552;10922,9482,16470;0
===11030,8320;11143,9570;10418,9176,10644;0
===10854,8320;11030,9570;10418,9176,10644;0
===11382,9562;11418,9956;12418,9948,13002;0
===10860,8694;11292,10614;14296,9018,6264;0
===10855,8469;11205,9369;12912,9250,9628;1
+++9621,11900;12189,20000
===9821,17897;12189,20000;17184,18430,16718;0
===9707,17228;12075,20000;16956,17364,15886;0
===10570,11900;11092,20000;9498,12056,7884;0
===9621,12121;9909,20000;10320,12186,8632;0
===10947,12682;10979,20000;11036,12876,12908;0
===10178,14478;10329,14973;13162,14694,14336;1
+++9690,7576;10188,14222
===10078,7576;10188,8029;11868,7688,9194;0
===9763,13184;10064,14222;9206,14182,9550;0
===9859,9996;9969,11839;11430,11622,9276;0
===9963,10889;10012,11588;9606,10990,14378;0
===9690,9867;9729,10673;8962,10558,13408;0
===9785,12425;9860,12522;10922,12488,8790;0
===10086,13116;10172,14154;10674,14046,12718;0
===10012,10889;10051,11588;9606,10990,14378;1
+++9706,8469;11231,20000
===9810,8469;10332,8590;7978,8568,10614;0
===10174,9562;10353,9956;12418,9948,13002;0
===9706,9118;9727,12525;9658,10788,11816;0
===11074,8714;11144,11226;10858,9964,10388;0
===10335,10875;10450,11089;13476,10962,13434;0
===10969,14055;11231,20000;12142,14064,16088;0
===10115,14055;10215,14123;12142,14064,16088;1
++10362,10376;13616,20000
+++10395,11762;11127,14973
===10395,14055;10470,14123;12142,14064,16088;0
===11088,11762;11127,11918;9490,11780,11112;0
===10416,12682;10678,13461;11036,12876,12908;0
===10688,12880;10763,13465;12728,12884,13416;0
===10725,14478;10955,14973;13162,14694,14336;0
===10774,13028;10874,13613;13460,13180,13208;0
===10763,12880;11113,13465;12728,12884,13416;0
===10529,12684;10604,13497;12410,12812,10864;0
===10408,12880;10508,13465;12728,12884,13416;0
===10727,12682;10766,13461;11036,12876,12908;0
===10470,14055;10674,14123;12142,14064,16088;1
+++12298,13438;13528,20000
===12414,13438;12435,20000;12142,14064,16088;0
===13395,13937;13528,20000;13162,14694,14336;0
===12298,15601;12528,16194;16308,15950,14578;0
===12341,15514;12843,16044;15012,15650,15708;0
===12425,13915;13452,14672;14176,14650,15946;0
===13319,13937;13395,20000;13162,14694,14336;0
===12432,15036;13459,15908;14190,15378,15250;1
+++10362,11501;12730,15148
===11979,12033;12339,12567;13036,12322,16320;0
===10478,13028;10774,13613;13460,13180,13208;0
===10362,13346;12730,13723;18266,13512,14794;0
===12009,14653;12239,15148;15730,15044,13364;0
===11285,11501;11431,11563;15074,11504,15648;0
===11134,11501;11285,11563;15074,11504,15648;0
===11144,11662;11419,11723;12492,11702,11142;0
===10995,11662;11144,11723;12492,11702,11142;0
===10836,14456;11232,14672;14176,14650,15946;1
+++10544,10376;11178,20000
===10546,12631;10585,20000;10674,14046,12718;0
===10656,13224;11178,20000;9670,14262,8682;0
===10544,10376;10650,11205;9658,10788,11816;0
===10667,10731;10922,11560;13046,11498,10804;0
===10677,10590;10709,20000;10496,11216,12276;0
===10906,14055;10969,20000;12142,14064,16088;0
===10831,16765;10982,20000;14468,17092,14594;0
===10695,15845;10991,20000;13894,16438,13104;0
===10798,13267;11052,20000;10674,14046,12718;0
===10709,10590;10963,11852;10496,11216,12276;0
===10963,10590;11069,11419;10496,11216,12276;1
+++11040,11880;11462,20000
===11040,12650;11103,20000;12410,12812,10864;0
===11232,14456;11462,14672;14176,14650,15946;0
===11072,11880;11218,11982;14648,11980,12600;0
===11231,14055;11244,20000;12142,14064,16088;0
===11091,15845;11321,20000;13894,16438,13104;0
===11113,12880;11262,13465;12728,12884,13416;0
===11233,12249;11339,20000;11036,12876,12908;0
===11321,15350;11346,20000;13894,16438,13104;1
+++11378,12650;11923,20000
===11462,14653;11613,15148;15730,15044,13364;0
===11462,14456;11923,14672;14176,14650,15946;0
===11479,13028;11890,13613;13460,13180,13208;0
===11524,12880;11537,13465;12728,12884,13416;0
===11537,12880;11701,13465;12728,12884,13416;0
===11378,12650;11666,20000;12410,12812,10864;1
+++13145,11841;13616,20000
===13145,11841;13529,12396;14648,11980,12600;0
===13414,13210;13509,13967;12842,13240,16736;0
===13528,13937;13574,15566;13162,14694,14336;0
===13459,15036;13477,15908;14190,15378,15250;0
===13368,13210;13414,13967;12842,13240,16736;0
===13598,16765;13616,20000;14468,17092,14594;0
===13332,11910;13465,12751;13036,12322,16320;0
===13465,11910;13511,12751;13036,12322,16320;0
===13452,13915;13470,14672;14176,14650,15946;1
+++11052,10607;11952,20000
===11174,10607;11854,11436;12850,11250,11286;0
===11052,13267;11158,20000;10674,14046,12718;0
===11861,12844;11900,20000;11036,12876,12908;0
===11267,12254;11678,12405;13036,12322,16320;0
===11254,15514;11650,16044;15012,15650,15708;0
===11262,12880;11524,13465;12728,12884,13416;0
===11282,12116;11804,20000;10922,12488,8790;0
===11158,13267;11542,20000;10674,14046,12718;0
===11167,10889;11185,11103;9606,10990,14378;0
===11272,10731;11952,11560;13046,11498,10804;0
===11129,13028;11479,13613;13460,13180,13208;1
+++10450,10376;11723,20000
===11339,12310;11723,20000;11036,12876,12908;0
===10497,12631;10510,20000;10674,14046,12718;0
===11172,10376;11211,11205;9658,10788,11816;0
===10922,10731;11272,11560;13046,11498,10804;0
===10692,15315;10843,15908;14190,15378,15250;0
===10982,16765;11378,20000;14468,17092,14594;0
===10450,10875;10486,11089;13476,10962,13434;0
===10510,12631;10546,20000;10674,14046,12718;1
+++10460,11501;11134,11982
===11096,11501;11134,11563;15074,11504,15648;0
===10460,11701;10566,11918;9490,11780,11112;0
===10972,11662;10995,11723;12492,11702,11142;0
===10645,11662;10972,11723;12492,11702,11142;0
===10570,11662;10645,11723;12492,11702,11142;0
===10921,11880;11072,11982;14648,11980,12600;1
+++10544,10376;11503,20000
===11254,10376;11352,11019;9658,10788,11816;0
===10544,15845;10695,20000;13894,16438,13104;0
===11211,10376;11254,11205;9658,10788,11816;0
===10981,11965;11503,20000;10320,12186,8632;0
===10650,10376;11172,11205;9658,10788,11816;0
===10843,15315;11239,15908;14190,15378,15250;1
++13886,9990;17553,20000
+++13886,9990;14382,20000
===13886,9990;14062,13700;13476,10962,13434;0
===14227,13055;14382,20000;14468,17092,14594;0
===13940,11290;14095,20000;13894,16438,13104;0
===14035,10396;14081,20000;14176,14650,15946;0
===14042,10760;14088,20000;14190,15378,15250;0
===14060,11233;14267,11742;15074,11504,15648;0
===13888,15514;14087,16044;15012,15650,15708;1
+++14974,13557;17553,20000
===17439,14875;17553,17123;17922,15816,17786;0
===14985,13557;15333,14489;17206,13934,14164;0
===14974,17897;17070,20000;17184,18430,16718;0
===15032,15733;15382,15883;17922,15816,17786;0
===15004,15207;15245,16231;16022,15370,15096;0
===15106,15374;15249,16235;14190,15378,15250;1
+++14062,9990;14830,20000
===14530,10261;14685,11742;15074,11504,15648;0
===14095,12728;14271,20000;13894,16438,13104;0
===14549,13622;14674,14357;12142,14064,16088;0
===14601,13815;14740,16371;15012,15650,15708;0
===14595,13512;14812,15741;15730,15044,13364;0
===14740,13815;14830,20000;15012,15650,15708;0
===14062,9990;14603,11471;13476,10962,13434;0
===14453,15514;14499,16371;15012,15650,15708;0
===14484,10261;14530,11742;15074,11504,15648;1
+++14087,10261;14484,20000
===14317,10499;14472,20000;14648,11980,12600;0
===14087,15514;14236,16044;15012,15650,15708;0
===14275,10261;14484,11742;15074,11504,15648;0
===14244,15514;14453,16044;15012,15650,15708;0
===14322,11834;14412,15014;14176,14650,15946;0
===14236,11834;14322,15014;14176,14650,15946;0
===14236,15514;14244,16044;15012,15650,15708;0
===14267,11233;14275,11742;15074,11504,15648;1
+++13940,12151;15497,14869
===14470,13346;15497,13723;18266,13512,14794;0
===15333,12957;15341,14489;17206,13934,14164;0
===14674,13999;15204,14357;12142,14064,16088;0
===14446,13937;15184,14869;13162,14694,14336;0
===13940,13557;14967,14489;17206,13934,14164;0
===14383,12151;14996,12751;13036,12322,16320;1
+++13936,12198;14625,20000
===14243,12198;14329,20000;14190,15378,15250;0
===13936,13622;14549,14357;12142,14064,16088;0
===14594,13315;14625,15014;14176,14650,15946;0
===14329,12198;14419,16235;14190,15378,15250;0
===14518,15497;14536,16194;16308,15950,14578;0
===14499,15514;14601,16371;15012,15650,15708;0
===14208,14112;14247,15741;15730,15044,13364;0
===14247,14112;14595,15741;15730,15044,13364;1
+3509,4299;13464,20000
++3509,4769;7586,20000
+++3645,6026;4455,20000
===3645,7280;3745,20000;3408,10478,5826;0
===4276,8159;4455,20000;3408,10478,5826;0
===3920,6026;4257,20000;4432,7354,6174;0
===3745,7588;4080,20000;3408,10478,5826;0
===4080,7659;4276,20000;3408,10478,5826;0
===4295,8810;4455,20000;4158,10266,7120;1
+++6944,6748;7586,20000
===7236,7720;7586,9253;7978,8568,10614;0
===7005,8127;7501,9154;8508,8370,6048;0
===7075,6757;7236,7358;8648,6832,8414;0
===6944,11050;7419,11763;11430,11622,9276;0
===7206,8274;7309,20000;7194,9938,5030;0
===7237,6748;7249,20000;7280,6886,13636;1
+++3642,6210;7237,9275
===6887,6748;7237,8412;7280,6886,13636;0
===5856,6784;6391,7385;7280,6886,13636;0
===6115,6210;6153,6631;5112,6580,9838;0
===5955,8560;6294,9275;9452,8612,10464;0
===3642,6410;3656,8315;4176,8122,8654;0
===4725,6593;6052,6644;6992,6606,11710;1
+++3509,6026;5373,9493
===3509,6295;3609,9493;3136,8508,6024;0
===5239,6143;5373,8307;2458,6446,4610;0
===4712,7174;4815,9493;3136,8508,6024;0
===3770,6026;3784,7931;4432,7354,6174;0
===4991,6261;5128,7018;5824,6682,7402;0
===4141,6261;4480,7018;5824,6682,7402;0
===3609,6603;3944,9493;3136,8508,6024;0
===3784,6026;3920,8916;4432,7354,6174;0
===3944,6674;4140,9493;3136,8508,6024;0
===4815,8196;5165,9493;3136,8508,6024;1
+++4373,4900;6741,20000
===6317,9247;6355,10979;5516,10610,13170;0
===6169,7568;6348,20000;7194,9938,5030;0
===6133,6225;6181,20000;7218,6610,4820;0
===5263,10807;5638,11626;7118,11348,9490;0
===5650,6225;6133,20000;7218,6610,4820;0
===5557,8345;6077,9253;7978,8568,10614;0
===4373,8872;5716,20000;6288,11904,5358;0
===5123,4900;5128,20000;5112,6580,9838;0
===6391,9894;6741,20000;6288,11904,5358;0
===4986,8454;6185,20000;8288,12210,3542;0
===6005,9247;6317,11257;5516,10610,13170;1
+++5307,5940;6005,20000
===5307,6210;5468,20000;5112,6580,9838;0
===5902,8646;6005,11257;5516,10610,13170;0
===5484,5940;5663,20000;5824,6682,7402;0
===5468,6210;5700,6631;5112,6580,9838;0
===5670,8646;5902,20000;5516,10610,13170;0
===5819,6541;5998,20000;6494,7884,5128;0
===5716,8551;5895,20000;6288,11904,5358;0
===5483,8127;5822,8439;8508,8370,6048;0
===5638,9735;5647,11626;7118,11348,9490;1
+++3605,4769;4941,20000
===4305,4948;4792,5519;5502,5198,4962;0
===3605,4769;3930,20000;4752,4840,5160;0
===3801,6143;4941,20000;2458,6446,4610;0
===4651,8810;4830,20000;4158,10266,7120;0
===4110,5710;4635,6967;5112,6580,9838;0
===4304,7738;4464,20000;4176,8122,8654;0
===4592,6097;4788,20000;4432,7354,6174;0
===3633,9387;3647,10372;4158,10266,7120;0
===3987,10544;4462,20000;5516,10610,13170;1
++11326,9655;13418,20000
+++11961,9695;13418,11723
===13239,10250;13418,11374;12850,11250,11286;0
===11961,9695;12067,11723;12492,11702,11142;0
===12948,10250;13239,11374;12850,11250,11286;0
===12947,10225;13081,11106;13476,10962,13434;0
===12058,10555;12708,11683;11430,11622,9276;0
===12591,9718;12634,10825;12418,9948,13002;0
===13102,10106;13120,11106;13476,10962,13434;0
===12634,9718;12732,10599;12418,9948,13002;0
===12552,9718;12591,10825;12418,9948,13002;0
===13252,11501;13358,11603;15074,11504,15648;1
+++12768,9776;13002,20000
===12881,10250;12948,20000;12850,11250,11286;0
===12785,10771;12803,20000;12842,13240,16736;0
===12939,12781;13002,20000;12842,13240,16736;0
===12882,11786;12900,20000;13036,12322,16320;0
===12861,11786;12882,12603;13036,12322,16320;0
===12892,12245;12939,20000;12842,13240,16736;0
===12945,13096;12963,20000;13162,14694,14336;0
===12905,10374;12979,20000;13046,11498,10804;0
===12768,9776;12807,20000;12850,11250,11286;0
===12846,12245;12892,20000;12842,13240,16736;0
===12935,12441;12976,20000;13460,13180,13208;1
+++11326,9655;12286,11723
===11419,11662;11455,11723;12492,11702,11142;0
===11649,9655;12058,11683;11430,11622,9276;0
===11936,11501;12286,11563;15074,11504,15648;0
===11326,10889;11541,11103;9606,10990,14378;0
===11673,10590;11771,11233;10496,11216,12276;0
===11591,10590;11630,11419;10496,11216,12276;1
+++12067,11862;13329,20000
===12073,11862;12484,12083;14648,11980,12600;0
===13290,13968;13329,20000;13894,16438,13104;0
===12067,13028;12248,20000;13460,13180,13208;0
===12881,13346;13277,13723;18266,13512,14794;0
===13099,11910;13248,13508;13036,12322,16320;0
===13094,12191;13311,13032;12728,12884,13416;1
+++11455,10369;12630,11723
===12246,10369;12630,11476;12850,11250,11286;0
===11455,11662;11675,11723;12492,11702,11142;0
===12238,10493;12344,11621;13046,11498,10804;0
===12140,10369;12246,11476;12850,11250,11286;0
===11854,10369;12140,11436;12850,11250,11286;0
===11986,10463;12167,11106;13476,10962,13434;0
===12167,10455;12559,11106;13476,10962,13434;1
+++12435,12191;13193,20000
===13073,12339;13112,20000;13460,13180,13208;0
===12435,13474;12652,20000;12142,14064,16088;0
===12887,12191;13094,20000;12728,12884,13416;0
===12976,12339;13073,20000;13460,13180,13208;0
===12768,14625;13152,20000;13894,16438,13104;0
===13152,14070;13193,20000;13894,16438,13104;0
===13002,12781;13151,13967;12842,13240,16736;0
===12700,14545;13025,15741;15730,15044,13364;0
===13018,13622;13159,14379;12142,14064,16088;1
+++13151,11910;13418,20000
===13329,13968;13418,20000;13894,16438,13104;0
===13201,12339;13253,20000;13460,13180,13208;0
===13248,11910;13256,12751;13036,12322,16320;0
===13151,13210;13368,13967;12842,13240,16736;0
===13256,11910;13332,12751;13036,12322,16320;0
===13193,13968;13290,20000;13894,16438,13104;1
++4830,4404;10831,20000
+++4830,4404;5509,20000
===5330,7904;5509,20000;5516,10610,13170;0
===4839,7738;5000,20000;4176,8122,8654;0
===4967,6597;5360,20000;4432,7354,6174;0
===4830,8810;5223,20000;4158,10266,7120;0
===5314,8225;5330,20000;5516,10610,13170;0
===4837,9366;4846,20000;5516,10610,13170;0
===4900,4404;4948,20000;4752,4840,5160;1
+++6402,5264;9317,6595
===6566,6210;6880,6595;5112,6580,9838;0
===9043,5264;9222,5676;12942,5316,11992;0
===6402,5938;7729,6308;10346,6036,10778;0
===9183,5523;9317,6374;10346,6036,10778;0
===9138,5624;9183,6374;10346,6036,10778;0
===7924,5624;8085,6323;10346,6036,10778;0
===8921,5624;9138,6374;10346,6036,10778;1
+++7859,6229;10044,20000
===7921,6721;7933,7601;8648,6832,8414;0
===7966,6791;8264,10290;8508,8370,6048;0
===9626,6229;9712,10855;9754,7448,10022;0
===9712,6229;9728,20000;9754,7448,10022;0
===7938,10708;8009,20000;8088,12848,10724;0
===9775,7080;10037,20000;9754,7448,10022;0
===9201,6229;9276,9752;9754,7448,10022;0
===7859,9428;8038,20000;7788,11984,9878;0
===7999,6890;8133,20000;7978,8568,10614;0
===9969,7088;10044,9760;11290,7464,9028;0
===8308,10758;9274,11702;7118,11348,9490;1
+++7641,12383;10831,20000
===8463,16765;10831,20000;14468,17092,14594;0
===7792,12416;7938,20000;8088,12848,10724;0
===8058,12383;8605,20000;8922,12556,5116;0
===8188,12529;8418,20000;8088,12848,10724;0
===8443,12605;8505,14050;8088,12848,10724;0
===8200,13369;8747,14717;9206,14182,9550;0
===7641,12416;7792,20000;8088,12848,10724;0
===8747,13369;8927,14717;9206,14182,9550;0
===7971,13731;8518,20000;8748,15252,7630;1
+++5832,11423;10685,14717
===8317,14456;10685,14672;14176,14650,15946;0
===7752,11423;10082,11560;13046,11498,10804;0
===8505,12702;8647,14050;8088,12848,10724;0
===7996,12286;8543,13807;8798,12362,8416;0
===8647,12702;8879,13515;8088,12848,10724;0
===6747,12862;9115,13461;11036,12876,12908;0
===7300,14055;9668,14123;12142,14064,16088;0
===5832,13369;8200,14717;9206,14182,9550;0
===6690,12425;9058,12522;10922,12488,8790;0
===5978,11980;7893,12133;9498,12056,7884;1
+++7607,7720;8893,12133
===7737,7720;7883,10276;7978,8568,10614;0
===7607,8274;7741,10053;7194,9938,5030;0
===8038,9428;8148,12097;7788,11984,9878;0
===8388,10478;8426,11284;9658,10788,11816;0
===8148,10177;8643,12097;7788,11984,9878;0
===8461,10213;8893,12133;9498,12056,7884;0
===8474,8491;8620,10298;9452,8612,10464;0
===8040,10363;8078,11271;8962,10558,13408;0
===8446,9773;8470,11384;8962,10558,13408;1
+++7434,9943;9805,12830
===7654,10864;8129,11299;12850,11250,11286;0
===7893,11112;8346,12133;9498,12056,7884;0
===8400,10774;8515,11385;9606,10990,14378;0
===7889,11564;8304,11882;9490,11780,11112;0
===7475,11662;9805,11723;12492,11702,11142;0
===7434,12684;9802,12830;12410,12812,10864;0
===8304,10974;8342,11882;9490,11780,11112;0
===7438,9943;9768,9956;12418,9948,13002;1
+++6389,10366;8934,14114
===6566,13447;8934,14114;10674,14046,12718;0
===7794,10895;8859,11763;11430,11622,9276;0
===6389,12121;8757,12198;10320,12186,8632;0
===7327,11002;8807,11282;10496,11216,12276;0
===8543,10366;8653,13807;8798,12362,8416;0
===8342,10974;8457,11882;9490,11780,11112;1
++8835,8469;12881,20000
+++8835,13369;9272,20000
===8977,13369;9002,20000;9206,14182,9550;0
===9002,13369;9064,20000;9206,14182,9550;0
===8835,13904;9272,20000;8748,15252,7630;0
===9209,13409;9234,20000;9670,14262,8682;0
===8927,13369;8977,14717;9206,14182,9550;0
===8979,13409;9159,14757;9670,14262,8682;0
===8934,13447;9085,14114;10674,14046,12718;1
+++9085,12121;9621,20000
===9559,12121;9621,12371;10320,12186,8632;0
===9438,13119;9501,14222;9206,14182,9550;0
===9159,13409;9209,14757;9670,14262,8682;0
===9085,13447;9381,14114;10674,14046,12718;0
===9296,13159;9584,20000;9670,14262,8682;0
===9115,12862;9266,13461;11036,12876,12908;0
===9266,12862;9562,13461;11036,12876,12908;0
===9381,13301;9481,14114;10674,14046,12718;0
===9234,13409;9296,20000;9670,14262,8682;0
===9352,13119;9438,20000;9206,14182,9550;1
+++11917,8818;12881,20000
===12339,12012;12723,12567;13036,12322,16320;0
===12628,10595;12769,20000;12492,11702,11142;0
===12730,13346;12881,13723;18266,13512,14794;0
===12630,10369;12671,11476;12850,11250,11286;0
===12671,10369;12768,20000;12850,11250,11286;0
===12587,11150;12728,20000;12410,12812,10864;0
===11917,9366;12609,9485;10922,9482,16470;0
===12030,8818;12143,11380;12418,9948,13002;1
+++9240,10590;11608,20000
===9240,15311;11608,15904;16022,15370,15096;0
===11103,12650;11365,20000;12410,12812,10864;0
===9272,13904;10195,20000;8748,15252,7630;0
===11069,10590;11591,11419;10496,11216,12276;0
===10172,13116;10235,20000;10674,14046,12718;0
===10991,15845;11091,20000;13894,16438,13104;0
===11244,14055;11408,20000;12142,14064,16088;1
+++9348,8469;11804,20000
===9383,15601;11751,16194;16308,15950,14578;0
===11205,8469;11354,9369;12912,9250,9628;0
===10195,13904;10717,20000;8748,15252,7630;0
===10875,9543;11176,12055;11430,11622,9276;0
===11670,8585;11804,9715;10922,9482,16470;0
===11591,8739;11665,9332;10418,9176,10644;0
===11106,8473;11176,10985;10922,9482,16470;0
===10565,13062;11758,13643;12842,13240,16736;0
===9348,10196;9471,20000;9490,11780,11112;0
===11144,8714;11250,10793;10858,9964,10388;0
===11363,8826;11772,10793;10858,9964,10388;1
+++9647,9384;11360,20000
===10408,10196;10421,20000;10496,11216,12276;0
===9733,10487;9995,20000;9670,14262,8682;0
===9647,9384;10570,20000;9498,12056,7884;0
===10359,12337;10621,20000;10922,12488,8790;0
===10766,12005;10798,20000;10674,14046,12718;0
===11176,9543;11360,20000;11430,11622,9276;0
===9995,13224;10656,20000;9670,14262,8682;1
++8493,7160;10855,12525
+++8716,7160;10276,9672
===8771,7160;8842,7909;9754,7448,10022;0
===8806,8894;8921,9672;10418,9176,10644;0
===10130,7995;10276,8336;12764,8302,10492;0
===8716,8694;9899,9478;14296,9018,6264;0
===9181,7576;9531,8029;11868,7688,9194;0
===9531,7576;10078,8029;11868,7688,9194;1
+++8643,10177;9609,12306
===8710,10384;8889,11995;9490,11780,11112;0
===8697,10774;8768,11385;9606,10990,14378;0
===8893,10213;9003,12306;9498,12056,7884;0
===9418,10956;9533,11977;11642,11744,6418;0
===8643,10177;9609,12020;7788,11984,9878;0
===9069,10384;9144,12071;9490,11780,11112;0
===8845,11002;8960,11498;10496,11216,12276;0
===8757,12121;9304,12198;10320,12186,8632;1
+++8738,8030;10855,10772
===8738,8469;9810,8590;7978,8568,10614;0
===10359,9329;10634,9723;10922,9482,16470;0
===9141,8800;9164,10772;8830,8988,11054;0
===9313,8800;9624,10522;8830,8988,11054;0
===10780,8469;10855,9369;12912,9250,9628;0
===10758,8800;10797,9082;8830,8988,11054;0
===9899,8694;10395,9478;14296,9018,6264;0
===9624,8030;10155,10334;9452,8612,10464;1
+++8768,8694;10745,12525
===8965,10956;9418,11977;11642,11744,6418;0
===8768,10774;8947,11385;9606,10990,14378;0
===10395,8694;10745,9478;14296,9018,6264;0
===9727,9118;9989,12525;9658,10788,11816;0
===10115,12266;10266,12342;13036,12322,16320;0
===10174,10872;10460,11918;9490,11780,11112;0
===10039,9543;10114,11839;11430,11622,9276;0
===9715,11864;10237,12020;7788,11984,9878;0
===10114,9543;10464,11839;11430,11622,9276;1
+++8807,9888;10297,11498
===8807,11002;8845,11498;10496,11216,12276;0
===10051,10889;10232,11103;9606,10990,14378;0
===9153,9888;9228,11284;9658,10788,11816;0
===9496,10875;10297,11089;13476,10962,13434;0
===9572,11002;9647,11498;10496,11216,12276;0
===9202,10774;9218,11385;9606,10990,14378;0
===9984,10709;10022,11436;12850,11250,11286;1
+++8493,9773;10518,11982
===10232,10889;10518,11103;9606,10990,14378;0
===8493,10384;8639,11882;9490,11780,11112;0
===9843,11662;9958,11723;12492,11702,11142;0
===8504,10709;9984,11299;12850,11250,11286;0
===8817,10875;9496,11089;13476,10962,13434;0
===8880,9773;8896,11557;8962,10558,13408;0
===8553,11942;10468,11982;14648,11980,12600;0
===9427,9996;9859,11839;11430,11622,9276;0
===9954,10478;10174,11918;9490,11780,11112;0
===9993,11002;9997,11636;10496,11216,12276;1
+++10146,8338;10824,11701
===10569,10607;10824,11436;12850,11250,11286;0
===10319,10607;10569,11436;12850,11250,11286;0
===10258,10376;10544,11487;9658,10788,11816;0
===10146,10196;10408,11701;10496,11216,12276;0
===10487,8929;10597,10616;12686,9488,7506;0
===10306,8338;10327,11075;10858,9964,10388;0
===10235,10731;10271,11560;13046,11498,10804;0
===10486,10875;10632,11089;13476,10962,13434;0
===10518,10889;10624,11103;9606,10990,14378;0
===10417,10731;10667,11560;13046,11498,10804;0
===10533,9562;10608,9956;12418,9948,13002;1
+++8973,9167;10258,11487
===10103,9562;10174,9956;12418,9948,13002;0
===9957,9562;10103,9956;12418,9948,13002;0
===10038,9982;10258,11487;9658,10788,11816;0
===9910,10261;10196,10673;8962,10558,13408;0
===8973,9888;9153,11284;9658,10788,11816;0
===9573,9167;9683,11010;10858,9964,10388;1
+++10053,7995;10781,9369
===10421,8810;10600,9369;12912,9250,9628;0
===10236,8800;10758,9082;8830,8988,11054;0
===10053,8810;10421,9369;12912,9250,9628;0
===10155,8030;10371,9288;9452,8612,10464;0
===10706,7995;10781,8457;12764,8302,10492;0
===10332,8469;10371,8590;7978,8568,10614;0
===10371,8038;10547,9288;9452,8612,10464;1
++11408,9695;13202,20000
+++11468,10463;11986,20000
===11891,11662;11961,11723;12492,11702,11142;0
===11723,12844;11861,20000;11036,12876,12908;0
===11468,11880;11723,12018;14648,11980,12600;0
===11650,15514;11880,16044;15012,15650,15708;0
===11751,15601;11902,16194;16308,15950,14578;0
===11608,15311;11759,15904;16022,15370,15096;0
===11567,10463;11986,11089;13476,10962,13434;0
===11675,11662;11891,11723;12492,11702,11142;0
===11630,10590;11673,11419;10496,11216,12276;1
+++11666,9695;12238,20000
===12067,9695;12180,12257;12492,11702,11142;0
===11701,12880;11882,20000;12728,12884,13416;0
===12026,10250;12139,20000;12410,12812,10864;0
===11882,12848;12185,20000;12728,12884,13416;0
===11723,11880;12069,12018;14648,11980,12600;0
===11890,13028;12067,13613;13460,13180,13208;0
===11909,14653;12009,15148;15730,15044,13364;0
===12069,11862;12073,12018;14648,11980,12600;0
===11666,12278;12026,20000;12410,12812,10864;0
===11952,10493;12238,11560;13046,11498,10804;0
===11892,10876;12005,20000;12142,14064,16088;1
+++12344,10493;12887,20000
===12484,11862;12785,12234;14648,11980,12600;0
===12789,12067;12887,20000;12728,12884,13416;0
===12492,13062;12785,20000;12842,13240,16736;0
===12548,11150;12587,20000;12410,12812,10864;0
===12589,10595;12628,20000;12492,11702,11142;0
===12569,12293;12610,20000;12728,12884,13416;0
===12652,13474;12801,14379;12142,14064,16088;0
===12344,10493;12866,20000;13046,11498,10804;0
===12746,10593;12789,20000;12728,12884,13416;1
+++12551,10786;12974,20000
===12900,11786;12943,20000;13036,12322,16320;0
===12610,11186;12707,20000;12728,12884,13416;0
===12551,12996;12935,20000;13460,13180,13208;0
===12764,11786;12861,12603;13036,12322,16320;0
===12723,12012;12764,12603;13036,12322,16320;0
===12614,14653;12700,15741;15730,15044,13364;0
===12943,10786;12974,20000;13036,12322,16320;1
+++11758,12848;13202,20000
===12075,17228;12226,20000;16956,17364,15886;0
===13025,14545;13202,15741;15730,15044,13364;0
===12185,12848;12569,20000;12728,12884,13416;0
===11930,15036;12432,15908;14190,15378,15250;0
===12107,15242;12284,20000;13894,16438,13104;0
===12155,15311;12385,15904;16022,15370,15096;0
===11758,13062;12492,13652;12842,13240,16736;0
===11918,13789;12945,20000;13162,14694,14336;0
===11923,14348;12425,14672;14176,14650,15946;0
===11902,15601;12298,16194;16308,15950,14578;1
+++12264,10106;13201,20000
===13052,13096;13104,20000;13162,14694,14336;0
===12264,14653;12614,15741;15730,15044,13364;0
===12801,13622;13018,14379;12142,14064,16088;0
===12465,14625;12768,20000;13894,16438,13104;0
===12351,13557;12747,13990;17206,13934,14164;0
===12340,17897;12736,20000;17184,18430,16718;0
===13041,11910;13099,20000;13036,12322,16320;0
===12963,13096;13052,20000;13162,14694,14336;0
===13120,10106;13163,11106;13476,10962,13434;0
===13081,10106;13102,11106;13476,10962,13434;0
===13112,12339;13201,20000;13460,13180,13208;1
+++11408,12033;11979,20000
===11408,13470;11589,20000;12142,14064,16088;0
===11678,12033;11979,12405;13036,12322,16320;0
===11416,14370;11918,20000;13162,14694,14336;0
===11589,12904;11892,20000;12142,14064,16088;0
===11680,13429;11719,20000;10674,14046,12718;0
===11696,15350;11782,20000;13894,16438,13104;0
===11469,15036;11930,15908;14190,15378,15250;0
===11542,13429;11680,20000;10674,14046,12718;1
+++12189,12996;12622,20000
===12200,13557;12351,13990;17206,13934,14164;0
===12239,14653;12264,15741;15730,15044,13364;0
===12189,17897;12340,20000;17184,18430,16718;0
===12276,13438;12414,20000;12142,14064,16088;0
===12248,12996;12551,20000;13460,13180,13208;0
===12226,17228;12622,20000;16956,17364,15886;1
++5127,4299;13464,9716
+++9878,5022;13464,9716
===13285,5022;13464,8407;12942,5316,11992;0
===9983,6879;10022,7167;7280,6886,13636;0
===12927,6915;13082,8588;11868,7688,9194;0
===10145,6772;10667,9288;8648,6832,8414;0
===10333,7576;10683,9716;11868,7688,9194;0
===9878,6321;10489,6608;6992,6606,11710;0
===10602,5677;11003,6427;13986,6142,8950;0
===10795,5163;11322,5676;12942,5316,11992;0
===11665,8739;12357,9213;10418,9176,10644;0
===10667,6772;11472,8160;8648,6832,8414;1
+++7784,6803;12793,8476
===12638,6803;12793,8476;11290,7464,9028;0
===7784,6879;7894,7727;7280,6886,13636;0
===9786,6852;10308,7168;7930,6872,9374;0
===8892,7148;9242,7917;11290,7464,9028;0
===8366,6879;8517,7628;7280,6886,13636;0
===8124,7160;8474,7909;9754,7448,10022;0
===9242,7148;9789,7917;11290,7464,9028;0
===9789,7148;9899,7917;11290,7464,9028;0
===10522,7080;10698,7456;9754,7448,10022;1
+++7700,5163;10795,6608
===10615,5163;10795,5676;12942,5316,11992;0
===7820,5909;8394,6608;6992,6606,11710;0
===10219,5264;10436,5676;12942,5316,11992;0
===9222,5264;10068,5676;12942,5316,11992;0
===9497,5523;10024,6374;10346,6036,10778;0
===7700,5264;9043,5578;12942,5316,11992;1
+++8517,6321;9983,7621
===9461,6879;9983,7167;7280,6886,13636;0
===9610,6852;9786,7168;7930,6872,9374;0
===9285,6879;9461,7167;7280,6886,13636;0
===8669,6321;9878,6608;6992,6606,11710;0
===8714,6852;9610,7621;7930,6872,9374;0
===8517,6879;9285,7167;7280,6886,13636;1
+++5127,4299;10481,6631
===5127,4404;5973,5019;4752,4840,5160;0
===10436,5264;10481,5676;12942,5316,11992;0
===6880,6210;7454,6595;5112,6580,9838;0
===6405,4925;7227,5104;9702,5010,9984;0
===8855,4348;9190,4784;13628,4728,10916;0
===9338,4299;9565,4869;13628,4728,10916;0
===9565,4299;10411,4869;13628,4728,10916;0
===6051,4590;6534,5526;8020,5212,4412;0
===5700,6210;5803,6631;5112,6580,9838;0
===9190,4348;9338,4869;13628,4728,10916;1
+++5822,6777;9181,9713
===6690,9329;9058,9710;10922,9482,16470;0
===7163,7576;9181,7786;11868,7688,9194;0
===6294,8491;7973,9275;9452,8612,10464;0
===6342,8003;6412,8246;4176,8122,8654;0
===7572,8998;7911,9713;12686,9488,7506;0
===8323,8491;8438,9390;9452,8612,10464;0
===6438,8894;8806,9557;10418,9176,10644;0
===6181,6777;6716,7378;7930,6872,9374;0
===5822,8127;7005,9154;8508,8370,6048;0
===6391,6784;6552,7385;7280,6886,13636;1
+++7212,6741;9094,9713
===7605,6879;7629,8527;7280,6886,13636;0
===7629,6879;7784,7727;7280,6886,13636;0
===7863,6791;7966,9269;8508,8370,6048;0
===7212,6741;7562,8405;7930,6872,9374;0
===7851,7490;7863,9269;8508,8370,6048;0
===7911,8929;9094,9713;12686,9488,7506;0
===8377,8763;8716,9478;14296,9018,6264;1
+++7933,5962;9131,7909
===7933,6022;8334,7601;8648,6832,8414;0
===9021,7140;9131,7909;9754,7448,10022;0
===8474,7160;8771,7909;9754,7448,10022;0
===8507,5962;8908,7541;9796,6712,7404;0
===8842,7140;9021,7909;9754,7448,10022;0
===8495,6661;8507,7541;9796,6712,7404;1
+++7454,4713;9565,6608
===7506,5909;7820,6608;6992,6606,11710;0
===8222,5991;9565,6376;13986,6142,8950;0
===8043,4713;8855,4784;13628,4728,10916;0
===7454,6210;9549,6595;5112,6580,9838;0
===7729,5938;7745,6323;10346,6036,10778;0
===8782,5624;8921,6374;10346,6036,10778;1
++8515,7910;9974,12459
+++8947,10196;9559,12459
===9484,12121;9559,12274;10320,12186,8632;0
===8947,10774;9127,11385;9606,10990,14378;0
===9160,10196;9206,12168;9490,11780,11112;0
===9148,12209;9297,12459;8798,12362,8416;0
===9144,10384;9160,12168;9490,11780,11112;0
===8996,11002;9142,11498;10496,11216,12276;0
===9127,10774;9202,11385;9606,10990,14378;1
+++8559,7910;9426,10675
===8669,7910;8739,10675;8830,8988,11054;0
===8559,8679;8669,10675;8830,8988,11054;0
===8620,8491;8691,10411;9452,8612,10464;0
===8691,8491;8870,10411;9452,8612,10464;0
===8921,8894;8957,10580;10418,9176,10644;0
===9355,9329;9426,9723;10922,9482,16470;0
===9164,8800;9313,10522;8830,8988,11054;0
===8988,9951;9026,10066;10858,9964,10388;0
===8715,8469;8738,8590;7978,8568,10614;0
===8870,8491;8980,10487;9452,8612,10464;1
+++9141,9167;9573,11498
===9141,9167;9177,10974;10858,9964,10388;0
===9284,9801;9529,11385;9606,10990,14378;0
===9323,9167;9394,11010;10858,9964,10388;0
===9394,9167;9573,11010;10858,9964,10388;0
===9218,10774;9284,11385;9606,10990,14378;0
===9213,11002;9392,11498;10496,11216,12276;1
+++8515,9773;8973,11460
===8625,9773;8735,11460;8962,10558,13408;0
===8794,9888;8973,11284;9658,10788,11816;0
===8515,10774;8551,11385;9606,10990,14378;0
===8723,9888;8794,11284;9658,10788,11816;0
===8577,9888;8723,11284;9658,10788,11816;0
===8551,10774;8697,11385;9606,10990,14378;0
===8541,9888;8577,11284;9658,10788,11816;0
===8805,9773;8880,11460;8962,10558,13408;0
===8735,9773;8805,11460;8962,10558,13408;1
+++9094,8894;9590,10673
===9103,8894;9174,10616;10418,9176,10644;0
===9353,8894;9533,10616;10418,9176,10644;0
===9094,8929;9590,9713;12686,9488,7506;0
===9174,8894;9353,10616;10418,9176,10644;0
===9209,9329;9355,9723;10922,9482,16470;0
===9310,9585;9379,10673;8962,10558,13408;1
+++9379,8395;9935,11918
===9785,9329;9860,9723;10922,9482,16470;0
===9605,9329;9785,9723;10922,9482,16470;0
===9608,8894;9935,10616;10418,9176,10644;0
===9533,8894;9608,10616;10418,9176,10644;0
===9379,9585;9690,10673;8962,10558,13408;0
===9426,9329;9605,9723;10922,9482,16470;0
===9596,8395;9622,11918;9490,11780,11112;0
===9805,11662;9843,11723;12492,11702,11142;1
+++9230,9562;9974,11498
===9647,11002;9974,11498;10496,11216,12276;0
===9230,9585;9310,11169;8962,10558,13408;0
===9806,9562;9957,9956;12418,9948,13002;0
===9729,9867;9910,10673;8962,10558,13408;0
===9768,9943;9806,9956;12418,9948,13002;0
===9392,11002;9572,11498;10496,11216,12276;1
++8735,7995;12316,16044
+++10781,7995;12316,9956
===11280,7995;12027,8895;12764,8302,10492;0
===11182,8150;11874,8931;9452,8612,10464;0
===10781,7995;11108,8457;12764,8302,10492;0
===11825,8585;11843,9485;10922,9482,16470;0
===11804,8585;11825,9485;10922,9482,16470;0
===11552,8432;11591,9332;10418,9176,10644;0
===12027,7995;12316,8895;12764,8302,10492;0
===11418,8818;11638,9956;12418,9948,13002;1
+++8735,12650;11129,16044
===8735,15514;11103,16044;15012,15650,15708;0
===10666,12650;10808,13497;12410,12812,10864;0
===10874,13028;11129,13613;13460,13180,13208;0
===10349,12684;10529,13497;12410,12812,10864;0
===9940,13116;10086,14154;10674,14046,12718;0
===10808,12650;10954,13537;12410,12812,10864;0
===10267,12682;10416,13461;11036,12876,12908;0
===10820,14055;10906,14163;12142,14064,16088;0
===9501,13119;9763,14222;9206,14182,9550;0
===10685,14456;10836,14672;14176,14650,15946;0
===10766,12682;10855,13461;11036,12876,12908;1
+++10347,7995;11107,12342
===10660,8150;11069,9288;9452,8612,10464;0
===10662,12254;10917,12342;13036,12322,16320;0
===10958,9562;11107,9956;12418,9948,13002;0
===10347,7995;10526,8336;12764,8302,10492;0
===10526,7995;10636,8336;12764,8302,10492;0
===10745,8694;10860,9593;14296,9018,6264;0
===10863,10261;10906,10673;8962,10558,13408;1
+++8889,10384;9922,12522
===9860,12337;9922,12522;10922,12488,8790;0
===8889,10384;9069,12071;9490,11780,11112;0
===9058,12425;9605,12522;10922,12488,8790;0
===9304,12121;9484,12274;10320,12186,8632;0
===9312,10895;9427,11839;11430,11622,9276;0
===9274,10758;9380,11485;7118,11348,9490;1
+++9094,10196;11462,15148
===9206,10196;9348,12981;9490,11780,11112;0
===9094,14653;11462,15148;15730,15044,13364;0
===11228,10889;11326,11103;9606,10990,14378;0
===11185,10889;11228,11103;9606,10990,14378;0
===10882,10875;11137,11089;13476,10962,13434;0
===10979,12254;11267,12405;13036,12322,16320;0
===10624,10889;11146,11103;9606,10990,14378;0
===10917,12254;10979,12405;13036,12322,16320;1
+++9244,9700;9965,14114
===9244,9700;9555,11284;9658,10788,11816;0
===9842,12716;9917,13461;11036,12876,12908;0
===9481,13301;9661,14114;10674,14046,12718;0
===9701,10889;9963,12626;9606,10990,14378;0
===9533,10057;9965,11977;11642,11744,6418;0
===9562,12716;9662,13461;11036,12876,12908;0
===9802,12684;9953,12830;12410,12812,10864;0
===9662,12716;9842,13461;11036,12876,12908;1
