59,75,87,54,109,60
69,54,33,56,67,25
52,36,63,21,65,13
98,67,73,94,67,58
85,99,77,88,85,63
68,94,33,54,64,57
78,89,75,87,96,76
69,71,64,66,79,55
31,76,61,65,71,74
58,50,46,58,47,35
51,31,46,59,37,49
90,37,86,51,91,38
41,55,24,37,53,28
52,77,41,79,54,23
22,26,29,24,27,26
63,48,65,42,59,44
96,90,59,98,99,49
81,89,91,87,95,70
63,63,39,79,47,58
40,39,61,32,36,48
38,50,44,61,57,32
26,51,21,38,37,19
97,74,57,77,64,39
45,51,71,51,49,52
50,51,61,38,67,22
55,33,44,37,55,34
81,58,95,64,71,57
70,64,48,57,81,17
75,102,82,88,88,82
80,65,73,84,93,41
33,39,38,15,46,22
101,90,97,90,105,79
46,37,36,29,54,33
56,92,65,89,75,72
59,89,62,47,93,43
84,52,62,80,55,34
79,76,70,74,84,60
57,83,53,97,40,48
60,69,56,79,63,55
93,97,90,99,98,75
50,47,52,48,55,38
79,68,72,69,76,48
57,46,57,43,54,37
97,88,93,89,95,64
79,103,90,80,100,74
48,58,66,32,41,33
86,65,88,76,94,34
69,85,64,96,56,74
51,80,73,68,66,43
73,47,88,45,90,46
60,65,70,56,83,33
58,90,38,60,63,28
68,49,42,39,55,38
81,81,71,83,69,55
61,84,56,65,68,61
99,75,75,88,80,49
106,110,107,99,106,77
78,86,52,70,77,57
64,38,68,57,45,53
60,47,71,56,48,53
64,64,54,46,39,31
72,50,76,53,61,39
89,96,87,95,90,77
105,42,61,78,73,55
52,46,39,49,61,44
66,71,85,79,70,75
70,79,95,77,80,66
71,75,59,66,75,45
46,64,77,45,69,47
85,70,70,78,82,45
94,71,81,75,71,73
60,73,80,74,63,59
51,55,65,61,65,39
87,96,93,83,92,70
73,53,82,89,69,60
35,79,44,59,47,43
64,67,33,84,50,28
91,81,74,62,97,44
52,84,62,89,86,67
44,59,40,49,52,32
75,89,97,85,87,71
92,95,85,86,104,69
60,76,73,86,61,56
52,69,46,78,53,57
60,54,77,60,78,56
57,82,72,77,78,44
74,66,82,64,83,59
20,43,25,23,36,22
60,73,63,81,64,52
61,56,60,42,75,47
77,86,96,87,90,66
48,53,32,56,41,21
40,34,37,62,49,40
46,50,83,59,72,46
48,81,68,54,61,69
67,78,35,74,56,54
54,44,47,62,22,27
76,60,92,51,86,44
91,69,63,61,56,72
68,49,49,48,55,41
33,74,30,39,51,31
91,70,44,70,87,33
76,55,74,52,84,35
38,63,53,56,58,37
94,102,102,99,100,71
79,82,65,68,82,38
81,56,75,53,84,46
50,76,75,63,52,57
30,63,45,43,52,46
46,40,58,31,45,48
63,63,44,65,68,22
49,54,83,46,59,43
72,75,43,89,74,49
86,65,66,52,80,48
64,82,71,76,73,60
87,94,101,97,106,87
32,46,32,44,58,23
63,45,64,47,20,54
54,99,70,63,34,76
76,107,85,86,89,64
40,45,66,25,50,45
68,77,41,46,63,50
57,84,82,67,79,74
48,43,65,50,40,45
71,60,57,79,77,52
78,78,94,68,97,60
73,51,39,57,50,45
57,71,93,53,67,67
103,100,101,104,105,77
64,59,51,72,72,42
37,34,41,53,43,37
72,60,78,81,49,47
52,47,72,25,63,35
43,70,55,54,61,45
76,92,85,83,109,59
53,47,66,57,61,37
103,103,87,98,91,67
73,33,69,73,65,46
40,58,38,55,53,36
103,66,90,58,83,55
41,46,55,36,34,38
51,28,37,70,36,27
73,69,63,52,84,40
25,23,20,26,25,26
91,74,68,58,70,55
65,79,55,81,83,34
52,53,48,47,43,46
53,54,57,53,39,44
78,96,83,73,93,66
70,80,86,73,63,45
93,91,65,105,78,59
50,47,69,50,85,37
71,76,69,60,80,37
42,56,61,48,34,51
77,65,99,81,62,49
67,86,67,69,92,40
87,66,104,77,84,55
65,86,82,78,54,72
53,63,53,69,57,61
49,49,40,58,56,44
44,79,63,56,61,65
56,41,59,45,46,44
68,70,32,88,74,59
80,46,76,50,62,54
66,35,67,41,55,37
62,64,63,51,99,40
39,51,42,42,64,36
82,81,56,63,84,54
58,58,51,70,47,59
71,30,85,43,54,59
56,45,50,35,82,35
87,92,93,83,83,71
42,60,69,67,68,49
30,55,55,46,48,42
83,87,69,73,81,45
79,75,74,73,89,55
98,107,92,92,110,72
53,58,56,97,49,65
41,64,50,73,75,37
71,67,18,61,44,37
60,34,47,50,49,43
40,38,50,46,49,40
65,33,57,76,56,31
48,44,34,54,30,17
73,89,80,85,85,64
83,83,87,85,92,72
69,32,72,68,32,60
67,52,47,56,56,28
84,61,58,96,75,64
70,50,62,90,46,36
53,39,53,45,50,24
88,69,108,60,77,45
76,90,60,85,84,58
94,93,82,90,88,64
64,72,86,51,61,68
83,61,98,59,67,64
53,55,35,61,61,28
82,44,57,50,69,46
94,87,74,90,81,58
63,60,48,34,69,38
48,75,64,43,79,43
46,30,51,52,53,32
88,85,76,69,96,64
73,112,79,107,83,84
80,43,60,60,74,48
58,45,68,22,49,40
71,30,74,63,44,42
88,90,83,95,70,78
66,79,80,64,77,68
98,86,57,80,68,76
68,59,72,76,77,50
62,50,73,65,61,61
41,33,30,38,53,26
70,66,70,66,82,46
54,64,67,23,71,45
50,93,39,69,69,36
67,35,60,71,75,57
47,81,59,65,46,35
22,63,32,50,52,42
75,82,60,68,84,49
70,33,66,60,53,39
69,68,37,58,78,12
76,50,83,63,64,57
65,83,57,75,70,50
58,52,41,56,67,32
50,34,69,23,58,51
83,52,47,82,71,27
69,64,68,55,89,59
76,65,93,82,67,71
76,67,60,57,62,24
81,35,86,74,44,59
91,95,94,82,88,80
103,85,95,86,95,58
60,86,64,56,84,60
72,82,51,86,63,47
66,76,74,66,76,51
101,90,102,58,98,69
52,65,58,62,76,38
30,51,31,38,41,31
46,56,64,60,49,39
70,89,83,70,63,81
61,66,74,76,71,47
51,66,37,73,53,55
69,82,65,51,78,59
57,48,52,56,50,27
98,75,98,96,95,79
41,69,22,60,45,26
98,50,77,71,50,58
45,32,32,37,49,23
41,72,48,59,75,46
44,68,56,59,59,52
43,37,33,46,34,42
44,59,34,59,59,33
50,51,33,47,50,56
75,92,102,74,89,67
88,86,71,68,99,46
81,52,59,73,42,63
52,47,43,43,58,27
84,85,76,79,81,67
71,33,35,48,60,33
83,96,77,92,81,75
60,39,63,66,34,22
56,29,33,52,39,33
70,66,79,58,54,59
93,84,97,69,88,64
65,91,57,63,85,76
55,68,56,61,42,52
67,72,75,58,76,56
40,76,62,82,51,66
72,107,84,56,85,61
71,51,45,64,71,35
79,61,58,56,57,36
46,94,23,85,74,45
86,76,33,89,59,43
68,71,51,78,59,36
61,44,44,57,83,38
102,67,77,95,81,49
83,39,55,52,66,31
85,59,59,83,54,37
45,30,41,37,39,40
38,88,100,67,90,73
99,91,89,89,92,64
32,56,37,32,46,36
46,50,50,40,34,34
33,46,43,27,53,36
94,87,96,97,109,67
65,74,74,74,72,39
70,52,73,42,47,54
83,61,74,64,64,55
55,61,57,62,75,36
71,36,50,49,43,36
71,32,60,57,56,39
52,35,65,39,60,48
80,75,79,65,85,57
76,91,75,79,60,55
55,66,59,73,61,58
52,49,33,61,61,20
46,54,54,65,40,75
103,74,107,92,97,72
68,68,67,73,78,58
75,91,79,80,79,62
91,98,90,95,96,64
76,61,62,86,48,69
64,74,72,56,62,65
72,56,50,71,24,54
73,64,62,61,49,57
76,81,72,74,71,61
92,70,81,90,80,52
66,69,56,72,90,32
58,68,46,40,60,49
83,32,52,56,50,40
45,62,39,62,50,63
44,45,67,22,63,45
105,105,110,103,102,77
93,82,75,75,81,63
65,64,49,49,50,35
71,39,60,47,63,24
43,47,33,57,38,37
62,77,56,88,58,54
54,79,72,34,78,62
36,33,29,31,40,19
89,97,96,79,90,62
34,70,65,44,60,36
81,115,80,83,100,79
74,51,86,57,86,59
35,66,71,45,65,60
60,59,79,61,73,48
19,47,39,57,48,42
92,58,109,76,79,54
56,38,58,56,42,39
88,56,81,60,91,50
41,29,36,42,37,27
41,43,29,37,37,22
83,84,92,74,79,68
37,49,73,56,29,59
73,59,45,54,76,28
90,38,72,53,79,44
57,54,33,45,67,26
37,37,41,41,34,27
75,74,54,72,64,37
95,83,85,86,92,56
105,74,77,99,73,52
102,70,84,82,103,42
58,70,70,26,106,27
99,83,78,82,71,69
51,53,48,65,47,50
62,73,59,66,73,31
61,45,49,52,24,31
64,61,42,58,37,54
71,100,45,98,76,57
40,73,44,47,42,41
42,38,42,44,52,34
74,52,73,62,60,47
37,40,62,53,35,45
57,43,58,66,68,65
83,67,80,68,72,65
44,62,75,53,35,52
61,83,32,74,83,49
35,70,48,58,47,63
39,86,31,56,68,52
92,65,93,65,69,54
72,90,72,77,77,83
62,74,92,81,70,65
27,51,31,26,23,37
93,73,55,83,75,39
62,32,41,38,75,31
74,71,76,76,80,49
61,56,23,43,71,22
75,93,80,61,106,51
62,71,73,55,77,52
51,82,61,60,49,55
81,71,101,73,87,67
52,65,40,68,38,69
71,72,65,70,43,46
44,41,27,55,29,27
56,61,47,35,73,56
66,50,77,76,66,64
58,55,63,56,69,54
83,77,72,74,79,59
37,29,39,31,50,26
52,58,59,29,50,26
33,56,47,42,44,29
80,100,78,73,90,73
57,38,87,41,69,47
96,71,70,106,74,51
67,53,91,60,87,41
72,60,56,65,52,32
29,28,20,34,28,29
61,60,62,91,68,58
82,74,77,78,70,45
36,48,63,50,36,42
71,92,43,66,74,34
85,66,67,72,96,53
76,68,45,48,85,34
50,40,39,59,46,26
43,77,62,59,38,64
77,58,82,28,87,34
49,74,33,60,54,38
73,54,41,82,52,62
42,45,39,29,51,36
37,45,35,47,32,29
81,77,84,65,87,55
65,46,53,58,63,49
84,72,86,67,79,66
75,55,64,50,59,56
63,80,59,106,62,57
69,51,82,59,78,57
59,53,49,57,65,33
55,89,46,75,68,50
105,90,99,105,97,73
95,56,69,65,58,64
51,47,44,44,36,29
62,85,68,61,72,64
57,37,52,30,69,27
24,44,17,28,29,29
71,87,70,67,77,67
82,53,75,58,54,48
78,93,87,88,78,68
50,46,45,29,61,28
95,104,102,93,99,88
91,94,97,93,83,74
84,59,79,97,43,65
85,95,85,89,107,69
44,55,35,53,32,56
47,50,50,58,51,35
54,70,77,52,81,38
51,56,64,56,78,56
62,86,86,76,61,73
85,94,83,88,99,58
40,87,68,69,92,56
57,42,46,75,51,50
87,59,75,64,87,43
84,82,79,89,90,59
11,26,35,35,19,33
54,61,65,63,66,38
58,49,86,48,43,44
82,75,94,57,87,68
66,78,97,74,78,75
45,43,50,41,58,46
42,44,43,34,29,34
70,72,78,58,92,43
51,45,51,63,64,44
84,57,97,61,90,46
72,39,52,75,27,41
83,98,105,87,77,72
46,32,70,59,64,55
22,56,45,30,47,39
35,29,26,32,34,27
31,47,62,32,42,42
77,50,99,52,70,52
67,82,77,96,81,57
31,20,35,34,18,22
55,52,78,35,77,52
36,42,69,38,35,61
95,63,90,87,77,63
75,49,95,78,75,59
49,77,73,66,69,51
50,70,37,62,39,79
94,67,49,73,75,17
80,72,54,48,59,34
41,54,86,59,57,62
35,38,35,61,42,45
66,102,63,61,84,54
58,50,32,49,50,37
37,81,53,62,39,51
45,56,78,42,63,39
42,35,65,31,62,60
50,39,60,69,25,62
63,71,70,68,63,52
57,70,32,66,51,34
48,59,67,36,63,31
89,81,92,100,87,78
74,89,77,77,89,68
86,75,80,87,76,58
98,65,94,85,63,63
95,76,94,88,92,72
74,73,68,64,62,57
85,34,60,71,53,35
79,48,55,72,36,50
47,73,48,42,55,42
88,72,94,75,91,61
56,15,43,35,56,30
87,61,85,75,81,46
58,94,80,65,67,76
88,52,66,83,32,55
58,81,54,72,52,54
68,84,67,89,59,60
81,53,59,58,51,31
66,83,77,54,76,35
75,52,45,70,51,51
101,79,95,86,102,65
70,57,45,39,79,39
52,52,70,27,64,42
28,54,42,49,39,40
69,72,74,71,81,73
33,74,64,54,81,40
63,40,83,43,41,49
51,51,39,39,60,41
31,72,25,49,71,26
77,83,77,66,87,50
70,29,49,65,31,39
64,61,56,52,59,23
43,48,41,57,32,53
33,49,53,34,65,37
32,49,19,50,34,36
56,76,29,48,73,33
52,59,45,32,76,47
55,67,62,43,77,37
73,62,60,83,77,60
82,52,43,78,69,44
40,51,34,50,50,34
37,44,49,36,36,23
55,51,62,25,49,24
67,66,76,82,67,48
104,89,98,82,105,65
51,87,67,78,63,70
25,41,40,34,27,32
64,46,78,67,57,47
64,32,66,55,73,43
62,62,59,82,66,43
42,68,37,59,64,28
67,77,61,44,91,30
63,77,74,33,69,43
62,47,72,48,53,43
102,107,118,92,108,77
69,58,61,68,80,37
91,93,80,90,94,86
67,103,85,87,100,65
75,77,60,51,63,51
107,107,107,104,96,88
83,77,71,75,66,68
33,28,34,41,47,19
75,51,78,85,46,73
52,36,82,38,54,54
89,71,85,79,79,60
98,75,97,84,92,60
37,61,56,43,70,42
41,63,31,28,46,37
53,60,54,38,77,32
12,15,17,13,14,17
80,71,87,81,76,54
56,49,63,60,46,60
50,51,54,78,41,51
43,77,57,64,31,52
71,49,59,69,48,58
65,56,53,57,62,46
64,87,67,96,68,65
37,41,49,38,31,34
82,47,74,51,81,35
68,59,76,54,67,74
64,89,71,61,83,64
37,56,50,43,58,40
61,69,53,66,50,55
84,66,83,79,82,46
74,85,72,75,43,66
67,59,53,56,43,45
53,67,49,49,71,18
82,55,83,95,79,60
71,69,59,74,60,44
74,59,84,57,100,59
99,82,74,97,74,56
70,79,67,93,88,59
51,46,49,50,76,38
81,51,75,92,75,55
57,37,45,46,49,36
37,46,37,69,14,57
89,69,92,97,91,70
76,83,61,71,90,50
75,41,76,82,62,70
73,47,89,68,71,60
42,58,32,48,44,38
68,85,36,91,76,43
56,53,88,55,68,47
51,57,43,70,48,32
22,28,36,21,24,31
49,70,55,65,73,45
81,74,76,105,77,76
59,50,63,74,71,46
42,33,69,47,72,54
80,50,75,83,71,67
49,48,69,47,64,41
67,56,72,87,69,42
46,47,41,32,56,43
66,83,98,63,81,65
70,68,79,63,87,52
89,84,94,102,81,72
81,50,84,89,45,59
100,82,87,104,60,65
25,44,20,29,36,25
59,44,31,40,62,36
94,77,88,87,75,60
55,58,57,84,48,42
48,45,49,51,38,39
63,24,51,74,21,49
65,93,69,74,70,81
56,61,62,90,33,64
41,61,38,65,51,52
66,55,79,45,50,75
45,60,65,42,78,44
63,46,59,46,69,42
91,42,87,44,86,46
47,41,66,67,61,47
62,49,101,41,73,56
34,29,38,28,14,32
99,99,76,108,90,62
44,34,45,47,35,44
53,67,75,61,52,60
26,44,47,25,43,35
64,52,65,28,71,43
53,44,53,41,39,52
36,45,38,40,46,22
56,65,67,55,85,47
48,49,24,62,31,37
38,35,28,45,27,38
27,26,32,29,38,27
67,72,49,82,75,37
80,83,93,52,94,56
72,69,97,54,63,57
48,38,38,37,50,32
71,95,78,59,84,58
68,72,87,69,68,82
111,101,102,111,106,80
79,94,92,96,67,73
52,71,64,65,42,43
28,48,78,45,41,40
47,45,40,47,54,27
48,80,82,80,50,64
74,39,99,54,59,63
64,68,94,39,67,41
47,32,54,29,57,29
40,78,38,58,45,36
63,62,46,60,61,20
106,80,97,98,83,73
64,57,63,44,69,35
48,64,42,42,43,42
63,52,54,42,59,26
69,60,53,74,52,47
88,74,82,79,87,47
44,48,43,64,23,37
55,47,60,59,63,26
71,80,85,81,78,76
39,60,45,38,40,32
52,62,55,71,51,51
85,54,68,60,41,43
60,48,76,69,70,54
93,87,62,92,79,50
65,40,56,58,63,32
63,74,56,74,86,38
96,97,78,89,102,63
75,66,40,87,49,35
77,49,48,57,59,44
63,46,59,51,40,52
95,60,73,68,52,53
91,72,71,68,82,52
43,59,55,82,50,62
56,64,80,81,42,60
101,68,58,38,79,37
40,58,49,58,48,47
59,49,83,54,60,44
72,44,79,49,67,37
76,79,81,99,74,66
33,31,33,38,44,17
71,62,58,43,77,27
38,43,78,34,63,52
78,65,63,82,56,39
64,67,40,66,45,31
39,49,47,37,44,37
76,78,57,58,57,56
71,38,63,66,38,33
41,43,37,47,41,30
37,54,44,44,44,51
84,64,71,56,82,31
34,75,51,61,40,50
73,55,58,44,67,44
101,80,86,87,98,60
105,74,100,86,92,56
30,32,31,31,25,22
41,77,35,58,65,44
41,35,58,44,67,32
23,19,23,23,21,20
87,79,89,57,71,55
41,70,49,39,66,38
90,77,71,84,59,67
85,71,103,72,85,62
75,69,67,88,88,59
66,66,51,81,51,35
101,72,114,82,92,78
68,99,78,97,67,76
36,31,40,50,17,39
30,66,60,40,55,41
56,88,22,59,84,45
71,54,85,59,91,53
48,77,72,72,78,54
78,78,78,72,69,64
71,45,68,77,69,65
49,52,60,45,62,50
18,22,27,7,24,14
44,51,52,41,52,39
118,47,72,62,76,27
8,99,46,53,42,75
79,51,62,74,53,51
62,49,51,81,57,53
68,85,62,69,79,57
45,62,77,71,76,57
81,62,58,86,46,68
94,89,103,77,116,60
46,39,81,40,54,47
85,80,82,63,74,57
66,69,52,82,56,31
71,91,99,65,98,67
64,61,50,67,61,52
52,73,59,58,88,49
79,94,67,66,67,54
80,80,79,68,84,60
81,35,67,58,36,44
36,50,41,58,27,37
72,77,67,83,50,68
82,87,80,62,102,58
81,57,72,56,56,37
44,60,35,68,57,47
65,79,79,43,82,53
45,40,51,44,39,42
64,77,42,91,52,50
51,61,36,72,37,35
91,85,56,88,57,31
65,87,54,72,69,61
29,51,28,42,34,27
63,85,86,54,61,51
42,43,31,56,49,37
44,47,48,61,28,39
38,22,40,27,31,29
83,56,65,42,77,53
90,72,87,98,57,55
33,34,61,32,48,47
86,94,74,82,78,65
88,56,75,75,43,59
52,31,54,47,46,40
95,63,91,76,92,56
48,43,33,46,15,34
98,80,56,81,57,57
84,57,74,76,66,63
92,71,72,61,68,38
55,60,33,63,66,41
35,51,62,64,30,48
60,58,38,65,50,47
89,73,75,74,76,56
30,49,32,45,46,48
90,88,89,97,84,82
73,74,80,69,68,72
70,54,84,33,79,28
72,63,59,85,90,54
87,66,95,77,80,64
76,86,82,84,93,74
106,94,102,89,103,78
54,43,80,40,75,57
81,91,89,84,79,68
59,65,57,73,74,62
61,71,59,72,59,68
63,70,72,60,83,60
51,64,96,61,86,73
55,69,83,70,53,39
35,73,55,92,49,59
43,64,51,81,54,59
59,30,51,46,38,36
89,79,90,56,104,63
31,62,74,52,31,59
30,41,38,38,32,31
109,101,85,103,79,78
28,33,35,28,44,17
88,74,86,75,77,49
41,37,45,36,46,33
68,68,57,47,69,48
93,64,61,84,88,56
77,78,86,70,81,68
58,40,53,57,44,36
66,92,60,87,48,30
75,75,77,68,88,49
85,101,68,88,66,45
54,66,39,55,47,45
78,82,93,68,62,61
79,38,60,61,42,40
66,59,60,50,71,37
43,24,50,53,35,42
53,51,66,36,61,32
61,56,78,60,77,51
48,42,66,62,55,49
41,53,34,50,43,32
75,95,81,76,91,71
51,85,44,73,96,45
97,101,94,97,102,71
50,38,38,38,54,21
67,42,31,96,45,52
60,23,43,37,47,33
53,94,59,77,73,70
46,101,51,77,60,64
60,99,67,94,67,47
87,82,86,83,103,73
51,64,44,74,49,46
63,83,70,65,88,48
33,47,45,47,66,40
89,50,41,67,79,32
88,94,88,81,83,77
102,77,71,95,80,54
87,66,90,95,71,54
70,68,43,82,68,58
39,67,73,60,67,39
72,73,70,87,46,74
32,46,49,44,53,42
52,40,49,57,30,40
80,104,100,88,87,79
33,53,34,41,29,42
19,70,48,26,70,34
70,81,63,81,61,73
50,54,83,26,77,51
58,90,67,88,53,56
62,64,83,65,80,65
79,37,57,61,57,51
83,67,84,65,87,59
57,58,71,50,68,71
60,65,83,77,71,70
29,69,57,48,60,31
48,68,80,68,47,52
79,46,49,51,71,29
71,60,93,86,55,66
52,56,43,49,47,31
55,83,87,83,75,73
61,33,40,36,50,26
115,110,106,116,109,80
68,51,96,30,77,54
71,96,78,94,79,61
39,48,28,37,36,32
100,80,92,80,102,66
81,93,86,65,94,62
82,65,69,39,85,50
61,58,64,57,67,38
63,55,76,31,63,26
60,67,76,74,65,43
85,70,63,77,86,32
73,67,82,69,87,61
73,83,72,68,101,30
28,30,42,26,34,36
41,41,71,62,61,36
81,54,78,58,57,45
82,108,98,85,109,64
64,84,74,72,57,64
43,47,43,49,48,38
76,102,73,75,88,59
73,50,98,49,67,54
56,45,36,67,44,43
53,69,82,40,73,47
54,85,29,78,83,34
72,84,67,84,73,56
59,26,50,67,36,47
80,60,78,63,84,45
73,43,48,68,50,44
57,57,35,70,57,42
95,100,88,105,102,74
89,82,79,61,88,64
91,79,77,62,89,38
70,66,80,38,51,55
60,86,74,65,80,73
21,49,53,29,49,46
78,86,68,86,87,67
79,49,61,65,95,40
86,85,80,101,78,87
20,25,20,15,28,12
104,50,99,57,77,47
65,45,70,62,53,48
86,76,86,85,66,60
61,55,43,56,50,40
56,80,71,73,84,61
29,36,30,38,38,27
46,64,27,68,41,27
31,34,38,45,40,33
70,77,87,83,89,51
94,73,88,80,80,61
81,81,99,74,73,62
61,74,78,54,90,61
76,84,87,92,101,53
28,46,51,41,46,34
73,58,60,77,88,43
75,83,90,87,68,66
95,68,75,82,78,65
49,43,69,61,51,34
34,38,30,57,40,32
62,48,69,57,47,37
92,104,86,110,90,71
55,44,58,47,45,30
70,78,65,76,51,62
43,45,70,48,68,47
75,78,61,97,74,67
91,86,71,88,84,34
55,36,49,54,47,29
89,68,90,76,73,73
94,88,56,90,83,48
40,88,83,78,71,69
27,23,31,21,22,22
68,60,71,60,36,49
59,51,39,59,48,38
41,55,48,66,56,39
33,57,29,55,48,37
61,57,81,65,108,44
41,56,21,39,35,36
56,80,66,65,71,57
36,65,65,57,47,52
17,46,32,31,48,23
76,44,38,46,73,14
38,50,68,33,59,52
81,72,89,92,64,65
87,57,76,65,61,48
66,59,94,85,76,65
73,74,75,63,70,60
87,64,80,66,68,70
65,81,62,68,84,54
55,26,44,25,43,30
66,67,49,69,41,39
44,73,56,64,60,59
76,80,75,81,92,39
44,51,52,59,37,41
83,67,69,76,50,56
66,93,59,60,57,41
94,31,69,49,80,36
72,93,78,98,53,64
78,66,78,77,59,47
95,105,92,105,93,74
58,50,44,53,55,36
55,61,65,86,79,46
92,87,95,74,91,70
70,28,98,48,63,52
105,73,94,91,85,69
72,62,83,66,58,69
62,77,85,81,63,71
55,35,48,44,46,26
99,68,85,104,65,53
65,83,75,80,78,49
43,66,38,61,63,64
90,75,58,88,78,40
104,51,69,40,86,31
75,51,64,64,64,38
26,36,47,30,46,36
77,86,58,86,63,64
65,59,40,52,70,26
94,109,92,81,89,70
31,39,44,36,42,42
91,71,83,79,81,57
76,55,90,53,74,64
87,88,97,71,80,72
50,52,44,62,54,30
61,50,103,3,87,41
105,73,106,76,99,71
61,73,88,83,64,63
74,62,66,75,86,24
45,61,42,73,35,47
77,58,46,66,68,41
26,69,63,34,64,51
69,62,46,100,50,56
50,56,55,57,43,60
81,73,45,28,92,37
77,55,68,72,91,29
31,33,20,46,30,34
79,81,65,75,105,52
62,60,61,66,55,54
61,60,43,70,65,33
72,89,88,79,90,66
90,104,81,98,88,82
20,33,39,38,26,24
44,51,50,31,49,51
73,63,83,83,64,74
19,34,9,26,24,12
50,54,59,51,48,44
71,35,67,61,77,14
30,89,43,52,55,73
43,62,44,64,66,62
40,86,65,67,54,46
68,83,89,78,69,72
105,106,99,115,98,76
13,48,42,18,33,43
41,53,76,26,90,32
42,21,49,15,45,18
84,91,79,77,96,62
57,67,58,45,45,29
77,27,62,61,71,45
95,84,93,94,85,68
43,81,45,57,67,47
55,78,54,72,82,59
52,76,70,73,83,60
73,51,63,34,68,45
67,79,80,74,83,59
83,107,72,100,84,72
105,86,93,98,81,77
48,62,59,66,62,50
46,46,63,60,58,63
77,99,71,101,72,63
92,80,83,90,87,70
82,74,77,87,99,58
60,78,48,69,55,41
42,80,64,48,64,50
52,76,62,67,56,43
104,92,114,89,86,84
43,32,28,47,35,29
64,76,36,85,80,47
69,73,64,54,51,40
54,56,26,76,34,45
38,79,56,67,88,51
89,78,84,88,100,68
76,81,53,65,95,47
60,46,66,56,68,69
47,41,71,60,38,49
37,72,63,58,55,63
75,97,73,84,80,69
43,22,35,40,31,22
59,68,93,44,84,62
39,55,27,50,41,52
43,65,35,56,57,28
25,85,57,14,57,52
88,53,85,74,50,54
60,58,50,66,69,49
85,50,79,51,78,60
37,63,23,50,34,34
40,76,36,97,46,62
91,101,85,95,102,70
41,45,55,35,43,24
75,68,67,76,58,41
73,57,46,55,65,27
33,21,33,40,31,23
70,34,71,64,67,33
42,53,44,71,36,48
53,31,63,37,44,43
56,65,77,28,83,28
54,73,59,76,63,58
29,38,74,55,40,51
75,48,52,68,71,25
40,57,57,37,57,56
69,90,88,71,64,70
60,47,31,53,54,32
56,74,46,61,63,30
37,54,61,38,64,58
48,60,107,82,65,62
86,58,85,74,62,50
69,34,79,54,45,55
92,51,86,61,81,55
74,80,66,87,61,56
54,59,37,48,55,46
75,90,43,74,91,45
79,77,88,82,76,50
67,61,45,91,63,51
28,60,66,51,51,46
72,42,69,61,83,40
106,62,110,83,93,69
60,49,33,50,48,33
89,71,78,72,98,51
98,77,78,89,94,54
92,73,86,91,76,60
93,91,67,110,75,75
68,102,76,88,70,80
88,81,48,70,88,37
101,93,114,101,92,89
68,26,76,39,37,37
62,36,57,68,41,41
45,16,55,28,46,22
30,39,37,46,41,31
80,96,90,82,71,65
68,65,72,88,77,61
45,52,41,60,44,17
66,80,87,58,78,60
68,80,67,82,72,58
67,47,55,54,52,31
51,40,46,35,43,43
66,68,48,40,63,45
53,77,78,71,51,70
75,31,68,98,25,54
36,39,45,45,37,34
62,85,52,88,65,59
72,63,69,71,63,25
104,71,73,77,92,44
75,63,53,91,69,33
52,63,46,57,48,37
85,60,73,113,56,58
50,43,35,54,58,33
84,91,95,99,91,81
30,21,27,29,23,21
87,16,68,48,51,35
90,80,69,82,79,61
90,82,91,87,89,72
86,48,77,36,97,32
83,87,93,83,81,83
63,63,76,52,87,43
77,88,78,77,62,57
77,78,78,84,83,62
41,44,53,43,49,23
75,67,51,76,85,52
51,28,76,46,39,43
85,61,57,51,64,39
51,50,69,40,44,59
98,47,62,95,31,51
103,102,90,100,96,72
90,87,88,89,80,59
92,88,107,83,99,72
58,101,41,76,57,48
38,67,25,66,41,47
66,81,52,75,54,50
39,71,56,79,47,68
57,59,74,51,32,50
107,99,78,88,93,65
95,90,89,89,106,82
53,70,78,18,85,44
24,95,70,35,95,67
57,46,50,66,62,29
45,65,19,62,59,43
33,73,50,47,74,50
57,90,72,84,61,57
55,65,37,37,62,32
40,31,41,46,15,39
82,66,76,63,90,47
56,41,54,61,27,37
74,82,83,98,87,61
104,43,43,92,87,18
55,56,75,42,77,43
37,62,64,55,39,59
67,40,64,41,66,48
87,35,33,96,47,41
82,52,59,48,58,40
82,80,54,59,53,42
67,63,61,69,53,48
49,56,63,63,62,35
54,31,73,40,43,45
40,57,22,58,40,47
50,97,72,73,67,66
83,92,77,92,96,55
79,43,38,67,66,42
95,70,73,65,77,45
77,47,80,58,78,54
61,36,100,63,63,69
50,22,51,33,48,21
99,58,78,96,66,57
28,62,44,74,53,62
79,85,91,84,98,61
57,60,73,69,65,45
89,56,71,67,68,56
48,55,64,59,73,51
49,73,73,55,46,71
45,49,54,72,63,52
71,78,61,84,56,73
82,50,91,73,56,75
107,77,83,108,70,69
83,92,66,99,91,61
62,53,52,83,53,33
57,74,64,61,68,47
72,61,66,53,94,44
80,87,80,89,83,79
68,50,23,61,45,27
66,65,63,74,64,64
50,59,84,55,57,58
90,47,58,61,39,30
52,63,75,49,77,45
21,43,14,45,35,29
38,38,45,52,39,23
106,80,94,87,99,60
71,71,81,59,75,79
49,62,48,39,57,29
74,77,62,64,108,47
52,41,40,68,26,43
47,46,51,41,69,41
64,56,60,58,65,40
44,81,69,64,65,72
90,96,74,73,88,54
72,80,91,80,85,81
77,92,83,79,84,54
85,70,84,52,68,61
82,69,32,68,72,27
65,51,44,82,43,61
54,32,57,52,33,55
62,95,67,80,77,60
57,47,65,67,62,34
109,50,51,79,28,36
75,62,49,67,84,49
103,93,102,102,104,76
54,75,77,73,81,47
62,75,76,70,66,64
57,82,67,91,82,63
39,47,66,38,50,48
71,46,71,69,56,33
73,62,58,58,80,51
88,105,91,80,109,58
53,61,54,12,71,24
38,35,38,41,41,23
57,100,42,60,48,59
43,71,54,19,78,43
91,19,81,76,34,61
78,78,66,96,63,64
90,60,85,55,90,47
32,49,45,29,62,36
61,68,65,63,62,65
64,51,77,55,59,65
62,61,44,48,66,39
89,87,100,93,75,64
66,91,102,52,88,55
99,87,91,78,93,61
90,73,70,84,75,41
80,99,87,104,99,64
39,78,64,48,26,53
43,50,44,70,50,48
92,62,89,98,64,62
91,73,82,75,78,44
60,66,77,49,51,59
59,76,40,85,49,49
70,44,68,75,49,50
31,86,42,66,47,45
40,50,27,33,54,33
73,74,52,89,57,32
63,61,66,89,83,56
62,74,83,47,76,55
52,77,27,84,66,60
47,46,47,42,31,44
60,56,47,65,26,53
48,40,38,47,32,32
52,32,53,50,52,34
66,56,47,67,63,49
73,71,63,80,60,59
31,23,27,19,40,20
78,51,64,66,58,57
38,17,35,29,42,12
52,73,76,45,75,58
47,52,35,70,30,32
65,63,53,52,74,44
59,77,48,72,71,35
89,64,64,85,77,57
82,107,73,96,82,72
68,58,82,58,90,45
56,55,42,51,59,33
50,60,37,35,65,29
55,69,74,61,55,47
58,55,74,56,44,58
54,46,62,56,51,44
68,54,16,70,42,48
41,33,38,32,44,25
77,75,53,67,88,43
56,69,68,59,81,56
95,74,71,76,64,67
59,72,51,71,78,35
32,50,51,50,37,47
47,70,45,70,59,24
74,45,37,64,52,33
55,54,48,55,51,42
30,41,54,42,46,51
54,50,59,43,28,45
91,77,50,81,56,52
56,84,55,64,81,61
22,21,22,18,22,14
29,22,41,27,26,29
78,71,57,87,68,38
74,85,80,61,98,60
36,31,45,24,43,20
51,71,94,39,70,48
39,39,36,31,50,25
42,35,41,33,33,27
56,69,56,43,53,45
73,82,50,82,52,46
61,88,67,94,78,65
47,38,44,40,45,31
81,99,76,81,85,77
58,67,43,88,72,43
50,93,72,76,67,82
65,36,52,37,48,33
62,39,43,69,62,51
53,77,74,74,83,38
47,45,33,64,31,39
66,79,67,59,70,59
49,63,56,32,83,45
65,48,58,42,53,47
74,80,110,63,86,62
60,67,98,18,71,56
68,40,68,58,80,50
55,60,51,56,35,52
71,100,95,88,75,65
69,81,82,74,55,82
59,66,67,65,88,45
54,37,63,53,48,38
90,74,73,86,76,51
84,65,63,83,54,58
55,65,61,46,54,52
72,32,77,46,43,57
96,93,80,88,79,74
67,58,96,54,77,56
99,39,97,74,64,51
109,101,102,104,99,68
34,42,19,22,41,35
91,26,74,62,46,46
43,53,46,30,47,34
86,76,102,79,75,73
91,47,80,74,48,43
30,69,76,62,42,68
74,54,75,59,40,61
66,74,46,51,43,33
95,87,105,81,94,58
54,78,46,82,63,59
39,54,38,30,39,25
40,40,33,31,49,23
73,78,80,73,68,50
38,77,58,40,60,60
19,67,42,13,37,35
36,68,52,58,75,50
77,83,91,66,86,63
52,69,67,51,77,49
36,54,71,41,60,57
58,39,64,67,51,52
62,87,45,65,65,43
85,91,66,81,98,57
41,53,59,39,71,38
68,51,69,72,75,40
85,82,73,86,83,62
81,102,74,90,97,74
83,76,87,69,75,73
96,71,24,97,25,52
61,28,51,49,50,21
78,64,87,67,50,53
55,78,65,61,52,63
55,92,68,66,45,42
67,55,80,66,85,55
67,72,95,67,60,73
44,53,43,39,43,35
76,78,82,85,78,71
83,87,77,84,70,64
57,61,64,62,43,55
74,59,62,63,71,38
41,27,38,25,33,33
77,50,67,63,46,41
83,83,45,78,71,54
35,75,76,55,64,61
65,34,79,55,72,65
51,37,74,53,41,50
68,69,71,62,40,65
71,75,66,64,61,49
55,85,79,82,79,72
90,64,95,59,69,62
69,90,85,80,87,69
65,53,93,44,77,35
50,32,39,50,26,28
64,40,81,52,44,45
42,87,48,52,58,48
27,54,44,33,35,33
58,51,48,51,43,53
69,104,76,79,74,65
44,70,47,53,49,39
34,58,41,47,61,39
75,76,59,100,60,55
76,69,85,88,61,76
104,77,89,96,84,60
79,62,84,46,64,58
55,54,89,67,73,36
51,62,67,62,58,44
33,76,35,52,68,44
60,89,88,92,79,73
51,50,43,39,41,48
52,68,47,67,62,33
94,26,68,86,44,62
38,53,59,51,80,51
85,95,83,90,102,68
97,82,81,107,72,64
64,78,68,50,82,64
37,35,66,40,51,43
50,89,64,76,73,64
32,25,37,22,40,36
67,56,62,75,50,52
40,49,70,57,76,50
93,92,98,93,91,86
61,51,91,44,77,55
58,54,61,27,80,46
52,93,51,77,87,46
58,59,23,75,30,44
33,39,53,42,39,32
67,74,68,68,62,58
85,69,78,58,90,38
94,75,82,100,80,62
35,92,71,76,66,70
75,52,58,60,64,38
47,51,51,88,76,52
68,58,47,77,60,44
65,58,68,67,75,43
68,71,66,54,59,49
91,93,103,78,93,72
35,68,35,57,39,41
40,62,57,49,74,32
68,51,68,60,42,51
53,37,57,21,51,40
51,35,69,81,18,55
27,49,45,51,43,40
74,102,64,82,90,69
67,60,72,64,77,20
47,59,55,59,55,47
69,90,73,61,74,72
76,77,69,86,59,61
18,40,43,21,43,25
19,48,42,37,32,48
82,69,53,103,45,51
68,76,87,94,83,76
61,69,50,51,51,35
76,78,76,63,87,52
66,87,46,87,83,47
71,14,83,46,49,44
57,63,61,65,45,39
55,86,45,51,77,44
99,98,98,92,102,65
66,77,77,38,83,64
43,63,36,79,35,48
78,86,70,55,58,55
81,65,28,56,50,24
74,84,77,78,82,76
109,35,93,56,86,21
95,87,85,70,78,73
61,91,68,81,51,64
67,66,48,51,58,43
81,77,80,95,75,75
76,78,72,95,79,74
88,59,63,83,75,56
47,60,53,53,55,40
111,29,89,41,81,37
87,69,65,84,60,54
57,59,75,45,42,48
76,71,84,85,91,72
98,94,52,88,75,48
77,83,70,48,80,31
94,23,69,44,69,31
70,55,70,76,85,36
62,84,96,77,76,73
51,58,52,70,59,76
47,64,48,54,41,60
73,75,71,63,77,62
66,72,79,63,83,69
71,78,86,55,86,57
78,98,84,97,87,68
38,25,25,36,24,32
93,76,43,83,43,35
97,72,73,78,73,53
49,48,42,26,61,41
49,50,60,40,49,47
53,95,57,49,85,54
65,69,102,73,61,82
91,54,75,71,54,46
62,96,48,81,90,65
63,59,84,43,54,66
74,45,58,35,61,48
75,95,70,79,93,57
91,21,83,44,59,52
89,91,73,74,80,49
77,80,60,95,88,47
61,71,76,85,41,66
71,61,92,77,57,37
77,44,73,43,52,50
60,69,86,68,67,41
71,36,68,47,43,27
66,62,82,83,68,56
66,102,52,77,69,63
54,65,51,49,40,40
63,45,74,45,73,44
71,79,91,85,73,62
76,39,51,51,68,20
54,43,43,95,59,62
86,93,83,89,81,82
84,61,46,89,51,45
67,63,59,58,42,43
46,49,52,48,68,45
46,49,49,77,35,61
55,82,36,80,44,35
48,37,42,47,18,40
92,75,101,81,77,71
48,60,67,47,83,48
43,59,34,62,45,63
35,41,20,38,28,25
76,54,68,35,69,50
65,56,70,52,63,20
88,61,74,77,81,46
35,71,30,82,27,51
74,67,64,56,81,43
40,85,54,78,65,41
82,98,71,61,96,64
73,56,57,50,62,25
92,88,85,87,92,66
49,66,62,50,54,63
64,76,52,71,83,59
40,48,51,55,30,39
37,49,71,35,73,31
64,68,66,68,63,51
55,55,48,63,44,55
31,58,46,65,33,40
63,51,61,68,57,43
28,31,32,28,30,41
66,69,49,89,48,43
66,87,51,37,86,30
91,23,87,44,58,30
68,75,38,83,47,43
63,42,76,50,70,62
69,73,79,71,67,64
67,66,67,87,63,55
70,79,55,52,61,48
76,100,67,93,71,63
101,85,66,90,85,43
88,46,68,49,89,20
75,65,60,84,62,81
99,55,77,81,78,48
30,51,42,51,29,52
26,39,45,49,42,41
41,86,39,82,73,65
79,67,72,69,74,54
67,85,78,75,63,61
71,94,61,80,62,68
89,74,69,65,80,62
53,32,43,43,54,30
44,108,40,60,71,61
97,73,91,76,84,61
25,31,28,39,28,27
56,61,27,77,63,32
44,51,46,54,61,41
97,93,88,101,98,74
71,62,67,60,81,35
43,63,67,65,45,49
80,49,86,80,70,57
59,73,76,43,65,57
72,89,85,50,55,68
80,88,88,77,89,65
63,79,57,63,96,23
100,75,99,94,75,77
54,59,74,18,55,33
45,94,68,71,58,49
69,64,71,73,77,53
68,96,62,72,91,24
47,44,61,45,72,35
26,38,61,22,60,40
79,62,74,67,76,51
41,38,62,60,33,47
28,32,45,41,20,31
62,65,83,98,45,73
74,56,49,71,47,49
54,60,52,43,61,22
80,67,86,63,85,48
60,24,54,59,40,45
55,74,80,79,75,71
86,51,99,40,53,51
51,85,87,65,68,79
75,56,49,65,67,35
61,67,66,53,70,52
76,65,65,42,66,51
58,61,56,83,88,58
83,29,49,80,90,9
71,56,63,71,57,39
48,77,85,57,57,55
54,59,83,51,75,49
49,63,69,56,52,41
58,61,43,41,54,26
48,68,55,68,43,59
61,71,100,62,81,66
79,63,76,52,71,53
93,66,69,108,58,71
34,43,32,48,42,35
44,61,60,47,63,29
49,52,69,75,57,31
80,33,65,40,55,40
87,80,90,95,83,70
39,39,39,45,31,34
104,87,78,85,108,62
90,46,59,41,65,37
92,93,84,88,86,61
57,58,33,71,59,44
50,30,49,50,41,34
45,78,38,64,105,35
45,54,45,55,49,43
61,94,71,86,75,64
61,63,72,35,61,35
64,52,53,54,50,29
56,80,70,61,68,59
92,76,85,86,71,71
60,72,37,46,67,46
46,67,64,78,68,65
84,89,80,76,97,51
52,68,50,57,62,36
77,64,74,94,67,47
38,55,80,41,52,44
48,49,48,41,51,44
102,94,91,94,97,65
57,78,77,51,99,55
58,59,73,56,41,43
74,91,83,85,85,75
75,68,70,91,64,35
56,91,73,90,71,68
63,66,75,72,78,67
40,56,58,45,55,48
41,45,43,52,40,43
36,23,41,37,44,25
83,52,74,65,84,54
85,79,102,73,101,70
72,81,66,96,45,46
75,34,56,57,57,38
54,38,52,47,51,38
49,44,64,42,46,52
60,92,75,50,79,64
45,37,43,41,32,31
68,50,90,59,58,63
83,75,75,70,93,75
71,65,88,59,77,64
80,69,61,86,73,59
94,46,81,87,69,62
58,77,71,79,50,48
48,101,63,63,79,66
47,47,57,60,34,45
47,19,33,39,31,20
59,70,49,58,62,54
74,51,52,47,43,40
108,88,100,98,101,77
69,51,59,43,27,52
52,55,74,59,50,53
36,47,45,38,43,38
84,60,82,81,71,61
48,51,68,44,51,49
38,35,30,58,21,33
67,49,52,55,49,38
54,49,40,35,46,35
59,53,48,52,49,42
59,25,72,44,81,34
68,39,93,67,86,61
76,58,65,78,77,21
61,31,64,43,58,49
65,57,76,72,71,53
68,64,47,56,46,43
53,36,33,47,43,30
67,80,53,78,62,52
50,64,74,70,33,64
50,54,42,42,52,32
58,100,62,83,63,66
47,33,54,28,50,44
35,55,69,46,42,52
84,93,67,103,86,60
77,67,86,75,65,54
38,46,26,35,42,37
52,57,34,58,43,46
48,38,60,42,38,36
40,68,22,62,39,42
38,54,40,58,42,31
74,47,52,65,29,47
33,60,59,65,44,55
80,29,78,69,57,30
86,66,84,89,75,63
53,59,82,54,84,71
93,46,50,71,45,44
69,56,100,59,76,57
57,67,57,47,54,49
39,42,70,32,62,56
58,87,53,85,72,57
52,59,34,68,38,44
80,91,92,92,84,80
44,66,45,68,57,48
28,52,69,44,19,57
55,78,58,59,61,62
48,81,69,44,75,44
76,61,48,58,48,47
65,65,76,58,70,53
52,70,50,52,71,57
91,55,49,83,67,45
49,34,45,64,47,56
88,96,85,82,76,76
63,102,83,75,88,65
34,34,47,22,36,38
90,73,51,70,40,54
78,86,73,65,59,51
66,51,46,53,90,28
76,52,50,71,59,48
65,54,95,74,55,38
79,57,63,50,67,34
87,95,77,102,91,69
59,86,44,78,69,60
67,46,68,41,59,46
51,60,89,60,83,55
100,85,85,90,82,64
65,93,59,70,59,55
72,75,92,70,84,64
88,84,105,73,103,76
54,70,49,68,53,54
34,39,43,40,33,34
54,42,43,35,80,27
46,74,78,63,73,58
85,68,100,69,76,69
65,94,65,85,67,69
47,59,58,84,56,69
62,65,70,67,55,44
56,42,60,36,65,23
39,43,46,43,43,39
61,45,70,65,47,77
42,38,50,49,36,44
51,76,60,93,67,52
40,63,44,61,45,60
48,36,45,48,59,47
64,70,57,81,37,57
73,66,70,80,81,45
87,44,87,101,58,63
47,51,61,53,36,69
93,88,91,77,99,71
39,60,98,53,69,57
33,35,51,55,12,54
44,65,61,36,78,41
33,37,44,45,20,36
40,63,71,37,59,33
40,46,42,40,50,20
21,44,19,36,31,24
45,50,74,45,47,50
75,74,69,91,63,44
63,71,52,48,79,54
75,72,67,72,60,50
58,61,63,58,49,57
87,101,104,90,96,68
41,52,50,61,30,57
67,103,65,84,64,59
45,51,60,32,85,43
55,48,45,42,39,35
95,81,107,90,101,65
74,49,56,85,58,65
48,41,43,52,53,27
47,72,67,76,48,69
32,47,40,24,45,39
68,77,49,105,46,47
37,50,47,29,57,38
78,49,61,69,91,43
49,26,57,69,61,37
90,75,82,86,77,66
52,65,54,59,77,43
27,31,38,39,53,22
76,38,79,65,38,36
105,95,86,83,95,72
50,29,41,21,44,9
87,51,88,64,54,48
88,51,55,70,66,27
34,52,56,48,42,34
111,54,60,57,71,27
93,109,66,90,90,64
50,75,73,46,80,51
40,64,58,52,49,51
76,55,82,71,45,48
85,78,82,94,50,76
55,46,48,59,37,45
43,63,79,26,66,51
57,95,72,65,77,57
79,58,56,57,76,44
59,56,75,53,63,76
74,70,57,84,56,55
77,46,44,76,54,57
79,36,72,64,58,21
82,102,90,77,101,61
62,46,62,57,46,43
89,91,69,67,79,56
61,38,95,54,76,59
77,77,63,75,55,61
98,66,76,75,80,53
61,50,58,65,65,64
59,68,55,63,67,54
64,46,39,65,38,54
88,80,83,87,84,58
62,28,57,57,46,39
24,22,20,24,25,23
58,43,78,40,62,31
48,53,52,57,65,49
38,77,46,69,62,53
57,59,43,53,46,46
77,86,72,88,74,64
69,78,69,98,62,55
36,74,41,52,33,35
91,77,78,70,87,37
63,61,50,56,53,41
56,71,40,53,79,50
24,48,40,44,44,25
49,74,51,77,38,50
44,70,50,53,47,60
40,98,37,86,68,69
33,30,77,38,63,56
29,47,49,25,54,41
53,66,64,41,83,54
63,41,58,43,47,20
58,61,38,36,61,40
60,88,72,81,71,69
85,94,96,81,94,83
41,54,36,59,31,47
68,66,69,84,59,52
63,71,42,96,55,45
61,53,52,49,45,35
34,35,37,34,36,40
71,83,64,106,52,62
71,80,79,67,96,56
45,58,34,49,43,24
53,72,42,55,74,41
50,44,40,40,26,39
42,85,78,55,71,56
61,90,71,79,88,54
36,50,64,45,57,53
59,44,33,80,36,34
55,56,52,54,72,46
85,73,81,70,81,65
87,45,49,83,57,47
79,72,80,64,73,58
86,62,83,92,70,61
52,21,53,33,34,24
84,102,73,87,85,60
86,83,88,95,79,74
25,63,55,94,47,77
57,63,41,72,30,37
87,81,91,68,98,64
74,71,70,68,75,48
67,74,75,73,66,61
50,74,62,30,94,38
64,55,74,39,80,52
75,78,57,75,75,56
65,56,59,43,50,40
72,83,70,96,65,71
71,84,74,71,70,57
68,84,65,93,72,64
85,64,64,61,73,36
91,96,94,98,79,60
35,82,67,30,76,40
38,68,69,69,47,52
87,74,106,78,92,69
85,49,67,59,48,45
90,66,53,104,54,53
74,86,60,58,80,50
77,68,62,51,77,40
79,58,87,72,90,59
35,34,27,22,26,21
81,90,79,81,79,69
68,62,71,91,58,87
86,55,54,69,66,45
62,45,20,51,66,30
45,54,49,48,62,50
77,63,86,97,65,35
39,46,19,40,31,28
76,57,60,31,86,29
35,54,33,47,40,26
89,88,100,94,78,67
51,36,47,54,64,20
52,86,56,77,63,64
64,87,88,74,70,74
71,21,78,57,81,44
84,76,52,68,70,35
30,55,36,53,24,36
77,55,78,79,57,39
66,86,72,71,60,73
44,68,84,35,87,62
39,39,38,28,31,23
59,42,81,32,66,57
91,85,92,86,75,74
49,27,50,67,32,45
86,84,105,95,82,80
48,53,37,52,58,34
64,37,72,67,55,57
49,32,24,50,44,34
84,69,68,70,90,57
46,53,52,42,46,41
50,71,73,77,76,68
68,70,67,85,93,50
38,37,59,22,52,32
42,52,40,67,48,58
67,38,58,45,59,28
48,78,39,38,71,43
59,47,69,67,59,50
106,89,98,106,96,75
111,108,102,112,111,75
84,61,56,60,88,37
64,79,77,82,61,53
31,67,55,33,64,32
75,40,68,57,57,48
86,78,88,93,90,67
80,51,72,43,97,22
33,55,49,44,35,31
72,69,78,77,65,36
23,24,55,25,35,30
41,70,60,44,50,54
73,24,57,64,55,30
68,34,39,70,31,33
52,34,34,55,37,28
66,82,47,71,66,63
58,72,73,80,85,60
81,85,110,84,92,82
75,53,88,56,85,64
72,51,54,64,86,29
43,49,45,41,19,33
60,102,81,84,70,77
53,52,44,70,57,57
77,66,79,69,42,79
78,35,78,84,77,38
75,41,52,42,49,45
72,65,79,70,82,45
42,37,54,27,60,39
67,37,29,87,21,34
64,59,65,65,109,53
62,78,62,61,79,38
45,41,57,46,47,46
56,34,63,45,64,27
81,97,87,66,111,74
105,67,59,94,60,54
82,45,69,46,81,34
78,80,52,70,78,42
59,66,44,71,71,36
26,47,40,40,35,38
64,23,35,46,43,36
37,66,44,51,60,41
63,46,90,45,65,28
102,76,93,83,86,72
84,74,57,104,34,64
89,82,104,80,89,56
28,52,50,52,50,36
59,87,72,55,87,80
30,76,56,65,54,46
26,43,28,46,29,35
72,85,78,55,63,50
67,88,76,81,87,67
50,41,31,33,45,16
48,78,49,35,74,33
63,43,51,56,45,46
88,84,82,80,85,80
42,58,41,44,27,37
82,67,59,62,59,31
84,78,69,92,61,56
56,73,67,99,31,66
76,56,88,73,70,44
84,74,55,84,79,36
72,79,63,73,76,53
75,91,75,66,83,78
50,53,54,56,44,57
16,96,20,95,51,54
74,81,99,62,99,45
54,58,60,78,52,41
69,58,37,60,23,51
78,62,59,76,59,40
58,46,50,53,37,32
31,62,42,48,52,59
22,32,38,31,26,30
41,47,47,41,48,41
70,58,70,69,71,58
55,61,50,58,60,51
71,83,76,95,59,64
55,46,27,51,36,36
47,34,43,50,41,33
77,44,72,92,43,59
67,105,69,86,68,64
61,44,65,41,61,49
53,66,29,61,20,35
96,53,79,69,49,47
80,61,69,96,62,64
107,85,113,95,110,67
38,58,47,40,48,46
76,61,49,62,76,29
58,62,59,67,44,67
48,59,54,40,65,47
64,75,72,58,76,35
56,79,80,43,66,55
63,72,83,75,65,67
98,82,102,90,67,70
65,93,69,70,66,72
72,95,63,67,71,29
50,22,54,40,51,27
50,75,51,47,46,62
45,67,27,50,48,26
62,46,58,56,73,34
69,58,77,69,47,73
74,68,34,53,86,38
53,23,60,30,60,48
76,90,54,105,64,70
87,96,70,95,93,72
72,49,101,73,74,58
52,62,59,32,61,39
40,45,51,51,43,42
86,88,77,76,87,52
58,86,33,69,70,40
71,75,70,103,60,61
95,80,79,90,85,66
53,63,48,43,41,70
37,38,35,58,20,42
74,98,86,88,87,75
77,81,57,72,70,64
91,63,96,74,88,46
98,114,79,98,94,58
68,53,56,59,35,39
46,25,52,35,47,32
71,71,78,83,60,61
50,59,80,60,68,66
48,76,48,75,58,36
94,77,56,75,85,52
69,45,82,47,87,40
43,60,30,54,39,34
53,57,44,59,73,39
41,62,36,59,45,54
94,90,65,97,88,47
38,44,37,57,42,34
53,69,53,52,51,41
88,71,71,92,77,57
75,96,80,75,88,46
41,51,42,58,38,38
94,63,42,98,69,36
54,26,49,29,63,13
78,66,74,79,50,55
24,89,46,40,81,52
89,78,74,94,55,68
83,62,101,67,73,77
59,49,52,54,63,45
7,44,40,36,33,39
68,74,68,65,57,48
65,75,64,76,75,77
67,34,68,52,47,42
22,23,22,22,28,9
43,55,44,54,55,30
33,71,69,33,62,49
48,71,17,78,46,49
83,81,98,94,90,78
30,63,57,49,30,48
72,71,83,77,72,63
80,20,66,62,65,43
91,75,72,36,66,44
86,92,44,95,76,53
81,30,61,52,84,39
99,72,101,61,75,53
64,52,100,31,60,63
37,64,54,64,59,44
74,60,69,65,56,47
80,74,63,95,70,51
80,56,75,68,71,48
54,30,54,46,36,19
68,92,84,59,77,43
68,76,76,79,61,68
36,25,23,24,17,24
76,83,82,73,68,59
33,95,53,51,80,60
54,42,52,44,55,32
79,86,88,91,96,72
83,71,81,47,79,49
91,51,38,60,80,40
72,74,97,66,81,63
57,78,76,62,77,59
44,44,40,48,42,34
80,64,97,66,75,68
44,73,26,53,53,44
35,98,78,61,73,80
40,36,57,60,52,42
72,79,81,88,86,61
35,53,55,46,44,18
49,71,58,48,57,69
19,27,23,23,20,24
37,44,55,46,42,50
49,59,56,58,71,40
96,56,92,86,60,74
76,75,72,59,81,42
64,76,66,54,61,34
36,71,29,57,40,47
80,34,78,63,48,25
51,62,54,61,71,36
45,62,24,37,60,39
74,51,50,68,30,46
45,22,44,46,47,24
92,45,91,76,49,50
49,81,71,58,65,68
61,44,59,63,53,51
66,58,92,55,47,73
86,60,65,80,73,31
65,66,48,86,71,63
33,70,60,59,77,53
89,110,86,87,99,64
57,39,42,42,53,21
71,73,86,70,62,52
73,38,51,77,49,40
48,54,46,30,59,34
61,91,43,78,49,60
59,50,41,70,59,44
56,62,42,89,50,59
58,21,51,43,77,27
41,38,25,30,38,23
78,53,53,38,65,48
16,60,46,37,56,52
85,66,79,59,94,56
59,45,69,52,38,62
50,45,77,46,68,55
37,59,37,100,42,78
89,40,96,38,68,31
56,70,23,70,62,26
55,42,62,49,63,36
42,49,57,53,82,35
16,66,42,28,49,37
70,62,64,40,72,50
84,37,73,69,47,81
66,61,66,58,48,45
77,54,68,57,52,47
62,62,41,61,55,36
85,76,75,66,77,63
68,80,76,75,65,65
69,94,48,65,56,42
58,40,67,49,53,40
67,54,98,70,58,68
122,62,97,84,97,54
40,49,18,62,36,31
98,85,90,81,70,77
62,103,50,66,79,51
44,72,47,62,67,44
72,88,86,74,64,64
72,75,62,46,61,62
43,39,53,37,66,31
45,62,58,52,59,42
61,75,64,60,99,30
63,64,26,56,86,33
114,79,99,95,90,66
58,69,66,77,68,47
29,82,55,60,68,74
72,80,77,77,58,60
81,66,88,67,55,66
107,53,87,85,83,61
31,25,60,27,35,40
68,67,40,97,47,33
44,94,47,59,58,79
31,49,57,33,53,29
59,62,60,72,60,57
64,64,69,50,34,72
35,43,91,39,51,58
85,92,86,95,91,70
49,41,66,42,69,39
51,67,32,83,47,41
71,49,58,55,58,39
46,45,64,58,70,59
90,46,85,60,58,56
19,37,25,25,28,22
52,58,51,76,42,61
78,68,82,70,56,87
56,57,61,84,81,25
58,46,94,52,65,54
65,71,47,35,79,33
71,76,84,78,70,60
61,67,86,85,34,79
84,89,80,91,93,64
36,44,18,34,47,42
18,59,46,45,42,44
57,72,80,73,69,76
52,58,41,60,36,28
93,93,105,97,80,82
80,56,81,66,48,57
69,47,84,37,82,42
59,47,76,84,41,51
79,58,73,90,62,58
57,81,49,79,57,62
41,72,45,65,37,54
83,24,58,57,59,63
80,79,70,85,82,51
54,39,47,35,60,38
52,45,54,58,33,62
62,57,30,57,54,44
43,26,42,49,45,17
29,36,44,26,38,36
45,35,80,56,47,31
88,94,97,90,62,69
52,45,59,34,24,54
47,53,33,46,41,37
60,61,88,66,60,56
38,76,31,43,54,53
41,32,75,39,35,49
56,88,63,85,63,61
51,45,33,42,50,32
64,41,53,55,56,17
62,67,64,56,85,43
54,48,56,59,73,43
48,42,88,64,67,45
52,74,69,63,41,51
83,97,89,82,103,63
74,60,70,73,81,53
81,55,55,94,57,44
67,47,47,69,54,20
86,82,87,59,88,54
75,46,85,46,72,74
64,68,37,58,57,40
38,76,57,35,68,47
42,67,49,76,38,63
78,81,76,79,92,62
76,80,58,86,62,64
68,32,85,53,46,44
74,83,79,75,78,60
66,78,80,70,60,66
73,81,27,81,69,32
58,64,52,73,48,52
74,72,78,85,82,78
56,76,70,49,68,54
58,83,71,51,72,39
58,57,65,49,42,61
49,59,52,40,52,54
59,82,64,83,80,41
50,49,55,29,59,54
56,60,75,92,50,49
93,47,47,78,34,54
88,62,63,86,44,68
65,48,66,99,50,47
27,24,37,22,36,18
87,62,82,90,71,42
59,79,64,56,91,65
32,51,55,58,73,33
42,48,38,36,51,38
88,81,67,90,48,62
56,90,53,47,46,64
101,98,107,99,97,76
55,78,67,46,69,50
39,43,41,24,35,39
46,54,62,42,52,32
60,31,54,62,24,34
65,70,71,54,83,46
56,101,77,59,70,66
68,45,49,64,57,39
52,41,74,38,66,48
47,63,42,55,59,50
34,44,24,48,37,24
66,38,94,63,37,55
76,84,90,78,68,59
54,95,72,81,88,47
104,76,103,83,91,66
50,78,73,79,61,58
32,100,38,68,74,49
62,57,41,64,48,34
63,34,51,52,26,43
60,41,53,54,43,27
53,51,66,36,69,29
59,52,58,40,69,60
54,46,45,66,58,37
36,46,39,33,42,42
43,46,31,49,30,32
93,87,80,92,82,70
72,68,70,62,83,53
95,87,51,75,70,36
64,100,51,91,83,58
51,44,44,54,58,27
19,58,47,28,54,44
80,69,60,52,92,24
59,82,67,83,78,55
38,86,49,64,85,57
24,18,27,25,28,26
76,63,59,72,67,54
62,66,90,51,68,70
88,66,99,57,76,61
27,48,37,40,32,41
65,63,86,56,68,56
65,80,67,76,83,70
32,65,39,28,60,41
54,40,64,35,49,64
26,55,35,29,32,23
76,72,56,53,69,32
56,16,45,44,50,33
68,108,78,101,73,78
73,77,85,80,89,60
41,64,62,60,61,61
34,75,61,65,58,55
81,83,61,67,78,43
53,30,77,73,53,68
46,50,39,54,42,39
95,73,70,105,85,54
94,75,78,86,76,55
97,86,94,112,91,79
65,69,81,67,78,51
65,57,58,63,65,49
90,102,63,96,85,74
93,85,70,101,79,46
68,54,36,63,52,34
77,47,65,65,82,38
26,34,31,20,43,21
80,49,64,84,63,37
81,84,80,96,76,68
33,28,44,15,37,37
79,109,77,80,74,58
42,67,31,59,48,40
59,51,70,60,62,29
94,100,103,96,103,70
56,40,73,66,63,57
94,88,89,103,112,63
89,84,55,101,55,46
45,58,62,64,34,50
51,54,69,64,61,73
66,63,70,43,96,35
39,76,15,58,74,41
50,36,66,57,79,24
49,29,48,36,45,33
52,55,51,49,62,66
80,89,86,94,69,73
52,63,68,61,66,64
48,66,62,82,42,81
46,45,42,45,56,40
63,61,58,49,84,59
88,79,91,62,105,49
50,40,64,30,53,44
113,66,105,88,91,49
68,58,50,34,57,52
81,73,61,65,48,63
62,64,49,68,54,69
71,85,88,71,85,76
94,92,89,99,101,66
72,56,64,68,46,44
72,55,40,54,57,14
26,24,30,28,22,26
87,67,88,56,72,60
44,39,63,17,66,42
68,87,42,108,68,55
56,37,38,54,40,26
58,56,77,67,52,55
44,58,40,51,46,28
74,63,60,47,69,40
71,67,66,56,54,50
82,53,53,50,64,31
80,48,71,91,15,57
112,115,102,113,110,88
43,47,28,41,48,25
76,63,78,55,53,64
35,56,49,57,49,50
52,49,62,33,80,35
73,47,75,48,47,46
66,40,75,68,44,53
47,50,51,45,45,36
79,30,58,31,68,34
73,72,86,83,46,67
32,78,57,49,52,67
65,63,59,53,63,54
42,82,50,64,80,50
70,68,47,63,45,59
83,86,69,89,96,49
88,79,88,89,99,63
34,47,38,48,44,33
51,42,82,31,62,18
62,50,70,92,41,68
70,86,60,93,58,59
79,89,98,79,113,55
84,63,90,76,74,56
27,88,67,46,50,70
75,90,94,89,94,70
57,57,37,64,39,47
84,67,98,82,91,62
66,47,67,44,52,48
39,40,31,44,27,22
59,58,100,40,77,57
97,79,90,105,88,65
101,110,85,95,83,82
55,58,53,56,33,41
39,63,37,81,36,60
63,42,66,38,76,36
75,84,84,66,99,62
82,71,89,76,90,53
65,32,44,28,57,20
47,67,49,45,33,38
31,51,29,48,47,24
74,85,94,75,63,73
104,95,85,83,96,69
19,61,50,62,60,37
49,71,70,50,45,71
75,103,87,86,95,76
70,34,95,41,75,54
60,69,79,54,45,57
88,62,83,70,55,50
41,45,61,68,50,27
40,69,40,69,38,62
38,70,89,37,76,65
76,40,69,51,59,30
59,49,18,51,60,24
56,80,45,108,48,80
87,80,80,90,91,61
61,73,92,53,74,68
95,64,84,93,68,71
44,33,46,25,34,35
47,45,51,47,52,39
67,75,95,66,82,73
51,41,89,32,96,43
75,68,66,75,39,61
80,92,86,87,96,77
33,42,33,40,34,22
71,90,90,80,73,79
63,77,72,65,75,78
55,71,52,69,47,57
82,86,61,91,81,46
56,81,53,77,47,54
55,31,53,53,37,18
89,69,91,37,81,40
58,61,47,76,37,51
66,48,92,79,78,71
63,56,53,45,47,32
78,66,70,79,61,42
39,73,48,57,68,47
49,60,72,37,52,67
46,37,49,43,38,31
60,66,83,68,84,50
94,70,36,68,47,39
86,50,74,70,74,6
43,52,39,43,58,26
30,54,32,49,40,39
68,81,48,72,79,55
46,50,49,48,49,40
63,61,76,59,65,69
81,50,81,44,82,33
40,32,39,19,40,28
26,57,48,40,38,46
49,50,42,44,47,53
51,89,54,96,78,65
81,69,78,75,81,63
46,50,53,42,74,49
85,66,62,76,68,36
76,66,83,61,65,44
67,78,86,77,80,70
94,74,64,94,79,63
72,76,71,77,92,63
44,32,42,24,52,19
84,91,60,76,71,47
69,90,85,78,89,50
73,69,67,95,63,56
53,27,45,53,35,35
40,53,53,19,64,20
94,95,97,83,100,72
34,54,83,38,52,38
94,82,77,89,64,66
59,47,42,38,46,22
55,31,64,46,61,37
41,64,41,60,40,49
46,45,81,42,52,55
52,56,47,65,63,56
41,51,45,87,66,62
54,55,46,68,59,38
48,78,42,61,60,40
36,53,70,28,50,49
61,74,45,76,62,39
55,79,35,70,58,53
91,89,41,84,69,33
76,47,94,90,39,54
92,87,92,84,92,64
33,43,36,35,41,41
47,44,60,23,41,52
77,85,66,73,63,61
66,76,68,31,83,45
53,60,51,45,88,48
48,74,69,62,60,52
84,57,101,62,85,46
51,40,53,24,61,24
95,62,76,72,68,44
77,98,75,84,77,74
66,73,60,81,64,45
67,87,82,61,82,83
71,52,52,82,67,36
64,66,68,82,48,52
97,95,88,104,92,64
50,72,47,61,84,44
90,80,96,95,85,76
100,103,98,101,107,81
73,63,97,77,80,64
49,58,65,50,54,56
31,60,47,43,51,47
59,72,76,92,64,77
76,65,53,77,60,25
41,44,64,51,50,44
84,70,63,68,76,31
47,81,88,70,79,58
54,25,50,63,46,45
85,72,71,91,50,56
94,84,96,59,107,56
57,56,70,85,63,49
97,42,41,77,55,54
85,65,41,80,67,47
47,82,66,66,76,66
96,72,87,82,96,65
79,36,46,74,74,24
38,38,66,26,43,34
29,39,35,44,43,28
70,92,78,76,100,52
54,49,45,50,41,25
62,88,56,71,94,57
101,106,107,95,112,76
61,70,74,47,88,67
61,72,72,56,60,74
49,40,70,71,52,48
33,42,45,43,52,28
60,68,78,78,88,59
87,50,63,53,79,15
42,25,60,39,49,45
59,75,63,77,70,73
93,83,87,82,88,55
54,81,25,62,47,39
57,63,66,55,74,41
79,73,65,72,86,54
62,60,93,75,80,58
47,48,45,54,41,35
55,47,28,68,58,48
34,25,25,35,22,24
71,57,68,48,37,50
46,77,65,73,54,48
57,83,71,74,84,52
37,68,14,69,45,37
78,73,70,76,78,58
89,86,76,56,106,56
80,42,57,64,43,20
76,86,76,101,71,82
79,25,76,60,64,54
35,36,67,20,49,41
55,46,59,39,44,41
57,68,38,71,49,43
41,35,58,44,35,39
72,56,88,61,72,56
23,60,75,60,64,72
97,89,104,84,105,68
81,92,105,73,80,80
82,89,60,73,81,45
59,56,83,73,66,40
81,83,94,74,85,51
88,71,52,66,78,62
87,81,78,84,87,68
43,34,62,40,65,41
83,63,59,90,74,44
64,59,38,87,46,54
53,90,53,89,77,65
58,40,44,71,28,49
69,78,47,75,48,63
42,41,47,44,46,29
96,87,95,80,93,75
67,35,66,43,56,47
55,62,59,66,25,54
33,83,63,45,91,46
29,55,42,45,64,39
16,44,20,30,35,25
72,57,67,55,80,56
68,65,65,26,88,28
59,65,61,77,55,60
74,62,85,68,64,53
91,69,88,81,87,78
103,89,80,99,85,79
73,27,64,51,59,56
26,22,33,39,37,47
95,100,81,107,94,69
51,78,77,83,54,63
75,103,40,91,75,48
66,43,65,51,76,44
75,75,56,76,71,47
55,76,73,54,92,73
73,60,89,61,63,58
98,99,95,90,97,62
98,54,91,81,63,73
78,32,52,63,77,38
100,88,92,77,90,62
78,34,69,55,61,41
77,73,87,78,88,72
54,69,69,64,44,74
74,84,36,79,64,59
98,63,84,82,79,64
56,62,47,52,58,30
77,40,82,58,81,45
59,62,43,86,47,36
92,102,94,95,100,82
47,47,38,62,31,50
53,49,94,74,64,62
75,91,79,96,63,68
40,62,25,45,64,36
46,48,36,29,41,32
84,54,96,47,64,47
95,89,74,84,90,70
95,88,100,85,84,68
72,38,83,88,40,70
101,55,73,79,83,55
69,69,49,64,45,42
84,70,88,100,67,71
60,49,80,54,45,46
61,111,75,94,80,67
35,39,56,58,43,55
73,67,61,84,64,44
41,81,62,63,33,63
83,63,80,54,88,44
73,51,58,65,32,56
59,53,40,39,58,42
56,80,34,89,58,54
47,48,32,46,55,44
50,65,72,103,50,72
50,71,35,67,51,52
51,49,74,64,51,38
58,81,60,80,53,61
103,93,92,104,94,76
83,64,63,72,56,48
94,78,81,85,84,56
84,55,75,57,73,43
69,55,38,53,72,42
53,65,41,48,74,20
41,61,75,69,51,68
45,50,60,62,60,44
58,50,47,60,48,43
78,53,48,70,54,33
29,54,78,57,81,57
56,66,38,81,38,54
57,64,69,56,80,61
55,69,52,66,43,51
75,36,78,55,56,41
69,57,85,67,38,60
55,75,54,87,51,51
55,56,48,63,67,48
72,62,80,57,78,47
70,90,65,53,98,41
59,61,51,63,42,57
77,76,51,106,74,51
68,33,43,73,63,55
77,48,92,55,92,60
16,37,28,34,33,29
58,71,77,80,81,71
77,82,91,77,68,82
50,98,63,92,63,74
61,63,58,44,57,28
55,40,79,45,90,29
39,53,85,54,50,66
81,76,97,71,83,66
58,59,64,63,49,46
97,76,97,91,80,77
38,61,53,49,59,27
78,80,93,79,69,81
58,88,73,54,89,28
37,38,31,34,43,15
44,46,98,41,48,48
71,81,73,84,102,49
51,66,70,78,65,38
61,71,72,92,51,63
26,77,49,31,73,55
38,48,40,43,48,42
98,100,97,90,111,71
64,63,91,71,60,43
81,93,87,76,72,65
59,62,61,72,58,69
103,101,91,106,96,80
72,82,58,92,66,68
62,42,73,44,58,26
27,61,41,47,47,34
52,72,66,75,67,59
37,37,58,35,40,41
66,79,48,55,63,44
67,81,65,63,62,58
90,64,63,85,35,58
45,66,66,68,56,55
61,38,58,54,51,14
50,63,38,91,38,44
58,44,42,56,61,37
42,62,44,54,37,45
86,89,88,98,83,76
44,40,31,31,19,31
90,75,86,88,68,82
99,78,80,83,84,45
37,31,55,33,44,35
73,62,67,65,35,54
81,62,82,74,89,50
60,35,45,50,65,33
50,64,65,41,45,61
60,80,61,74,48,30
69,73,85,82,58,57
62,37,54,59,40,29
64,62,53,52,64,47
75,46,44,58,82,41
79,100,99,98,81,90
61,57,80,53,78,54
73,84,63,59,59,39
19,30,24,28,22,24
67,50,103,72,30,76
74,80,94,79,56,84
88,46,57,37,80,29
62,70,35,90,63,50
59,65,84,72,89,69
72,84,89,71,77,60
62,58,83,66,54,60
89,101,96,89,93,73
27,31,40,26,44,22
79,95,86,95,90,72
102,71,45,78,91,43
54,74,37,23,72,30
80,83,90,54,59,60
70,71,74,52,73,40
42,69,84,64,49,55
30,57,31,52,46,45
29,41,26,44,31,25
68,73,83,77,82,60
67,73,51,54,68,39
52,52,39,47,78,36
65,64,67,42,81,57
61,82,43,108,26,61
96,72,59,60,66,25
88,75,78,62,93,41
53,96,62,108,51,77
49,80,49,57,56,32
84,71,86,71,61,58
45,52,53,58,49,44
63,48,75,74,41,43
84,97,67,74,68,60
69,73,57,59,68,57
77,79,83,69,75,52
68,79,79,44,83,39
42,74,43,70,56,45
98,101,103,106,102,84
34,75,70,90,62,53
58,42,28,57,72,35
53,46,42,63,35,44
50,54,46,51,56,30
49,43,49,49,43,40
64,49,67,57,52,40
36,39,32,41,32,23
62,41,46,78,45,57
55,70,96,58,46,64
48,73,62,61,60,46
77,91,99,70,91,69
64,62,66,49,61,50
55,59,42,69,75,41
62,54,38,48,38,35
78,76,70,79,91,47
79,91,61,71,74,65
42,46,57,38,64,37
72,82,66,63,61,64
49,41,57,36,52,32
32,38,21,55,31,25
61,93,81,71,83,66
95,96,84,78,92,76
84,53,89,85,64,61
78,42,62,26,108,39
57,92,72,52,111,46
37,55,72,34,52,33
78,99,86,83,87,68
73,69,61,63,84,53
75,83,77,70,92,73
62,99,72,78,58,52
55,65,53,58,42,40
67,61,52,72,72,43
42,30,41,40,48,33
56,54,65,30,48,41
86,41,69,48,60,56
63,61,67,55,70,33
75,52,70,39,56,18
33,56,38,53,51,38
69,76,82,82,70,74
48,79,62,76,44,66
38,60,43,66,52,45
102,82,86,103,68,71
54,39,38,67,69,44
54,60,43,47,36,52
37,52,48,39,49,23
42,56,58,47,59,40
51,57,54,33,68,30
45,55,33,51,60,45
28,52,25,43,33,21
19,97,69,80,33,78
92,61,78,55,91,55
44,36,39,45,37,38
45,48,33,57,41,30
71,96,96,72,95,75
68,35,90,48,71,48
81,82,67,60,59,52
60,72,57,82,82,64
73,11,50,46,48,13
58,45,70,30,61,56
87,76,93,88,69,88
68,83,81,87,83,61
74,56,91,74,71,52
76,69,78,67,74,70
62,33,20,56,43,47
54,77,34,65,41,60
81,46,76,65,66,65
63,31,73,47,68,67
63,96,74,97,73,77
73,92,75,92,69,66
77,83,59,102,63,59
101,54,70,74,67,41
91,58,108,63,92,45
66,57,104,58,67,63
68,56,46,88,53,60
57,64,51,75,47,41
58,64,48,92,46,57
59,63,70,49,54,32
62,65,48,55,51,29
41,34,48,53,43,36
61,64,69,45,53,53
36,63,41,70,33,61
40,49,50,45,57,33
75,86,98,62,85,55
74,79,62,71,99,67
56,45,71,53,54,49
39,63,62,55,36,59
37,80,45,46,44,65
78,60,70,59,62,56
74,41,69,38,47,37
60,60,45,61,43,27
17,65,31,41,71,42
54,60,61,52,52,43
79,48,70,45,59,40
68,63,53,76,81,25
103,79,93,75,90,75
78,40,60,55,65,24
49,64,76,28,68,39
76,66,55,53,50,32
33,41,51,20,53,35
84,70,83,53,96,42
73,70,63,50,60,50
62,46,45,49,40,21
69,55,72,69,89,47
89,76,87,85,78,56
68,81,56,75,77,46
72,49,88,60,74,62
77,76,67,70,69,64
51,79,73,66,73,58
39,40,34,44,46,33
35,43,61,44,40,30
57,67,51,54,70,48
69,58,56,68,76,53
38,76,59,79,69,63
41,47,56,52,52,68
48,43,40,64,42,37
88,84,85,93,82,52
71,69,65,50,38,49
64,84,83,62,82,59
96,61,103,77,73,63
75,56,53,96,54,36
73,74,65,40,81,60
58,44,31,65,28,34
65,49,48,59,36,33
25,29,47,28,31,27
71,57,71,31,68,51
84,55,72,62,82,62
30,46,49,59,38,36
73,62,84,74,70,46
43,75,77,79,57,58
56,43,51,44,59,39
54,38,50,40,18,35
59,42,62,75,58,56
81,91,83,76,68,74
51,58,29,41,61,33
67,63,35,49,53,35
34,40,47,27,41,18
71,74,55,65,82,60
99,49,86,78,68,62
87,108,87,110,99,74
44,54,50,48,43,38
54,73,55,87,67,80
45,55,60,45,52,46
87,61,77,67,74,39
31,39,61,35,35,43
63,30,54,52,66,34
72,88,78,101,61,73
86,50,66,74,41,55
39,27,43,38,34,27
78,88,64,89,98,42
71,52,86,59,87,27
78,60,54,32,77,23
42,77,64,59,40,81
112,59,89,74,80,58
73,99,58,58,77,50
24,58,34,65,35,48
71,61,71,47,60,42
34,42,55,45,46,37
68,61,39,65,58,32
73,65,63,62,82,30
54,79,67,60,58,64
30,39,51,31,48,42
73,58,61,70,71,61
60,81,57,79,93,49
101,109,96,108,100,81
29,51,43,40,27,38
41,48,46,57,46,56
59,62,76,74,54,66
47,60,66,76,61,60
81,89,79,64,73,49
44,60,40,67,36,32
82,37,61,62,62,42
72,46,52,43,35,43
48,60,43,52,55,35
47,44,66,35,56,42
60,66,84,61,84,46
62,85,62,57,65,46
52,57,51,64,59,40
70,55,83,68,54,59
59,83,66,65,94,64
84,73,91,83,92,50
70,66,76,58,77,46
69,54,80,28,87,33
60,38,118,48,34,64
49,54,39,56,43,48
86,35,62,58,34,32
67,74,81,88,55,82
82,77,80,66,79,65
89,61,45,71,71,53
50,91,58,53,54,59
71,41,76,59,53,50
55,57,67,46,65,48
59,77,48,89,29,65
35,38,23,33,31,26
69,57,87,71,79,70
59,70,51,58,68,38
73,90,45,55,78,42
49,60,71,60,65,37
80,83,77,69,87,73
74,80,58,95,75,55
71,73,44,80,51,40
44,62,46,46,41,29
74,101,90,68,101,57
96,90,83,84,98,42
34,39,46,55,40,33
85,69,77,48,100,43
36,60,57,90,52,61
50,69,40,79,32,50
91,85,94,96,98,76
90,91,92,87,77,53
70,88,52,66,85,66
30,40,36,47,42,44
29,19,20,30,17,24
70,77,60,77,49,54
50,56,42,61,36,52
38,52,32,50,27,26
36,52,47,43,48,43
75,91,98,66,92,79
86,59,51,75,42,54
68,50,41,63,71,34
61,47,36,47,61,18
87,64,51,92,25,58
64,43,66,76,37,39
41,35,83,44,19,69
20,68,49,53,54,69
69,59,78,69,72,44
51,46,46,29,47,32
63,77,66,71,33,49
40,70,57,70,39,48
85,35,68,47,61,45
79,72,73,85,66,59
83,84,91,89,60,77
91,66,75,76,72,64
44,64,70,37,53,46
90,83,69,85,41,44
73,60,43,49,66,39
49,46,53,31,59,44
73,72,85,69,69,59
78,73,59,84,93,45
97,65,75,94,63,53
43,51,40,84,35,37
68,56,65,70,60,64
80,41,68,39,60,28
71,91,97,65,80,81
77,87,59,55,79,43
55,88,56,101,69,64
63,84,43,95,28,73
75,75,67,70,82,50
40,64,40,45,81,27
27,29,30,25,25,37
16,56,54,35,61,39
51,81,55,82,44,65
74,71,75,77,63,56
63,51,46,87,55,54
64,87,77,53,88,44
33,67,56,30,54,20
34,56,47,53,44,70
97,87,93,100,80,71
82,78,76,84,83,69
88,70,83,100,74,59
53,29,49,40,53,27
50,29,35,52,30,46
89,84,54,76,86,43
87,101,80,97,89,69
35,76,52,39,65,45
72,88,54,97,64,57
63,65,46,57,71,36
55,34,55,40,41,21
90,64,98,82,61,56
99,101,102,102,97,81
79,95,83,94,88,65
27,59,63,44,52,47
63,70,71,64,92,64
27,45,35,34,29,35
66,36,56,51,44,47
36,44,24,51,30,28
71,88,92,73,92,70
57,47,38,52,55,47
56,53,56,48,43,54
54,56,59,55,85,56
81,25,76,78,63,26
70,64,75,71,84,46
87,60,94,55,65,62
89,96,86,72,108,74
54,30,52,25,31,39
22,41,51,37,50,34
35,31,41,33,35,29
63,42,60,49,68,28
81,57,95,80,63,76
82,64,77,61,74,33
64,65,85,53,75,48
69,75,73,64,84,51
58,42,66,46,41,36
50,48,67,15,65,28
59,79,48,60,72,44
42,56,48,29,60,34
76,52,48,45,74,26
34,44,18,59,28,36
87,62,74,74,81,49
42,53,42,51,37,21
73,61,66,46,79,49
33,23,50,40,23,32
50,38,47,39,56,18
67,49,81,79,36,72
86,70,71,73,81,70
70,81,75,71,80,66
71,35,54,38,56,23
56,103,57,86,76,59
40,72,55,43,105,58
40,57,52,38,58,39
53,43,31,45,47,29
47,52,35,55,40,33
56,63,53,77,44,39
44,29,64,74,36,63
89,53,56,83,56,25
55,62,64,35,63,42
84,66,67,85,89,40
39,37,34,34,38,37
59,43,67,54,28,60
62,79,78,68,53,64
