4;7;3
+0,0;20000,20000
++0,0;20000,20000
+++0,6169;20000,12103
++++0,6728;20000,10563
+++++0,6728;20000,10563
++++++8537,6728;12889,10563
+++++++9064,9425;12889,10563
=======12871,10198;12889,10563;14240,10552,9436,12424;0
=======9064,10077;9082,10526;6626,10470,10010,12254;0
=======12213,9425;12418,9794;12838,9744,11268,13166;1
+++++++8537,6728;11439,7551
=======8537,6728;9194,7551;11830,7040,11954,5004;0
=======11283,6800;11439,6962;16014,6874,11776,10958;1
++++++0,7895;20000,10428
+++++++10501,7895;20000,9432
=======10501,7895;10691,8495;9914,8174,12784,15170;0
=======12611,8463;20000,9432;11684,9408,14696,10062;0
=======10972,9014;11212,9078;13848,9050,13778,11310;1
+++++++0,9136;10660,10428
=======10586,9136;10616,9489;13538,9456,10756,8526;0
=======0,9414;7834,9782;11588,9458,6728,9006;0
=======0,10194;10660,10428;15902,10282,12648,11178;1
+++++0,7023;8757,9785
++++++0,7456;8757,7839
+++++++0,7482;8757,7765
=======0,7482;8757,7568;13322,7518,10972,9686;0
=======0,7532;7791,7765;11502,7618,7974,8700;1
+++++++0,7456;7830,7839
=======0,7456;7830,7637;11468,7466,11456,12068;0
=======0,7531;7584,7839;11088,7616,12718,6804;1
++++++0,8118;8459,9785
+++++++0,8917;8095,9131
=======0,8981;8095,9131;11998,9106,10822,10936;0
=======0,8917;6384,9067;8576,8978,11244,9366;1
+++++++0,9021;8459,9785
=======0,9714;8459,9785;12838,9744,11268,13166;0
=======0,9021;7333,9110;10474,9064,13366,12436;0
=======0,9389;7882,9430;11684,9408,14696,10062;1
+++++++0,8118;7247,8836
=======0,8320;7009,8608;9826,8578,14738,11712;0
=======0,8774;7247,8836;10414,8816,8124,8042;0
=======0,8118;7053,8406;9914,8174,12784,15170;1
++++++0,7023;7076,7937
+++++++0,7023;7076,7419
=======6608,7023;7076,7083;8734,7050,9994,9076;0
=======0,7295;6292,7419;8392,7392,12860,8896;0
=======0,7023;6407,7083;8734,7050,9994,9076;1
+++++++0,7404;5955,7937
=======0,7627;5955,7810;7830,7808,9348,9218;0
=======0,7404;5690,7937;7300,7812,6026,8866;1
++++4909,6169;10795,12103
+++++7495,8445;10795,12103
++++++9044,8685;10795,12027
+++++++9044,10995;10795,12027
=======10444,10995;10795,11595;7350,11408,11446,14066;0
=======9044,11061;9635,12027;8490,11752,12226,14042;1
+++++++9236,8685;9671,11149
=======9641,8685;9671,11149;11588,9458,6728,9006;0
=======9236,9021;9285,9374;10474,9064,13366,12436;1
+++++++9829,8961;10418,10563
=======10296,9714;10418,9794;12838,9744,11268,13166;0
=======9998,8961;10047,9282;11998,9106,10822,10936;0
=======9829,10198;10082,10563;14240,10552,9436,12424;1
++++++7495,8445;9558,12103
+++++++8368,9350;9558,12103
=======9424,11871;9558,12103;10752,11960,16456,12420;0
=======8368,9350;8836,9975;12254,9844,6336,9702;0
=======8809,9454;9010,9489;13538,9456,10756,8526;1
+++++++7495,9996;9424,12103
=======7495,9996;8509,11126;6626,10470,10010,12254;0
=======9253,11871;9424,12103;10752,11960,16456,12420;1
+++++++8135,8445;8368,9975
=======8135,8445;8165,9250;8576,8978,11244,9366;0
=======8167,9350;8368,9975;12254,9844,6336,9702;1
+++++5955,6482;9581,10825
++++++8655,6482;9581,10825
+++++++9402,6482;9581,7637
=======9402,6482;9489,6637;11940,6548,14974,8252;0
=======9551,7456;9581,7637;11468,7466,11456,12068;1
+++++++8655,7482;9251,10825
=======8669,9021;8920,9258;10474,9064,13366,12436;0
=======8655,8014;9251,10825;8576,8978,11244,9366;0
=======8757,7482;8902,7568;13322,7518,10972,9686;1
++++++5955,6482;9087,8811
+++++++7198,7254;8699,8811
=======7198,8118;8230,8406;9914,8174,12784,15170;0
=======7628,7254;8043,7419;8392,7392,12860,8896;0
=======8161,8339;8699,8811;9764,8766,9402,10262;1
+++++++5955,6482;9087,7810
=======8593,6482;9087,6637;11940,6548,14974,8252;0
=======5955,7627;6150,7810;7830,7808,9348,9218;1
+++++4909,6169;5528,9631
++++++4909,6169;5375,8349
+++++++4909,6169;5221,7965
=======4909,6169;5104,7772;5738,6812,6210,7176;0
=======5026,6170;5221,7773;5972,6814,5974,7194;0
=======4965,7005;5082,7965;4192,7198,10330,7232;1
+++++++5082,6456;5375,8349
=======5097,6456;5098,8349;4950,7966,6906,9390;0
=======5082,7006;5375,7965;4192,7198,10330,7232;0
=======5184,6456;5344,8349;4950,7966,6906,9390;1
++++++5098,6456;5528,9631
+++++++5313,7082;5528,9631
=======5472,8944;5528,9631;6864,9156,10684,7528;0
=======5313,7082;5508,8685;6546,8638,11488,7152;0
=======5344,7389;5461,8349;4950,7966,6906,9390;1
+++++++5098,6456;5399,8349
=======5306,6955;5399,7532;4874,7098,11302,10800;0
=======5098,6456;5184,8349;4950,7966,6906,9390;1
++++0,6169;10219,12021
+++++0,6169;9020,11262
++++++0,6169;5887,8668
+++++++0,6169;4909,7772
=======0,6312;4533,7148;4874,7098,11302,10800;0
=======0,6169;4909,7772;5738,6812,6210,7176;1
+++++++0,6170;5887,7773
=======0,6170;5026,7773;5972,6814,5974,7194;0
=======0,6486;5887,7754;7694,7446,6470,6232;1
+++++++0,6362;4965,8668
=======4668,6362;4965,7965;4192,7198,10330,7232;0
=======0,6746;4515,8668;4950,7966,6906,9390;1
++++++0,9014;9020,11262
+++++++0,9014;9020,9814
=======0,9454;8809,9489;13538,9456,10756,8526;0
=======0,9487;6039,9814;7998,9522,9916,8008;0
=======0,9014;9020,9078;13848,9050,13778,11310;1
+++++++0,9527;8167,11262
=======0,9607;8167,9975;12254,9844,6336,9702;0
=======0,9527;7236,11262;10392,9684,7878,6064;1
+++++0,6447;10219,12021
++++++0,10329;10219,12021
+++++++0,11111;10219,12021
=======0,11159;10219,11913;15020,11744,11838,9292;0
=======0,11111;6486,11767;8490,11752,12226,14042;0
=======0,11871;7617,12021;10752,11960,16456,12420;1
+++++++0,10329;9361,11445
=======0,10457;7994,11445;11506,10808,13050,7598;0
=======0,10344;7631,11182;10780,10582,9772,11814;0
=======0,10329;9361,10563;14240,10552,9436,12424;1
++++++0,6447;10208,7908
+++++++0,6447;10103,6935
=======9842,6447;10018,6637;11940,6548,14974,8252;0
=======0,6482;8205,6637;11940,6548,14974,8252;0
=======0,6844;10103,6935;16014,6874,11776,10958;1
+++++++0,6728;10208,7908
=======0,7760;10208,7908;16224,7904,16084,8146;0
=======0,6728;8150,7551;11830,7040,11954,5004;1
+++0,0;20000,20000
++++0,0;20000,20000
+++++2938,0;20000,20000
++++++6016,0;11485,20000
+++++++6016,7086;8026,20000
=======6016,10767;6306,20000;7562,12082,9398,6976;0
=======7895,7086;8026,20000;7694,7446,6470,6232;1
+++++++9876,0;11485,20000
=======9876,7462;10109,20000;9826,8578,14738,11712;0
=======11124,0;11485,20000;11468,7466,11456,12068;1
++++++4857,0;20000,20000
+++++++7126,0;7895,20000
=======7325,0;7352,20000;7350,11408,11446,14066;0
=======7126,0;7895,20000;7694,7446,6470,6232;1
+++++++4857,0;20000,20000
=======6670,0;20000,20000;8096,6726,5392,5592;0
=======4857,0;20000,20000;5244,4946,4942,4708;1
++++++2938,0;20000,20000
+++++++12478,0;16195,20000
=======16090,0;16195,20000;16166,16480,16984,15194;0
=======12478,0;13012,20000;12702,12830,13950,11164;1
+++++++2938,0;20000,20000
=======11313,0;11459,9095;11088,7616,12718,6804;0
=======2938,0;20000,20000;3276,2382,2948,2934;1
+++++0,12221;13266,20000
++++++0,12751;12774,15597
+++++++0,12751;8592,13919
=======0,12751;8592,12835;12702,12830,13950,11164;0
=======0,12938;8167,13919;11852,13036,11154,14376;1
+++++++0,13556;12740,15597
=======0,15354;12740,15597;15400,15404,16874,17282;0
=======0,13556;10038,14537;14658,14272,14038,11140;1
+++++++0,13654;12774,14631
=======0,14504;12774,14631;17058,14540,15410,14596;0
=======0,13654;9918,14595;13210,14468,14300,13246;1
++++++0,12221;13266,20000
+++++++9962,13537;11180,20000
=======11097,13537;11180,20000;12596,14722,11594,13184;0
=======9962,15485;10215,20000;14506,16168,12574,11734;1
+++++++0,14023;13266,20000
=======9881,14023;10090,20000;9786,15800,12640,16586;0
=======0,15140;9735,20000;14208,15184,11948,14870;0
=======0,17468;13266,20000;16452,18006,16758,16762;1
+++++++0,12221;13123,16746
=======0,12221;8448,12516;12414,12360,14506,9562;0
=======0,16365;12781,16746;15776,16562,16818,17198;0
=======0,16324;13123,16705;16166,16480,16984,15194;1
++++0,0;10991,20000
+++++0,0;7198,8284
++++++0,4790;7198,8284
+++++++3396,4790;5804,8284
=======3396,4790;3734,8284;4192,7198,10330,7232;0
=======5147,5087;5804,6980;5050,5228,7220,5356;1
+++++++0,4955;7198,6381
=======0,5936;7198,6381;9926,6346,8950,6898;0
=======0,4955;5912,5245;7354,4964,6576,9010;1
++++++4163,0;6058,6980
+++++++4163,0;6058,5377
=======4163,0;4760,5377;5050,5228,7220,5356;0
=======4858,0;5245,4851;5246,4756,5440,5624;0
=======4863,0;6058,4687;4482,4428,5258,7082;1
+++++++4261,0;5147,6980
=======5097,0;5147,6980;5050,5228,7220,5356;0
=======4261,0;4858,4851;5246,4756,5440,5624;1
++++++0,3405;6397,5236
+++++++0,4770;6397,5105
=======0,4770;6397,4865;7744,4784,8070,6536;0
=======0,4964;5642,5105;6234,4982,10006,6806;1
+++++++0,3405;3923,5236
=======0,3840;3923,4851;5246,4756,5440,5624;0
=======0,3935;3922,5236;5244,4946,4942,4708;0
=======3541,3405;3879,4977;4482,4428,5258,7082;1
+++++0,0;10991,20000
++++++7644,0;10991,20000
+++++++9376,0;10991,20000
=======9376,12067;9379,20000;10394,12352,7334,12822;0
=======9379,0;10991,20000;10394,12352,7334,12822;1
+++++++7644,12143;9929,20000
=======9528,12427;9929,12587;11494,12502,11658,14578;0
=======9239,12938;9358,13919;11852,13036,11154,14376;0
=======7644,12143;7775,20000;7192,12204,11264,12002;1
++++++0,10944;10655,20000
+++++++0,12084;10655,14762
=======0,12164;7229,12459;9976,12246,12462,11886;0
=======0,13781;9611,14762;12596,14722,11594,13184;0
=======0,12084;10655,12145;15892,12086,15188,12008;1
+++++++0,10944;7671,20000
=======0,10944;6423,20000;8364,11782,5580,10654;0
=======0,15200;7671,20000;10080,15304,13028,14930;1
++5492,0;20000,20000
+++6891,0;13523,20000
++++8836,7896;11732,20000
+++++10004,7896;11732,20000
++++++10004,7896;11732,11342
+++++++10682,7896;11726,8697
=======11255,7896;11726,8495;9914,8174,12784,15170;0
=======10682,8098;11682,8697;9826,8578,14738,11712;1
+++++++10418,9714;11732,10428
=======10467,9714;11218,9794;12838,9744,11268,13166;0
=======11416,10063;11732,10428;15902,10282,12648,11178;0
=======10418,9714;10467,9794;12838,9744,11268,13166;1
+++++++10004,8098;11057,11342
=======10082,8897;11057,9218;8576,8978,11244,9366;0
=======10666,8098;10682,8697;9826,8578,14738,11712;0
=======10004,8285;10175,11342;12254,9844,6336,9702;1
++++++10718,9984;11509,20000
+++++++11014,9984;11509,20000
=======11291,11159;11509,12208;15020,11744,11838,9292;0
=======11137,9984;11481,20000;11494,12502,11658,14578;0
=======11014,11167;11365,12027;8490,11752,12226,14042;1
+++++++10718,12694;11034,20000
=======10725,12694;10808,20000;11852,13036,11154,14376;0
=======10718,14504;11034,20000;14506,16168,12574,11734;1
+++++8836,8710;9988,20000
++++++9123,8710;9381,20000
+++++++9123,8710;9285,20000
=======9123,8710;9166,20000;9598,10370,10154,12432;0
=======9219,13988;9285,20000;10080,15304,13028,14930;1
+++++++9217,10506;9381,20000
=======9276,10506;9312,12459;9976,12246,12462,11886;0
=======9217,14051;9381,20000;9786,15800,12640,16586;1
++++++8836,9350;9988,20000
+++++++8836,9350;9944,12516
=======8836,9350;9944,11342;12254,9844,6336,9702;0
=======9639,12221;9672,12516;12414,12360,14506,9562;1
+++++++9072,10506;9974,20000
=======9707,12938;9974,20000;11852,13036,11154,14376;0
=======9312,10506;9870,20000;9976,12246,12462,11886;0
=======9072,14236;9138,20000;9786,15800,12640,16586;1
+++++++9438,10133;9988,12516
=======9438,10133;9572,11182;10780,10582,9772,11814;0
=======9672,12221;9988,12516;12414,12360,14506,9562;0
=======9570,10246;9801,11740;11506,10808,13050,7598;1
+++++9783,8940;11338,20000
++++++10119,8940;10433,12835
+++++++10119,8940;10433,9374
=======10225,8940;10433,9374;10474,9064,13366,12436;0
=======10119,8940;10200,9374;10474,9064,13366,12436;1
+++++++10132,10822;10399,12835
=======10132,12751;10399,12835;12702,12830,13950,11164;0
=======10339,10822;10364,12103;10752,11960,16456,12420;1
++++++9995,10027;11338,20000
+++++++9995,10027;10572,20000
=======10272,10133;10353,20000;10780,10582,9772,11814;0
=======9995,10027;10006,20000;9598,10370,10154,12432;0
=======10364,10822;10572,20000;10752,11960,16456,12420;1
+++++++10222,11271;11338,20000
=======10966,14170;11338,20000;10080,15304,13028,14930;0
=======10222,11442;11257,20000;8976,12302,11932,12646;0
=======11127,11271;11129,20000;10752,11960,16456,12420;1
++++++9783,8961;10181,20000
+++++++9870,9296;10108,20000
=======9870,9296;9951,20000;9976,12246,12462,11886;0
=======10105,12854;10108,20000;11852,13036,11154,14376;1
+++++++9783,8961;10181,12835
=======9783,12751;9816,12835;12702,12830,13950,11164;0
=======10047,8961;10181,9282;11998,9106,10822,10936;1
++++6891,0;13523,20000
+++++11509,0;13082,20000
++++++11653,11384;13082,20000
+++++++11895,11819;12516,20000
=======11895,11819;12104,20000;12702,12830,13950,11164;0
=======12016,16549;12516,20000;15056,16930,13544,12796;1
+++++++11653,11384;13082,20000
=======12145,11384;12886,12160;10752,11960,16456,12420;0
=======11653,12540;13082,20000;14658,14272,14038,11140;0
=======11960,11467;11976,20000;12414,12360,14506,9562;1
++++++11509,0;12675,20000
+++++++11509,8334;12675,12208
=======12468,8334;12675,9078;13848,9050,13778,11310;0
=======11509,11159;11834,12208;15020,11744,11838,9292;1
+++++++11793,0;12149,20000
=======11842,13649;12149,14595;13210,14468,14300,13246;0
=======11989,7760;12111,8360;16224,7904,16084,8146;0
=======11793,0;12126,20000;11998,9106,10822,10936;1
+++++6891,0;13523,20000
++++++6891,0;9014,20000
+++++++6891,0;7144,20000
=======6953,0;6956,6388;7354,4964,6576,9010;0
=======6891,10804;7144,20000;8364,11782,5580,10654;1
+++++++7598,10469;8505,20000
=======7598,10469;7628,20000;7562,12082,9398,6976;0
=======7801,12253;7920,12487;8976,12302,11932,12646;0
=======7671,15053;8505,20000;10080,15304,13028,14930;1
+++++++7920,12042;9014,12596
=======8365,12042;8536,12487;8976,12302,11932,12646;0
=======7920,12253;7953,12487;8976,12302,11932,12646;0
=======8159,12067;9014,12596;10394,12352,7334,12822;1
++++++11723,0;13523,20000
+++++++12455,0;13523,20000
=======13402,12464;13523,20000;14208,15184,11948,14870;0
=======12455,0;13430,20000;13322,7518,10972,9686;1
+++++++11723,0;12538,10015
=======11723,0;11885,6794;11940,6548,14974,8252;0
=======11976,0;12538,10015;13538,9456,10756,8526;1
+++++++11809,8334;12468,9794
=======12131,8334;12468,9078;13848,9050,13778,11310;0
=======11809,9601;12170,9794;12838,9744,11268,13166;1
+++5740,0;20000,20000
++++8122,8245;10990,20000
+++++10006,10027;10949,20000
++++++10189,10027;10725,20000
+++++++10189,10027;10550,12103
=======10189,10027;10550,10476;9598,10370,10154,12432;0
=======10258,10822;10289,12103;10752,11960,16456,12420;1
+++++++10250,12694;10725,20000
=======10480,13697;10622,20000;12596,14722,11594,13184;0
=======10250,12694;10725,20000;11852,13036,11154,14376;1
++++++10006,10027;10949,20000
+++++++10006,10027;10237,20000
=======10006,10027;10189,20000;9598,10370,10154,12432;0
=======10236,12494;10237,20000;10080,15304,13028,14930;1
+++++++10533,12751;10819,20000
=======10533,12751;10675,20000;12702,12830,13950,11164;0
=======10640,14151;10819,20000;9786,15800,12640,16586;1
+++++++10077,10198;10949,20000
=======10585,10198;10901,10563;14240,10552,9436,12424;0
=======10077,10246;10949,20000;11506,10808,13050,7598;1
+++++8122,8245;10990,20000
++++++8122,8245;9074,12596
+++++++8165,8245;8345,9250
=======8165,8393;8203,9250;8576,8978,11244,9366;0
=======8192,8245;8345,8672;9826,8578,14738,11712;1
+++++++8122,10637;9074,12596
=======9044,12067;9074,12596;10394,12352,7334,12822;0
=======8122,10637;8244,11767;8490,11752,12226,14042;1
++++++9084,8341;10990,20000
+++++++9084,8341;10990,9823
=======10988,8341;10990,9823;10474,9064,13366,12436;0
=======9084,9021;9114,9293;10474,9064,13366,12436;0
=======10356,9014;10741,9078;13848,9050,13778,11310;1
+++++++9635,11167;10794,20000
=======10477,13697;10480,20000;12596,14722,11594,13184;0
=======9635,11167;9979,12027;8490,11752,12226,14042;0
=======10291,13556;10794,14537;14658,14272,14038,11140;1
++++5740,0;20000,20000
+++++6082,0;7160,11806
++++++6934,0;7160,11806
+++++++6934,0;6989,5699
=======6934,0;6964,5699;6234,4982,10006,6806;0
=======6964,0;6989,5699;6234,4982,10006,6806;1
+++++++6956,8350;7160,11806
=======7130,9961;7160,11276;6626,10470,10010,12254;0
=======6956,8350;7054,9045;6546,8638,11488,7152;0
=======6988,10282;7107,11806;7350,11408,11446,14066;1
++++++6082,0;6803,7754
+++++++6208,0;6803,7438
=======6208,0;6749,6605;5864,6214,5200,11600;0
=======6265,0;6803,7438;5972,6814,5974,7194;1
+++++++6082,6196;6469,7754
=======6254,7047;6284,7455;4874,7098,11302,10800;0
=======6082,6196;6469,7754;7694,7446,6470,6232;1
+++++5740,0;20000,20000
++++++6671,0;20000,10522
+++++++6671,0;20000,5741
=======6671,0;20000,5741;5246,4756,5440,5624;0
=======7165,4883;20000,5699;6234,4982,10006,6806;1
+++++++9440,8124;20000,10522
=======9768,8124;20000,9603;7998,9522,9916,8008;0
=======9440,10157;20000,10522;6626,10470,10010,12254;1
++++++5740,0;20000,20000
+++++++5804,0;20000,6645
=======6058,0;20000,4687;4482,4428,5258,7082;0
=======5804,5087;20000,6645;5050,5228,7220,5356;1
+++++++5837,8397;20000,20000
=======5851,8397;20000,20000;5144,8732,5954,5310;0
=======5837,11155;6305,13503;7192,12204,11264,12002;1
+++++++5740,0;20000,20000
=======5740,0;6396,20000;6234,4982,10006,6806;0
=======6112,0;20000,20000;7754,7912,2120,7868;1
++++5896,0;20000,20000
+++++6125,0;6686,9814
++++++6125,7627;6524,9814
+++++++6125,7889;6524,9814
=======6240,9487;6524,9814;7998,9522,9916,8008;0
=======6125,7889;6292,8014;4950,7966,6906,9390;0
=======6292,7889;6322,8014;4950,7966,6906,9390;1
+++++++6150,7627;6440,7810
=======6150,7627;6156,7810;7830,7808,9348,9218;0
=======6156,7627;6440,7810;7830,7808,9348,9218;1
++++++6148,0;6686,7937
+++++++6148,0;6686,7754
=======6469,6101;6470,7754;7694,7446,6470,6232;0
=======6148,0;6686,7437;5738,6812,6210,7176;1
+++++++6273,7047;6485,7937
=======6273,7404;6359,7937;7300,7812,6026,8866;0
=======6298,7047;6485,7107;4874,7098,11302,10800;0
=======6292,7254;6437,7419;8392,7392,12860,8896;1
+++++5896,0;20000,20000
++++++6144,0;20000,20000
+++++++10028,0;15461,20000
=======10028,0;10236,20000;10080,15304,13028,14930;0
=======14720,0;15461,11013;15902,10282,12648,11178;0
=======12923,8284;13585,9253;13848,9050,13778,11310;1
+++++++6144,0;20000,20000
=======6144,7157;20000,7322;4192,7198,10330,7232;0
=======9048,0;20000,20000;11538,10574,8364,4984;1
++++++5896,0;20000,20000
+++++++6174,11432;7644,20000
=======6174,11432;6334,20000;6930,14802,8668,9316;0
=======7443,12143;7644,20000;7192,12204,11264,12002;1
+++++++5896,0;20000,20000
=======5896,6810;6390,20000;6546,8638,11488,7152;0
=======5901,0;20000,20000;6558,8062,5556,4904;1
+++++++5916,0;20000,20000
=======5916,10939;6988,11806;7350,11408,11446,14066;0
=======6052,0;20000,20000;7634,8856,4366,6252;1
++++++6096,5836;20000,20000
+++++++6141,8609;6305,20000
=======6141,8609;6301,20000;6864,9156,10684,7528;0
=======6255,8757;6305,20000;7366,9452,9292,6398;1
+++++++6096,5836;20000,20000
=======6283,5836;6670,20000;8096,6726,5392,5592;0
=======6096,14949;20000,20000;5262,15096,9300,11436;0
=======6096,6031;6483,20000;7722,7116,5110,6244;1
+++5492,0;6299,20000
++++5558,0;6299,20000
+++++5667,4869;6004,20000
++++++5895,6810;6004,20000
+++++++5895,6810;5943,20000
=======5895,6810;5896,20000;6546,8638,11488,7152;0
=======5913,7006;5943,7630;4192,7198,10330,7232;1
+++++++5943,7006;6004,9631
=======5957,8944;6004,9631;6864,9156,10684,7528;0
=======5943,7006;5957,7322;4192,7198,10330,7232;1
++++++5667,4869;5990,20000
+++++++5739,4869;5895,20000
=======5739,4869;5740,20000;6234,4982,10006,6806;0
=======5845,6810;5895,20000;6546,8638,11488,7152;0
=======5798,6810;5845,8685;6546,8638,11488,7152;1
+++++++5667,8944;5957,9631
=======5667,8944;5673,9631;6864,9156,10684,7528;0
=======5673,8944;5957,9631;6864,9156,10684,7528;1
+++++++5706,9092;5990,20000
=======5706,12454;5990,20000;6930,14802,8668,9316;0
=======5723,9092;5918,20000;7366,9452,9292,6398;1
+++++5558,0;6299,20000
++++++5558,0;6299,20000
+++++++6022,9266;6299,20000
=======6022,10148;6275,20000;6626,10470,10010,12254;0
=======6275,9266;6299,20000;6626,10470,10010,12254;1
+++++++5558,0;6265,20000
=======5558,5880;5608,20000;5972,6814,5974,7194;0
=======5609,0;6265,20000;5972,6814,5974,7194;1
++++++5584,0;6238,20000
+++++++5608,4964;5739,20000
=======5608,5785;5609,20000;5972,6814,5974,7194;0
=======5689,4964;5739,20000;6234,4982,10006,6806;0
=======5642,4964;5689,6857;6234,4982,10006,6806;1
+++++++5877,7006;6234,9814
=======6039,9487;6234,9814;7998,9522,9916,8008;0
=======5877,7006;5913,7630;4192,7198,10330,7232;0
=======6004,8609;6055,9631;6864,9156,10684,7528;1
+++++++5584,0;6238,20000
=======5821,10767;6016,20000;7562,12082,9398,6976;0
=======5584,0;6238,20000;5924,9826,5080,10324;0
=======5593,12601;6096,20000;5262,15096,9300,11436;1
++++++5891,7047;6298,9814
+++++++5891,7047;6272,7937
=======5891,7404;6272,7937;7300,7812,6026,8866;0
=======6087,7047;6254,7455;4874,7098,11302,10800;1
+++++++6234,7047;6298,9814
=======6284,7047;6298,7272;4874,7098,11302,10800;0
=======6234,9487;6240,9814;7998,9522,9916,8008;1
++++5492,0;6299,20000
+++++5751,0;6208,20000
++++++5751,0;6208,8349
+++++++5887,0;6208,8020
=======5894,0;6208,8020;5864,6214,5200,11600;0
=======5887,6486;6082,7754;7694,7446,6470,6232;0
=======5912,4955;5918,5888;7354,4964,6576,9010;1
+++++++5751,7481;6125,8349
=======5754,7481;6125,8014;4950,7966,6906,9390;0
=======5751,7481;5754,8349;4950,7966,6906,9390;1
++++++5918,8609;6208,20000
+++++++5990,8609;6174,20000
=======6055,8609;6141,9631;6864,9156,10684,7528;0
=======5990,12454;6174,20000;6930,14802,8668,9316;1
+++++++5918,9092;6208,20000
=======5944,10288;6022,20000;6626,10470,10010,12254;0
=======5918,9092;6208,20000;7366,9452,9292,6398;1
+++++5492,0;6299,20000
++++++5690,7047;6273,7937
+++++++5690,7404;6273,7937
=======6272,7404;6273,7937;7300,7812,6026,8866;0
=======5690,7404;5885,7937;7300,7812,6026,8866;1
+++++++5869,7047;6144,7937
=======5885,7404;5891,7937;7300,7812,6026,8866;0
=======5869,7047;6087,7532;4874,7098,11302,10800;0
=======5957,7157;6144,7322;4192,7198,10330,7232;1
+++++++5713,7047;5869,7532
=======5713,7047;5716,7532;4874,7098,11302,10800;0
=======5716,7047;5869,7532;4874,7098,11302,10800;1
++++++5492,0;6299,20000
+++++++5514,6504;5901,20000
=======5514,6933;5798,8685;6546,8638,11488,7152;0
=======5514,6504;5901,20000;6558,8062,5556,4904;0
=======5528,8944;5667,9631;6864,9156,10684,7528;1
+++++++5918,4955;6299,20000
=======5918,4955;6299,5888;7354,4964,6576,9010;0
=======6208,9092;6255,20000;7366,9452,9292,6398;1
+++++++5492,0;6148,20000
=======5554,0;5894,20000;5864,6214,5200,11600;0
=======5492,0;6148,20000;5738,6812,6210,7176;0
=======5508,6933;5514,8685;6546,8638,11488,7152;1
++0,0;20000,20000
+++0,0;10631,20000
++++0,5763;6112,20000
+++++0,6163;5723,20000
++++++0,9411;5723,20000
+++++++0,11914;5706,20000
=======4872,11914;5156,20000;5262,15096,9300,11436;0
=======0,12454;5706,20000;6930,14802,8668,9316;1
+++++++0,9411;5723,20000
=======0,10288;5554,12783;6626,10470,10010,12254;0
=======0,9411;5723,20000;7366,9452,9292,6398;0
=======5203,10021;5253,20000;5262,15096,9300,11436;1
++++++0,6163;5511,20000
+++++++4749,6163;5306,20000
=======5146,6163;5306,7532;4874,7098,11302,10800;0
=======4749,7816;4944,20000;5418,10106,5308,7388;0
=======4944,7526;4950,20000;5418,10106,5308,7388;1
+++++++0,6261;5511,20000
=======0,7082;5313,8685;6546,8638,11488,7152;0
=======0,6261;5511,20000;6552,6996,2562,7534;1
++++++0,6794;5514,20000
+++++++0,7526;5331,20000
=======4950,7526;5331,20000;5418,10106,5308,7388;0
=======0,7676;5197,20000;5924,9826,5080,10324;1
+++++++0,6794;5514,20000
=======0,8944;5472,9263;6864,9156,10684,7528;0
=======0,6794;5514,20000;6558,8062,5556,4904;1
+++++0,5763;6112,20000
++++++4866,5879;5146,20000
+++++++5009,5879;5146,7772
=======5104,5879;5110,7772;5738,6812,6210,7176;0
=======5009,6163;5146,7532;4874,7098,11302,10800;1
+++++++4866,6163;5009,20000
=======4962,6163;5009,7532;4874,7098,11302,10800;0
=======4866,11914;4872,20000;5262,15096,9300,11436;1
++++++0,5879;6112,20000
+++++++0,10767;5916,20000
=======0,10939;5916,11806;7350,11408,11446,14066;0
=======0,10767;5821,20000;7562,12082,9398,6976;0
=======0,11155;5837,13503;7192,12204,11264,12002;1
+++++++0,5879;6112,20000
=======5110,5879;5441,7772;5738,6812,6210,7176;0
=======0,6719;6112,20000;7754,7912,2120,7868;1
+++++++0,5879;6052,20000
=======0,7191;6052,20000;7634,8856,4366,6252;0
=======5441,5879;5491,20000;5738,6812,6210,7176;1
++++++0,5763;6096,20000
+++++++0,5763;5167,20000
=======4672,5763;4678,20000;4874,7098,11302,10800;0
=======0,5870;5167,20000;5864,6214,5200,11600;1
+++++++0,5876;6096,20000
=======3340,5876;3678,20000;4080,9370,5228,5958;0
=======0,6321;6096,20000;7722,7116,5110,6244;1
+++++0,6147;4866,20000
++++++0,6147;4749,20000
+++++++0,6362;4671,20000
=======0,12233;4671,20000;5262,15096,9300,11436;0
=======4621,6362;4668,20000;4192,7198,10330,7232;1
+++++++0,6147;4749,20000
=======0,6147;3340,20000;4080,9370,5228,5958;0
=======0,9738;4749,20000;5418,10106,5308,7388;0
=======4533,6312;4672,20000;4874,7098,11302,10800;1
+++++++4331,6362;4621,20000
=======4331,6362;4337,20000;4192,7198,10330,7232;0
=======4337,6362;4621,20000;4192,7198,10330,7232;1
++++++0,6197;4866,20000
+++++++4671,6197;4866,20000
=======4671,11914;4866,20000;5262,15096,9300,11436;0
=======4710,6197;4716,20000;4950,7966,6906,9390;1
+++++++0,6746;4807,20000
=======4515,6746;4710,20000;4950,7966,6906,9390;0
=======0,7129;4807,20000;5144,8732,5954,5310;1
++++0,0;10631,20000
+++++3678,0;5194,20000
++++++3734,0;4912,20000
+++++++3734,0;4163,8284
=======3734,0;4136,8284;4192,7198,10330,7232;0
=======3825,3805;4163,5377;5050,5228,7220,5356;1
+++++++4260,0;4912,20000
=======4678,0;4912,20000;4874,7098,11302,10800;0
=======4476,0;4863,20000;4482,4428,5258,7082;0
=======4260,0;4857,5236;5244,4946,4942,4708;1
+++++++3879,0;4476,4977
=======3923,3569;4261,4851;5246,4756,5440,5624;0
=======3879,0;4476,4977;4482,4428,5258,7082;1
++++++3678,0;5047,20000
+++++++3678,0;4331,20000
=======3678,0;4275,20000;4080,9370,5228,5958;0
=======4136,0;4331,20000;4192,7198,10330,7232;1
+++++++4716,0;5047,20000
=======4912,0;4962,7532;4874,7098,11302,10800;0
=======4716,0;5047,20000;4950,7966,6906,9390;1
++++++4760,0;5194,20000
+++++++4807,0;5194,20000
=======4819,4399;5157,20000;7038,6416,8836,3168;0
=======4807,0;5194,20000;5144,8732,5954,5310;1
+++++++4760,0;5097,20000
=======5047,0;5097,8349;4950,7966,6906,9390;0
=======4760,0;5097,20000;5050,5228,7220,5356;1
+++++0,0;10631,20000
++++++0,0;4819,20000
+++++++0,0;4260,5236
=======0,0;2938,2653;3276,2382,2948,2934;0
=======3922,3664;4260,5236;5244,4946,4942,4708;0
=======0,3676;3541,4977;4482,4428,5258,7082;1
+++++++0,4076;4819,20000
=======0,4076;3825,5377;5050,5228,7220,5356;0
=======0,4670;4819,20000;7038,6416,8836,3168;0
=======0,5061;3396,8284;4192,7198,10330,7232;1
++++++0,6126;10631,20000
+++++++0,15632;10631,20000
=======0,15793;10631,20000;14332,16402,17066,14928;0
=======0,15632;9884,20000;14506,16168,12574,11734;1
+++++++0,8749;9060,12587
=======0,12427;9060,12587;11494,12502,11658,14578;0
=======0,8749;6922,8811;9764,8766,9402,10262;1
+++++++0,6126;8004,20000
=======0,6126;6283,20000;8096,6726,5392,5592;0
=======0,9318;8004,20000;11538,10574,8364,4984;1
++++++0,10238;7524,20000
+++++++0,10238;7040,20000
=======0,10238;7040,10420;9598,10370,10154,12432;0
=======0,10367;6559,20000;8648,12672,7968,5152;0
=======0,12253;6729,12487;8976,12302,11932,12646;1
+++++++0,10786;7524,20000
=======0,15448;7524,20000;9786,15800,12640,16586;0
=======0,10786;6751,20000;8358,12840,6328,5788;0
=======0,12067;7438,12596;10394,12352,7334,12822;1
+++0,0;20000,20000
++++7920,7472;14827,20000
+++++10622,7472;13881,20000
++++++10622,7472;13881,20000
+++++++13188,7472;13881,20000
=======13865,7472;13881,9239;16224,7904,16084,8146;0
=======13188,9600;13539,20000;12838,9744,11268,13166;1
+++++++10622,12233;13418,20000
=======10622,13537;11097,20000;12596,14722,11594,13184;0
=======13067,12233;13418,20000;12596,14722,11594,13184;1
++++++10675,10174;13247,20000
+++++++12587,10174;13247,20000
=======12914,10198;13247,20000;14240,10552,9436,12424;0
=======13012,10174;13120,20000;12702,12830,13950,11164;0
=======12587,11440;12695,20000;11852,13036,11154,14376;1
+++++++10675,10691;12032,20000
=======11522,10691;11668,20000;11506,10808,13050,7598;0
=======10675,11819;11895,20000;12702,12830,13950,11164;0
=======11688,12648;12032,20000;12596,14722,11594,13184;1
+++++++10808,12084;11542,20000
=======10908,12084;11542,12145;15892,12086,15188,12008;0
=======10808,12694;11123,20000;11852,13036,11154,14376;1
+++++7920,11538;14827,20000
++++++8167,11538;14827,14631
+++++++8167,12938;14827,14631
=======8167,12938;9239,13919;11852,13036,11154,14376;0
=======14276,14504;14827,14631;17058,14540,15410,14596;1
+++++++10255,11538;12045,12769
=======11673,11538;12045,12769;11494,12502,11658,14578;0
=======10255,11584;10531,12516;12414,12360,14506,9562;1
++++++7920,12143;14694,20000
+++++++11508,13472;13771,20000
=======11508,13472;11511,20000;14658,14272,14038,11140;0
=======13464,15793;13771,20000;14332,16402,17066,14928;1
+++++++7920,12143;13464,20000
=======7920,12143;9347,12438;7192,12204,11264,12002;0
=======10631,15793;13464,20000;14332,16402,17066,14928;0
=======8358,14320;8489,20000;9786,15800,12640,16586;1
+++++++14297,16285;14694,20000
=======14495,16285;14694,20000;14332,16402,17066,14928;0
=======14297,16549;14648,20000;15056,16930,13544,12796;1
++++0,0;20000,20000
+++++5245,0;9048,20000
++++++6238,0;9048,20000
+++++++6238,0;6779,20000
=======6238,8411;6779,20000;5924,9826,5080,10324;0
=======6546,0;6663,5889;7354,4964,6576,9010;1
+++++++7829,0;9048,20000
=======7829,10469;7960,20000;7562,12082,9398,6976;0
=======8391,9318;9048,20000;11538,10574,8364,4984;0
=======7876,0;8047,20000;7998,9522,9916,8008;1
++++++5245,0;6671,20000
+++++++5245,0;6671,20000
=======6299,9266;6592,20000;6626,10470,10010,12254;0
=======5245,0;6671,20000;5246,4756,5440,5624;0
=======5254,0;5340,20000;5262,15096,9300,11436;1
+++++++5331,0;6526,20000
=======6397,4770;6494,4865;7744,4784,8070,6536;0
=======5331,0;6526,20000;5418,10106,5308,7388;1
+++++0,0;20000,20000
++++++9011,0;11124,20000
+++++++9011,0;9876,20000
=======9795,0;9876,20000;9826,8578,14738,11712;0
=======9011,0;9287,9509;9926,6346,8950,6898;1
+++++++9868,0;11124,9024
=======9868,0;10740,8650;11088,7616,12718,6804;0
=======10941,0;11124,9024;11468,7466,11456,12068;1
++++++5511,0;20000,20000
+++++++9452,6800;20000,9568
=======9452,9154;20000,9568;7366,9452,9292,6398;0
=======11439,6800;11854,6962;16014,6874,11776,10958;1
+++++++5511,0;20000,20000
=======7920,0;20000,5755;7744,4784,8070,6536;0
=======5511,0;20000,20000;6552,6996,2562,7534;1
++++++0,0;20000,20000
+++++++0,0;20000,20000
=======12146,15492;20000,15984;9786,15800,12640,16586;0
=======0,0;20000,20000;2600,2924,2396,1670;1
+++++++0,0;20000,20000
=======5157,0;20000,20000;7038,6416,8836,3168;0
=======0,0;20000,20000;4470,5526,1856,3366;1
+++++++0,7448;20000,20000
=======0,15547;11789,20000;13498,15790,15506,15234;0
=======4275,7448;20000,20000;4080,9370,5228,5958;0
=======0,16549;10993,20000;15056,16930,13544,12796;1
+++++5156,5580;5944,20000
++++++5156,5580;5558,20000
+++++++5399,5784;5492,20000
=======5491,5784;5492,20000;5738,6812,6210,7176;0
=======5399,6955;5423,7532;4874,7098,11302,10800;1
+++++++5156,5580;5554,20000
=======5156,11914;5203,20000;5262,15096,9300,11436;0
=======5167,5580;5554,20000;5864,6214,5200,11600;1
+++++++5221,5880;5558,7773
=======5227,5880;5558,7773;5972,6814,5974,7194;0
=======5221,5880;5227,7773;5972,6814,5974,7194;1
++++++5375,6956;5944,12783
+++++++5375,6956;5877,7630
=======5375,7006;5877,7630;4192,7198,10330,7232;0
=======5423,6956;5713,7532;4874,7098,11302,10800;1
+++++++5461,7390;5944,12783
=======5461,7390;5751,8349;4950,7966,6906,9390;0
=======5554,10288;5944,12783;6626,10470,10010,12254;1
++++++5194,6839;5851,20000
+++++++5197,7386;5584,20000
=======5253,9926;5254,20000;5262,15096,9300,11436;0
=======5197,7386;5584,20000;5924,9826,5080,10324;1
+++++++5194,6839;5851,20000
=======5340,12601;5593,20000;5262,15096,9300,11436;0
=======5194,6839;5851,20000;5144,8732,5954,5310;1
+6299,0;20000,20000
++7480,0;10781,12487
+++8389,0;10781,12487
++++8389,7267;9666,12487
+++++8420,9157;9611,12459
++++++8420,10077;9550,12459
+++++++8420,12014;9036,12459
=======8865,12014;9036,12459;9976,12246,12462,11886;0
=======8835,12014;8865,12459;9976,12246,12462,11886;0
=======8420,12164;8453,12459;9976,12246,12462,11886;1
+++++++8509,10077;9044,12027
=======8509,10077;8703,11126;6626,10470,10010,12254;0
=======8733,10365;9044,12027;8490,11752,12226,14042;1
+++++++8977,10612;9550,12459
=======9170,10612;9276,12459;9976,12246,12462,11886;0
=======8977,10883;9550,12377;7562,12082,9398,6976;1
++++++8462,9157;9611,11740
+++++++9185,10246;9570,11740
=======9534,10246;9570,11740;11506,10808,13050,7598;0
=======9185,10246;9534,11445;11506,10808,13050,7598;1
+++++++8462,9157;9611,11445
=======8462,10246;9185,11445;11506,10808,13050,7598;0
=======8503,9157;9611,11149;11588,9458,6728,9006;0
=======9237,10133;9267,11182;10780,10582,9772,11814;1
+++++8389,7267;9666,9785
++++++8389,8043;9478,9785
+++++++8459,9454;9478,9785
=======8459,9714;8660,9785;12838,9744,11268,13166;0
=======9010,9454;9478,9489;13538,9456,10756,8526;1
+++++++8389,8043;8790,8672
=======8389,8043;8774,8470;9914,8174,12784,15170;0
=======8760,8245;8790,8672;9826,8578,14738,11712;1
+++++++8551,9006;9274,9430
=======8628,9006;9201,9304;6864,9156,10684,7528;0
=======8551,9282;9274,9430;11684,9408,14696,10062;1
++++++9122,7267;9666,9430
+++++++9122,7267;9666,8312
=======9122,7267;9666,8312;7830,7808,9348,9218;0
=======9598,7367;9612,7765;11502,7618,7974,8700;1
+++++++9431,7532;9598,9279
=======9568,7532;9598,7765;11502,7618,7974,8700;0
=======9431,8981;9464,9279;11998,9106,10822,10936;1
+++++++9274,8014;9525,9430
=======9274,9193;9525,9430;11684,9408,14696,10062;0
=======9484,8014;9495,9331;8576,8978,11244,9366;1
++++++8823,7531;9452,9568
+++++++8823,7531;9361,8470
=======8823,7531;9361,8236;11088,7616,12718,6804;0
=======9005,7612;9202,8470;9914,8174,12784,15170;1
+++++++8879,9021;9452,9568
=======9114,9021;9236,9293;10474,9064,13366,12436;0
=======8879,9154;9452,9568;7366,9452,9292,6398;1
+++++8475,7746;9253,12487
++++++8981,8710;9253,12103
+++++++8981,8710;9253,12103
=======9223,11871;9253,12103;10752,11960,16456,12420;0
=======8981,8710;9123,11521;9598,10370,10154,12432;1
+++++++9020,9014;9207,11182
=======9020,9014;9165,9078;13848,9050,13778,11310;0
=======9171,10133;9207,11182;10780,10582,9772,11814;1
++++++8475,7746;9244,12487
+++++++8797,7746;8981,11076
=======8797,7746;8930,10719;9764,8766,9402,10262;0
=======8847,8710;8981,11076;9598,10370,10154,12432;1
+++++++8670,10077;9064,12487
=======8670,10640;8776,12487;8976,12302,11932,12646;0
=======8703,10077;9064,10526;6626,10470,10010,12254;1
+++++++8475,8205;9244,11262
=======8676,9946;8798,11076;9598,10370,10154,12432;0
=======8475,8205;9244,11262;10392,9684,7878,6064;1
++++8902,0;10781,12103
+++++8902,0;10508,9489
++++++8902,7260;10508,9078
+++++++8902,7482;10356,9078
=======9165,9014;10356,9078;13848,9050,13778,11310;0
=======8902,7482;10093,7568;13322,7518,10972,9686;1
+++++++10093,7260;10508,8495
=======10347,7260;10501,8495;9914,8174,12784,15170;0
=======10093,7482;10508,7568;13322,7518,10972,9686;1
++++++9531,0;10457,9489
+++++++10120,7462;10457,9489
=======10201,9454;10452,9489;13538,9456,10756,8526;0
=======10120,7462;10457,8697;9826,8578,14738,11712;1
+++++++9531,0;10403,9250
=======9531,0;10403,9250;10414,8816,8124,8042;0
=======10164,7260;10347,8495;9914,8174,12784,15170;1
+++++9255,0;10339,12103
++++++10039,7260;10339,12103
+++++++10153,7260;10339,12103
=======10153,7260;10164,8929;9914,8174,12784,15170;0
=======10289,10822;10339,12103;10752,11960,16456,12420;1
+++++++10039,8897;10082,9331
=======10039,8897;10057,9331;8576,8978,11244,9366;0
=======10057,8897;10082,9331;8576,8978,11244,9366;1
++++++9255,0;10306,11740
+++++++9255,0;10111,9250
=======9255,0;9531,9250;10414,8816,8124,8042;0
=======9740,6869;10111,7504;8392,7392,12860,8896;1
+++++++9801,7260;10153,11740
=======9945,7260;10153,10210;9914,8174,12784,15170;0
=======9801,10246;10077,11740;11506,10808,13050,7598;1
+++++++10078,0;10306,11342
=======10175,0;10306,11342;12254,9844,6336,9702;0
=======10078,7556;10089,9225;9764,8766,9402,10262;1
++++++9361,7258;10258,12103
+++++++9361,7258;9829,10563
=======9361,10329;9829,10563;14240,10552,9436,12424;0
=======9649,7258;9782,8116;11468,7466,11456,12068;0
=======9682,8981;9780,9282;11998,9106,10822,10936;1
+++++++9558,9193;10258,12103
=======9558,10822;10258,12103;10752,11960,16456,12420;0
=======9890,9193;10130,9433;11684,9408,14696,10062;0
=======9851,9714;10236,9794;12838,9744,11268,13166;1
+++++10082,0;10781,10563
++++++10568,0;10781,10472
+++++++10627,0;10781,9823
=======10627,0;10781,9823;10474,9064,13366,12436;0
=======10646,9136;10768,9489;13538,9456,10756,8526;1
+++++++10568,7895;10704,10472
=======10691,7895;10704,8495;9914,8174,12784,15170;0
=======10568,10027;10593,10472;9598,10370,10154,12432;1
++++++10082,6844;10585,10563
+++++++10082,9156;10585,10563
=======10082,10198;10585,10563;14240,10552,9436,12424;0
=======10266,9714;10296,9794;12838,9744,11268,13166;0
=======10452,9156;10550,9489;13538,9456,10756,8526;1
+++++++10103,6844;10266,9794
=======10103,6844;10248,6935;16014,6874,11776,10958;0
=======10236,9714;10266,9794;12838,9744,11268,13166;1
++++++10457,7284;10709,10476
+++++++10457,7284;10709,8697
=======10522,7284;10709,7568;13322,7518,10972,9686;0
=======10704,7895;10708,8495;9914,8174,12784,15170;0
=======10457,8097;10664,8697;9826,8578,14738,11712;1
+++++++10550,8192;10651,10476
=======10550,10027;10568,10476;9598,10370,10154,12432;0
=======10633,8192;10651,8791;9764,8766,9402,10262;1
+++7480,0;9851,12487
++++7488,0;8592,11445
+++++7488,0;8375,10116
++++++7488,0;7792,7860
+++++++7488,0;7733,6910
=======7494,0;7524,6910;7354,4964,6576,9010;0
=======7719,0;7733,5950;7744,4784,8070,6536;0
=======7488,5646;7585,6381;9926,6346,8950,6898;1
+++++++7565,0;7792,7860
=======7787,0;7792,7860;7830,7808,9348,9218;0
=======7565,7627;7732,7860;7830,7808,9348,9218;1
++++++7585,0;8375,10116
+++++++7585,5565;7975,7637
=======7585,5565;7586,6381;9926,6346,8950,6898;0
=======7830,7456;7975,7637;11468,7466,11456,12068;1
+++++++7720,0;8375,10116
=======8230,8118;8236,8470;9914,8174,12784,15170;0
=======7720,8917;7753,9215;8576,8978,11244,9366;0
=======8244,0;8375,10116;8392,7392,12860,8896;1
+++++7586,5565;8592,11445
++++++7631,6728;8537,11445
+++++++7631,10344;8462,11445
=======7994,10457;8462,11445;11506,10808,13050,7598;0
=======7631,10344;8099,11182;10780,10582,9772,11814;1
+++++++7762,6728;8537,8286
=======7762,7462;7776,7860;7830,7808,9348,9218;0
=======8150,6728;8537,7551;11830,7040,11954,5004;0
=======8244,6888;8366,8286;8734,7050,9994,9076;1
++++++7586,5565;8592,10324
+++++++7586,5565;8592,6637
=======7586,5565;8482,6381;9926,6346,8950,6898;0
=======8495,6482;8592,6637;11940,6548,14974,8252;1
+++++++8073,7059;8239,10324
=======8094,7267;8239,10324;7830,7808,9348,9218;0
=======8073,7059;8195,8457;8392,7392,12860,8896;1
+++++++7776,6296;8211,7860
=======7776,6296;7787,7860;7830,7808,9348,9218;0
=======8205,6482;8211,6637;11940,6548,14974,8252;1
++++8007,0;9851,12459
+++++8007,6482;9440,11182
++++++8007,6888;8879,11182
+++++++8228,6888;8415,9861
=======8228,6888;8244,7481;8734,7050,9994,9076;0
=======8366,6888;8415,9861;8734,7050,9994,9076;1
+++++++8007,8245;8879,11062
=======8345,8245;8730,8672;9826,8578,14738,11712;0
=======8007,9154;8879,11062;7366,9452,9292,6398;1
+++++++8352,8287;8855,11182
=======8759,8287;8797,10719;9764,8766,9402,10262;0
=======8352,10133;8855,11182;10780,10582,9772,11814;1
++++++9082,6482;9440,10522
+++++++9087,6482;9402,8650
=======9087,6482;9402,6637;11940,6548,14974,8252;0
=======9361,7531;9391,8650;11088,7616,12718,6804;1
+++++++9082,7771;9440,10522
=======9082,10077;9440,10522;6626,10470,10010,12254;0
=======9084,7771;9255,9250;10414,8816,8124,8042;1
++++++8323,8124;9381,11097
+++++++8699,8339;9054,10719
=======8699,8339;8729,10719;9764,8766,9402,10262;0
=======8920,9021;9054,9293;10474,9064,13366,12436;1
+++++++8323,8124;9381,11097
=======8660,9714;9381,9785;12838,9744,11268,13166;0
=======8323,8124;9195,11097;7998,9522,9916,8008;1
+++++9195,0;9851,11627
++++++9324,0;9851,9794
+++++++9563,6698;9851,9794
=======9732,9714;9851,9794;12838,9744,11268,13166;0
=======9563,6698;9574,8367;8734,7050,9994,9076;0
=======9612,7172;9628,7765;11502,7618,7974,8700;1
+++++++9324,0;9756,8650
=======9405,7171;9592,8650;11088,7616,12718,6804;0
=======9324,0;9756,8470;9914,8174,12784,15170;0
=======9384,7456;9551,7637;11468,7466,11456,12068;1
+++++++9489,6447;9842,7637
=======9489,6447;9842,6637;11940,6548,14974,8252;0
=======9595,7258;9611,7637;11468,7466,11456,12068;1
++++++9195,0;9839,11627
+++++++9244,0;9403,11262
=======9244,0;9375,11262;10392,9684,7878,6064;0
=======9392,6869;9403,8538;8392,7392,12860,8896;1
+++++++9572,0;9839,11627
=======9756,0;9839,8470;9914,8174,12784,15170;0
=======9572,10133;9714,11627;10780,10582,9772,11814;1
+++++++9195,0;9795,11182
=======9267,10133;9438,11182;10780,10582,9772,11814;0
=======9280,0;9795,8672;9826,8578,14738,11712;0
=======9195,8124;9768,9603;7998,9522,9916,8008;1
+++++8105,0;9206,12459
++++++8105,10469;9065,12459
+++++++8105,10469;9065,12377
=======8474,10889;9065,11595;7350,11408,11446,14066;0
=======8808,11871;8972,12021;10752,11960,16456,12420;0
=======8105,10469;8977,12377;7562,12082,9398,6976;1
+++++++8453,12014;8835,12459
=======8805,12014;8835,12459;9976,12246,12462,11886;0
=======8769,12014;8805,12459;9976,12246,12462,11886;0
=======8453,12164;8769,12459;9976,12246,12462,11886;1
++++++8211,0;9206,10825
+++++++8211,6482;8495,7083
=======8211,6482;8495,6637;11940,6548,14974,8252;0
=======8214,6888;8228,7083;8734,7050,9994,9076;1
+++++++8612,0;9011,10825
=======8612,0;8655,10825;8576,8978,11244,9366;0
=======8835,0;9011,6536;9926,6346,8950,6898;1
+++++++8415,0;9206,10719
=======8930,0;9206,10719;9764,8766,9402,10262;0
=======8415,0;8691,9861;8734,7050,9994,9076;1
++++7480,7852;8689,12487
+++++7617,10469;8689,12487
++++++7960,10469;8122,12461
+++++++8062,10637;8122,11767
=======8092,10637;8122,11767;8490,11752,12226,14042;0
=======8062,10637;8092,11767;8490,11752,12226,14042;1
+++++++7960,10469;8105,12461
=======8026,10637;8062,11767;8490,11752,12226,14042;0
=======7960,10469;8105,12461;7562,12082,9398,6976;1
++++++7617,10637;8689,12487
+++++++7617,11871;8689,12487
=======7617,11871;8689,12021;10752,11960,16456,12420;0
=======7950,12164;8420,12459;9976,12246,12462,11886;0
=======8269,12042;8305,12487;8976,12302,11932,12646;1
+++++++7677,10637;7950,12459
=======7697,12164;7950,12459;9976,12246,12462,11886;0
=======7677,10637;7841,11767;8490,11752,12226,14042;1
+++++7558,7852;8336,11767
++++++7779,7852;8336,10909
+++++++8186,7852;8336,10909
=======8287,7852;8336,10909;8576,8978,11244,9366;0
=======8236,8043;8270,8470;9914,8174,12784,15170;0
=======8186,8320;8192,8672;9826,8578,14738,11712;1
+++++++7779,8439;8083,9430
=======7779,8439;7916,8836;10414,8816,8124,8042;0
=======7882,9282;8083,9430;11684,9408,14696,10062;1
++++++7558,7852;8293,11767
+++++++7558,10465;7857,11767
=======7558,10637;7677,11767;8490,11752,12226,14042;0
=======7674,10465;7723,11745;7350,11408,11446,14066;0
=======7723,10465;7857,11745;7350,11408,11446,14066;1
+++++++7971,7852;8293,11767
=======7971,8917;8069,9250;8576,8978,11244,9366;0
=======8203,7852;8287,9250;8576,8978,11244,9366;0
=======8244,9239;8293,11767;8490,11752,12226,14042;1
+++++7480,8445;8676,11745
++++++7508,9946;8676,11182
+++++++8580,9946;8676,11076
=======8646,9946;8676,11076;9598,10370,10154,12432;0
=======8580,9946;8616,11076;9598,10370,10154,12432;0
=======8616,9946;8646,11076;9598,10370,10154,12432;1
+++++++7508,10098;8352,11182
=======8099,10204;8352,11182;10780,10582,9772,11814;0
=======7508,10098;7761,10420;9598,10370,10154,12432;1
++++++7480,8445;8628,11745
+++++++7480,8445;8628,9304
=======7480,9006;8628,9304;6864,9156,10684,7528;0
=======8105,8445;8135,9250;8576,8978,11244,9366;1
+++++++7492,10430;8474,11745
=======7492,10430;7522,11745;7350,11408,11446,14066;0
=======7857,10465;8474,11595;7350,11408,11446,14066;1
++6299,0;20000,20000
+++6299,0;20000,20000
++++6529,0;7801,20000
+++++7054,7786;7768,11745
++++++7236,9006;7768,11745
+++++++7361,9996;7674,11745
=======7522,10430;7674,11745;7350,11408,11446,14066;0
=======7361,9996;7495,11276;6626,10470,10010,12254;0
=======7456,10430;7492,11745;7350,11408,11446,14066;1
+++++++7236,9006;7768,11262
=======7236,9208;7768,11262;10392,9684,7878,6064;0
=======7279,9006;7480,9304;6864,9156,10684,7528;1
++++++7054,7786;7321,9304
+++++++7054,7786;7213,9304
=======7054,8350;7090,9045;6546,8638,11488,7152;0
=======7115,7786;7213,9304;6864,9156,10684,7528;1
+++++++7120,7786;7321,9304
=======7213,7786;7249,9304;6864,9156,10684,7528;0
=======7120,8350;7321,8747;6546,8638,11488,7152;1
++++++7094,8749;7478,11276
+++++++7123,8749;7478,9110
=======7123,8749;7454,8811;9764,8766,9402,10262;0
=======7333,9021;7478,9110;10474,9064,13366,12436;0
=======7247,8774;7448,8836;10414,8816,8124,8042;1
+++++++7094,9961;7361,11276
=======7094,9961;7130,11276;6626,10470,10010,12254;0
=======7312,9996;7361,11276;6626,10470,10010,12254;1
+++++6529,7627;7720,20000
++++++6529,7627;7720,12459
+++++++6529,7627;7720,10420
=======6529,8917;7720,9067;8576,8978,11244,9366;0
=======7040,10238;7508,10420;9598,10370,10154,12432;0
=======6624,7627;7565,7810;7830,7808,9348,9218;1
+++++++6708,9487;7697,12459
=======7229,12164;7697,12459;9976,12246,12462,11886;0
=======6708,9487;7682,10802;7998,9522,9916,8008;1
++++++6751,10367;7603,20000
+++++++7312,11829;7513,20000
=======7377,12143;7413,20000;7192,12204,11264,12002;0
=======7312,11829;7513,20000;6930,14802,8668,9316;1
+++++++6751,10451;7458,20000
=======7279,10828;7377,20000;7192,12204,11264,12002;0
=======6751,10451;7458,20000;8358,12840,6328,5788;1
+++++++6946,10367;7603,20000
=======7300,10767;7464,20000;7562,12082,9398,6976;0
=======6946,10367;7603,20000;8648,12672,7968,5152;1
+++++6729,0;7801,20000
++++++6929,0;7598,20000
+++++++7358,0;7598,20000
=======7358,10430;7456,20000;7350,11408,11446,14066;0
=======7464,0;7598,20000;7562,12082,9398,6976;1
+++++++7327,0;7511,20000
=======7467,0;7511,8334;7300,7812,6026,8866;0
=======7327,0;7494,20000;7354,4964,6576,9010;1
+++++++6929,0;7500,20000
=======6929,0;7467,20000;7300,7812,6026,8866;0
=======7202,0;7500,20000;7366,9452,9292,6398;1
++++++6729,5787;7801,20000
+++++++6729,8774;7801,20000
=======7413,12143;7443,20000;7192,12204,11264,12002;0
=======6729,12253;7801,12487;8976,12302,11932,12646;0
=======7448,8774;7779,8836;10414,8816,8124,8042;1
+++++++7182,5787;7643,7419
=======7198,5787;7488,6381;9926,6346,8950,6898;0
=======7353,7023;7643,7083;8734,7050,9994,9076;0
=======7182,7254;7472,7419;8392,7392,12860,8896;1
++++6299,0;20000,20000
+++++6299,4770;8186,8811
++++++6299,4770;7628,7419
+++++++6299,4770;7165,5950
=======6299,4860;6300,5888;7354,4964,6576,9010;0
=======6989,4883;7165,5699;6234,4982,10006,6806;0
=======6494,4770;6495,5950;7744,4784,8070,6536;1
+++++++6407,7023;7628,7419
=======6407,7023;6608,7083;8734,7050,9994,9076;0
=======7472,7254;7628,7419;8392,7392,12860,8896;1
++++++6922,7254;8186,8811
+++++++7454,7254;8057,8811
=======8043,7254;8057,7652;8392,7392,12860,8896;0
=======7454,8414;7591,8811;9764,8766,9402,10262;1
+++++++7065,7254;7698,7862
=======7527,7464;7698,7862;7300,7812,6026,8866;0
=======7065,7254;7182,7419;8392,7392,12860,8896;1
+++++++6922,8320;8186,8811
=======6922,8749;7123,8811;9764,8766,9402,10262;0
=======7154,8320;8186,8608;9826,8578,14738,11712;1
+++++6495,0;20000,8014
++++++7975,6698;11989,7933
+++++++9574,6698;10993,7933
=======9574,6698;10118,7933;8734,7050,9994,9076;0
=======10876,6844;10993,6935;16014,6874,11776,10958;1
+++++++7975,7456;11989,7908
=======7975,7456;9166,7637;11468,7466,11456,12068;0
=======11929,7760;11989,7908;16224,7904,16084,8146;1
++++++6495,0;20000,8014
+++++++6495,0;20000,5950
=======6495,0;7719,5950;7744,4784,8070,6536;0
=======7725,0;20000,5845;7354,4964,6576,9010;1
+++++++6523,6770;20000,8014
=======6523,7939;20000,8014;4950,7966,6906,9390;0
=======6804,7074;9206,7107;4874,7098,11302,10800;0
=======7034,6770;20000,6965;5972,6814,5974,7194;1
+++++6483,0;20000,20000
++++++6917,6769;20000,20000
+++++++7144,9783;8227,20000
=======7458,9783;8227,20000;8358,12840,6328,5788;0
=======7438,12067;7906,12596;10394,12352,7334,12822;0
=======7144,10319;7999,20000;8364,11782,5580,10654;1
+++++++6917,6769;20000,8747
=======6917,6769;20000,6964;5738,6812,6210,7176;0
=======7321,8350;20000,8747;6546,8638,11488,7152;1
+++++++7478,9021;20000,20000
=======11668,10691;20000,20000;11506,10808,13050,7598;0
=======7478,9021;8550,9110;10474,9064,13366,12436;1
++++++6483,0;20000,20000
+++++++6526,9341;20000,20000
=======6779,9341;20000,20000;5924,9826,5080,10324;0
=======6526,9481;20000,20000;5418,10106,5308,7388;1
+++++++6483,0;20000,20000
=======6809,0;20000,6605;5864,6214,5200,11600;0
=======6483,0;20000,20000;7722,7116,5110,6244;0
=======6486,11111;7558,11767;8490,11752,12226,14042;1
+++8026,0;20000,20000
++++13418,12510;20000,20000
+++++14781,13745;20000,20000
++++++15278,13745;20000,20000
+++++++15278,13745;20000,15983
=======15646,13745;15707,15983;15400,15404,16874,17282;0
=======15278,15487;20000,15979;13498,15790,15506,15234;1
+++++++15336,14144;16177,20000
=======16172,14144;16177,20000;16452,18006,16758,16762;0
=======15336,15376;15412,16705;16166,16480,16984,15194;0
=======15555,17468;15754,20000;16452,18006,16758,16762;1
++++++14781,14337;20000,20000
+++++++14781,14337;15203,20000
=======14781,14337;15038,20000;15056,16930,13544,12796;0
=======14852,16324;15203,16705;16166,16480,16984,15194;1
+++++++15695,15510;20000,20000
=======16612,15510;20000,20000;16166,16480,16984,15194;0
=======15695,16285;20000,16666;14332,16402,17066,14928;1
+++++++15173,15046;16172,20000
=======15754,15046;16172,20000;16452,18006,16758,16762;0
=======15173,16285;15695,16666;14332,16402,17066,14928;1
+++++13418,12510;20000,20000
++++++13725,12510;14614,20000
+++++++13725,12510;13935,20000
=======13725,12510;13858,20000;13210,14468,14300,13246;0
=======13771,15793;13935,20000;14332,16402,17066,14928;1
+++++++13998,12868;14614,20000
=======13998,15294;14305,15597;15400,15404,16874,17282;0
=======14224,12868;14614,20000;14208,15184,11948,14870;1
++++++13418,12637;20000,20000
+++++++14614,13464;20000,20000
=======16114,14324;16417,17284;15776,16562,16818,17198;0
=======14614,13464;20000,20000;14208,15184,11948,14870;0
=======14637,16365;14657,16746;15776,16562,16818,17198;1
+++++++13418,12637;20000,20000
=======16029,13381;16034,20000;16166,16480,16984,15194;0
=======13418,12637;20000,20000;12596,14722,11594,13184;1
++++8026,0;20000,20000
+++++9684,7216;20000,20000
++++++9684,7216;20000,12023
+++++++9684,7216;20000,8312
=======10965,7216;20000,7504;8392,7392,12860,8896;0
=======9684,7713;20000,8312;7830,7808,9348,9218;0
=======10353,7760;11544,7908;16224,7904,16084,8146;1
+++++++10219,7896;20000,12023
=======13322,11852;20000,12023;10752,11960,16456,12420;0
=======11726,7896;20000,8495;9914,8174,12784,15170;0
=======10219,11159;11291,11913;15020,11744,11838,9292;1
+++++++10130,8192;20000,9433
=======11206,8362;11750,9282;11998,9106,10822,10936;0
=======10651,8192;20000,8791;9764,8766,9402,10262;0
=======10130,9112;11049,9433;11684,9408,14696,10062;1
++++++12149,11143;14381,20000
+++++++13120,11143;14381,20000
=======13123,16324;14381,16705;16166,16480,16984,15194;0
=======13120,11143;13861,20000;12702,12830,13950,11164;1
+++++++12149,11538;13354,20000
=======12516,11538;12867,12769;11494,12502,11658,14578;0
=======13047,15129;13354,20000;13498,15790,15506,15234;0
=======12149,13649;12339,14595;13210,14468,14300,13246;1
+++++8026,0;20000,20000
++++++8026,7086;20000,10143
+++++++11218,8933;12131,9794
=======11218,9714;11301,9794;12838,9744,11268,13166;0
=======11806,8933;12131,9078;13848,9050,13778,11310;0
=======11732,9136;11965,9570;13538,9456,10756,8526;1
+++++++8026,7086;20000,10143
=======11057,8897;20000,9217;8576,8978,11244,9366;0
=======8026,7086;20000,10143;7694,7446,6470,6232;1
++++++8227,0;20000,20000
+++++++8227,0;20000,20000
=======11852,16549;12016,20000;15056,16930,13544,12796;0
=======8227,0;20000,20000;8358,12840,6328,5788;1
+++++++8230,0;20000,20000
=======9206,7074;20000,7107;4874,7098,11302,10800;0
=======8230,0;20000,20000;8364,11782,5580,10654;0
=======9375,0;20000,20000;10392,9684,7878,6064;1
++++++9550,0;20000,20000
+++++++10118,6698;20000,7334
=======10993,6800;11283,6935;16014,6874,11776,10958;0
=======10118,6698;20000,7334;8734,7050,9994,9076;1
+++++++9550,0;20000,20000
=======9550,11328;20000,12377;7562,12082,9398,6976;0
=======9973,0;20000,20000;11588,9458,6728,9006;1
+++6300,0;7358,20000
++++6300,0;6962,20000
+++++6305,7627;6708,20000
++++++6322,7627;6708,9814
+++++++6322,7889;6523,8014
=======6322,7889;6352,8014;4950,7966,6906,9390;0
=======6352,7939;6523,8014;4950,7966,6906,9390;1
+++++++6384,7627;6708,9814
=======6524,9487;6708,9814;7998,9522,9916,8008;0
=======6440,7627;6624,7810;7830,7808,9348,9218;0
=======6384,8917;6529,9067;8576,8978,11244,9366;1
++++++6305,8757;6558,20000
+++++++6305,8757;6353,20000
=======6305,8757;6306,20000;7366,9452,9292,6398;0
=======6306,10767;6353,20000;7562,12082,9398,6976;1
+++++++6305,10767;6558,20000
=======6305,11015;6558,13503;7192,12204,11264,12002;0
=======6403,10767;6404,20000;7562,12082,9398,6976;1
+++++6300,0;6962,20000
++++++6300,0;6917,6964
+++++++6730,0;6917,6964
=======6730,0;6917,6964;5738,6812,6210,7176;0
=======6749,0;6809,6605;5864,6214,5200,11600;1
+++++++6300,0;6636,6522
=======6300,0;6386,5888;7354,4964,6576,9010;0
=======6386,0;6546,5888;7354,4964,6576,9010;0
=======6396,0;6636,6522;6234,4982,10006,6806;1
++++++6301,7047;6962,20000
+++++++6359,7047;6926,7937
=======6485,7047;6804,7107;4874,7098,11302,10800;0
=======6636,7404;6926,7937;7300,7812,6026,8866;0
=======6359,7404;6636,7937;7300,7812,6026,8866;1
+++++++6334,10767;6451,20000
=======6353,10767;6403,20000;7562,12082,9398,6976;0
=======6334,11432;6451,20000;6930,14802,8668,9316;1
+++++++6301,8350;6962,20000
=======6552,8350;6956,20000;6546,8638,11488,7152;0
=======6306,8757;6962,20000;7366,9452,9292,6398;0
=======6301,8609;6418,20000;6864,9156,10684,7528;1
+++++6390,0;6953,20000
++++++6559,0;6953,20000
+++++++6663,0;6953,7438
=======6803,0;6847,7438;5972,6814,5974,7194;0
=======6663,0;6953,5980;7354,4964,6576,9010;0
=======6686,0;6730,7437;5738,6812,6210,7176;1
+++++++6559,0;6946,20000
=======6559,10367;6946,20000;8648,12672,7968,5152;0
=======6592,0;6778,20000;6626,10470,10010,12254;1
+++++++6778,0;6929,12636
=======6926,0;6929,7937;7300,7812,6026,8866;0
=======6778,0;6832,12636;6626,10470,10010,12254;1
++++++6390,0;6951,20000
+++++++6423,0;6951,20000
=======6711,0;6951,20000;6864,9156,10684,7528;0
=======6423,10944;6891,20000;8364,11782,5580,10654;0
=======6451,11432;6744,20000;6930,14802,8668,9316;1
+++++++6390,0;6711,20000
=======6390,0;6552,20000;6546,8638,11488,7152;0
=======6418,8609;6711,20000;6864,9156,10684,7528;1
++++6404,0;7358,20000
+++++6951,0;7358,20000
++++++7115,0;7358,20000
+++++++7282,8186;7358,20000
=======7352,8186;7358,20000;7350,11408,11446,14066;0
=======7282,11829;7312,20000;6930,14802,8668,9316;1
+++++++7115,0;7312,20000
=======7115,0;7246,20000;7192,12204,11264,12002;0
=======7160,9961;7312,11276;6626,10470,10010,12254;1
++++++6951,7023;7300,20000
+++++++6951,7786;7115,20000
=======7028,9310;7061,13503;7192,12204,11264,12002;0
=======6951,7786;7115,20000;6864,9156,10684,7528;0
=======7061,9310;7115,20000;7192,12204,11264,12002;1
+++++++7060,10008;7300,20000
=======7246,10008;7273,20000;7192,12204,11264,12002;0
=======7060,10767;7300,20000;7562,12082,9398,6976;1
+++++++7076,7023;7279,9304
=======7076,7023;7236,7083;8734,7050,9994,9076;0
=======7249,9006;7279,9304;6864,9156,10684,7528;1
++++++7142,7023;7353,20000
+++++++7142,10008;7282,20000
=======7273,10008;7279,20000;7192,12204,11264,12002;0
=======7142,11307;7282,20000;6930,14802,8668,9316;1
+++++++7236,7023;7353,20000
=======7236,7023;7353,7083;8734,7050,9994,9076;0
=======7271,9610;7325,20000;7350,11408,11446,14066;1
+++++6404,0;7327,20000
++++++6437,0;7327,7419
+++++++6437,0;7065,7419
=======6437,7254;7065,7419;8392,7392,12860,8896;0
=======6636,0;6934,5699;6234,4982,10006,6806;1
+++++++6847,0;7327,6965
=======6956,0;7327,6388;7354,4964,6576,9010;0
=======6847,0;7034,6965;5972,6814,5974,7194;1
++++++6404,0;7126,20000
+++++++6832,8443;6996,12636
=======6990,9141;6996,12636;6626,10470,10010,12254;0
=======6832,8443;6963,12636;6626,10470,10010,12254;1
+++++++6470,0;7126,13503
=======6470,0;7126,7754;7694,7446,6470,6232;0
=======6558,10680;7028,13503;7192,12204,11264,12002;1
+++++++6404,0;7115,20000
=======6404,10767;7060,20000;7562,12082,9398,6976;0
=======6744,0;7115,20000;6930,14802,8668,9316;1
+++++6962,7934;7271,20000
++++++7009,8118;7271,11806
+++++++7053,8118;7271,11806
=======7053,8118;7198,8406;9914,8174,12784,15170;0
=======7194,9610;7271,11806;7350,11408,11446,14066;1
+++++++7009,8320;7194,11806
=======7009,8320;7154,8608;9826,8578,14738,11712;0
=======7107,9610;7194,11806;7350,11408,11446,14066;0
=======7090,8350;7120,8747;6546,8638,11488,7152;1
++++++6962,7934;7202,20000
+++++++6963,9141;7094,12636
=======6963,9141;6990,12636;6626,10470,10010,12254;0
=======6996,9961;7094,12636;6626,10470,10010,12254;1
+++++++6962,7934;7202,20000
=======7115,11307;7142,20000;6930,14802,8668,9316;0
=======6962,7934;7202,20000;7366,9452,9292,6398;1
+7500,0;20000,20000
++7603,0;20000,20000
+++11919,0;20000,20000
++++13858,11915;20000,20000
+++++14270,13008;15336,20000
++++++14804,13574;15210,16746
+++++++15008,13574;15210,16746
=======15008,16365;15141,16746;15776,16562,16818,17198;0
=======15029,13574;15210,16167;15400,15404,16874,17282;1
+++++++14804,14838;15029,16167
=======14804,14838;14820,15786;15400,15404,16874,17282;0
=======14820,14838;14953,15786;15400,15404,16874,17282;0
=======14953,14838;15029,16167;15400,15404,16874,17282;1
++++++14270,13008;15336,20000
+++++++14688,16285;15173,16705
=======14694,16285;15173,16666;14332,16402,17066,14928;0
=======14688,16324;14852,16705;16166,16480,16984,15194;1
+++++++14270,13008;15336,20000
=======14270,13477;14286,20000;14332,16402,17066,14928;0
=======14839,13008;15336,20000;14658,14272,14038,11140;1
+++++++14657,13956;15260,20000
=======14657,16365;15008,16746;15776,16562,16818,17198;0
=======14763,13956;15260,20000;14506,16168,12574,11734;1
+++++13858,11915;20000,20000
++++++13858,11915;15275,16746
+++++++14002,15487;14637,16746
=======14078,15487;14277,15979;13498,15790,15506,15234;0
=======14186,16365;14637,16746;15776,16562,16818,17198;0
=======14002,15487;14078,15979;13498,15790,15506,15234;1
+++++++13858,11915;14715,15318
=======13858,12510;13934,15318;13210,14468,14300,13246;0
=======14297,11915;14715,13179;15892,12086,15188,12008;1
+++++++14263,11915;15275,14631
=======14715,11915;15275,13179;15892,12086,15188,12008;0
=======14263,14504;14276,14631;17058,14540,15410,14596;1
++++++13861,11915;20000,20000
+++++++13935,15793;14975,20000
=======13935,15793;14270,20000;14332,16402,17066,14928;0
=======14524,17468;14975,20000;16452,18006,16758,16762;1
+++++++15275,11915;16480,20000
=======15275,11915;15456,20000;15892,12086,15188,12008;0
=======16475,12411;16480,20000;17058,14540,15410,14596;0
=======16233,12955;16338,20000;16452,18006,16758,16762;1
+++++++13861,12287;20000,20000
=======14133,14370;20000,15318;13210,14468,14300,13246;0
=======13861,12287;20000,20000;12702,12830,13950,11164;1
+++++15260,13008;20000,20000
++++++15260,13956;20000,20000
+++++++15611,14283;16114,20000
=======15895,14324;16114,20000;15776,16562,16818,17198;0
=======15611,14283;16029,20000;16166,16480,16984,15194;1
+++++++15260,13956;20000,20000
=======16755,16273;20000,20000;16452,18006,16758,16762;0
=======15260,13956;20000,20000;14506,16168,12574,11734;0
=======16417,15551;20000,17284;15776,16562,16818,17198;1
+++++++15298,14406;20000,15983
=======15298,14406;15649,15354;17058,14540,15410,14596;0
=======16229,14972;20000,15983;15400,15404,16874,17282;1
++++++15336,13008;20000,20000
+++++++15336,13008;20000,20000
=======15858,13313;16057,15735;17058,14540,15410,14596;0
=======15336,13008;20000,20000;14658,14272,14038,11140;0
=======16057,13313;16475,20000;17058,14540,15410,14596;1
+++++++15535,13606;20000,20000
=======15707,13745;16229,15983;15400,15404,16874,17282;0
=======15535,13606;20000,20000;15056,16930,13544,12796;1
++++11919,0;20000,20000
+++++13046,0;20000,20000
++++++13758,0;14931,20000
+++++++14434,0;14931,10397
=======14875,0;14931,9666;13848,9050,13778,11310;0
=======14434,0;14875,10397;13848,9050,13778,11310;1
+++++++13758,0;14763,20000
=======14022,0;14763,20000;14506,16168,12574,11734;0
=======13758,0;14668,7196;16014,6874,11776,10958;1
++++++13046,0;20000,20000
+++++++13881,0;15588,20000
=======15038,0;15479,20000;15056,16930,13544,12796;0
=======13881,7472;14027,20000;16224,7904,16084,8146;0
=======15228,0;15588,20000;15400,15404,16874,17282;1
+++++++13046,9600;20000,20000
=======13046,11794;20000,20000;11852,13036,11154,14376;0
=======13539,9600;20000,10148;12838,9744,11268,13166;1
+++++++13430,0;20000,20000
=======13430,0;20000,8487;13322,7518,10972,9686;0
=======14027,0;20000,20000;16224,7904,16084,8146;1
+++++11919,0;20000,20000
++++++11919,0;20000,20000
+++++++11919,10107;20000,12769
=======11919,10107;20000,10461;9598,10370,10154,12432;0
=======12045,11538;12516,12769;11494,12502,11658,14578;1
+++++++12503,0;20000,20000
=======12503,0;20000,7492;11468,7466,11456,12068;0
=======14279,0;20000,20000;15020,11744,11838,9292;1
++++++11925,0;20000,20000
+++++++11925,8224;12053,20000
=======11925,11071;12053,20000;11852,13036,11154,14376;0
=======11969,8224;12049,9626;11684,9408,14696,10062;1
+++++++11998,0;20000,20000
=======16536,0;20000,20000;17058,14540,15410,14596;0
=======11998,12023;20000,20000;8976,12302,11932,12646;0
=======12006,8341;20000,9085;10474,9064,13366,12436;1
+++++++11950,9136;12133,10428
=======11950,10063;12133,10428;15902,10282,12648,11178;0
=======11965,9136;11976,10015;13538,9456,10756,8526;1
++++++12293,0;20000,20000
+++++++12293,11538;20000,15736
=======12293,15244;20000,15736;10080,15304,13028,14930;0
=======12867,11538;20000,12769;11494,12502,11658,14578;1
+++++++12768,0;20000,20000
=======12768,0;20000,9281;11998,9106,10822,10936;0
=======13247,0;20000,20000;14240,10552,9436,12424;1
+++++++12498,0;20000,20000
=======12498,11995;20000,20000;9976,12246,12462,11886;0
=======12538,0;20000,20000;13538,9456,10756,8526;1
+++++14776,0;20000,20000
++++++15210,0;15897,20000
+++++++15210,0;15416,16746
=======15210,0;15228,16167;15400,15404,16874,17282;0
=======15398,0;15416,16746;15776,16562,16818,17198;1
+++++++15416,0;15897,20000
=======15456,0;15897,20000;15892,12086,15188,12008;0
=======15416,0;15834,20000;15776,16562,16818,17198;1
++++++14776,0;20000,20000
+++++++15588,0;16755,20000
=======16338,0;16755,20000;16452,18006,16758,16762;0
=======15588,0;15646,15983;15400,15404,16874,17282;1
+++++++14776,0;20000,20000
=======14931,7962;20000,9666;13848,9050,13778,11310;0
=======14776,0;20000,20000;16014,6874,11776,10958;0
=======15461,0;15958,20000;15902,10282,12648,11178;1
++++13699,8578;20000,20000
+++++14975,14153;15858,20000
++++++14995,14283;15858,20000
+++++++15346,14406;15858,20000
=======15782,14406;15858,15735;17058,14540,15410,14596;0
=======15346,17468;15555,20000;16452,18006,16758,16762;1
+++++++14995,14283;15611,20000
=======14995,17468;15346,20000;16452,18006,16758,16762;0
=======15412,14283;15611,16705;16166,16480,16984,15194;1
++++++14975,14153;15398,20000
+++++++14975,15417;15217,20000
=======14975,17468;14995,20000;16452,18006,16758,16762;0
=======15141,15417;15217,16746;15776,16562,16818,17198;1
+++++++15203,14153;15398,16746
=======15217,14153;15398,16746;15776,16562,16818,17198;0
=======15203,16324;15336,16705;16166,16480,16984,15194;1
+++++13699,8578;20000,20000
++++++14277,11184;15953,20000
+++++++15134,14406;15782,15354
=======15649,14406;15782,15354;17058,14540,15410,14596;0
=======15134,14406;15298,15354;17058,14540,15410,14596;1
+++++++14827,11184;15953,20000
=======15897,11184;15953,20000;15892,12086,15188,12008;0
=======14827,14504;15134,15354;17058,14540,15410,14596;0
=======15479,13606;15535,20000;15056,16930,13544,12796;1
+++++++14277,14324;15895,20000
=======14277,15487;15278,15979;13498,15790,15506,15234;0
=======15834,14324;15895,20000;15776,16562,16818,17198;0
=======14648,16549;14781,20000;15056,16930,13544,12796;1
++++++13699,9869;16090,20000
+++++++13699,10063;14153,12223
=======13699,11915;14153,12223;15892,12086,15188,12008;0
=======13745,10063;14078,11013;15902,10282,12648,11178;1
+++++++14078,9869;16090,20000
=======14078,9869;14720,11013;15902,10282,12648,11178;0
=======16034,11677;16090,20000;16166,16480,16984,15194;1
++++++13717,8578;20000,20000
+++++++15958,8578;20000,20000
=======16480,10707;16536,20000;17058,14540,15410,14596;0
=======15958,8578;20000,20000;15902,10282,12648,11178;1
+++++++16177,12192;16612,20000
=======16195,12192;16612,20000;16166,16480,16984,15194;0
=======16177,12955;16233,20000;16452,18006,16758,16762;1
+++++++13717,11184;20000,20000
=======13717,12052;20000,20000;12414,12360,14506,9562;0
=======15953,11184;20000,20000;15892,12086,15188,12008;1
+++7603,0;20000,20000
++++10726,0;12395,20000
+++++10784,9100;11297,20000
++++++10784,9100;11159,20000
+++++++10784,13556;11110,20000
=======10784,13649;11093,14595;13210,14468,14300,13246;0
=======10794,13556;11110,20000;14658,14272,14038,11140;1
+++++++11110,9100;11159,20000
=======11141,9100;11159,20000;10780,10582,9772,11814;0
=======11110,11271;11127,20000;10752,11960,16456,12420;1
+++++++10920,11271;11137,20000
=======10920,11271;11110,20000;10752,11960,16456,12420;0
=======10944,11542;11137,20000;11494,12502,11658,14578;1
++++++10819,9212;11297,20000
+++++++10949,9212;11297,20000
=======10997,10198;11168,10563;14240,10552,9436,12424;0
=======10949,9212;11297,20000;11506,10808,13050,7598;1
+++++++10819,14418;11191,20000
=======10993,16549;11124,20000;15056,16930,13544,12796;0
=======10819,14418;11191,20000;9786,15800,12640,16586;1
+++++10726,0;12395,20000
++++++10933,0;12395,9078
+++++++10933,0;12395,7542
=======11485,0;12395,7542;11468,7466,11456,12068;0
=======10933,0;11514,6794;11940,6548,14974,8252;0
=======11854,6800;11868,6962;16014,6874,11776,10958;1
+++++++11028,6932;11929,9078
=======11028,6932;11624,7568;13322,7518,10972,9686;0
=======11212,8933;11806,9078;13848,9050,13778,11310;0
=======11544,7760;11929,7908;16224,7904,16084,8146;1
++++++11124,0;12002,20000
+++++++11481,0;11636,20000
=======11481,0;11498,20000;11494,12502,11658,14578;0
=======11611,0;11636,9433;11684,9408,14696,10062;1
+++++++11124,10198;12002,20000
=======11124,16549;11852,20000;15056,16930,13544,12796;0
=======11608,11442;11998,20000;8976,12302,11932,12646;0
=======11302,10198;12002,10563;14240,10552,9436,12424;1
+++++++11593,0;11969,20000
=======11593,13649;11842,14595;13210,14468,14300,13246;0
=======11636,0;11757,20000;11684,9408,14696,10062;0
=======11757,8224;11969,20000;11684,9408,14696,10062;1
++++++10726,7896;11919,10472
+++++++10726,7896;11255,9282
=======10726,7896;11255,8495;9914,8174,12784,15170;0
=======10881,8961;11206,9282;11998,9106,10822,10936;0
=======11031,8341;11236,9261;10474,9064,13366,12436;1
+++++++10926,8341;11919,10472
=======10926,10107;11919,10472;9598,10370,10154,12432;0
=======11386,8513;11593,9433;11684,9408,14696,10062;0
=======11006,8341;11031,9819;10474,9064,13366,12436;1
+++++10739,9136;11757,20000
++++++11123,11247;11720,20000
+++++++11516,11247;11720,20000
=======11695,11247;11720,20000;11852,13036,11154,14376;0
=======11516,11538;11673,20000;11494,12502,11658,14578;1
+++++++11123,11384;11583,20000
=======11123,11809;11316,20000;11852,13036,11154,14376;0
=======11129,11384;11583,20000;10752,11960,16456,12420;1
++++++10739,9136;11757,20000
+++++++10817,9136;11732,10563
=======10817,9136;11732,9570;13538,9456,10756,8526;0
=======11615,9601;11626,9794;12838,9744,11268,13166;0
=======11168,10198;11302,10563;14240,10552,9436,12424;1
+++++++11093,11167;11755,14595
=======11365,11167;11755,12027;8490,11752,12226,14042;0
=======11093,13649;11404,14595;13210,14468,14300,13246;0
=======11542,12084;11727,12166;15892,12086,15188,12008;1
+++++++10739,10905;11757,20000
=======10991,10905;11324,20000;10394,12352,7334,12822;0
=======10739,11414;11757,20000;9976,12246,12462,11886;0
=======11034,14504;11432,20000;14506,16168,12574,11734;1
++++++11180,12652;11688,20000
+++++++11180,13537;11593,20000
=======11404,13649;11593,14595;13210,14468,14300,13246;0
=======11180,13537;11495,20000;12596,14722,11594,13184;1
+++++++11495,12652;11688,20000
=======11511,13472;11653,20000;14658,14272,14038,11140;0
=======11495,12652;11688,20000;12596,14722,11594,13184;1
++++7603,0;20000,20000
+++++10403,0;20000,20000
++++++11732,0;20000,20000
+++++++11732,6800;12055,10428
=======11732,10063;11950,10428;15902,10282,12648,11178;0
=======11868,6800;12055,6962;16014,6874,11776,10958;1
+++++++11755,0;20000,20000
=======11755,11748;20000,12027;8490,11752,12226,14042;0
=======11885,0;20000,20000;11940,6548,14974,8252;1
+++++++11750,0;13279,20000
=======11750,0;11768,9282;11998,9106,10822,10936;0
=======11834,11159;13279,20000;15020,11744,11838,9292;1
++++++10403,0;20000,20000
+++++++11459,7328;20000,9095
=======11682,8098;20000,8697;9826,8578,14738,11712;0
=======11459,7328;20000,9095;11088,7616,12718,6804;1
+++++++10403,0;20000,20000
=======10531,11584;11751,20000;12414,12360,14506,9562;0
=======10403,0;20000,20000;10414,8816,8124,8042;1
+++++++10947,0;20000,20000
=======11684,0;20000,20000;11830,7040,11954,5004;0
=======10947,0;20000,20000;11502,7618,7974,8700;1
+++++10569,0;13402,20000
++++++10569,8341;13402,20000
+++++++10569,13371;13402,20000
=======10569,14953;13402,20000;14208,15184,11948,14870;0
=======11577,13371;13022,20000;14506,16168,12574,11734;0
=======11789,15256;13047,20000;13498,15790,15506,15234;1
+++++++11191,11384;12145,20000
=======11583,11384;12145,12160;10752,11960,16456,12420;0
=======11191,15261;11997,20000;9786,15800,12640,16586;1
+++++++11236,8341;12498,20000
=======11236,8341;12006,9085;10474,9064,13366,12436;0
=======11757,11414;12498,20000;9976,12246,12462,11886;1
++++++10597,0;12144,20000
+++++++11338,9601;12144,20000
=======11338,15013;12144,20000;10080,15304,13028,14930;0
=======11626,9601;11809,9794;12838,9744,11268,13166;0
=======11727,11934;12128,12166;15892,12086,15188,12008;1
+++++++10597,0;11925,20000
=======11768,0;11793,9282;11998,9106,10822,10936;0
=======11720,0;11925,20000;11852,13036,11154,14376;0
=======10597,0;11141,20000;10780,10582,9772,11814;1
+++++7603,0;20000,20000
++++++9234,10578;20000,20000
+++++++9234,11098;20000,20000
=======9234,13821;20000,20000;6930,14802,8668,9316;0
=======11324,11098;20000,20000;10394,12352,7334,12822;0
=======10365,12143;20000,12438;7192,12204,11264,12002;1
+++++++10795,10578;20000,20000
=======10795,10995;20000,11595;7350,11408,11446,14066;0
=======11159,10578;20000,20000;10780,10582,9772,11814;1
++++++7603,0;20000,20000
+++++++7698,0;20000,8015
=======7698,7464;20000,7862;7300,7812,6026,8866;0
=======10732,0;20000,8015;9926,6346,8950,6898;1
+++++++9434,0;20000,20000
=======9434,0;11684,8807;11830,7040,11954,5004;0
=======10306,0;20000,20000;12254,9844,6336,9702;1
+++++++7603,0;20000,20000
=======9201,9006;20000,9304;6864,9156,10684,7528;0
=======7603,0;20000,20000;8648,12672,7968,5152;1
++++10740,0;12412,20000
+++++10913,9714;11695,20000
++++++11257,11442;11695,20000
+++++++11432,11805;11695,20000
=======11432,14420;11435,20000;14506,16168,12574,11734;0
=======11677,11805;11695,20000;11852,13036,11154,14376;0
=======11435,14420;11577,20000;14506,16168,12574,11734;1
+++++++11257,11442;11677,20000
=======11316,11805;11677,20000;11852,13036,11154,14376;0
=======11257,11442;11608,20000;8976,12302,11932,12646;1
++++++10913,9714;11615,20000
+++++++11110,10060;11516,20000
=======11498,10060;11516,20000;11494,12502,11658,14578;0
=======11110,13556;11508,20000;14658,14272,14038,11140;1
+++++++10913,9714;11615,10428
=======10913,10063;11416,10428;15902,10282,12648,11178;0
=======11301,9714;11615,9794;12838,9744,11268,13166;1
+++++10740,0;12412,20000
++++++11297,0;11723,20000
+++++++11514,0;11723,9433
=======11595,0;11611,9433;11684,9408,14696,10062;0
=======11514,0;11723,6794;11940,6548,14974,8252;1
+++++++11297,0;11595,20000
=======11297,0;11522,20000;11506,10808,13050,7598;0
=======11593,0;11595,9433;11684,9408,14696,10062;1
++++++10740,0;12412,20000
+++++++11624,0;12412,20000
=======11751,11584;11960,20000;12414,12360,14506,9562;0
=======11624,0;12412,7568;13322,7518,10972,9686;1
+++++++10740,0;11386,20000
=======10740,0;11313,20000;11088,7616,12718,6804;0
=======11049,8513;11386,9433;11684,9408,14696,10062;1
+++11976,0;14839,20000
++++11976,9700;13720,20000
+++++11976,9700;12327,20000
++++++11976,9700;12146,20000
+++++++11976,10909;12067,20000
=======11976,10909;12001,20000;12414,12360,14506,9562;0
=======12049,12648;12067,20000;12596,14722,11594,13184;0
=======12032,12648;12049,20000;12596,14722,11594,13184;1
+++++++11997,9700;12146,20000
=======12104,11702;12120,20000;12702,12830,13950,11164;0
=======12001,9700;12122,20000;12414,12360,14506,9562;0
=======11997,15492;12146,20000;9786,15800,12640,16586;1
++++++12002,10198;12327,20000
+++++++12120,11337;12266,20000
=======12120,11337;12145,20000;12702,12830,13950,11164;0
=======12145,11337;12266,20000;12702,12830,13950,11164;1
+++++++12002,10198;12327,20000
=======12002,10198;12327,10563;14240,10552,9436,12424;0
=======12144,15244;12293,20000;10080,15304,13028,14930;1
+++++12133,10063;13720,20000
++++++12717,12233;13067,20000
+++++++12717,12233;12959,20000
=======12903,13649;12956,20000;13210,14468,14300,13246;0
=======12717,12233;12959,20000;12596,14722,11594,13184;1
+++++++12959,12233;13067,20000
=======13022,13006;13047,20000;14506,16168,12574,11734;0
=======12959,12233;13067,20000;12596,14722,11594,13184;1
++++++12133,10063;13720,20000
+++++++13279,10601;13410,20000
=======13279,10601;13304,20000;15020,11744,11838,9292;0
=======13354,11654;13410,20000;13498,15790,15506,15234;1
+++++++12133,10063;13720,20000
=======12133,10063;13720,10428;15902,10282,12648,11178;0
=======12976,10908;13717,20000;12414,12360,14506,9562;0
=======12516,16549;13262,20000;15056,16930,13544,12796;1
+++++++12886,10993;13374,20000
=======13266,10993;13374,20000;13210,14468,14300,13246;0
=======12886,11852;13322,12160;10752,11960,16456,12420;1
++++++12934,11915;13699,20000
+++++++13047,12423;13380,20000
=======13082,12423;13098,20000;14658,14272,14038,11140;0
=======13047,13006;13380,20000;14506,16168,12574,11734;0
=======13262,16549;13281,20000;15056,16930,13544,12796;1
+++++++12934,11915;13699,20000
=======12934,11915;13699,12223;15892,12086,15188,12008;0
=======13123,12058;13456,20000;14658,14272,14038,11140;0
=======12956,12106;13024,20000;13210,14468,14300,13246;1
++++12160,0;14839,20000
+++++12970,0;14839,20000
++++++14098,0;14839,20000
+++++++14419,15294;14804,20000
=======14419,16285;14495,20000;14332,16402,17066,14928;0
=======14469,15294;14804,15786;15400,15404,16874,17282;1
+++++++14381,0;14776,16705
=======14668,0;14776,8165;16014,6874,11776,10958;0
=======14381,16324;14688,16705;16166,16480,16984,15194;1
+++++++14098,0;14839,20000
=======14286,0;14419,20000;14332,16402,17066,14928;0
=======14098,0;14839,20000;14658,14272,14038,11140;1
++++++12970,0;13873,20000
+++++++12970,0;13865,9239
=======12970,0;13758,7196;16014,6874,11776,10958;0
=======13656,7472;13865,9239;16224,7904,16084,8146;1
+++++++13523,10063;13873,20000
=======13523,12320;13873,20000;14208,15184,11948,14870;0
=======13720,10063;13745,11013;15902,10282,12648,11178;1
++++++13693,0;14469,20000
+++++++14153,11915;14449,15597
=======14153,11915;14297,12458;15892,12086,15188,12008;0
=======14305,15294;14449,15597;15400,15404,16874,17282;1
+++++++13693,0;14469,20000
=======14449,15294;14469,15786;15400,15404,16874,17282;0
=======13693,0;14434,20000;13848,9050,13778,11310;0
=======13873,0;14224,20000;14208,15184,11948,14870;1
+++++12160,7760;13319,20000
++++++12160,7760;13319,10563
+++++++12160,7760;13319,9078
=======12160,7760;13319,8360;16224,7904,16084,8146;0
=======12675,8284;12923,9078;13848,9050,13778,11310;1
+++++++12170,9601;12871,10563
=======12327,10198;12871,10563;14240,10552,9436,12424;0
=======12170,9601;12188,9794;12838,9744,11268,13166;1
++++++12695,8631;13188,20000
+++++++13080,8631;13188,20000
=======13080,8631;13188,20000;12838,9744,11268,13166;0
=======13098,12058;13123,20000;14658,14272,14038,11140;1
+++++++12695,10198;13046,20000
=======12889,10198;12914,20000;14240,10552,9436,12424;0
=======12695,11440;13046,20000;11852,13036,11154,14376;1
+++++12740,10600;14524,20000
++++++12740,10600;14279,20000
+++++++12740,14504;14263,15597
=======12774,14504;14263,14631;17058,14540,15410,14596;0
=======12740,15294;13998,15597;15400,15404,16874,17282;1
+++++++12928,10600;14279,20000
=======12928,16365;14186,16746;15776,16562,16818,17198;0
=======13304,10600;14279,20000;15020,11744,11838,9292;1
++++++13266,11864;14524,20000
+++++++13266,16549;14524,20000
=======13266,17468;14524,20000;16452,18006,16758,16762;0
=======13281,16549;14297,20000;15056,16930,13544,12796;1
+++++++13374,11864;14098,20000
=======13374,11962;13725,20000;13210,14468,14300,13246;0
=======13456,11864;14098,20000;14658,14272,14038,11140;0
=======13518,12623;13853,20000;13498,15790,15506,15234;1
++++++13380,12812;14133,20000
+++++++13853,15487;14002,20000
=======13853,15487;13869,20000;13498,15790,15506,15234;0
=======13869,15487;14002,20000;13498,15790,15506,15234;1
+++++++13380,12812;14133,20000
=======13934,14370;14133,15318;13210,14468,14300,13246;0
=======13380,12812;14022,20000;14506,16168,12574,11734;1
++++12049,0;13693,20000
+++++12053,11337;12934,20000
++++++12053,11440;12934,20000
+++++++12520,13649;12928,16746
=======12781,16365;12928,16746;15776,16562,16818,17198;0
=======12520,13649;12903,14595;13210,14468,14300,13246;1
+++++++12053,11440;12934,20000
=======12128,11915;12934,12166;15892,12086,15188,12008;0
=======12053,11440;12587,20000;11852,13036,11154,14376;0
=======12092,12283;12425,20000;12596,14722,11594,13184;1
++++++12067,11337;12520,20000
+++++++12067,12283;12358,20000
=======12067,12283;12092,20000;12596,14722,11594,13184;0
=======12339,13649;12358,14595;13210,14468,14300,13246;1
+++++++12266,11337;12520,20000
=======12266,11337;12478,20000;12702,12830,13950,11164;0
=======12358,13649;12520,14595;13210,14468,14300,13246;1
+++++12049,0;13693,20000
++++++12188,0;12717,20000
+++++++12425,0;12717,20000
=======12503,8463;12611,9626;11684,9408,14696,10062;0
=======12425,0;12717,20000;12596,14722,11594,13184;1
+++++++12188,0;12546,9794
=======12418,0;12546,9794;12838,9744,11268,13166;0
=======12188,9601;12213,9794;12838,9744,11268,13166;0
=======12430,0;12455,8488;13322,7518,10972,9686;1
++++++12412,0;13693,20000
+++++++12412,0;13693,9253
=======12412,0;12430,8488;13322,7518,10972,9686;0
=======13585,0;13693,9253;13848,9050,13778,11310;0
=======13319,7760;13656,9239;16224,7904,16084,8146;1
+++++++12546,0;13518,20000
=======13410,0;13518,20000;13498,15790,15506,15234;0
=======12546,0;13080,20000;12838,9744,11268,13166;0
=======13024,0;13266,20000;13210,14468,14300,13246;1
++++++12049,0;12976,20000
+++++++12049,0;12503,9626
=======12049,8224;12503,9626;11684,9408,14696,10062;0
=======12395,0;12503,7492;11468,7466,11456,12068;0
=======12111,7760;12160,8360;16224,7904,16084,8146;1
+++++++12122,0;12976,20000
=======12126,0;12768,9475;11998,9106,10822,10936;0
=======12122,0;12976,20000;12414,12360,14506,9562;1
+++++++12055,6610;12970,7196
=======12374,6610;12970,7196;16014,6874,11776,10958;0
=======12055,6610;12374,6962;16014,6874,11776,10958;1
++7500,0;11028,20000
+++7500,0;9431,20000
++++7500,7267;9060,20000
+++++7500,7464;7992,20000
++++++7500,7464;7731,20000
+++++++7500,7464;7530,20000
=======7511,7464;7527,8334;7300,7812,6026,8866;0
=======7500,9154;7530,20000;7366,9452,9292,6398;1
+++++++7513,9154;7731,20000
=======7513,11829;7644,20000;6930,14802,8668,9316;0
=======7530,9154;7731,20000;7366,9452,9292,6398;1
++++++7753,7532;7992,20000
+++++++7753,7532;7992,9215
=======7791,7532;7992,7765;11502,7618,7974,8700;0
=======7753,8917;7971,9215;8576,8978,11244,9366;1
+++++++7775,9189;7920,20000
=======7775,12143;7920,12522;7192,12204,11264,12002;0
=======7780,9189;7816,20000;7998,9522,9916,8008;1
+++++7768,8710;9060,20000
++++++8264,8710;9060,20000
+++++++8448,12221;9060,12835
=======8592,12751;9060,12835;12702,12830,13950,11164;0
=======8448,12221;8916,12516;12414,12360,14506,9562;1
+++++++8264,8710;8855,20000
=======8798,8710;8847,11076;9598,10370,10154,12432;0
=======8264,9946;8580,11076;9598,10370,10154,12432;0
=======8812,9676;8855,20000;8976,12302,11932,12646;1
++++++7862,9154;8670,12487
+++++++8305,12042;8670,12487
=======8536,12042;8670,12487;8976,12302,11932,12646;0
=======8305,12042;8335,12487;8976,12302,11932,12646;1
+++++++7862,9154;8264,11146
=======7862,9154;8007,11146;7366,9452,9292,6398;0
=======8112,9946;8264,11076;9598,10370,10154,12432;1
++++++7768,8873;8669,11262
+++++++8095,8981;8669,9131
=======8550,9021;8669,9110;10474,9064,13366,12436;0
=======8095,8981;8240,9131;11998,9106,10822,10936;1
+++++++7768,8873;8475,11262
=======7768,8873;8475,11262;10392,9684,7878,6064;0
=======8069,8917;8105,9250;8576,8978,11244,9366;1
+++++7628,7267;8094,20000
++++++7816,7267;8094,20000
+++++++7953,7267;8094,20000
=======7999,9847;8059,20000;8364,11782,5580,10654;0
=======7963,7267;8094,20000;7830,7808,9348,9218;0
=======7953,12253;8084,12487;8976,12302,11932,12646;1
+++++++7816,8717;8035,20000
=======7816,8717;7846,20000;7998,9522,9916,8008;0
=======7834,9157;8035,9782;11588,9458,6728,9006;0
=======7841,10637;8026,11767;8490,11752,12226,14042;1
++++++7628,7627;7862,20000
+++++++7682,7627;7862,20000
=======7682,9189;7780,10802;7998,9522,9916,8008;0
=======7731,9154;7862,20000;7366,9452,9292,6398;0
=======7732,7627;7762,7860;7830,7808,9348,9218;1
+++++++7628,10469;7829,20000
=======7644,13821;7789,20000;6930,14802,8668,9316;0
=======7628,10469;7829,20000;7562,12082,9398,6976;1
++++7733,0;9431,20000
+++++7906,0;9431,20000
++++++7906,8981;9431,12835
+++++++8240,8981;9431,12835
=======8240,8981;9431,9131;11998,9106,10822,10936;0
=======9060,12751;9313,12835;12702,12830,13950,11164;0
=======9060,12427;9179,12587;11494,12502,11658,14578;1
+++++++7906,12067;8269,12596
=======8084,12192;8269,12487;8976,12302,11932,12646;0
=======7906,12067;8159,12596;10394,12352,7334,12822;1
++++++8336,0;9392,20000
+++++++8336,0;9159,10909
=======8336,0;8467,10909;8576,8978,11244,9366;0
=======8520,0;9159,10032;8392,7392,12860,8896;1
+++++++8636,13821;9364,20000
=======9285,13988;9364,20000;10080,15304,13028,14930;0
=======9216,13821;9234,20000;6930,14802,8668,9316;0
=======8636,14072;9219,20000;10080,15304,13028,14930;1
+++++++9159,6869;9392,10032
=======9166,7456;9330,7637;11468,7466,11456,12068;0
=======9159,6869;9392,10032;8392,7392,12860,8896;1
+++++7733,0;9330,20000
++++++7733,0;8612,20000
+++++++7733,0;8178,20000
=======7733,0;7920,20000;7744,4784,8070,6536;0
=======7846,8717;7876,20000;7998,9522,9916,8008;0
=======8047,8124;8178,20000;7998,9522,9916,8008;1
+++++++8375,0;8612,20000
=======8375,0;8520,20000;8392,7392,12860,8896;0
=======8467,0;8612,20000;8576,8978,11244,9366;1
++++++7789,0;9330,20000
+++++++7789,13821;9217,20000
=======7789,13821;9216,20000;6930,14802,8668,9316;0
=======9138,14236;9217,20000;9786,15800,12640,16586;1
+++++++8691,0;9330,20000
=======8855,0;9287,20000;8976,12302,11932,12646;0
=======8691,0;9330,20000;8734,7050,9994,9076;1
++++7524,0;9111,20000
+++++7538,0;9111,10420
++++++7643,5565;8835,8672
+++++++7643,5565;8835,7652
=======8482,5565;8835,6536;9926,6346,8950,6898;0
=======7643,6888;8214,7083;8734,7050,9994,9076;0
=======8057,7059;8073,7652;8392,7392,12860,8896;1
+++++++8270,8043;8804,8672
=======8774,8043;8804,8470;9914,8174,12784,15170;0
=======8730,8245;8760,8672;9826,8578,14738,11712;0
=======8270,8043;8389,8470;9914,8174,12784,15170;1
++++++7538,0;8503,10420
+++++++7538,0;8244,10116
=======8195,7059;8244,10116;8392,7392,12860,8896;0
=======7538,0;7725,6040;7354,4964,6576,9010;1
+++++++7761,9157;8503,10420
=======7761,9946;8112,10420;9598,10370,10154,12432;0
=======8035,9157;8503,9782;11588,9458,6728,9006;1
++++++7584,6482;9111,10240
+++++++8083,7267;9111,10240
=======8239,7267;9111,10240;7830,7808,9348,9218;0
=======8083,9282;8551,9430;11684,9408,14696,10062;0
=======8486,8364;9024,8836;10414,8816,8124,8042;1
+++++++7584,6482;8823,7839
=======7584,7531;8823,7839;11088,7616,12718,6804;0
=======8592,6482;8593,6637;11940,6548,14974,8252;1
+++++++7591,8414;8486,8836
=======7591,8414;8161,8811;9764,8766,9402,10262;0
=======7916,8439;8486,8836;10414,8816,8124,8042;1
+++++7524,0;9072,20000
++++++7524,0;8533,20000
+++++++7524,0;8230,20000
=======7792,0;7963,20000;7830,7808,9348,9218;0
=======8059,9254;8230,20000;8364,11782,5580,10654;0
=======7524,0;7538,6205;7354,4964,6576,9010;1
+++++++8004,0;8533,20000
=======8427,0;8533,20000;8490,11752,12226,14042;0
=======8004,9318;8391,20000;11538,10574,8364,4984;0
=======8293,0;8427,11767;8490,11752,12226,14042;1
+++++++7992,7532;8460,12487
=======7992,7532;8460,7765;11502,7618,7974,8700;0
=======8335,12042;8365,12487;8976,12302,11932,12646;0
=======8178,8124;8323,11181;7998,9522,9916,8008;1
++++++7524,10365;9072,20000
+++++++8533,10365;8733,20000
=======8533,10365;8569,20000;8490,11752,12226,14042;0
=======8569,10365;8733,12212;8490,11752,12226,14042;1
+++++++7524,14072;9072,20000
=======8489,14320;9072,20000;9786,15800,12640,16586;0
=======7524,15301;8358,20000;9786,15800,12640,16586;0
=======8505,14072;8636,20000;10080,15304,13028,14930;1
+++9166,0;11028,20000
++++10071,7216;11028,20000
+++++10543,7284;11028,20000
++++++10664,7284;11028,9823
+++++++10708,7284;11028,8495
=======10709,7284;11028,7568;13322,7518,10972,9686;0
=======10708,7896;10726,8495;9914,8174,12784,15170;1
+++++++10781,8340;10988,9823
=======10801,9014;10972,9078;13848,9050,13778,11310;0
=======10781,8340;10971,9823;10474,9064,13366,12436;0
=======10971,8340;10988,9823;10474,9064,13366,12436;1
+++++++10664,8098;10801,9078
=======10741,9014;10801,9078;13848,9050,13778,11310;0
=======10664,8098;10666,8697;9826,8578,14738,11712;1
++++++10543,10198;11014,20000
+++++++10546,10388;10629,20000
=======10572,10388;10583,20000;10752,11960,16456,12420;0
=======10546,12427;10629,20000;11494,12502,11658,14578;1
+++++++10655,11271;10920,20000
=======10766,11271;10920,20000;10752,11960,16456,12420;0
=======10655,12084;10908,12145;15892,12086,15188,12008;1
+++++++10543,10198;11014,12027
=======10543,11167;11014,12027;8490,11752,12226,14042;0
=======10901,10198;10937,10563;14240,10552,9436,12424;1
++++++10768,8341;11006,10563
+++++++10967,8341;11006,10563
=======10967,10198;10997,10563;14240,10552,9436,12424;0
=======10990,8341;11006,9823;10474,9064,13366,12436;1
+++++++10768,9136;10967,10563
=======10768,9136;10817,9570;13538,9456,10756,8526;0
=======10937,10198;10967,10563;14240,10552,9436,12424;1
+++++10071,7216;10965,20000
++++++10378,8940;10739,20000
+++++++10430,8940;10584,20000
=======10433,8940;10444,20000;10474,9064,13366,12436;0
=======10430,13828;10584,20000;10080,15304,13028,14930;1
+++++++10378,11414;10739,20000
=======10530,12751;10533,20000;12702,12830,13950,11164;0
=======10378,11414;10739,20000;9976,12246,12462,11886;1
++++++10071,8940;10718,20000
+++++++10090,14076;10718,20000
=======10215,15485;10718,20000;14506,16168,12574,11734;0
=======10090,14076;10627,20000;9786,15800,12640,16586;1
+++++++10071,8940;10546,20000
=======10071,12427;10546,20000;11494,12502,11658,14578;0
=======10200,8940;10225,9374;10474,9064,13366,12436;1
+++++++10079,13781;10477,20000
=======10247,13828;10430,20000;10080,15304,13028,14930;0
=======10079,13781;10477,20000;12596,14722,11594,13184;1
++++++10109,7216;10965,20000
+++++++10109,7216;10965,9131
=======10111,7216;10965,7504;8392,7392,12860,8896;0
=======10109,7462;10120,9131;9826,8578,14738,11712;1
+++++++10181,8961;10881,20000
=======10353,10133;10586,20000;10780,10582,9772,11814;0
=======10181,8961;10881,9282;11998,9106,10822,10936;0
=======10195,10965;10378,20000;9976,12246,12462,11886;1
+++++10550,9136;10966,20000
++++++10584,9699;10966,20000
+++++++10584,9699;10787,20000
=======10584,13828;10774,20000;10080,15304,13028,14930;0
=======10774,13828;10787,20000;10080,15304,13028,14930;0
=======10586,9699;10597,20000;10780,10582,9772,11814;1
+++++++10629,12427;10966,20000
=======10787,13903;10966,20000;10080,15304,13028,14930;0
=======10629,12427;10944,20000;11494,12502,11658,14578;1
++++++10550,9136;10926,10472
+++++++10593,10027;10926,10472
=======10593,10027;10926,10472;9598,10370,10154,12432;0
=======10660,10063;10913,10428;15902,10282,12648,11178;1
+++++++10550,9136;10646,9489
=======10616,9136;10646,9489;13538,9456,10756,8526;0
=======10550,9156;10586,9489;13538,9456,10756,8526;1
++++9735,0;10784,20000
+++++9920,7260;10633,20000
++++++9920,7260;10119,20000
+++++++9920,7260;10105,20000
=======9920,7260;9945,20000;9914,8174,12784,15170;0
=======9974,12938;10105,20000;11852,13036,11154,14376;1
+++++++9922,8940;10119,20000
=======10036,8940;10119,9374;10474,9064,13366,12436;0
=======9922,13775;10028,20000;10080,15304,13028,14930;1
++++++9979,7317;10633,12835
+++++++10399,7317;10530,12835
=======10399,12751;10530,12835;12702,12830,13950,11164;0
=======10508,7317;10522,7568;13322,7518,10972,9686;1
+++++++9979,7556;10633,12027
=======10089,7556;10633,8791;9764,8766,9402,10262;0
=======10208,7760;10353,7908;16224,7904,16084,8146;0
=======9979,11167;10543,12027;8490,11752,12226,14042;1
++++++9988,10965;10291,20000
+++++++9988,11584;10291,14595
=======9988,11584;10255,12516;12414,12360,14506,9562;0
=======10038,13556;10291,14537;14658,14272,14038,11140;0
=======10037,13654;10201,14595;13210,14468,14300,13246;1
+++++++10108,10965;10250,20000
=======10237,13828;10247,20000;10080,15304,13028,14930;0
=======10108,12854;10250,20000;11852,13036,11154,14376;0
=======10184,10965;10195,20000;9976,12246,12462,11886;1
+++++9735,0;10784,20000
++++++9735,13654;10784,20000
+++++++10201,13654;10784,20000
=======10201,13654;10784,14595;13210,14468,14300,13246;0
=======10627,14076;10640,20000;9786,15800,12640,16586;1
+++++++9839,13654;10079,20000
=======9918,13654;10037,14595;13210,14468,14300,13246;0
=======9894,13781;10079,20000;12596,14722,11594,13184;0
=======9839,13775;9922,20000;10080,15304,13028,14930;1
+++++++9735,14993;10569,20000
=======9735,14993;10569,20000;14208,15184,11948,14870;0
=======9884,15485;9962,20000;14506,16168,12574,11734;1
++++++9842,0;10766,20000
+++++++10101,0;10732,8116
=======10101,6906;10616,8116;11468,7466,11456,12068;0
=======10159,0;10732,8015;9926,6346,8950,6898;1
+++++++9842,0;10766,20000
=======10583,0;10766,20000;10752,11960,16456,12420;0
=======9951,0;10184,20000;9976,12246,12462,11886;0
=======9842,0;9973,11149;11588,9458,6728,9006;1
+++++++9845,6906;10697,20000
=======9845,7556;10078,20000;9764,8766,9402,10262;0
=======10616,6906;10697,8141;11468,7466,11456,12068;1
++++9166,0;10947,20000
+++++9364,0;10201,20000
++++++9730,0;10075,20000
+++++++9730,0;9856,20000
=======9730,13781;9763,14762;12596,14722,11594,13184;0
=======9775,0;9856,20000;9786,15800,12640,16586;1
+++++++9799,0;10075,20000
=======9799,0;10075,8651;11502,7618,7974,8700;0
=======9839,0;9920,20000;9914,8174,12784,15170;1
++++++9364,12938;9894,20000
+++++++9364,12938;9707,20000
=======9364,13803;9528,20000;10080,15304,13028,14930;0
=======9391,12938;9707,20000;11852,13036,11154,14376;0
=======9381,13085;9692,20000;9786,15800,12640,16586;1
+++++++9528,13775;9894,20000
=======9763,13781;9894,20000;12596,14722,11594,13184;0
=======9528,13775;9839,20000;10080,15304,13028,14930;0
=======9611,13781;9730,14762;12596,14722,11594,13184;1
++++++9403,6869;10201,20000
+++++++9478,9454;10201,12835
=======9816,12751;10132,12835;12702,12830,13950,11164;0
=======9478,9454;10201,9489;13538,9456,10756,8526;1
+++++++9681,9568;9995,20000
=======9692,12283;9775,20000;9786,15800,12640,16586;0
=======9681,9568;9995,20000;9598,10370,10154,12432;1
+++++++9403,6869;9799,8651
=======9403,6869;9740,8104;8392,7392,12860,8896;0
=======9628,7172;9799,8651;11502,7618,7974,8700;1
+++++9166,0;10947,20000
++++++9287,0;10222,20000
+++++++9856,11073;10222,20000
=======9856,11073;9881,20000;9786,15800,12640,16586;0
=======9878,11442;10222,20000;8976,12302,11932,12646;1
+++++++9287,0;10159,20000
=======9287,11336;9878,20000;8976,12302,11932,12646;0
=======9287,0;10159,20000;9926,6346,8950,6898;1
++++++9313,0;10947,20000
+++++++10018,0;10947,8651
=======10018,6447;10933,6794;11940,6548,14974,8252;0
=======10075,0;10947,8651;11502,7618,7974,8700;1
+++++++9313,0;10627,20000
=======9313,12751;9783,12835;12702,12830,13950,11164;0
=======10444,0;10627,20000;10474,9064,13366,12436;0
=======9714,10133;10272,20000;10780,10582,9772,11814;1
+++++++10248,0;10941,8141
=======10697,0;10941,8141;11468,7466,11456,12068;0
=======10248,6844;10876,6935;16014,6874,11776,10958;1
++++++9166,0;9868,20000
+++++++9194,6728;9434,13919
=======9194,6728;9434,8807;11830,7040,11954,5004;0
=======9358,12938;9391,13919;11852,13036,11154,14376;1
+++++++9206,0;9868,20000
=======9592,0;9868,8650;11088,7616,12718,6804;0
=======9206,0;9845,20000;9764,8766,9402,10262;1
+++++++9166,0;9681,20000
=======9330,6698;9563,20000;8734,7050,9994,9076;0
=======9166,0;9681,20000;9598,10370,10154,12432;1
+++8460,7258;10444,12596
++++8460,7258;10101,9433
+++++9495,7258;10101,9433
++++++9525,9193;9890,9433
+++++++9525,9193;9841,9433
=======9525,9193;9659,9433;11684,9408,14696,10062;0
=======9719,9193;9841,9433;11684,9408,14696,10062;1
+++++++9659,9193;9890,9433
=======9841,9193;9890,9433;11684,9408,14696,10062;0
=======9659,9193;9719,9433;11684,9408,14696,10062;1
++++++9495,7258;10101,9331
+++++++9581,7258;10101,8116
=======9782,7258;10101,8116;11468,7466,11456,12068;0
=======9611,7258;9649,7637;11468,7466,11456,12068;0
=======9581,7291;9595,7637;11468,7466,11456,12068;1
+++++++9495,8897;10039,9331
=======9780,8981;9816,9282;11998,9106,10822,10936;0
=======9495,8897;10039,9331;8576,8978,11244,9366;1
+++++8460,7267;9568,8746
++++++8790,7267;9324,8746
+++++++8790,7985;8961,8672
=======8790,8193;8828,8672;9826,8578,14738,11712;0
=======8828,7985;8961,8672;9826,8578,14738,11712;0
=======8804,8043;8834,8470;9914,8174,12784,15170;1
+++++++9109,7267;9324,8746
=======9111,7267;9122,8746;7830,7808,9348,9218;0
=======9202,7612;9324,8470;9914,8174,12784,15170;0
=======9109,7814;9280,8672;9826,8578,14738,11712;1
++++++8460,7366;9568,8650
+++++++9330,7366;9405,8650
=======9391,7366;9405,8650;11088,7616,12718,6804;0
=======9330,7456;9384,7637;11468,7466,11456,12068;1
+++++++8460,7532;9568,8470
=======8460,7532;9568,7765;11502,7618,7974,8700;0
=======8872,7612;9005,8470;9914,8174,12784,15170;1
+++++8834,7713;10036,9374
++++++9285,7713;10036,9374
+++++++9666,7713;9998,9282
=======9666,7713;9684,8312;7830,7808,9348,9218;0
=======9876,8961;9998,9282;11998,9106,10822,10936;1
+++++++9816,8961;9876,9282
=======9846,8961;9876,9282;11998,9106,10822,10936;0
=======9816,8961;9846,9282;11998,9106,10822,10936;1
+++++++9285,8940;10036,9374
=======9285,9021;9525,9374;10474,9064,13366,12436;0
=======9525,8940;10036,9374;10474,9064,13366,12436;0
=======9464,8981;9682,9279;11998,9106,10822,10936;1
++++++8834,7985;9109,9293
+++++++9024,8364;9084,9293
=======9054,9021;9084,9293;10474,9064,13366,12436;0
=======9024,8364;9054,9250;10414,8816,8124,8042;1
+++++++8834,7985;9109,8672
=======8834,7991;8872,8470;9914,8174,12784,15170;0
=======8961,7985;9109,8672;9826,8578,14738,11712;1
++++8689,8014;10444,12596
+++++8689,8339;9641,12596
++++++8689,11871;9245,12596
+++++++8689,11871;9193,12103
=======8689,11871;8808,12021;10752,11960,16456,12420;0
=======9157,11871;9193,12103;10752,11960,16456,12420;0
=======8972,11871;9157,12021;10752,11960,16456,12420;1
+++++++9014,12014;9245,12596
=======9014,12067;9044,12596;10394,12352,7334,12822;0
=======9074,12067;9245,12596;10394,12352,7334,12822;0
=======9036,12014;9170,12459;9976,12246,12462,11886;1
++++++8729,8339;9171,12487
+++++++8729,8339;9084,10719
=======8729,8339;8759,10719;9764,8766,9402,10262;0
=======9054,8364;9084,9250;10414,8816,8124,8042;1
+++++++8776,9676;9171,12487
=======8776,9676;8812,12487;8976,12302,11932,12646;0
=======8855,10133;9171,11182;10780,10582,9772,11814;1
++++++8916,8685;9641,12587
+++++++9212,8685;9641,12587
=======9611,8685;9641,11149;11588,9458,6728,9006;0
=======9212,12427;9343,12587;11494,12502,11658,14578;1
+++++++8916,10133;9639,12516
=======8916,12221;9639,12516;12414,12360,14506,9562;0
=======9207,10133;9237,11182;10780,10582,9772,11814;1
+++++9065,8014;10444,12596
++++++9245,8014;10004,12596
+++++++9245,9714;9732,12596
=======9245,12067;9376,12596;10394,12352,7334,12822;0
=======9381,9714;9732,9794;12838,9744,11268,13166;1
+++++++9343,8092;9842,12587
=======9343,12427;9528,12587;11494,12502,11658,14578;0
=======9671,8092;9842,11149;11588,9458,6728,9006;1
+++++++9251,8014;10004,11342
=======9944,8878;10004,11342;12254,9844,6336,9702;0
=======9251,8014;9484,10825;8576,8978,11244,9366;1
++++++9065,10995;10444,12587
+++++++9065,10995;10444,12587
=======9065,10995;10444,11595;7350,11408,11446,14066;0
=======9929,12427;10071,12587;11494,12502,11658,14578;0
=======9347,12143;10365,12438;7192,12204,11264,12002;1
+++++++9179,11871;9223,12587
=======9193,11871;9223,12103;10752,11960,16456,12420;0
=======9179,12427;9212,12587;11494,12502,11658,14578;1
