6;1;7
+927382240,1286165732;2181769991,921935120
=1910051101,3280039953;2610834310,2173406093;1857493355,2213702846,2862855386,178656609,2314656903,2712731028;0
=3874357309,3498089483;2655592936,2999222182;1131745426,2023733525,1729176361,1090601048,1199762940,3000089029;0
=2802378466,1187182644;2956418179,2629178464;3807630961,2886248635,3107662943,3105226572,2338184410,3013273574;0
=2036611685,1284140874;1591569502,503045624;2796731657,338215910,1500745662,2198949760,1417633268,1010651217;1
+3870391375,1620461445;1323246824,1299117056
=884412783,1093936305;3375167207,1708483658;637632821,1740489678,1088759614,1645956070,597057911,1364461322;0
=1088430915,713493858;2224858249,2193583695;2747563612,1322484585,908045507,3046865702,3160589710,2009162605;0
=2142845717,948269364;3110388792,2310969186;2394846807,1223442148,3540302281,3403266863,935777292,2738024682;0
=2500352354,3147557459;2463535064,2537691624;1916574910,3261251199,2678044978,1652107760,3025178264,1746437688;1
+2400384442,2073269808;796178548,979156770
=975613415,3475732292;2378285734,2615831012;1261572714,3435295053,3435792876,3296429500,915528392,770557171;0
=3921149800,1633574362;2287956619,2448478702;653079852,2288446608,1816657516,1597893887,2327357375,1424785615;0
=1689660334,622725038;2118047553,2433400235;3498381899,2702282627,2108417225,1244259879,3136610824,1238781294;0
=2110468690,2479404278;1670221130,1934191682;3415486451,944438384,1638499125,314909100,1164697158,2084014019;1
