6;1;5
+986034269,825746433;801886265,407485354
=1346007656,1713535594;851332781,611454709;1329914728,1394171047,1208841109,21112567,2108793226,2123154894;0
=2052382601,1197293488;1820624081,1078762092;1304418675,1896334202,946326146,708842927,1719398641,1769746500;0
=1611925201,281780799;893545381,17518580;448506754,191900129,1394549875,483513241,594712981,1885051057;1
+1682213230,605710191;2123521416,593524693
=2101679865,197904396;1527604888,535285345;440608278,58965342,471794555,1532726370,1512449077,59120837;0
=1219376721,212869662;1286367316,901726583;1402862318,430490398,187106665,172298182,511782849,1879171906;0
=1473579635,1377997488;1671846533,1620682273;1457256729,1670151737,1434641530,1472543500,1559396687,2054684688;1
+1847113233,999277704;1969985057,863642629
=1162424144,1809521145;769681805,1131921202;133961681,1298390428,1691372545,1983924442,918783272,531108353;0
=607984164,1927270686;1763121774,65730874;925354291,221534484,333175582,851818497,1123261634,1292198861;0
=1949725152,1078798474;1417112562,2027967273;1401851751,299515736,1071075714,1149901060,1588724614,2026754251;1
+206607194,810319484;820343421,877576271
=902889746,534000127;1596818033,666513633;672917598,2047208969,1196841630,280276330,821535260,1369716988;0
=116163848,1151892753;952548379,2015309591;1265377951,1565874942,1102521518,261051788,624838463,1899168247;0
=402554829,1986302249;1863777404,709029882;1274374331,2106953874,1650151972,56150784,1400604320,247520537;1
