6;1;5
+2066476811,2206927007;2665545255,1878940136
=2469719862,2126946787;2371992663,2872263425;1494340950,1938664469,2450354428,3180876278,184363764,1582100695;0
=880341563,2607001336;1011144433,2900016549;1024951775,2292155438,1807477981,2916370649,500237112,2521456763;0
=1228551041,2504280938;2300531747,3695827846;3839389210,3825113325,2864412629,3173266457,3157257719,2184748551;1
+1753765542,3100453928;172054033,3341664842
=97761237,3232493273;1751386453,2066067764;1711708377,3311658372,2191953573,2608514169,2419819790,2515915643;0
=2129277047,2842246133;2522106767,2345295897;1120614988,2132584760,3233705057,3057271212,2658245338,1368710802;0
=1610910724,1100126573;2509492474,1295765736;1644284707,1520014542,1096281375,2444711040,2208606557,895314176;1
+348384371,1440213304;2277120931,2284819912
=2508270998,1295793434;3333288898,2415737120;3812678599,1879038223,2249667697,2246356773,1382728732,1878157081;0
=3034917472,2143289943;778104253,2188427154;1803983279,2082283608,3504051547,2893063972,3165424637,2953383702;0
=2318410126,1116058264;2677194731,761975331;1539660470,2761627020,2256950208,1178547304,1756537233,1642051687;1
+3584422194,3194465271;2610686501,1388501213
=2922177982,2049104443;744109624,2824441711;3290348715,1238252180,1040825033,2416299511,1771452112,1064681675;0
=3505225201,3006104342;2094664065,1298857619;1926350273,1020187192,1279403828,3965875073,2549003855,415105002;0
=2587382596,1032373568;1176632838,2479495745;2852681522,599233115,1790574930,4077625138,932623789,2257306566;1
