6;2;4
+30992959,120848401;1750058645,2102587356
++1010373417,656421087;2007745318,1279632555
==63981464,1598878687;957192362,1159990901;1647220417,157093408,477136978,802804411,1126744471,885718829;0
==811079859,974236947;1085732668,1361385998;2064729134,1237303143,1639067,767038810,296087413,796972536;1
++1788925613,1674344574;604068514,500777848
==703211246,1653524445;1317708455,1358838645;760424715,1122219561,1830778428,1177984857,1246872331,1230081694;0
==652889445,226092885;234726355,1472459762;1415493256,317695863,518605452,939838514,1464089594,1702827089;1
+1821409317,1616081439;780728233,654636840
++805901907,1061311699;1892690926,1293118992
==867122653,1053938652;843216668,63135867;1338499082,1028106302,666143651,1147830750,1478937765,1055468745;0
==242569762,1841778224;1349078209,972357514;642729300,233796695,1203897888,940517118,233793810,5031341;1
++1209345501,2049095332;1084821119,1710495140
==879878470,442552328;1029681142,1895961438;1535931669,1013886206,1808659761,436457977,26546552,1811441627;0
==1204752936,656732735;961355720,1374900538;144288467,576237162,1728109153,32588218,382344375,77538105;1
++2064506478,55362261;585544007,285408372
==1440101226,506437246;164883337,1325400810;668117427,1400074630,2075286428,207362132,597485618,1268339363;0
==400876033,1777668483;1685625922,553134119;1343577539,1056203157,1484410350,1334234587,1479761354,1213445198;0
==119868723,2007595228;2021682607,327406274;633031383,2098768097,1336693004,564705671,1326749457,1684672765;0
==607603562,276612545;1830320716,27447458;1516128576,718519184,2091040648,1942868826,1567025096,1417568306;1
