6;1;5
+0,0;20000,20000
=2944,0;20000,13006;2664,7406,16776,2616,13068,10110;0
=0,0;20000,20000;14118,5988,15502,3360,19972,1936;0
=0,0;20000,20000;1416,1832,9284,12074,3510,14584;1
+0,0;20000,20000
=0,0;2944,20000;2664,7406,16776,2616,13068,10110;0
=0,0;20000,20000;10214,1984,748,18150,18608,10676;0
=0,0;20000,20000;3954,3196,118,8726,19180,4024;1
+0,0;20000,20000
=0,0;5725,15678;8226,12750,19950,5660,13334,7596;0
=0,0;20000,20000;2476,916,9242,13984,6432,19744;0
=0,0;20000,20000;3224,18606,10656,1678,5300,2044;1
+0,0;20000,20000
=5725,0;20000,20000;8226,12750,19950,5660,13334,7596;0
=0,0;20000,20000;8914,10636,7936,16622,9928,3266;0
=0,0;20000,20000;16762,372,4770,15982,3906,13938;1
