7;5;4
+906600272,67836905;658791827,749805407
++306516268,108393643;1872767791,2081101236
+++839179340,1151761405;427028148,1317065786
++++1093037644,601804749;968262537,1232680900
+++++1845266399,2131313506;1520432737,1796495262
=====661520415,1400484739;1550238830,2100697077;1587931315,343716718,158276799,1523534163,1220907465,1967419809,927989226;0
=====164918157,1159911932;785969661,1891782401;247009218,1513552841,15656702,2097357688,1510464832,877075210,887356775;0
=====804913412,1301794006;2086070331,1908413230;721116531,1771396352,165597591,393114007,1657744366,1750239161,427622242;1
+++++1014953447,937755866;177095230,1061662278
=====1845819508,236154033;1779994036,1437606697;621414413,171256930,1823980164,302957951,1639083346,790344885,188946694;0
=====1727333761,1793322437;1148642796,2133864100;893343713,2012773014,979038317,708632901,283634774,786119480,1193397460;1
++++1166254256,1359636886;1410811876,279344677
+++++1492810096,821291630;728622908,1732165244
=====253354946,2071774575;1001118474,1090091602;919158106,797983471,1824578250,653520377,1588471641,883637985,295753713;0
=====1089323814,1700192836;836357677,465813083;1615196147,885615127,715464018,1470414722,1946680939,1153133391,952862663;0
=====61340095,1507649974;801177719,613560860;1697004624,1282701146,1586015483,976251282,2082516608,409390816,2052510369;1
+++++234029983,669811647;96918417,739219914
=====2004750084,2040305017;247988860,250747727;435158920,197058012,1658011870,1182258788,2032331075,80691299,228077057;0
=====711716335,135567645;656187870,837593435;130494509,867705714,1880855494,2104403235,758184628,1433702820,1738786203;0
=====1251296524,640191428;1989884367,318519767;1148865996,1409147865,1502514797,2049421532,1525198906,2013092150,762269854;1
+++625360115,958429081;1226938100,1027430291
++++1053258794,1313258567;141750907,233645290
+++++1988422,2104595891;1756879386,443643512
=====27471802,1531448870;1200564489,679854187;398279077,1675189031,1234897119,870638485,1153333830,904865875,942406608;0
=====1125452721,1145672387;1440236156,1512703679;995630306,973967676,475030070,1594629532,584656962,1818847416,125013176;1
+++++120083639,385810420;2093146044,1193088139
=====1993846229,1837704063;2102042833,1828873937;1020606482,1190252977,305852587,419649147,1418375052,410344984,428160621;0
=====999201080,518962497;1980069096,925344092;1137900777,379067199,1282074235,1560665975,1553677184,924725602,1220355078;0
=====2146943963,1666072345;1125685457,1316919033;1233400029,1698099016,1489714109,2099660019,1065356916,1805514811,1686715203;1
++++1061801102,1297970014;1009679594,927249982
+++++1920415268,1701126808;1669233129,627015353
=====409474638,1026845771;834128658,1433835888;1942850487,755706718,1396037786,2024816901,2024443023,1747709088,1615980933;0
=====491637026,513095742;287282305,888602495;366816090,1915273679,1818491793,1377043126,1038321381,250579207,1358273053;0
=====220598193,765971690;2052407433,1587066601;1121001495,1170894237,1776749960,2031320697,522255346,1193868156,716496341;0
=====1090558727,1756047516;2021024141,1442118305;1450973606,1678129183,555073402,261206288,915439190,968194373,1657845824;1
+++++149236007,1348102804;1969836497,1775869555
=====1680736392,1983752605;1450973848,2100221244;1015653527,1976558043,482118712,1936810012,1520109612,888073477,1393833160;0
=====1705981866,1175209623;827169910,84540850;1198781924,804925451,1795462203,772135246,512202630,1922647596,622346762;1
++1022162916,935418790;264841021,1616405815
+++1191265182,672003093;211115238,1556785368
++++180598571,749980899;2064458754,288042591
+++++1712977353,52587931;437812814,93129863
=====1808250666,967359080;1152337121,1462136032;1847671023,1671827405,1589638385,1715132171,468160025,1018703812,1469403967;0
=====1554813124,195794378;765548822,1044125043;26285082,881052895,1093684968,1610176784,1576467365,672594500,1656818337;0
=====316048760,579203657;1136035419,537841603;1711766606,1647920766,727699496,1706687146,1056025240,514583860,1473841488;1
+++++1766944894,1734896129;41027635,1663026147
=====978967441,136621591;1778210100,1777813674;909739194,1020527684,1460503803,1143309292,148390134,278759051,954182865;0
=====403763613,244608024;344072618,1245749375;1292611409,1216187631,1584801909,1317175002,2008821665,529412512,1301007093;0
=====307767743,633471233;707415750,165144972;1450537507,202021091,2092117649,19685163,125024503,818706749,349726176;1
++++40570667,1236269772;518334626,637038307
+++++251366741,1482683534;691094906,530505115
=====2087866184,1962458622;102769669,1243194606;1528254323,81121757,157180717,394844900,1042531990,1730638720,1471916954;0
=====1995225384,1935933612;1801155170,291371195;1775890568,1415331720,1049958750,1533546656,1261928529,2052491919,2018191139;1
+++++105216855,137274080;1798822045,819892102
=====1321203663,1092763873;524054083,927117516;1341652890,1703569011,609702012,2048058407,1439111648,2068888846,1343667577;0
=====1701105180,925790758;867481266,568709269;596072972,272972478,296291514,1487026004,915055843,846964689,1934894145;1
+++258846130,528104717;1465695062,972118772
++++123947971,1181354108;76730969,804952467
+++++353944141,384880458;44987891,1739933434
=====534251389,1221052290;683556948,1143527413;1953776659,855255883,2097261499,942808536,1637101595,1941399322,140702087;0
=====928636270,285787638;1810568606,1167277278;1373637014,245043462,1043362966,1536124312,197538879,1916904842,1077923293;1
+++++1487787978,347135693;1697274387,1047501567
=====1909545358,1746377577;305571176,1704825973;555778600,1103550846,769371177,810043381,296456958,914836768,808165177;0
=====1380204680,1185246792;1629811587,1827234262;1234944731,173163318,1193652142,658643781,1925470643,1169482824,1450723869;1
++++1763964829,602493611;253577411,418647199
+++++233871002,2000669374;1749965842,1782119231
=====1401501710,1307773695;1502549228,362615156;1471166089,1111282971,610309738,779917454,1167756213,1887959218,1227901071;0
=====1967466075,450597427;843845191,2006774858;917082359,1850283469,480834755,246273324,1444834745,204265529,1208104096;1
+++++1275466307,259413219;1557784573,2018915955
=====1451617049,593307552;1085246313,920470173;782817727,641310296,1326966894,1977186133,1478367725,409991275,985820949;0
=====31331799,1636397078;1232945524,137235026;1399811316,1434453172,827878454,1138012367,201817500,138122136,325127071;1
+345292237,425012917;616813772,201952621
++159849479,1189963309;678619284,1085315239
+++226169215,323408100;442786819,399661436
++++121740788,382419508;67805433,1690299069
+++++397866194,837270182;467283807,1995404810
=====740991392,2098569254;1116479297,110061986;2046630264,1596945753,386633038,667231719,1106379087,1639955316,1797177375;0
=====666515764,1487242884;1633326903,896373727;934697456,1738541841,1407112816,977178626,362639906,1293646721,1721180391;0
=====1037740337,122156376;1223447215,15035492;698225766,1826261526,985645453,717465725,1778923026,1113204528,387996653;1
+++++887560609,627088994;628208089,2030006224
=====1443667021,1487673002;1284096164,1167128412;818180580,488226303,557147508,1001274254,85059268,83261230,2078561924;0
=====1696471523,1265143413;1622570275,642625940;319513262,496215786,1310916248,1542635523,2047605274,1068325792,1855425353;0
=====1031007555,716820911;670206740,907791137;369820988,881859071,556145113,1017126371,1176967300,1197952997,1228546452;1
++++1575252141,1859270639;1478966577,417344764
+++++525790460,381225200;466180473,1001928838
=====882050906,1530263841;97111364,1614963900;1639205053,1326572715,2120918071,1781788114,1678400771,873275719,1347623691;0
=====255569648,477518573;607088422,1271956769;1046930287,1114753347,1627500111,1829936617,1656334044,334930053,1845484846;1
+++++1863359837,320330768;1001065067,1919364467
=====120562906,1705866639;1516242651,721358444;708629290,871663099,1882547353,1307622492,2022592572,719529163,381329970;0
=====846495174,1728325469;676773449,1213462203;537533606,815001549,663936420,1074203793,1610952771,1969136508,1012034873;1
+++++777839744,1952647703;1793405959,914514887
=====1808735587,1670637404;700455385,464967311;278511062,1817917852,1756903421,194213454,1172420508,339333174,937700131;0
=====1404852011,996280675;241972086,669994399;1122902676,618011066,1789601161,1778817435,1200137105,1879082765,392614112;0
=====1241507887,1938357182;1789375431,1952734530;148284995,594232285,1441717452,218712668,598646803,2008383408,157651796;1
+++1330753065,347368302;34032264,202526109
++++1178797224,803903205;1125814711,1057700461
+++++307948751,1853272374;1576123240,1386221443
=====2119605853,1364345155;1823858119,2052759025;1216444940,2012699919,2146518289,1944720483,1274194687,818029164,283088666;0
=====1400013178,850517771;599698086,1500117639;563952095,1324148239,328026570,116631255,207573859,1992164005,150805143;1
+++++2090716017,37243369;942112313,1257065164
=====674934107,1027386808;849279839,114442673;373365806,743123806,688788298,459012825,1807476855,797324533,784251877;0
=====2049424984,1492235668;839666927,1791544241;1885702681,1933911882,327828329,1857251198,1499051558,1054071513,982592455;0
=====2127876026,349831907;1189072855,2043632103;1318578668,1397724524,1449064366,227884380,1865565522,399638779,1774142017;1
++++2030382907,439264993;1702895051,2073359692
+++++968983910,1406510748;266597478,1908743845
=====1298001782,1272671889;1403974805,1048936014;2073044352,566519080,899047830,1012924368,310361400,2121881154,373105391;0
=====97730612,1278588942;1695201554,2143940265;253541838,1736746945,514878972,2055805025,847739843,44567073,928792408;1
+++++664704405,1200582916;1091585771,824396274
=====1729311875,1011037402;1100329516,12042230;1864584958,2112381669,559710465,1192310572,920398897,55793900,1862684940;0
=====1536836160,677758491;694661953,1214035774;736069880,1676803262,198235057,912891304,1204264042,2146478864,2038963302;1
++51308253,698344319;970947107,496693632
+++976774176,1687910426;1481763585,1857378791
++++1506457748,666821595;1947647904,1404807168
+++++822148049,1359145368;1624181737,768986757
=====1296634259,599777245;119268477,1475393721;1862851401,121917273,1992610712,650095340,70393435,1718670123,1674328728;0
=====1941481837,70832994;123914029,1459961244;358327420,1752460005,560663600,789429910,1709610458,624449960,390707543;1
+++++1653223797,518903843;1683076976,18482729
=====1548654831,1903292296;1947967088,288919662;1388216721,1085007688,1334204734,1280671445,975682347,1436858674,1626880347;0
=====1226207219,1848281126;1976616098,956774773;413975459,410860820,1456775602,137482643,1520531855,1373657343,428302932;1
++++1311353784,387325439;1735115860,561183088
+++++1563293049,489600369;1397597359,43421760
=====674333547,70517103;2108971223,1289582891;1811016860,336057900,1479056172,1912692953,1139004421,1188884062,619303345;0
=====655728295,1056122366;144731360,1439454293;984064871,1819711237,402369081,1325407703,1451174407,1957667710,471325972;1
+++++1241506269,293217176;2126189125,107954845
=====1918191331,1209702253;1297302863,887668735;1788882780,32146007,2042575070,1290034992,1501726785,1582816845,518102125;0
=====501772068,721190811;450300927,786479040;1386186630,686907443,1055434476,300075771,1660659569,1546598670,1883125263;1
+++1431183245,888323408;1504526150,189675068
++++335179011,1123024660;1694608244,1912477622
+++++2073952647,1650208093;1147485208,1811624018
=====235950279,1210610766;1571028060,1505810725;1670658066,1002274280,344818267,1564358050,420268728,583507634,1008955283;0
=====928627812,1426296930;780936187,1517022743;1181550117,848385094,1193366040,605450156,1991835197,956607647,213712544;1
+++++1080633247,634030982;1195784297,624971321
=====1468164041,1220330056;676722152,366235481;1442678321,1642688907,473606236,1632219265,97040222,556221948,711111886;0
=====1642275559,850027750;517580680,152944913;1856615079,440636512,1282073887,988731861,85033521,1763227750,725964336;1
++++1136263141,629325333;484837767,1399172762
+++++853201970,2016167406;1068671477,1533981815
=====1736807049,1008245897;1890099334,1381931028;1244025444,251670359,589741618,550019231,650472666,948596382,30807045;0
=====426136878,661437438;607314264,767221128;1822631003,1818475426,249936107,256305648,1134529723,168274939,1409240728;1
+++++237927727,751501848;136227520,622338870
=====1918185811,15187851;1089121300,1551953260;1074859244,506718471,1189050062,448373162,217668318,1175784698,1305985460;0
=====966603263,497495780;1879362504,1874055763;900199644,467256827,1024988606,1937870165,1969511055,2060102279,2035379387;1
+367501213,1259360011;2139533040,610053161
++678908696,1098314844;1101306275,1678673038
+++1337614851,850655760;1262597460,748697399
++++472680059,1420258409;1718396137,1663724780
+++++530400333,2011246364;749000775,1852818389
=====1672012863,1947732005;80705648,507097383;654496222,686521918,1623626660,1715159840,1258895624,1539915685,321458558;0
=====139941228,1591854329;680092582,1928754751;366673794,1576954130,1065595916,39168401,1598382739,1008583890,1998915978;1
+++++1602711421,1453707628;2065691667,449947782
=====346717808,341579242;1413356313,1901170816;525946362,780748818,416377884,1904203436,2143984539,1228399797,1796986499;0
=====699979087,1574540102;1051494548,1291091618;1653769929,1001491302,1669968927,828272478,15097542,710049482,547043684;1
++++65267169,1926352521;902381022,1559725511
+++++990577702,828485014;1233600799,468571798
=====1169344223,1776782656;1925761837,1030841020;1139774629,236140131,902943560,1686209631,549665534,176883113,2011977190;0
=====1823955039,1048252588;1735632882,1805506720;1867858173,1213790905,1513821099,1424946386,2131796835,2108406204,1441323869;1
+++++116818757,466548526;1423888442,1116924754
=====2137284544,827321839;1558871520,1520412678;714893573,402527688,388429188,175640848,1178959261,538060682,1444601446;0
=====1713212359,600091268;1182831343,1276485671;1764695645,1899952799,1149142911,712653585,106721872,283887849,163706553;1
+++1231678844,1045380884;1573958435,685187592
++++165984011,1962419283;33280098,1237370664
+++++893704529,1757044849;921155685,1106946914
=====1148946434,503388610;1322224293,1998726515;1192491197,1476706690,1722267526,807639548,1868035907,696520772,1002039395;0
=====750028308,766636207;289246564,1769156058;1052569406,1730394519,798837501,1933583752,185442669,1771323568,718703328;1
+++++864307000,734802175;138206797,586249616
=====1467928319,720774742;994843254,1121828137;137817507,16878712,544063813,214173040,1597234105,1882373133,1763947052;0
=====1020528082,1428069989;1841201001,1996711285;1490409933,190366628,1113859537,1742357057,2011230860,585266233,915091975;1
++++793880765,1927002694;38390026,2006114933
+++++1027990014,171784284;1430100242,395259350
=====2094643614,1177477863;76311728,375520818;1381239170,31741542,488440024,850742218,1940431562,1415909236,114893854;0
=====101657579,950308521;1970634409,1978002033;751813834,2142298890,404509116,414489986,1890793847,812421586,1871255052;1
+++++767416828,485369756;1304290165,270254507
=====1440808619,348974662;194827521,1950750470;1058401626,276917661,697484861,1409899680,668560802,1261283259,848025659;0
=====463356365,677966964;1114620196,1508182801;1611181176,1000163029,216149630,326788840,1487388642,647640339,1351036387;1
++1865020092,1466059178;761815525,1370787545
+++365261160,1316284625;1639239547,1540042505
++++425563321,1569450618;1647736165,960496822
+++++1403365841,829039852;1776464102,2022051364
=====160960788,410416385;150771141,1268985735;837994578,1290899080,29365170,2132548975,470694503,560372411,1491850969;0
=====923843550,966206936;224697462,1693712936;1878174418,1336429249,803444315,932056191,704791366,473034694,2625427;1
+++++1698150910,924418704;1068383182,1779969179
=====97119106,2078349232;921283610,501847372;1256156518,2142570572,725501309,149057513,845217501,1948267928,372102619;0
=====1180285933,16381490;1686478151,1974404331;1980350944,99617851,428408330,2049045695,1918337206,30810790,1154560148;1
++++2016654293,1340395872;728306334,831374422
+++++526419812,1080756345;1583198039,743238183
=====2129971132,1838321040;1870480538,742401899;1154472987,539865215,91906893,1494445813,978857914,1980849217,1208254543;0
=====1856479505,566088077;1760890588,864106761;2087283694,1641316350,1532517243,94871061,860706555,1409463202,452610288;1
+++++949066869,100474153;1629353051,658531570
=====469479247,48019558;998201831,672615130;1576737030,2030906763,679941839,552128561,1030719649,1878543031,1336821036;0
=====1676477448,180926590;1790545140,1767949215;1919207760,429266234,421560325,2018655546,1979259838,368841830,1302684817;1
+++2090001682,1788200770;532299135,1703867667
++++1641207841,1846456878;671057136,1788234569
+++++157758335,1204151171;2097011676,1306150995
=====437883826,1268470982;2099872922,1870377992;1870450496,1874953866,1903489018,618274654,1290503170,930140642,1520524707;0
=====1992189062,260185427;2114819981,523402;1744321126,282863921,750715583,1268025033,839206884,392479876,1204842518;1
+++++89996817,105391115;710427730,2064275375
=====1912145322,91687084;851161133,894142924;626944159,562844447,644664673,1827543614,2130225167,1207212786,1406791089;0
=====1440684785,410929919;1806877439,1074212413;798255273,685021966,1179368076,709756996,1758138002,624501297,87626057;1
++++381105950,2021134791;1691677847,1905246942
+++++344568727,43478367;753157879,224568636
=====460057836,978678740;540966399,1851633326;1327230424,1142996177,1883528569,1881184587,2093943083,612986976,1185401884;0
=====2014419970,1858618088;1764696403,77796249;1467066207,268293502,278440936,726015562,23733903,2019220560,591768948;1
+++++904283571,219118091;233735401,1162954918
=====1689315352,1168619162;421993275,1647764303;441706086,675935291,1021477596,1006533619,31721991,933761557,2093759637;0
=====324247975,2018880795;1249652087,102685792;1408872283,606641236,420059396,1556129226,657052842,1648736939,2060977120;1
+++++1845406205,1957693592;1990897751,410048738
=====1727810362,733033087;882065550,769087887;1014781124,1651140966,379969891,1292026295,1731936806,1615924372,2005290133;0
=====819045769,2113959201;542533583,239653400;1782527119,121197283,251630158,1201567664,1188457001,1527151635,707707990;0
=====186159093,1921564732;1138198712,1689157526;1520422540,923388987,748199268,427183702,383615510,1382251152,76995291;1
++809353190,1246931402;1460737215,841445941
+++968800230,837849352;1073510601,2096593007
++++1903625159,492451739;5493726,79805374
+++++63903374,1087316953;414050884,2138794180
=====1113558911,1265022606;1654477894,1582344618;2135203117,1540125201,1927307842,1618452963,1558988090,553872253,1658519339;0
=====1623008438,927784376;1404070115,1103026661;390637602,884921535,339684526,1643145043,752404076,593486079,1859834643;1
+++++88155996,663313987;79361804,1644356118
=====689756373,1349342597;439320609,673620235;77408196,9047896,165162084,1728935526,2062702412,970396440,1860247108;0
=====78782233,32383552;251208923,618498809;1959513232,962161792,893988412,1117138095,1788178429,35781641,411645416;1
++++1040920467,487430252;1556554389,1357426772
+++++4309040,113659230;370813968,414572647
=====1975429245,1493325786;1498111562,1965165548;1918426450,462561272,613898254,2116642501,1445180697,1708279501,164104770;0
=====348651248,711156319;1216375845,1405117817;1660408821,855965911,1037479120,1380426163,1733060218,719986015,545735763;1
+++++451461783,981571383;359745728,1063088916
=====1448815762,270205769;1585099114,986669664;539210072,670854370,1153896420,1761825707,2102620760,1996620587,1618237531;0
=====703656430,800053765;107854353,221008182;77358973,1510706106,564656438,1112672791,1830922921,948209376,2136371745;1
+++679638655,988813825;1485084852,331988246
++++1065695623,1963513109;142008389,942310871
+++++1576019346,533222667;1653180735,1618671168
=====1844248656,1381713349;1720815278,1416955212;709496953,1352200686,1050855624,1895248658,1089469855,488856412,487064859;0
=====1452736835,1738941848;473869763,157874155;999710083,961359286,279260687,39336194,1432620646,1160565829,1685746641;1
+++++36969856,1981336411;147074210,1897755402
=====1009716534,1751129297;1849834600,1408596481;592521776,557785621,1892358042,1033355941,1655765465,1945558085,1391191691;0
=====226882985,884633706;410351615,1745937542;292502809,1883056859,2144696462,2009689059,991976883,593963682,533684470;1
++++165331784,484065693;806234626,1670972106
+++++209676065,896909911;358309903,684846002
=====1126899602,412988876;1467570964,1048462523;56760409,189240486,443601031,597695443,320515923,1886994639,958243481;0
=====1894705856,761093885;1408139275,2141602953;87411827,1036956211,303549594,1885119270,583144126,299571477,1142627828;1
+++++643257573,953134300;567711578,1737915134
=====924920283,261853574;1440783454,908236923;1038616464,1738451127,1217224436,1182134730,1470158004,620216,371987423;0
=====2025257242,238310459;226491421,2012377459;172764249,1035650294,181254653,1128037862,1677722387,246922540,305950134;0
=====879147861,936352951;321019434,2076581459;468363890,1044024609,2131990132,1054152127,943023045,961723807,786942642;0
=====313047099,1280318983;2085035851,221731938;2086727243,1905954073,1606149495,244388781,391939009,484587501,1640000395;1
+++523486246,1855818166;1161170753,1032032019
++++1081748573,574798739;1234519602,1808438313
+++++86879568,1377554760;1542096494,680990303
=====2037670508,48952104;942302255,1253614434;159285310,831940576,1554612967,1032195149,1460509249,1793793219,1862645964;0
=====1856765280,478577584;821520477,910362299;872851181,332801620,1036571861,1192594183,690147856,1045352773,1472422832;1
+++++910254468,1397056113;860373706,1085312509
=====418678601,683516266;269674635,1753270151;710629349,843033654,527162165,263066852,1102024363,1647370113,1819313869;0
=====1024843432,12515889;1468470903,1910953499;2031540970,1499533212,1558670309,103051268,1301778291,1736503675,213813507;0
=====1906252500,280161966;706153012,2110844315;190981317,112540585,912417732,1979115436,496580215,1227922232,433615940;0
=====1293845347,378651154;113226537,1656713269;1809552842,1118048018,506982831,937916180,923970564,438180590,1016353721;1
++++1469597708,1290119667;1338479211,768546660
+++++684219375,1610967256;458188924,1902561068
=====1384767608,95884402;819295067,493107455;723802632,283222012,1521743406,1867320660,264687844,620658571,720594618;0
=====1955106941,1251615678;1005582201,911183966;785327151,1509481693,1829076731,1470906735,869484143,705505254,1419280111;1
+++++40259076,905284678;180591076,570031698
=====1329481755,220387364;1033129186,1595848638;1531862729,1833126482,830826767,1013112311,1268304616,1269562798,1438600132;0
=====727279065,313867316;1484123925,1896020103;1909961534,480165740,61313418,1333095678,1416431601,1847857623,1478861589;1
++++1466687794,1852836636;72289979,2144309516
+++++142160219,2075818769;1471880311,1612795802
=====222886113,1884992144;223364792,1878691933;1563652975,2001977674,1542483992,368396146,1411393786,1210169541,1753151526;0
=====47967559,1084922106;1263434042,473828269;653369946,278448011,1579835857,1298993784,1293992483,1604185952,1530788022;0
=====457524937,1594210959;790052678,2094369995;1967824816,1566641589,978045928,288737144,1673861487,2042373927,1465520570;0
=====1350699870,103795229;512966856,1003577731;700208836,971054285,836699006,239877425,1126832227,1499322414,200600945;1
+++++1095084588,714517557;819500174,464117344
=====2121599594,700644106;1900811635,1110852727;992543871,1422979145,908626773,1020187548,437464924,2127711631,1644456530;0
=====1567491109,1305487807;2131665610,2040640322;1112341290,2074823025,1552180916,1711692906,1482043243,420690531,593861025;0
=====245601545,54844788;1830535121,1860829185;865662352,1730607851,572582534,514946323,437313937,1317646636,1841006787;0
=====22610742,963710510;349556582,177378995;1493072986,1631504755,2112873728,1101294944,1290510637,1422809709,695635210;1
+++++1883663668,148125980;113336499,784897936
=====1249559281,867331607;1335116814,1469449002;1650219870,417002528,1663352764,686118587,1286207219,1030695829,1807892231;0
=====1164965307,679213351;1694371624,880510881;516658591,860079746,1570505567,1117214745,285382706,1127011166,1097993543;0
=====165412635,188446041;1752504348,1250880729;805054874,1376209795,776344010,1155181720,1054671476,879333274,1205137811;1
