7;5;4
+549853972,328436936;187797875,1135229555
++384513930,256645977;1400481950,1769301543
+++279568037,1325370916;1182409442,1334443026
++++1747001829,1764794549;1866255691,187362154
+++++1668846300,188739549;1984715383,2048469088
=====360019480,978221181;912020490,1584298090;1889865811,1371890901,1589690934,368829666,1620499849,613211038,983594233;0
=====281604599,862904439;1251095469,348037954;1672437170,84834916,1915267240,2039010558,33588109,40544166,1726378086;0
=====2013588357,430865963;276500613,2087943518;1214717914,1555532283,671516354,1991762808,1290717752,1039948130,317352223;1
+++++441910474,431227276;1323785047,1421258275
=====1404128232,1041426293;1285471942,143730173;210185835,2133425124,695434773,1092161115,858961249,1803916120,1842272773;0
=====24025331,835165077;770668110,1175116315;1214973832,1908367148,2090866044,1028837738,425101934,1782934325,1308235430;1
++++434550657,336166627;2075896842,933091147
+++++1092037767,235988781;1792171185,550847814
=====1409195568,1149635232;476799854,923095416;1723122847,24526726,1543246299,1029012819,1370320029,1072448580,2101568414;0
=====32384398,1594941887;798376944,1566966898;237168217,655040011,941278002,866482517,1665991819,650242900,1473122894;0
=====491223657,152239840;1605623187,152822455;836840319,125249373,1181187069,415040350,1300907583,282111096,848512556;1
+++++20792573,204823073;464950102,532648944
=====173821295,1335549819;1196418262,1194439626;1206331599,1221302862,1477516703,1386936152,1920241098,968707161,336948511;0
=====1285685127,34137156;918795205,621352709;1989037238,1257746672,742804424,786004307,621380196,740033252,932829354;0
=====208544551,574351799;97800174,601388942;1220336824,357470437,63444791,1987518871,908246045,1928428142,1262620549;1
+++623901469,973333238;1860074237,1850660360
++++181196034,1332285448;1159825530,16674021
+++++160899648,364555038;590146381,1438001140
=====1098228648,1196962147;1995953908,1843333252;161214843,1073149538,699644992,2006564677,901570927,786534307,336996920;0
=====1094924856,1923123385;1140047650,2137810404;680836388,1922419930,1422924683,1773643348,1993376407,525995401,1231906295;1
+++++708079049,1954956366;206429987,31188622
=====392798586,162332472;911254648,1612986662;1037915266,2128367304,1255470064,1776808184,970405853,679094421,661535117;0
=====1641389201,1609332414;862803031,1676969571;930160638,229532765,52649906,1175273574,1317149177,1143841453,1925207846;0
=====222062501,1117727411;1121427314,738541442;1201734707,1304067264,1175544183,1757977192,892968415,1775119875,743407661;1
++++1497710073,1740738063;1886789373,907646626
+++++1852554424,1652888333;635912975,1837921293
=====1098113079,761775340;270480196,1574327467;1949460246,1159110192,2049430842,18386199,1837498520,86876532,160122081;0
=====1679918673,1125001108;723799070,1932451936;551963620,170029995,1335093384,971700316,364187614,1129694566,713706325;0
=====1941862581,762908520;179070069,2081134957;231671008,1793177204,1049596332,1510301363,947940395,295286809,2076121989;0
=====1438093696,629860911;244993652,1242283042;1103470926,654916312,347297397,1536438522,577715064,2115578628,1528452021;1
+++++1840296607,159367372;1962673415,1525868684
=====694552833,1262674780;1670394774,1773361872;1463077242,639638235,542580170,1040377003,487836927,1168073256,1684801958;0
=====1913290239,634199054;777599721,1884767230;1500200041,1829178580,1368190014,166548356,1136492145,312872519,1900141363;1
++391845208,159473429;370873858,1246836533
+++671559246,1174862578;1297461729,848559188
++++31742662,1766729347;1742139541,1016434385
+++++1223665979,583789248;1547632583,1748925462
=====786814536,580414787;624607943,1212566203;2104944325,9714614,1426840558,750731119,1809462331,1162242650,1360190883;0
=====624981617,475681141;1245004486,663684665;1507496098,1779206820,1074503723,1189797399,1803903674,1792473927,1783181325;0
=====130284086,900472058;1702913203,89920317;1557988692,276439821,149558529,1890352825,1121285783,544305206,1025881947;1
+++++864050814,2039784293;1147214390,1717629899
=====482533517,311092454;2084784460,79803601;1997496847,1846320242,1091788593,1530206001,2073691979,1236394953,1775428781;0
=====324811432,422439588;1059046755,1835822962;1426504866,779878339,68409732,1213889275,1826127354,145569070,1851964479;0
=====1555928520,775303371;1237916552,1274478319;2111850236,66418505,1779298631,1852359465,1154650081,1352105331,1525567289;1
++++184007440,1823584212;149699452,1394079141
+++++284383789,2017001223;668272220,1600454087
=====1209700932,153686876;13406395,1632936593;1414830392,28005678,2095046755,308784008,1093803918,1336707379,664367325;0
=====415734478,1083286814;205378214,1252192325;721048828,435911694,550452879,965313309,64975360,1398009223,1997464704;1
+++++1148073713,287233935;469292075,102131814
=====652969043,1622858564;1961076232,1129785148;2063015281,1639124903,1843675069,1069609664,1851564650,1240494109,157510274;0
=====1724832693,411175197;1435294706,1172868618;1465401324,484309040,1552973418,1735474743,1292790012,1565669131,1143481342;1
+++1901820215,1267297485;1363150009,378090192
++++2008284476,1037048257;1372908474,1826372641
+++++122946635,2084343008;265051680,2005740757
=====816709357,796522371;1866305702,1694676285;131396710,864426191,1788775575,1996758915,485452536,1371874114,1962246757;0
=====500809426,9361597;1227542645,1238140423;1998875979,1994986019,1205866762,944718979,748900245,90144595,1647339577;1
+++++1486424729,895922110;824011351,1473358704
=====307041891,1041652307;1575115458,1250169847;944069172,1994971689,1850175284,1874711672,337288927,2086404959,1045311735;0
=====1997714338,855267300;707835246,1077149605;1120676876,185628607,445885905,482038453,1707264928,51586131,1354657190;1
++++147451911,348497403;667824570,1527691716
+++++1803566575,2020983445;1306013963,1948896365
=====385625432,463290914;549506749,1730389155;1088359361,818257877,249998857,774508309,1622830028,1995145164,220759251;0
=====1974032884,479163505;1644034952,1993521025;578083798,1991350368,376267446,1683333446,776553298,1473346189,1354008175;1
+++++183056583,2046674392;1770282112,1562819840
=====2046720073,552947329;1778164231,373718807;1004410013,1440602836,1322668801,170304754,836613358,364770955,1680205659;0
=====1212835680,2008005603;217902783,34678479;1536118376,1830967341,1383535090,56423915,2076537788,1869047970,778472140;1
+482002633,1110658810;713890886,1199442689
++1047789071,200695167;759959057,740552863
+++1537299093,140167581;1200642420,1641967183
++++1485118657,1481710602;764413387,398295177
+++++1313813299,1890350865;392812621,596404132
=====309230038,1912262684;1000034487,1306497965;1119160411,389628884,664154396,1423401675,1112967982,128662031,1851148063;0
=====1901562524,22477911;398173498,371024376;1992441507,652743118,1389753746,344447981,1402245376,1782156745,814687957;0
=====1767859873,850633534;1456059789,650368771;1107529444,1820886739,275424528,972842270,932933940,399722403,1544174312;1
+++++1901624640,680788895;422874752,840817820
=====449261193,494904127;2025744386,1003520499;381273764,2001967026,1860591272,1898568781,1278247608,616520080,1737342418;0
=====2105111378,1192580322;2001119599,65187923;1498643020,1688038663,602439423,805782739,777575090,108846012,1572380192;0
=====1511730286,1101087730;126221029,1216342867;2089056770,486073853,1442940358,19760006,2031565920,1296000493,540358137;1
++++216063219,1665425093;868308148,1142549732
+++++1746107084,324364161;698727344,1639862914
=====487823356,1217290797;1015783253,991058317;821039375,713914128,1866377428,1533774978,1712081235,554735200,1957403973;0
=====1222092995,546699351;597808745,1400004257;416677525,1683125628,40849055,1365167131,583515100,1864855639,2138072379;1
+++++1826051017,972165392;1142643717,546887033
=====964154604,215504859;810677939,283156930;1053657012,1550808373,726048019,1362693169,1369322574,1074537149,2098225242;0
=====1505580346,1459594261;1959621497,1303750079;1886035965,100881630,1794174880,178054353,844477466,369723676,399400393;1
+++++1425794786,1337527792;158382804,6835153
=====472461250,817581689;283723311,1983981026;1986713198,1458853162,1501101350,1617101410,55986524,1917210934,104996744;0
=====740781668,1398551668;42560845,1509562;2006015069,258147693,1493319661,277610338,1518501991,1349898991,1237168582;0
=====549191860,430936268;2063360596,1832705168;1435167578,438375934,1679476053,1658265428,1858539876,1567813206,1046052758;1
+++580607704,1301475937;1664845617,1482617206
++++257476469,1475303455;1660021210,794455894
+++++189627586,26591779;128185910,714060207
=====1884411944,849804561;672148259,1594051802;1248049510,1382747147,477799152,421188322,1160580309,860055892,286194736;0
=====684643110,656374580;405279308,586772769;583085117,805406944,1781565585,743976525,1174660800,353363670,1562397225;1
+++++1745750236,497956961;595922857,320190475
=====1057652717,36624713;1316280026,1385584631;1403213250,692145430,838897406,958004964,1425048873,773920662,1005430704;0
=====1704636351,1861374271;539974668,2084044903;942967516,1749249546,2043276165,1409825600,1228519684,575260067,1796045615;0
=====1317208037,1875729923;1457125735,1306548630;871778928,761720571,1058581630,187527815,1165155348,751082651,1616237579;1
++++1335050425,295310463;1747976586,1268696187
+++++1090239464,955652187;1016707187,1093870278
=====1634787419,1498659311;1194877820,1636796265;1318099761,290091429,365594929,1017048985,462434874,1983168544,1394163836;0
=====608472956,595465136;631343660,1635443541;1631345604,1817406272,1175029641,1114314567,1141752890,1852332103,744804905;1
+++++1308872182,2026308697;965112478,1815674217
=====1758114324,917705828;939914,858932382;981526073,340207787,1039941341,611363439,1719846656,612110748,692318207;0
=====1943085970,1716430109;851518021,2051275605;469323522,1683580669,1908473678,954489290,498066966,353821618,215226039;1
++260588054,1539127737;1210416591,1427648517
+++1750362539,236057171;1109151497,6683830
++++595062393,671517386;1655584872,251132093
+++++1809094912,1930057304;142266664,1920088351
=====336911621,354529;494207873,1822860768;458672843,596200127,246671483,846947356,1375641453,942370155,195424638;0
=====83475667,1663575879;698195302,246547675;838082742,563094851,4055861,325666258,462918177,1400735065,1613079717;1
+++++453409834,768561013;598862911,1162966099
=====775371332,2092200622;1336922804,1723732503;377601133,646088062,141501224,1863412144,942017530,1926518374,348771854;0
=====402804306,725388133;1392102511,1820439539;361687672,1989129331,1068325671,1509136349,152665986,1320703157,753576250;1
++++1812050423,362087909;1509824317,665581430
+++++90689683,1899542059;329888869,335000686
=====1183604950,1183967840;331282140,1665854107;1912612903,2030940037,1496424644,492147468,304999277,373756412,1450061617;0
=====1939236736,1730765246;1276525740,1983326855;1973315021,451275456,1013068713,154816207,1624953824,751214332,1643981316;1
+++++1757031887,223194770;1556283398,1708624761
=====1605245547,1502891552;737437042,1319395066;1795145950,1638026133,491001633,1620805314,718114463,1297229826,971188741;0
=====1239868909,1824825329;1445124523,808966945;483187344,193415635,1463667602,2016030078,338100435,14146785,1674605359;1
+++1266506179,786650778;1146099878,1091562828
++++1910957897,443948515;2007310837,1368028105
+++++1355664373,1850128945;1505272913,404894793
=====457959506,240252139;1876274644,1970037863;1578520154,414384931,1839487420,619431178,417707352,1266712927,1465931043;0
=====1794903344,586123742;765365925,1316355189;1842177106,1692307308,523051470,1017461857,392915816,889181197,186689703;1
+++++1827471446,879105370;1534687550,401175595
=====221491182,1677528041;283982781,1526580403;1847633360,1215255817,2095836840,1222230435,1325968115,1666670717,1564612791;0
=====642172657,1686845463;1101838003,1888521071;86690362,961318476,55589108,831146431,2109356499,728982360,679415817;1
++++2100515247,443155377;1412764936,337000406
+++++482483001,100460242;1174193159,96964659
=====232285281,1501995153;1408102057,1759346691;296884729,1329623989,729058405,1975290515,2056177774,1870877730,1979233417;0
=====937607957,1478377103;234519134,2114498840;1676120388,1224403375,1818841869,1663210111,318446975,631100237,1067186340;1
+++++2141019418,1857470058;1921273721,1641178322
=====148653926,1858936840;1304331345,1257054969;762633032,1837315789,1708764532,1324756783,1808691555,204461796,930726997;0
=====158564258,261595998;819145771,1872655852;205413168,1687207870,1311454001,424693297,2009349614,351002536,1666607774;1
+1675563333,406311377;1544238004,1724766917
++1021560777,1933939593;529356937,1349674154
+++107930576,1125327566;1566515679,1926311327
++++909439857,849793276;168285067,1203328469
+++++475778323,1748200939;1607986006,1694600985
=====431090752,2008650034;1951249017,1466545216;105573001,1599521611,530401432,1806132057,640006642,1559764419,1621746437;0
=====1006824143,318817451;879004858,1056943032;1743990966,1155826564,344611305,1004802517,1091636887,1631239658,1497684608;1
+++++916345308,2114728540;955727546,1748307901
=====1546105967,1859163679;1578021989,2017531401;1214784843,438568660,847627110,540814237,573344726,1474006703,300031271;0
=====504543487,1341248743;2008271143,724334196;1656000395,1385772649,735978638,1862737140,314222446,64958549,1802059197;1
++++1421008531,2118056502;1334928749,2027332763
+++++2109620784,1971393264;896218229,2089351038
=====506929634,1901461237;106084857,1345310567;627172530,24383706,1260480023,2053080065,1302449941,1513048419,1765845174;0
=====1450546599,1798080105;1712723806,1183227359;583751521,1948019939,1900602091,1844446298,772129391,719525354,638079288;1
+++++108364316,559150273;1436986809,349611254
=====1848731153,761877761;251696700,1702994970;977334788,47166181,350404077,539990278,497705339,1844444644,2078178006;0
=====1501380166,700601953;667684759,645775098;2013983194,1444484436,1402208266,640611290,1450266511,1021335969,1784141225;1
+++725127656,902862865;2076891513,1954633026
++++212529625,1837194552;796354323,1419197065
+++++25953315,1541927927;250314735,2081379737
=====1275942141,1855854218;16906388,150484700;1323975656,1218008424,841333740,1639364369,1703548971,784421188,169889390;0
=====1052273588,633706926;469139940,321147504;1189444390,1632525742,167868361,469171670,740044508,1812742437,1667246151;1
+++++2059506354,339522653;1289738341,1314135855
=====139630673,288287256;500859322,1782731983;2108308288,786304590,1865097247,705388115,1149784414,240986185,947571852;0
=====889279316,687094272;151224510,2069419840;184132045,847565805,216113843,270842537,1873187167,1996469971,1739483380;1
++++1784064492,297061784;2042659894,1403418406
+++++1858053718,204065510;1689147776,1905367864
=====1032251203,1017202035;1113455525,1644607996;1789356418,1542825833,305971363,1710650823,1743924116,413784739,1933144896;0
=====1505164837,1318476256;676264084,21211795;171643316,1946041662,1537238036,53589824,793339800,1069829268,2134748098;1
+++++52368217,1246666390;406755979,29551063
=====1786891654,721854502;1796263453,406389055;835837461,418976042,1986507327,1115847443,655083145,698013148,1506948535;0
=====1047563764,952557183;1942931290,2078280397;1995113783,1826695291,1807682536,1099768909,1199370547,2120576187,763895360;1
++1131161225,1008018248;2128047962,820539354
+++1371235624,1943948617;197863156,1730869169
++++274723874,437145605;1064547416,1382735217
+++++305952307,1293297316;1203001144,605558335
=====542114872,613370322;183420037,988998377;1489231486,661919032,315511791,154891881,2046182193,1314518974,1344279367;0
=====1332015563,607124907;704016467,910429281;1009496300,643436817,2135989774,571271115,1405106136,1684245452,595710840;1
+++++1987389538,1777553227;754051387,2072916560
=====869194082,1719171723;1608592278,610384159;1082774501,1597994632,917469247,306561561,123626695,717088795,1629059639;0
=====737367236,214282670;1862561059,462463007;1229026351,894190873,11599916,1051119671,240244439,1226508812,1404669891;1
++++513059062,251785180;1412932897,1983686974
+++++1232904711,1259117373;550574291,1439941867
=====654580184,14820810;207763396,1336626276;271412187,615181319,144685447,1657843723,455419719,1512460323,651841021;0
=====1116959245,1259162964;1492796678,976595105;1038547054,1389292317,1954742416,150831552,1438765341,15622132,1272410562;1
+++++845807675,1293419642;1978637216,294036531
=====552026402,95962090;2127780382,580290194;735568303,1568568110,706688237,1491828516,667023858,2003179972,1778769234;0
=====1876243981,392104813;1066929325,1360316599;1118319688,1979028500,1333573528,1713292645,1595023031,1764884602,801211737;1
+++155471086,1538800926;635232092,1282962142
++++364349826,895409012;653775353,1875507700
+++++1262050870,109841146;647809418,1193819845
=====358564524,195456130;1642534169,1980920311;334872414,614384620,934330175,1206981358,1766026691,2119783657,302880223;0
=====1316864545,170775234;185190222,400488082;1663033411,2058760801,303512951,268395588,528321413,1271884902,943902469;1
+++++144896071,1897869582;1432913392,794371604
=====1727558076,8787755;2085626450,1666144434;816251832,245763078,2108687144,820241793,1049012396,22723572,124957576;0
=====866909729,1461255577;1185649739,1001989181;137029300,722953874,379240709,767144211,963797692,755480573,68639403;1
++++360883861,1426955238;611380615,1717867932
+++++798825174,530436520;1223735220,748784046
=====37807478,1087108234;1303993313,1271657911;398132393,169499437,1379288915,928234842,551830501,1685179097,1158104596;0
=====1270311593,941292025;940123619,1530312630;617038705,2094058792,372642359,1957821297,2035203221,1223545725,1627745867;1
+++++1692643898,1314406714;846036460,222262079
=====449736412,719727861;1264727399,456679441;1704211683,1522663119,1253245196,761507451,497705684,1852212818,1767095612;0
=====1467799473,1644739500;1728910319,1579574609;1800847345,721434411,1866781282,1645527729,847300513,1519879286,1499211487;1
+++++1694310800,1780075344;327368997,736213941
=====1555715734,1949791010;1511498268,1470243971;311161777,1788068359,1563489975,2064407115,407906107,1382212594,1064246505;0
=====1467011367,73620086;294838142,1457145803;1957228191,1527809746,187003531,889841793,122679701,182632113,1501654461;0
=====1414261115,1362371818;1823643516,650355969;361188830,2111463824,922290520,1404331646,479870836,14281637,316191600;1
++444442565,684457760;1462899443,640495518
+++1645897111,396673645;1090321127,708263634
++++225420205,1693151026;74675700,614559695
+++++610652864,1939428074;1140375966,971996313
=====2047185981,1929934057;797568186,1171733581;618983218,31494667,1730651658,429899797,265959195,1764871542,216870917;0
=====1863339177,674722006;1144470967,1393347384;1872695360,1397326268,1504080176,1218965783,824012489,1593728046,346943363;1
+++++1204888281,975738480;743823742,1278333980
=====1259746787,1676839793;918115062,1544034425;125434025,795315279,1031009598,925620311,227344436,1282484922,156960623;0
=====1550402851,164891968;344703541,1687552146;1369327176,47730067,1176216820,1600520909,1962944212,203046677,1456966445;1
++++1557545216,173088609;1727526707,567431663
+++++1061599765,830739470;815447676,1298683963
=====1245523554,937507360;237577234,69477173;764779219,318674995,678485258,2032038124,770234000,1130514783,846530439;0
=====1251964364,1551029375;841598231,332996679;1777772516,1699769550,705316707,1110091327,687453548,2092240241,243509912;1
+++++1751740154,1857366428;1631020173,1624311398
=====541060490,147121573;1872915572,1536467896;1656884243,2085408322,267759063,122834995,1652036945,2092310728,890096607;0
=====1571181945,203132670;1506593430,80645480;1927186433,1968426218,1010739266,404183100,250982866,1515255647,1017124990;1
+++557174680,1760076504;1029676773,733714734
++++1139680043,726010730;506366957,417523573
+++++984584060,158642953;1198608423,415122189
=====1801496873,706356577;857686221,1674644063;1024223387,1267372423,1624315643,463113014,1175186985,1951315342,313546586;0
=====1463304314,276875198;679182888,1734390682;370204028,1726396410,1414058263,393631692,312485368,1977295682,1816303009;1
+++++479947549,1609669351;1859124411,438394290
=====1071994216,1903293966;1287314005,1538263550;753633841,38946252,1474648146,1753776907,1011916204,1290951318,1055856630;0
=====1849302410,752173754;1086781307,808297990;1142229323,1388348122,1486549601,338301922,588977970,672717055,1039162672;1
++++354103212,1355799445;1242216869,1131608609
+++++322661315,1466392975;2129578607,1208598634
=====1051967221,858405081;354740703,986894756;337878729,480151663,586048897,1196034705,1101384673,427589760,725637111;0
=====877997491,242452276;1369045103,2133163712;1541139638,826442627,727003497,1770156074,1822990203,908877566,1216059608;1
+++++2034902223,1784439327;1346547576,644556874
=====755150629,826385438;906568761,483068037;1049213018,785790105,71993859,371044137,1205720017,861026976,248594880;0
=====1883317717,110085508;153782286,1881017283;2068386534,143131740,869813085,1311983668,328334352,2111027486,1020098392;0
=====795951865,937966468;632653764,1549841842;1639004340,1885274382,1744858250,928301334,1983576560,236850657,72610634;0
=====1240954991,713996071;869875458,1917285510;726197226,1106558578,865082104,607919974,1350393073,15998066,2007463478;1
+++207379696,102353669;1617125309,1605256702
++++143466170,1833912772;133375846,420121367
+++++1482874976,102828360;1058486574,2112471076
=====87731557,1488387819;1938340468,569943767;300296367,957698241,704165270,765281956,1642229068,856936030,1315579152;0
=====1391981998,1145396309;308340668,67894396;1173552493,1617611573,942732912,595350617,1394660389,2000247494,1858603666;1
+++++180006333,1973772759;702992138,1121378861
=====1944754042,1807585094;1864057301,1077141739;1425319963,998757275,1685575243,1600442199,689525546,854335771,1397745935;0
=====686979574,177050603;1740035701,1840548442;1819016941,1520912543,611386696,886957340,901954245,254651457,204657969;0
=====318068516,513494553;624150081,772350953;1337903257,1569332003,1876657730,1366364744,546592178,301473959,65796920;0
=====339614979,590541028;210520417,1379639275;724091750,1997016451,1563584504,2141172531,129795897,1276913354,1889278566;1
++++640051501,1821813734;1381745970,1146096280
+++++483762956,187766960;1992103473,957306600
=====1582509503,764694912;1502151814,133936726;624575843,853584740,158971414,157467550,1698907530,744675167,670703890;0
=====1407381462,1219377385;1356656399,257528844;1585582438,1562592314,974435150,903193333,1686773406,766092831,263269019;1
+++++1866164194,1379253123;1697633688,406738911
=====1236966555,315067428;259680172,1582662469;1751558970,519682954,1464757381,544699342,1504974316,665969424,884942962;0
=====1384414453,1302279468;1829538974,1253474003;134236848,1898921768,64325072,1765728155,209352652,673833644,679181156;1
++++1867823350,2143587490;254846532,686512209
+++++785085850,100243801;226651477,1450334930
=====522283917,700088640;1414105683,2007309983;94174391,1371439811,2019593580,48191868,974933468,706096748,1480181463;0
=====2129963667,504753725;1305186049,197792076;1661078158,1793799024,1704995930,606768905,189371050,1990346510,131906111;0
=====392052212,148237657;140790444,784733126;2067273278,1198047948,595866042,613332612,1572042603,337447749,717430441;0
=====1483752852,858351822;781709743,111348181;1199470321,1385029695,1401814449,1150711424,1471811968,241745539,1501837738;1
+++++745728687,121853124;2025543359,310566956
=====974962403,1426131988;1873912361,698378600;1659577446,1583010153,689273818,635590724,295298758,1893163741,503434286;0
=====828155808,1676454915;1167522256,768663935;1457579195,432407880,284946768,1418314359,553869657,763849181,1387654111;0
=====37785786,1480530858;1848830899,353347598;325754677,139605631,851486028,1377592456,1806271774,1689661895,29111000;0
=====1557687503,256474174;1356704397,49755183;2096391547,1903240985,786779923,1543288966,1828237475,1077530778,91796200;1
+++++2126732709,802517533;2035609980,1125118435
=====2123969163,1340847465;2078728014,1104243539;320462398,1484119781,1023786110,1791162448,1144553377,397643115,24962920;0
=====492446668,1847357840;1874729676,457909171;984420740,737120634,1417516323,959293938,2064056200,463524861,2036569478;0
=====1571730586,2004242376;789238593,2031369216;1215653035,655823938,1559228623,656991626,1418607157,1520666005,460811014;1
