7;2;10
+906843502,890768000;500137554,2095935669
++885203605,1813645713;1899656165,2063003461
==1632758603,324560114;613610721,73710774;680616551,1173226641,1298570074,1146863287,1990009622,833052751,981289047;0
==569801504,1040569761;1162578315,1886570079;557194214,1744559254,1018815565,387314023,1162193415,1674617148,1026245450;0
==1460350531,20410577;1060380218,504038411;36459918,1080408818,201092427,879051492,1784970069,1937822709,831228622;0
==2069211073,343633565;128129324,510072738;900882404,180602209,1804741240,718851784,584707201,1201369736,221672191;0
==489256283,1256729468;662544330,1040239902;64446686,1377170862,1004672792,725584337,877591957,958371790,1359783578;0
==1104563642,276471178;579487598,563788884;524754282,2076708920,1974029427,473719401,629457825,381041447,1986633468;0
==1084912867,574879065;260200169,1354129917;1125268055,1778950897,1187630437,1515663612,1916331433,741638500,1828678558;0
==1089549015,308493358;285515685,2066086716;34793882,2101803421,1561866899,118373796,327599064,549604959,1898699709;0
==64091806,178109621;1709532802,1526188298;1071967351,11174333,1685968922,1747743406,1937323753,1198142661,2098210309;1
++1195387440,1731762586;807581416,1004979644
==2136669227,1978928619;1747962722,652358053;2016226615,1848722527,988745743,486059821,1603326424,1030790503,1199805615;0
==1435692400,902384857;1061718941,360864553;514721199,544075965,1466756829,372303175,1430498249,73284397,1485816180;0
==479200217,376547398;222943106,143386768;964376720,1775507887,1810201410,1433168543,339933692,455895821,353840315;0
==1160485841,1300405808;299779113,869878842;1546126611,1158406179,956453203,630985925,835362376,569455237,278148969;0
==1131193394,523684615;630519037,305155611;1603362123,723605043,674468854,1867511200,1510848555,1975967809,1279409112;1
++808799767,1206769737;174155273,43025267
==1534459177,1081746757;1633556750,1331912824;60766001,1086061305,623468755,1439959361,807804186,174360096,1081336763;0
==2109543682,341870153;1878747015,685422626;434269902,1380625185,1402882022,410690277,688630386,1680779689,1677161703;0
==1267738477,59141409;408465922,1292121487;419725095,152895010,614858040,318151276,459102236,866886536,914339218;0
==1548888759,1953943665;41886596,1598568035;338883935,377286742,1992712803,708305244,1523563270,852970600,1396770025;0
==998196933,685605073;130286608,1217801634;2144397701,1448212300,1354795696,1439287877,1443770756,1720318810,269181116;1
++599180955,156751674;1196708294,1555993579
==932846213,623006769;1172248446,407665442;2081185694,805563649,1768222779,1724224579,623904975,500761836,517999677;0
==269188262,634921955;159811755,1165617256;1756837597,2118505940,514897632,573118888,1886539719,590491691,1170985870;0
==540907310,852004558;997220043,1572900075;761818823,1611676061,659693469,1127089264,1204232314,730590033,1262516044;0
==1291243470,1782628073;1744217519,459875726;2060025715,1322030195,1537967798,1970835010,1919765774,339039208,1508654301;0
==1277088988,574574016;1408983830,333177057;1385634199,108136575,1238328813,166822919,1123054467,774094830,1137759914;1
++180994320,1138134303;203398979,1337142405
==1774792075,1720333115;847071375,310352345;1446565078,21321014,1239082243,619453928,1931551842,619449664,1553594851;0
==524758470,1917806206;1084399567,979453442;1636891640,1442408588,1716942576,1453897149,2140838310,422612010,1808338576;0
==1267324741,1539841194;565359331,1747751832;2001785595,891233685,1617323737,614317480,1218794328,1253214644,951441185;0
==1277079342,1353972993;899884527,1854499814;676605122,1916308138,711674753,2001673110,1279353522,1852826755,1655213961;0
==1469842777,946122476;1103393092,1293551116;373440648,90823964,1375246385,1006406659,1746572857,1462755753,2101696379;1
+1756296888,1827515341;921020914,36616955
++1555533302,166485041;674534315,1404955073
==1852054760,1132702181;1765989249,1490115539;31439891,906572367,1250132002,567567824,1758371493,951417438,573205671;0
==301060967,791698179;1452281103,1795536239;1002590753,1790309583,1266217200,1332971080,561039931,1601156700,1798169462;0
==19962862,1745229878;1608910290,1540441993;352031768,973446518,1017098278,1623424246,1273607721,2058572155,1772832836;0
==1294720861,1679714228;929163794,2002708099;475888174,986404967,470353266,1255410278,2007653537,2135504499,719609203;0
==827723570,1080939342;1974914377,646819181;1484045123,1986477491,1777410454,2086928850,1370222257,1560700254,1084425126;1
++1007011319,784118695;1178426831,907346220
==384808951,799441902;649043543,2053426224;1459244955,1341676881,1841171702,1830101291,377393010,965823287,1683061579;0
==1126882004,2017630692;1852930971,596215710;29588797,1934952733,300349305,181785181,431281326,1635746009,1488349841;0
==1166107357,1672954600;852525457,572123366;492831402,1171880882,642619465,1370354411,1115231806,182602248,2015463729;0
==1714049824,999695429;113175124,859919564;1166084518,2107206672,496406284,1689218693,810779668,1430413237,61586652;0
==690566868,1920314199;899905422,1033321500;291809013,1883675971,1633021185,1209447135,1494947955,1290377762,728558715;1
++942877493,678637718;1103542590,1631582706
==1575619346,2017725213;2035518549,1858594097;1998786275,1300898491,113954171,375182200,220401135,90567090,509183870;0
==1065971027,564369122;1917290167,981812220;753578712,912372102,1137124330,896955658,534085704,639766840,1646801217;0
==1244704170,2095080759;655264667,823105180;339249777,504715855,581163980,151754104,2078320830,1364581495,325578062;0
==31354250,718636724;105370836,1060253723;1354761486,540829674,848186844,2008938611,756719980,469994917,989336396;0
==1630500913,780056011;1944746897,1061274659;1082438171,876142706,1900384642,1076662450,1651456331,1959250700,143421961;1
++1449102434,68895961;753475515,324196129
==1863434785,735788076;882791654,1045347631;794180137,612181619,1338371570,942038720,171597696,1308817953,901604724;0
==400219532,1428259795;419788580,319615862;897268194,1426721617,869051739,1771702571,896508161,570626316,1416462451;0
==152362133,1598569396;65152871,1353295534;1322481194,1855167846,1306135284,1983192987,1135612494,107411286,2102154405;0
==237745694,1533031701;1874008984,1752476563;1449481248,1315425550,1655442231,1003697585,1740211665,1228039721,1837626916;0
==1388316245,1183807850;1861528145,1411526090;1518922661,1780093981,793673756,285136368,1812795591,2000927840,743428170;1
++1842682097,1367940216;852175135,2026333691
==1686100657,1282104398;974887551,1551166747;366271667,1763115270,1106485455,255928128,387927277,1462824586,1726799768;0
==838039053,1244856046;41581107,225539193;309420554,2028710378,93099614,1229834333,866076150,348424778,146089201;0
==411221639,1647223483;1623690402,1402646117;814702084,734775514,592344249,1685447026,2018616199,136595893,714078254;0
==1486696135,1180834047;693222198,256674728;22674253,916178389,1221199170,1730817387,867032976,1921455554,1993349435;0
==267812807,1921115150;1894585968,664253520;336569796,1054702981,1583858883,892462885,1454521683,42608852,1095752521;1
+833894091,1351185726;1545262717,1514084970
++1426984655,923978237;1867511852,571736919
==171295861,2055239775;586910652,2129429157;507035828,1083392889,981818986,910990724,532283400,799946873,1560140723;0
==69141242,94405544;682646123,1412966030;1752012695,1443108397,2015487361,967552064,1807543039,843131703,908696132;0
==1161828512,1817160486;1987524266,1276363136;500215564,150189431,1275483854,924801375,13882005,838206066,1417856761;0
==1122940463,1732466585;649239699,14610063;1447306672,172571272,1050340671,2113158496,783345534,174059953,2001524506;0
==1686704246,1998223865;671977025,1972679535;848986739,135881374,667524590,2010488429,621362333,1284607301,1476631544;1
++390135610,1000624778;993268743,2020478947
==1817629142,1381848013;1734122466,2087649706;905825229,788977008,1504618489,1500510648,1130921317,65647140,1021198952;0
==380453816,1913649408;2125093879,1372259633;224982744,1693912563,1522583367,44047979,519422704,1533489763,1954453006;0
==896040135,1636217852;1645876329,1957166153;1694638917,620290686,1041794035,1420676969,1896951933,1611963383,1673762602;0
==255446114,1963965366;1908620112,2035048456;1441737732,1346843869,446556517,877885853,1784932971,1209239933,698890022;0
==206235945,1148807824;1085253460,1389821518;1261147744,642111708,1029882784,2028292825,323595147,1680539041,301483296;1
++706054999,665933317;659265831,1990968824
==79824428,1406558833;226461543,1478095278;619855978,1725281468,1712663046,1186901088,1725946738,353520038,398049599;0
==763538318,2081122024;1297491121,1589785880;1547560642,1101467414,912984506,960647431,274078058,1925259644,2110604224;0
==1734754064,347434092;422353340,754644176;2068960297,15649776,629727263,209589233,643124378,1417516183,961011218;0
==930154245,1011435633;920228516,1836868401;572061610,2037253184,842517473,557703253,1930764323,567935809,543161471;0
==1860371150,302730594;633779723,809751427;1464693809,1752928350,1429954413,1643946946,1402202813,197102527,1679950177;1
++87996582,2105801521;2115953989,1963757900
==1565095662,1318257589;388308006,1402800336;525985684,927367003,1578078911,1381666894,2044987270,1975802138,399021220;0
==987620164,922912182;1234947484,1387113186;1708342618,1312270590,1070411969,214408387,1063639439,757032051,260581248;0
==558138596,1178889039;1785882626,1899966491;727751436,357741309,544776815,1015566943,233359854,718749182,1315666301;0
==71542887,860095060;929431874,945240841;1214886182,1895103296,1159050824,436243623,564938818,1214383261,1252584148;0
==536504235,146266034;1219994640,1679997136;41197773,1211083802,1795324844,613896717,1689799221,1108195809,643900950;1
++169354041,203077501;1490474569,621313995
==403222413,2007240452;409535742,864230256;1553419695,1141185380,1488434996,1039994020,1861239099,1763387772,708307376;0
==243330085,764967886;918684751,1127493788;1566967661,2003506363,1343900234,2018193231,129036132,573792167,159277734;0
==877232604,1547628875;522582629,842994473;1409585531,1965073856,759860835,1968945060,1126305069,2142589038,609119536;0
==432661338,1322865135;1837599296,948181973;1537950066,403925050,2112984207,387952055,1554641967,1667733128,78143031;0
==1676351286,515154373;1499771039,1571500102;714968988,297270771,1910892895,1478749602,1192177171,1559889361,983344870;1
+1341482841,1223958878;1584081199,318546893
++395619951,402883117;564143067,1854653484
==1055906913,1588724071;1234271751,232786084;940623566,1387738672,1295649316,875011429,1914019078,934172308,891222274;0
==319627174,1109691164;113594331,706580728;1504460382,134269789,473122645,1294637753,767796079,1826930595,1621266747;0
==2095962963,685381198;1436874902,1892377265;826375878,515956042,1184639499,898001429,941698727,317843028,761214704;0
==448453158,48430206;1954243896,857632748;371643496,350135550,1952763031,2014718442,666580578,55932524,1041237403;0
==430705627,1100149951;168548673,1390812185;352625331,426545740,1811003863,1473525108,1532221611,797105967,1562752153;1
++963250342,960219679;1393319796,179224120
==1734611972,206576123;585033511,710880999;909785005,1288403486,121327448,154466641,185805637,1466506486,653345044;0
==165978071,199352461;1442291452,1935825139;1535135510,620642373,1631947209,447285630,2007933882,1232765684,1253036847;0
==1008286913,1729503686;1800221130,1725749351;2135183982,2060261013,299632084,1412931335,539486721,1922404643,1039521163;0
==882171012,580540897;279796373,2138287491;1692206897,147405186,499599588,1053425204,1096088243,1294841030,726277775;0
==194751803,1781073417;1927996911,1906520564;1035498665,162360024,668493381,876950021,45420221,66058228,629801745;0
==708198223,1497815814;574617552,147272434;1204827373,1719421791,277059764,2083627681,1658406405,216628019,352464731;1
++106246484,1680089249;2112644741,1310422208
==130635862,1346844398;189599099,701957176;1395137764,1867170533,2016149605,55590979,1165507463,987218286,1972201326;0
==387356909,674303712;1340451611,592427086;1387593433,1183244906,311842941,1219068636,960725192,1862563853,1438686258;0
==1105951822,881279789;1442567090,98230823;469815553,1715518507,898835016,1740313176,1400248042,1086771309,676329819;0
==1213946899,1691890909;362236800,888518656;372002390,492090583,1302350383,850109976,226466426,406659325,1059717088;0
==395893655,568404877;850629710,730005712;124892722,1782818950,1767168674,566352710,1606149605,1673283877,1117823506;1
++1301104018,1368939591;1242054655,482161620
==2114235913,964708568;414464101,528719638;2075932393,1325064924,361566855,60319872,1470883264,1434326229,1482110481;0
==507683216,1165563044;1425260829,353084442;774381885,1061733031,1458552380,2120131926,749385221,1747638653,608837161;0
==991838619,639393969;1071613396,2098665693;1376006757,2042967556,294965898,1476058755,2138696700,1358013295,252255533;0
==1272111874,1543754223;1220887950,1935898708;1091943853,34420688,812108453,2025715930,524741632,1044592621,1730050959;0
==1626132776,1486716415;1093334160,2067390167;1120527101,523097925,1356872653,553636964,2051361965,741888029,586154693;1
++1820465908,238251904;542260423,1633680930
==1861101628,2114018400;1071558005,469982353;430203303,1792619647,1206511557,1449296405,614439684,1275560489,967629094;0
==1335795269,1726419930;1514293065,1458947908;1052555234,1492167814,1551472356,1108053125,526288862,202538592,1022206144;0
==1338536755,2034841615;1473179784,539350178;1446608687,255892233,181364679,690541569,806690975,927347929,1100690349;0
==469867724,1155255392;743440372,1976269791;488578138,1435962866,1187604216,1992492473,370994497,644405488,643090583;0
==232107757,599635751;907122792,493883202;229482753,1258094730,1935057251,945072459,1869345959,827910306,1987842549;1
+1503315413,1908784842;1229414837,1230639679
++1134786991,900773530;870291473,527028095
==1674982916,1675732332;919135430,1460961220;1289259089,1326699124,1389018086,2127779617,1775506385,2022653100,617689270;0
==703197118,2092739155;127857188,884240405;300082810,1686499252,1400235293,1864500322,241710052,1530113288,851946782;0
==1362277774,2049471788;437271665,25080027;185285613,693601634,1769806274,1317648699,2054387242,1535924857,1765247853;0
==594602344,1719780716;1856328517,501413265;1287042255,1772448633,187926513,966321939,1452261073,577019330,631784705;0
==641691871,1952531285;1324173329,1369102215;88692341,1663234557,1808481789,96890033,2137857270,1835989445,1029123127;0
==989313951,1282331132;2128613020,433295301;79636054,2011727046,2066513263,171673172,67186976,1967997917,2068169193;1
++391909424,303124349;1707475334,493640296
==133712615,240108936;2055483048,1328303544;654162068,262533457,1357507269,1099642718,2113852574,744751046,244035367;0
==7846647,1982299200;1357399000,532303567;59155993,1791371789,1040477524,467935488,1699321734,454293152,951903473;0
==547525638,1205505766;952517869,1314511002;2038468535,882561570,293664852,1266323686,558737836,1337815921,1892577439;0
==1427747068,703044822;1623454109,101468355;873229995,204733449,1479663204,1340214885,1110704398,290581676,765334929;0
==160553306,1598934953;611934076,1224156678;1634252974,255808545,1320966966,1488763030,1080863085,1411004307,1279450389;1
++1635913293,1350368364;161973177,122056523
==230924169,384495356;1916109706,1070711076;474807034,1068369484,182746886,1885136839,1882776296,1935576841,1573765606;0
==576775242,1838578152;1517825060,309956727;390287031,1225495374,1474553223,823870371,1813214529,1222056073,209607962;0
==842996409,755610490;1348577884,1502441534;273981762,1704011663,672309522,2064788055,329984370,723407237,1468617043;0
==859800455,1817618256;2025572927,318489036;881878585,349686662,92060600,377682010,319481602,475674829,1051846773;0
==2121296409,679900757;1907654310,2013307131;1050495892,1013522873,1882278355,903605891,1819117245,112771153,103237424;1
++1036229060,353220890;739908126,2018495528
==1745383379,1207592672;1087382043,1485352103;234032660,2084950201,492912962,1389863509,1611720964,14010968,735422015;0
==1224407504,2115214333;522577747,711541616;2103712961,1809865378,1633671318,1678231952,2139818589,403165341,1144916162;0
==727314896,118396279;1427788203,320312961;266328462,1642249503,461217587,1364714959,1589069004,1308532404,149673216;0
==1789099116,226114866;580264816,989459091;1735366164,178083086,2051285318,1525453666,518063067,2104112778,447190180;0
==1811945509,769943709;947951554,1360527262;531696873,490527295,1068164603,2026233018,199024219,1627229841,1369101083;1
++8700668,1453709671;457094023,185539477
==1080266477,136459338;1040883695,2128735373;459252566,1408823363,1428439537,299435816,210067200,955627000,811215109;0
==1281043588,1044669833;161424698,1522469048;907435782,1934716542,1030696308,464792465,2014900714,92914469,698445536;0
==35082296,1483157595;257761214,1730393995;528493414,1470619540,1225272288,1052863085,2005782661,1295461675,1281233970;0
==218336101,697181862;1436746906,1984488397;1898509113,1572404576,857799747,1350269724,618953096,1790760466,831588688;0
==1347208668,152952977;1308550995,1956510791;1267875627,305650781,1045720044,263166509,361018640,1575701647,1145943736;0
==1707556755,161400128;1518372160,1496722060;1020899624,2122268756,617495700,1091065036,1946043765,545278610,1509672180;0
==162126984,596808814;1574207245,1459345288;136371840,1757713978,1790222064,1442596902,1579857545,878337330,231638936;0
==1956381045,1669846683;551123948,409887343;1508751408,1422462504,1366963725,1607512097,1568638827,1951976501,452248472;0
==1289721071,1096783745;790109224,1111230639;504898241,1163421185,262280079,2068830329,1390232161,18080246,1919819666;0
==2075161141,947360546;1652363187,137056086;1758000437,2075321071,249805017,679392759,1331845972,835881032,710649087;1
++300505868,223659181;533118109,1745923550
==1292924336,435785635;2045327301,485521041;679397382,1821521004,1399405947,1842907721,282724325,592224743,222777925;0
==217790145,1205100437;710299200,1684987239;1955555403,1210230427,1684377295,409366538,1848713929,1993366491,934635862;0
==596656855,1343955838;1135736120,829573657;1535582504,2021896097,1919370287,2111112935,2019917496,1131027414,506058258;0
==875940712,2133765446;1815107192,1656684770;1274386572,1199630837,1406349399,193103310,791565671,1269041036,1247924017;0
==961704208,883431317;178308410,590563846;1212534135,264319185,1026814455,1742306443,1486487147,1677977904,37309747;0
==962925834,2016933401;233845391,246678536;1217583099,2047456471,2144738140,156375156,557069716,1398383540,1135325459;0
==837337276,60389502;1439098482,834210386;1974928086,1914156661,1227047166,1590947939,1323897890,1830217648,426612100;0
==732039725,1265279739;109004526,1270183257;1018034238,1556287693,111378110,1005087880,934344692,743402389,134201547;0
==226095627,2116393332;931885231,185224830;951302578,2103582533,404372724,253715642,1647721785,1868640217,1253677572;1
++1520784599,475084795;1200898068,2036750382
==1007528838,559976837;1914698049,1327659019;671053954,1534733955,1240501669,107040747,389854541,821621236,799289721;0
==1630775004,1173745209;265994972,1408072630;370079315,1125613449,1149307449,1536821740,1540202988,533341607,1485232538;0
==2041698401,736924176;93409855,581154536;717483845,1370368975,637750313,77188411,590262717,1498443915,1229434938;0
==1941107405,1025422129;1004874802,1239451949;1215389218,1511584881,2000357719,1362914855,1498427860,31950893,1019426702;0
==1367854662,1970208309;1394124118,1200323128;1193000320,1516811284,462480308,1745246784,373835136,165657327,1058322769;0
==1150347902,48162531;1669506105,2010839674;680161005,493075070,1602312702,124981858,1495271347,2068436195,409136852;0
==1693094450,780776514;270029456,989723569;138405210,1637699663,1015930397,1191958914,320848909,1229884524,177651067;1
