7;2;11
+3824387851,2426898614;2964400213,3190748606
++3940104414,1830711582;3314225774,2558643807
==3440552035,676290498;1860718454,1752034455;20760830,1981067193,3471818494,2351295630,337571679,1589247475,3162570346;0
==2729782360,789909665;2084967457,2312585409;370035145,2517632253,2467761274,1831504333,2896581811,2258797385,1941901568;0
==2738171900,2294183806;2742209634,3758917012;2142331976,2763650280,1977873473,1584545899,595141878,2503391130,1506754061;0
==2659943356,582072693;3764942098,1968959775;3010178042,542641509,1766834400,3406634898,1979521363,2039335874,3390678631;0
==1728190075,3097207512;74983710,1692473217;2245930846,2404749846,3565785489,485874456,3228221883,3296406198,2847821579;0
==1657958084,1148283405;1055014789,2974556061;2007769091,2473050632,2008731794,2439733120,812440809,3472277641,2191490882;0
==1742156469,2123396328;3442221300,2441754988;1604929782,3092159942,1462394532,2622955326,2414388571,3218598854,2579461091;1
++2661785525,3972591853;954312202,3298465674
==1878796005,1618354939;3412610037,1743205407;3346699939,3222178407,3441084094,1967408149,1897148609,3505742023,2862631583;0
==886792162,2462310353;1727106049,2318518932;2427084401,2780484742,2782588824,708252441,2347096376,2828265201,2067516913;0
==3341250018,2306164663;1918871521,721360000;2475326326,1640281154,2813934850,3020701147,3359582014,1886837935,544170450;0
==2303021732,2563208326;1671845590,3304027617;687296166,1890755548,3401992524,1084856409,2784506661,1560148954,1344977886;0
==1681467595,1910618563;3177066694,1298401073;2102985324,2065129858,2916024443,3249519568,1575969702,231383107,2590091145;0
==2470974516,2523366089;3098390311,2938543986;2491879560,2846781685,1189767119,1334653014,2682538813,2111292173,283133590;1
++2476591441,1617504520;1616228814,214244153
==3488684815,447986555;2836421907,2168670862;1435439566,1538666786,703603327,1966123884,3424012871,933618004,2223068686;0
==3191922944,1837360434;1083667847,1228608639;3086009553,1696674464,2026472366,2160378926,2941212292,3298633976,1207464067;0
==1881545330,1534510054;2079656630,978721963;2568046260,991426961,2610283628,1163353921,1663058700,1937777624,1079676447;0
==1339662602,2674448788;2313058566,2135729302;1596573162,2342370322,3027800637,2602883488,1024817494,2428525305,2987932376;0
==4025815544,1602900385;1688634664,2761775197;1979847633,2194340611,3017779350,1698517441,1751107261,2201113203,1987570869;0
==1185303586,1315554182;3996424471,469755233;2468349061,2563533707,1985593284,3818528384,2345610020,591944811,3364185673;1
++3608079904,1081411185;2288266205,2041208008
==2131626731,3057292130;1201843928,2409079164;918758821,2621212309,3284880832,2491568282,2263610365,2196566174,1584355853;0
==1407351206,1822102707;1101136182,1121171376;2867327717,1244758157,2546564155,451756880,1578672475,2548371470,2149920284;0
==3060736750,3341074068;1569797439,2065060512;2193221683,2575876781,1430772873,709903259,1376248622,269900769,2772325610;0
==1260806790,3041611566;1269941812,1581409621;2762658495,1780930546,4231809825,2459898295,2716328068,969910180,558223733;0
==1947204442,3594398929;2084448460,1712984063;1941640865,2390922445,2572759755,2163709018,244431829,1230903572,2066954756;0
==2796409002,1345456172;1616549910,899541314;2786841738,2718475083,2245269373,1770423510,1607057339,2278209220,1425698566;1
++2305365014,1860073846;1668605785,2643201748
==1745352951,3255830544;2086118588,1379897638;1977147902,1239109656,2867904640,2101890502,1233732349,1857898219,1383049549;0
==1668688350,854194795;203215377,2760080850;3147886334,2316173356,2351442389,2140246172,2979562150,2447942732,3556161633;0
==1863039639,1474402490;730870949,2608409439;3098883053,2208307209,1091459702,2498396179,166396011,2069207375,2927902601;0
==1938530742,1648176424;2285730186,2174483727;1827976431,3553950423,3004624778,2402765691,3465052922,3195255677,3404117706;0
==2105416508,2870925697;3138509360,1557146716;1907456156,1280929800,2915260368,2637943565,2190624898,1946220263,3531310789;0
==744649970,3482489483;4064439076,807373190;2772986140,2647682945,2005526935,2392884872,1645999463,3680580922,1870783330;1
++2138558290,2227757827;697448553,1836015854
==2826449364,879802023;2328167069,692389783;1312257438,2598052867,2639846160,2270832159,1397963764,2810217798,3077271201;0
==1899665481,1601571348;2523578152,976847254;1799216895,1782480135,2188191878,1992473801,636498808,2734721570,2169230910;0
==2103735931,1155177732;2178449858,2041562481;1997918833,2886343439,2530175351,1628008606,3425286983,2180245781,2128116485;0
==1399018067,2180413661;1402868353,1202248061;510803956,1821413641,2161640619,1748019855,1128468169,3291897151,1849517490;0
==2333009267,3116252922;3211365972,1391399216;1446824347,2933001203,2460337232,1823325696,2101056318,3453257265,2661203747;0
==3230897189,909608153;2268648912,1909162202;2318366590,2315759231,1749168657,504865579,3965994635,2011196034,1114420364;1
+1849805701,1950283155;3532975064,1308484489
++1653136234,2758374992;1278387255,1884956962
==2220081163,1922233915;3396986799,3616831003;2720703937,2727380227,1696713278,1370247987,852260870,3048430386,2287839146;0
==2693909824,1916566628;811460393,1780689838;3695875138,1392532758,2283620321,370957491,940872147,3396913447,2301515777;0
==3649830192,1994232955;2277687277,1872090454;794867048,1289738372,560494809,3515555393,1078045581,3199094157,2700210259;0
==2803211348,1628828291;2261190345,1671848098;3019215769,1485928238,3631943847,1224900287,3046895363,1711488802,1939916068;0
==1794614358,2122155539;3171987204,1875360364;848540758,2188675618,2345478974,1017146821,1611766624,958091916,3249857359;0
==3495522795,2853176387;1650229070,2526182857;3389788334,3032504278,2468529503,2255247811,1874486459,2227825250,3392146260;0
==1031895551,2879394389;2805468171,2981175711;1564624288,1250291366,2104329457,2615185184,2838295694,2086953941,2767041375;0
==1389069886,2068630451;2689150379,2160571810;2178077972,3677861306,2228354401,1715209220,2731656863,2326203332,2177339578;1
++957080962,2585562661;1389805562,1389737131
==887943283,733761507;2481061812,3364179283;1635831020,2397667100,3133803648,2037410817,1417639182,1986946469,2778024316;0
==2148425985,2373825617;2001199568,3806362956;1294308609,3577491004,2759316275,1882568235,2530756877,2216377833,1886108774;0
==1822918472,1265264090;2324294925,2245417618;3264223943,1059891123,3971871104,2093100624,2386947196,2014260437,2334814939;0
==3822460471,782758135;2482908810,1139604143;1989076071,755598930,566916400,1983173352,1598641556,280248618,2000131567;0
==2503599145,762682703;2398811541,4275136131;1093783448,1916108280,788084445,2654081715,3570338672,3154834940,1876059420;0
==2703016021,3192327249;98135488,979562294;4239885531,3922373319,1218767300,964098083,1357034475,2074625569,1824502444;0
==481692867,1881682486;2198232889,630016690;3170179207,947187294,2879902144,1631139518,1319142937,2966904546,2627161983;1
++3030125278,3504341823;2219934057,1722550886
==1965779090,2271200800;3760111082,1467673934;4025736715,2283890029,2298148720,799929497,1767172488,961928069,3839782057;0
==2697692122,2083343122;2623433254,3146239754;2091941216,3483148041,1654588007,1856744854,1313243446,2815631219,2750387394;0
==2395616777,2215535416;278010801,2177267957;2901119559,1050726471,2833896948,2172809917,1961825020,2954400884,2061884072;0
==2995795748,2027270133;1501903862,3075933512;1404751557,1948698947,2002971929,3103543216,1504980954,2766843295,651309325;0
==734349611,2010948032;1031401285,982923255;2819918246,1356892651,1271666567,1674914545,2209654549,1066490582,1712945959;0
==1101027407,1988244234;1786847456,3452693928;2449059376,2558271133,2283900327,2245124440,3278665477,3393904193,2092238534;1
++3066769580,2189261300;1004431168,851531549
==2065122546,2220244655;2217526430,3550717177;1731348843,2719282772,2142436842,2560162797,980928546,3198694383,2215677123;0
==2993128923,1952411327;1289184000,2421516887;2918163632,1732222537,1708207221,2146979789,2719128672,1383154431,986232423;0
==1904227270,3107432170;2462690348,1600404406;2209084051,579714725,1199570322,471547048,3832021260,1254319755,3427914763;0
==1801982849,2283963839;1581991771,1205824955;1914126336,1507702011,2754477002,1486028282,1739499631,1167259071,2039689356;0
==2057014244,4216513271;2212180376,1917537263;950341492,2013342243,2934905038,3095938182,3943288851,3548078801,486810851;0
==1997854850,1780487960;3293547804,851835964;2540192610,3070592076,2778351549,1198351826,3161906132,3019293784,1738054734;1
++1296377427,1602627897;3464660921,1218272020
==1898644949,1935630396;3272371229,1547259820;2346619767,245154221,1339305270,1650509628,573702764,1870623192,2323293378;0
==2232881702,1724030247;1367169093,1155732139;3574460094,3566725052,2435351300,2150740463,1831027726,2675163973,475293382;0
==3009505668,1638084256;2922785415,986088710;2358694886,3075426812,2917353918,3448325463,3254513378,2589446382,2945323951;0
==752874821,539160480;1146514236,3092435159;2691756672,751663126,2379111234,1584129830,2246250068,2176528282,2696577250;0
==2986532014,1542228497;3427751905,2358704799;2164910627,2477222015,1717669765,1145983504,812498653,3174593978,2188896470;0
==3154097783,1303615285;2192203693,1747434106;1014472989,1335258539,2790526106,1896754634,2106003490,3030526469,170501020;1
++1708174691,1913912887;1998784029,2942769177
==1968815397,2675187572;2785528441,2496701290;312446326,1019154740,2943415123,2811139097,1691333238,1998205801,2641538899;0
==2151363981,3021341052;2516656963,1857042619;2922586379,1711847971,2814533752,2173931489,2203822368,1909188564,2323958874;0
==3461586033,3544444974;2048486807,3061021568;1902998832,2366265379,3669181208,2015381355,956505084,1929073894,2525984839;0
==1645048132,742426377;2670495560,3050439026;1807603617,1527734381,906368483,1733552205,1013383122,1029747260,2140579523;0
==3317324877,1933599157;3314580945,2275338857;1628676301,740567519,607219034,2086374431,2848760922,1256010235,1131824796;0
==571247949,3194627299;3743698063,2086385889;2690209235,1413945395,1787839506,1859794724,1243091908,3200417361,1865570839;1
+2165845849,1875152379;1138441530,3595879592
++2937729530,3011092329;1827778047,2149579268
==1796383273,2517786545;1363376135,2758230753;2178822907,2302418551,2941774394,2015329640,814361756,674488138,3900095106;0
==2449142321,2815502827;2490560202,2910003197;3319068447,2724288354,2047570731,2272927063,2006273290,2066576468,1734027139;0
==925940691,1941192621;1413524137,2304503339;3210536269,1902892200,1960259282,2567723934,2692323128,2550024211,1637039339;0
==2691906017,2412404097;2657194964,2435144210;3202673584,447730927,2753712905,2795098371,3739727101,1495955141,2215102963;0
==2918246286,2409738228;1072875979,2454504474;2943574902,1121357296,2757300650,1289303449,2565041148,2100792449,1719675138;0
==3085445804,2036181509;1649886034,1454245260;819729318,1585757876,2617025211,1903103050,2285406638,2327905013,2199165776;0
==2982878181,1623365090;2253799322,3734034361;1623770101,1458143052,597618794,2131638458,2200769135,2713340030,456122449;1
++1727908614,2007243366;2132688925,1240790979
==1721068377,1988018194;1186386982,3381102818;1191853012,1219660304,1614580461,2689045309,2636138296,335675735,1955717316;0
==1949889849,1585300847;2500847033,2517423323;3205211149,1205407361,2540567275,553204279,1093257823,2498877451,2252647154;0
==1925187440,750670048;1968850460,390339754;845050840,1989661098,2000584804,870763185,1112476112,1593729902,2911941971;0
==2661187437,1731595206;3027324253,2094290654;3108873899,4172596454,431984819,1255163395,2336518835,1625392728,2795527848;0
==546474902,3157411291;2666700392,1464411031;867189986,2408937736,1643218061,3031218746,3209288596,3951615204,2481414420;0
==3123303932,1418233405;2259482449,1939573644;3005336326,1657159606,2276908563,2462578903,1633277591,2776703185,2986307920;1
++3149395546,1517578382;3158483123,935116535
==1681631255,2686746369;2935277243,2342958965;2339632394,807103469,2935855934,2012739518,339203460,2212277398,1308360199;0
==1689244851,2479576890;2505208393,1459391137;1355592630,1162138474,2168972101,1087301236,2690280197,3846164060,1422135336;0
==1568297035,1481434361;2204630424,1038852116;1299401048,2120766234,3186367406,615631739,1560231817,3860334390,3719032975;0
==1824183036,910192703;2616921312,4064226136;1156999419,662670881,3137804688,1173059033,532587519,688799901,2389013526;0
==2507676677,3379005615;2974817634,2349746661;1837018081,3801456345,1652322801,362359488,2456212203,1592082815,2443412906;0
==232372652,2267179262;2941437259,2708013014;3119575865,3552245930,1244057116,3722400218,3582281669,4076755221,1892034637;1
++1455936067,917928884;2952679764,2704164118
==1757763226,1917114335;2377005698,3052292695;2131583759,1653946529,2298166208,2750566164,2489444747,2542568499,1692925491;0
==259190518,1680007919;1815329577,1543196509;2620830262,2178538452,3119187601,622145198,731533129,991790259,1955262996;0
==3041552801,1584921653;1941597227,2021817803;1775295860,1546448623,2848141742,2343259645,3336423954,2754756610,3209279068;0
==2053112397,2067117604;1191017949,1708398928;2434259305,955478108,3548153916,3791566322,2848986670,912621454,2984681985;0
==2218166842,3538509537;710674518,3259867658;2066096184,1523264511,862658808,2257059790,2801365410,2047833268,1804808293;0
==2344667572,1614355277;1511916626,2817998578;2591834275,2957933253,2089104087,2169998675,846632032,776755533,2481691126;1
++1693734958,715382047;1232020825,4094183601
==2704286648,2436258153;2257599021,1820482467;3109487084,3659107849,774383502,1611161410,143183016,1549611379,1156541480;0
==3117699982,3004374231;1515164116,2858387386;2316542356,2276075924,2430832215,1428210706,1771454153,2366790261,4069312998;0
==918949866,2143146710;3160009450,875914545;2154078876,1798141731,1632211168,3659088945,1728047362,803690881,2995150473;0
==1314643954,3710379277;2339279507,1344652360;1589831677,1420050726,2374669722,2196863758,3758449369,2573992663,1389973225;0
==2196392535,2436509618;2290747070,2241111674;3783510969,1363086690,3028369538,1828493739,2837954858,2187529916,3603313883;0
==2906719137,2499258293;1873698110,1714716218;3580779551,3074308417,1012228324,1681297368,1711730062,2040725471,1885343809;1
++1205988589,1283267567;1403626922,2749555402
==3200106483,3453194571;3339401190,1385002450;1832038067,2666797943,1743910750,2783716684,1543166580,2724087732,1753482899;0
==2702718835,734772766;2778235019,905592559;2202887322,1765023748,2149912043,1732893505,381755427,1848198516,2376990515;0
==2605675312,1300319491;1944930986,2533275663;1213862457,1161078438,3092581961,2668889829,2617460445,3953425946,1688148075;0
==3265717644,1784211664;3111838631,1861306015;2610721013,2929459330,1045189078,1933219465,3336814512,2250323437,2606549523;0
==2084488479,2414400151;1142308766,2271196577;793812051,583886854,1408809195,4064648890,2556140502,2300513361,3738282729;0
==3286057641,2520961197;1599632985,1912683143;2932804738,3290247372,3407612919,1216563740,2980430253,2115131722,560047340;1
++2036324817,704010190;2909848280,1679670438
==3199769679,2828223725;709541134,2391146334;2400306217,300546906,2080656880,2621293753,3163343483,2416931966,3132518421;0
==1776485285,1735787901;3081353021,1025044959;566543727,2198995799,3283832309,3568436195,1202677785,2754322953,3155983201;0
==509193897,2923464977;1849409047,1808622350;1733392761,2510561235,2935824983,1950516472,2265532876,875948104,1872000295;0
==2054006139,2149102284;162836683,1359191537;1368645276,3461030513,1671105819,1072409186,4007112423,3503717595,3736524226;0
==1472195872,3581240608;668628199,2116014993;984177056,3105243750,3791988738,2684273312,1881203759,2198339429,671843662;0
==2884091229,2232504748;1077676691,2749217684;1614688369,1103073566,1601006484,2381412545,246005053,1365187802,2917705602;0
==1138684756,3582363642;1959959887,2975493632;2443551284,2605195813,1127535914,2628792812,3247141555,1762122412,2367952362;0
==3152357568,1759717098;3383234116,988635253;3162292927,2252419132,823035731,1891288885,1850283748,2320599942,3781365697;0
==1669890342,3532223623;1470001825,1559355165;2728581773,2091039201,2437429382,1257937981,1492255853,213740549,755715389;1
++1219027295,2504856373;2853245722,3728212834
==1438254504,1682503591;3628311509,2057277157;1280518988,1702085693,2624807281,1723476757,1873592471,648643971,2148725366;0
==1595925952,1663578593;2529914713,3421737898;2877947413,1805129429,1398870607,1975720454,1676915169,1574574806,1548678024;0
==1251836541,2671186814;1857541033,1590904876;1831663538,2653695548,2830899929,2022386697,2848910808,1772560063,1603376752;0
==1901160708,2323058560;3093971108,2249653500;844794569,996662990,2752100156,2183782409,919836448,3512859353,2427405184;0
==2218896242,2101299940;1255767497,2954705108;1408502455,1402755156,2271386229,1939817349,2727707887,2324833308,2506287948;0
==508534423,1311425584;2050937932,847603770;3213654412,1595334814,1462642450,1902140188,2488256737,3592155343,2447997423;0
==2861630500,2545176756;2629779449,3657520091;1090780158,1757718369,1020710064,2214507271,270516367,2861381872,543584663;1
++2563839538,3047437807;1145279961,3160555123
==722799589,1704129291;3042055168,2676662293;2140006490,2765830206,2267754228,3166088726,971479873,2061448253,3110060439;0
==1959772977,3337244260;1702936791,3025750968;380845769,2941812888,1408939119,1017848795,1945662933,1910460445,2204449300;0
==1379736645,1546639403;3155598024,2510805907;1543544270,2752631844,619811716,3416315942,3489271771,2995735667,3392617103;0
==806660274,2456043160;1065748267,2415670336;1982236411,1263523410,2358850008,757119921,2742235661,2028466657,3787327650;0
==2292124087,1100024263;1942407586,3996784003;1879548723,2240561902,2269870818,2608255928,1031651250,2686170762,1909888517;0
==574379940,1378734280;2492033665,2918520082;1548117945,1102048354,1107199304,2393106417,3104921403,2738077322,1306769823;1
++3359059256,1894407430;1747151152,574651106
==2003550944,1217794672;2244385943,2087901684;3537117118,2191980791,3283315050,860201739,911570629,3049513620,2700552552;0
==2033608778,1787142094;2193615246,1511972877;2425279927,2544982402,2710857378,2482445713,1448688937,1679677823,2271089380;0
==1811705422,1610162118;3486131044,1525581763;1868589239,3045659221,188711127,944896103,2452471707,1915408732,2586549650;0
==2986322633,3471858968;2497857664,2324224364;3296338894,2467807436,3198396676,3049507439,2472410336,3375540904,2841677045;0
==728733960,2660922075;1679139226,3262675377;2004476347,2818247484,1587047884,2627495118,2145458010,1089320506,2278598308;0
==1021367417,1720972301;2898297696,2576805979;3339118336,1194924330,3041342349,3389017737,2406636101,3630654690,2350957453;0
==1808385349,735419369;3652002426,1888104902;1836193869,2573216106,876972124,2058925436,2366775097,2807204971,2859079685;0
==1508658085,3647015150;1036664367,1640495452;2013481641,2198101870,2076909942,2617569056,2074732653,1280904952,2546988761;0
==1790559797,2726460461;3353470095,2928809083;1387811242,3217368911,1679992549,1631449337,3443850825,1760504713,2253699566;0
==1239644738,1875159051;2094069757,2175363208;2575000890,1283207744,904807640,2549373027,2574881302,3510472077,2027640681;0
==1575040408,1559846653;1777569688,1547043118;3001297797,3467444356,2590555100,3785540585,2095915818,3032837124,2051325897;1
++2394270987,2731563583;3819607437,2964031049
==1441836887,1989395326;2090949392,905136236;1916364324,2066438026,2246069936,2279951672,3626679536,2703895978,1274185229;0
==2413995496,340268367;2987427530,2113280510;2395144933,2737998571,2775807339,2591919535,1365363710,1018653525,1517770373;0
==3777689889,2414155404;2423986219,3840788360;1593579557,1810683042,2776324309,1410913071,2812655834,2103186184,1861850902;0
==968702453,1067031582;1968072561,2274474971;1068072583,2627881628,2611696911,2724771837,3566627694,2497256381,3398850588;0
==1191818109,2413177840;2288966845,3820433755;1966292357,1949586625,2056455166,371800453,1386888514,3646551028,1774968902;0
==2670812751,3625862003;2738624572,1788069036;1682245404,1896427406,1707329418,1990463699,1231298303,1345908318,2105983435;1
