7;6;3
+719705139,1634514449;1325948539,917283110
++1523941480,1743776008;1292940624,195989095
+++105171899,796873300;1835921916,1800814348
++++185510412,1659192524;1822409753,116261783
+++++1360934089,1296407504;240609363,1206808033
++++++260920194,332818639;293080235,22230900
======1989712570,610121284;1740069380,1680622620;791418369,1981560050,1288624929,153446521,895386789,914997356,1617738914;0
======529300572,1631888612;81930258,522886318;542914272,1725116907,1753139824,363348198,1968266857,192364460,794884095;1
++++++1469123165,1339462860;1263254655,563008505
======983294043,1776331934;1073588496,1990300140;663562636,1629019091,314550697,2009290068,686770632,1153151978,1703452564;0
======593187531,1644988901;412488816,1455290546;716136552,1839081678,1023410464,234670824,1770485993,480371173,1939864678;1
+++++1642328359,923599905;1993767732,1607513383
++++++221221007,66258623;1447982151,484215756
======568857031,511991496;1898378805,1230051859;1428027710,1650477993,1051184322,1781805513,1385527141,1647662149,1312061133;0
======474963164,988119794;1742206305,2019467988;1709007020,439318830,2052970569,128788428,1984260499,1535714555,1550317633;1
++++++77755653,1044771526;618602088,2058070563
======1716423857,1411333000;924924480,1908918895;1020147738,1357289079,1046061678,1655664127,2060867874,1273383375,1318867378;0
======1819675801,229334177;218762135,723826817;5781295,807791260,1244823976,305666843,1960676626,2008431621,1183617287;0
======1654606831,419743113;1852039357,105401999;557277747,2010436764,187811237,1224166700,1421370649,1925381949,1187079436;1
++++153032040,211173392;2028448379,1158114322
+++++1019206354,1088344452;1186522457,2107692356
++++++1008946117,692255776;22820736,179067237
======265580089,993209189;1819703198,1357663295;460505648,749417685,876381360,993778148,804344327,1162860181,1546694852;0
======1652212526,1357917578;1023357115,420745398;140064456,1478401979,1987048702,1735311941,760987504,420039800,1013254809;1
++++++100501097,1306630110;1856817086,239904990
======784756399,652909602;1924311175,1287637028;56797256,634182915,340575085,182994684,35260182,1685912755,1375372379;0
======1722561005,1935163759;1105437448,311227166;1569665110,385351616,627626841,86499096,1757608219,1911294603,1412896050;1
+++++167826194,139576780;861213852,1249811987
++++++775552248,406560413;487096317,181899117
======572518534,1131339689;1931575413,965406938;1559156583,269894575,1904827561,1418620797,170936272,581211108,1929048519;0
======657416616,482664160;732848456,1470405395;1938154112,709635211,814553432,1857996182,785396889,1199787604,298362716;1
++++++583895046,1202997067;129255189,602661560
======2018717362,923888415;1354233699,1252740460;440988680,1467921594,1231204069,1116107818,1111392792,2102970880,1236891296;0
======1350857284,425143627;1636583210,1757453929;1145743514,535976948,118454311,1674328945,2017477114,813856174,649005312;1
+++670002457,1873100799;167629805,1366187567
++++1336216480,189722461;1135890799,263270166
+++++274628312,1079915153;977105732,2112561818
++++++511882035,29421078;340396964,1430531323
======577940353,842224891;2129445094,1290087188;2036982840,1171078893,125487606,426564244,1073432621,638005255,30889211;0
======1975569287,1028086387;2062981582,546425769;596267020,1535939057,1140442809,1136503545,1701476019,267197379,279973264;0
======1585071559,303360117;361310128,1492094537;484085507,450511246,1360644177,1019274924,1629403214,1287434022,167801301;1
++++++1609446862,77256062;2010616553,2070087894
======1333261433,119547085;1858968757,1783303242;1966384284,1162349858,1045642652,1370407387,864490230,1063424708,756212596;0
======25679869,312273328;1353912993,12569071;647604326,66907411,1422583617,2028865258,250199754,602555952,449877087;0
======1192908963,64381501;202532211,1045564671;308729671,1311376201,525141533,95900456,65678083,854877848,196139987;1
+++++809349097,1664519687;1572861790,516372094
++++++1170340738,267752420;872694292,1514349591
======374800923,229414284;1205230411,649266612;1242951063,1132081489,2046911415,1803245991,1150240473,393360615,1092596635;0
======1366660026,1650917413;1922292750,610215648;1610150516,2071606455,742966199,1380017038,1346130183,1759753454,1654255271;1
++++++563232030,1444046309;528074853,333663656
======1169470646,185412495;516222036,1128208396;377939682,1858677255,1735962823,513602843,1938255408,1455731946,2119190594;0
======446780194,396697329;668575728,502978600;155589956,759859883,1622572272,1256646581,1855320577,2125286778,284061583;1
++++886001253,697694835;321494916,1732744285
+++++88135909,421688981;1455719541,94645982
++++++1804009758,1045446188;642250608,563924683
======127977951,658213837;187052109,1054554222;655188615,1949688551,1940096665,153348412,1541929830,895285021,536716502;0
======295927070,627705703;1541116591,430225343;1242125611,730144142,267987154,331562698,2090981501,1878923341,1909001395;1
++++++1170210901,1062441078;453798133,2090776512
======1767562970,1811596065;222354701,1975703491;573850430,1035959236,1562929086,1777001558,397632306,35782351,1559071664;0
======1117026624,1827748640;284233711,681599963;2025020746,1354279590,1119833490,1257773761,1033600374,1119059312,2001207484;1
+++++122514612,1886298681;471659056,676844797
++++++1649210453,741858588;906389103,845554411
======1186093370,861153969;1950015097,904285462;824379287,124820948,167148726,547785103,1143546572,1866754996,2108574695;0
======1894140618,92723025;811535301,638012639;2092923662,574662081,1636288451,2617665,179103281,1539981957,1658517789;1
++++++23777274,310960847;1557604765,1673658747
======696821396,1132299949;1320316539,570236536;1079632327,1403926102,1582293945,515436848,1859082569,200094220,1545396510;0
======228975451,1123220128;777285047,1196812632;1959325096,1427051789,77280235,439697937,270542487,604306000,48065144;1
++1625167715,512306564;2079669807,1693408697
+++950070915,1246918650;1640270757,1253883144
++++878788550,192392373;1785003859,832603521
+++++2063385489,1423856069;666887082,1733571383
++++++1297487365,1672019135;955326570,926849737
======1839000602,1194770905;1722901939,556069095;1526136110,926154094,1290361863,1955174155,1827849775,1312834133,1016295073;0
======343726381,273751541;1860827348,217535355;1271330643,1911140505,1464872190,1615046386,1394288232,1062684955,1037134803;1
++++++1791898998,980626651;1800574783,948451153
======426564225,239235844;1309325902,1345936252;800313120,1185086317,63368156,424784834,964584156,1860246012,825362461;0
======1077939573,2143163133;1678748717,2135827965;1462817806,1027524306,78978500,1372777284,1573078499,1155462038,5867561;0
======1442538336,1438751969;1124692878,1758858418;199418229,1760283799,1687254677,801274662,325706085,624404605,2098985514;1
+++++68926791,1705043819;185208834,1327736390
++++++1043681335,1611161912;1505704906,1154319464
======305776712,1167235943;1333369274,1204781386;1707849062,1355869991,1055110603,839397087,73627898,429944056,206153619;0
======1698649438,777980619;1116592508,527842320;1805223035,870419922,317414260,1843790276,2110399501,2018835679,728324976;1
++++++578735311,1018352392;219552116,912803538
======932208068,1502857425;1116011029,2065539316;1847151237,250100990,709784481,1211076,990498035,1792706863,1110504994;0
======1079735435,863301332;174639260,1511471525;1399024002,425828248,148036576,38216730,346271019,770033003,639576559;1
++++452072584,1869467180;839785019,1901909799
+++++119076849,1513246591;678209544,1241541561
++++++1127663476,774845785;1483530984,1509866358
======2099311219,1417375483;433609959,2001121412;1087902979,471338600,1867228736,755538389,1315628115,2106956207,519150829;0
======1880587164,865986564;1225619560,993606452;148062577,175079077,1427960345,1635240471,1703929426,208641753,1436187518;1
++++++358501899,1097079629;289305720,1267623761
======322467470,1016998596;508779267,856737358;1460403927,1115140196,112008556,2091669576,296868112,639577867,1805337485;0
======381264853,2081995394;438934224,854933601;1717855440,1646777802,756126139,358369026,1406152040,911551922,504519490;1
+++++1405151068,151885991;988573701,1478971159
++++++2018820762,93927146;1195800633,813864987
======628462996,1204975439;2109269005,581185058;1218927637,945988594,2143697619,498101885,1085062936,239191335,219381756;0
======418320446,111566716;437561160,1149905210;1448084017,999544360,1861578304,759073975,617904648,1341239100,1826610991;1
++++++75846427,418972698;57251377,1790050011
======479594115,256592188;1476142718,138815682;552698982,399396924,1498337643,674227331,2097348586,1249115294,1700920763;0
======841112553,1339687086;30850141,587560182;578562487,539953873,2109937938,477291782,388626837,499570344,2082460697;1
+++1903112442,1351916944;1042671684,722372546
++++1424269464,2093945938;541303905,471310997
+++++2039819501,1107156060;974422105,1190022084
++++++757545270,1446511131;1413322445,1778862517
======1406343502,1528648791;1366716056,755462604;609309277,607355823,332410436,862152848,1195938670,217797020,1102203078;0
======798956176,1776260179;488373526,1903181808;2112320245,535848290,1499246116,655444213,878797475,111549550,909545989;1
++++++1617041068,287626654;63063536,1330744554
======119888751,956196365;529602575,1780003912;1871709015,1776684338,300159148,1305532882,2145855842,964113451,748328302;0
======1631657802,1695318062;351732438,882183558;1054122749,885728650,74081655,1868549697,496296297,854809421,2029998536;1
+++++490916042,1786744558;726319624,908447709
++++++1115384860,1344347320;1273125127,620782886
======1939494123,1596570394;694850825,1249271089;939869007,1393702413,851030365,715470029,832558949,2046166868,141563678;0
======311236851,1187470779;1889964830,1062480807;2035758024,1723753283,1167015159,909700015,828797819,1995079444,774207691;1
++++++943287747,1461940425;1897652972,256970851
======1995784434,122527675;1037459056,1350801531;2067308100,1610353222,1384688329,501672274,1872798872,366066861,1727513051;0
======948465051,885166986;1351140035,1488070591;2110427739,929712925,1075949013,224642511,1793263655,884873186,2070713510;1
++++470337840,905176304;1729450395,1496195423
+++++1129718391,836565833;679462837,454222973
++++++765783169,1314353344;1887273373,1646413368
======1400940623,328869723;994662058,1219645555;833219983,60424567,2093868476,617182634,2112617033,732572114,114936713;0
======868918083,722216672;407653255,710864250;1820331943,2111868846,238783787,2133768544,1009092887,854796342,988328953;1
++++++1639929527,851072723;1607067386,17647272
======735485978,1526489408;1248435319,1436383364;45851121,1022991979,1695727891,978396810,1230624476,102073381,210961152;0
======1856215113,27126506;923128607,1172770209;1687388463,1258979890,1485272614,961581545,1553528571,404189018,2134447742;1
+++++1419516494,1597057524;1973751133,1578232120
++++++2080727718,1764427643;2124038276,413790973
======783549211,987462420;221970126,212915585;1904230783,921761003,1255476600,1044411664,293427464,1116522370,614379578;0
======1844527336,2091670556;1890592517,925728613;656963667,1607271169,1347246793,401721990,2095722742,1766513590,98320400;1
++++++461300422,2017393170;529166230,321452224
======1416542579,673649688;1046368215,698777400;1910301249,1976603484,1265766701,1459698043,452867969,2007347082,1997291913;0
======1266286636,1451723271;718136369,1718848518;1888841553,1837388225,1475793617,600817422,1962060513,1342184874,2143288433;1
+1909650807,161068958;572408039,1587126172
++332343926,1108134410;2045221806,1892967409
+++349917848,2119196792;621742323,1263708496
++++37095001,789555213;480699934,1320186408
+++++126107950,1797353977;538451287,1469024056
++++++1139332351,1691808587;1173911004,1588223889
======499864827,928264786;1123456480,57059228;1684121697,343691776,84735943,967773831,1782545036,1736112285,809445909;0
======737845703,495120930;900446242,1937291406;832264035,1204889490,100496666,1955545814,204998990,265369595,414753434;1
++++++247173983,1101858137;1147272324,1125719259
======1791462477,1827539672;1903527135,385406746;1360912540,1575542783,1463510525,601366571,452504219,227611171,1309183685;0
======260939434,1962899062;1384646610,25709315;933652271,466839711,138544614,2034309093,1838340641,356729456,2055961607;1
+++++1187318518,1826819400;1638216036,1171121690
++++++162984500,977202263;1788896573,696548006
======722251915,720885622;1348698165,1670268177;926963095,1035796418,1769175989,1106969449,2104597482,1346700008,569754859;0
======1278394998,1941846395;1907064068,1683544378;746126288,309432376,1060187727,182260137,356616357,1788605475,807367732;1
++++++1533434810,1245786259;391373797,2019790292
======634964201,1025827709;566178972,951347213;1070654059,995431623,1310191530,1891600681,32848073,2093086712,1971640077;0
======900051238,1429811777;910019232,1663215916;1822030048,949642294,164652242,654027349,500844924,1419766432,1560127703;1
++++1799914467,732848040;251686536,344871599
+++++1040713372,1148832011;1883472687,498377312
++++++503429675,560138706;1452317524,260146954
======1772066359,193394771;954154394,207978461;709284192,910824076,298189699,1408276687,977824738,501204031,1804096845;0
======839760577,241436418;131777185,1313533509;1793961939,1807958332,345588640,2016799196,1366242766,592549871,1687260763;1
++++++1004957124,973661086;169104735,1344038634
======1800615833,1160654628;590871042,959836851;1830095516,2018281069,1019109620,2035372108,1154130268,1639494073,1951492252;0
======1690005984,1579134275;1124895918,693685711;1147639861,343254049,1537952741,580539898,1713713159,738922814,15347754;1
++++++274196145,1616760319;1757858672,1708142701
======55360899,1476944332;496287478,833031024;1526663584,619090283,1771551790,1969396124,1700718782,1885574065,73805045;0
======762059902,1715231109;1505116525,892746645;119438711,1962998179,1249584636,1589736329,2001257936,999446161,1790752602;1
+++++1657354193,993182914;1600287777,668547457
++++++1015338587,1998984615;1702759480,590348047
======349357614,1773748897;1498494786,1723783449;812526850,122237059,835962096,137056839,502593270,233137012,1232586562;0
======836056464,1279962284;1491614647,926275215;1686609044,1090189956,1553468702,831023567,312650753,824197261,1423040892;1
++++++1883824524,116446695;2046412757,756699396
======731565673,273782404;1514489017,758987824;1476598227,772704952,143898735,955723316,428258175,1752231649,213007611;0
======1727479827,774227019;1308454987,691073498;1522759075,316661413,1300222170,632106113,165595155,20423833,1519721404;1
+++802729241,1277130007;961324327,1856318501
++++1762641431,506401439;1807650585,1924142319
+++++1810790231,2047789585;1388120583,839488291
++++++1438833127,1979612278;753485585,1388886620
======1553006821,904183013;1137476473,1198897097;299133657,104798244,1841515225,157382571,367809601,1917997237,166774176;0
======1403090841,996627238;2065500898,120227171;425333040,1387760191,1802384237,48481329,513687827,698664057,1886792392;1
++++++2140167777,649878422;1458921850,338956207
======1902948759,1049078635;216475934,1522931067;768635936,1518647569,939601713,777784898,1599673227,1856146019,419583382;0
======784487804,259027982;1102132170,1669484154;1431523870,1230766770,1201475999,1514443370,2072798692,1755413800,656144824;1
+++++2023665909,282592379;914616384,787192753
++++++39430393,1457782890;2088445130,521635798
======1387347799,951608053;1598180693,1364288792;152507727,2015607037,29019966,1902613867,812995069,473321857,219010694;0
======937071680,107930097;1853154337,1625344999;366311699,936620676,877536112,593090690,2130585155,1063484109,1142129557;1
++++++65906872,277878448;482370964,867872058
======1732169383,1313858246;1241280725,76650480;1848388818,777418525,1486477076,435998779,1281952579,2122870785,1846645534;0
======1968483540,1658329131;2126539178,1389636831;915934207,347526230,924019462,1507696330,97551888,1393119181,507899834;1
++++1575929321,106411024;1171947277,1854299983
+++++1177663101,1217000640;444827748,361599454
++++++8357390,1285164158;923850905,1222911985
======780271866,304400424;1172552006,1627278007;1209480484,1870492998,899746377,593615351,1734701945,1907308057,1189983336;0
======723862909,771684807;961560265,228592985;478223685,1936187744,1284448111,1680670549,248721708,1488574222,945748560;1
++++++1903174961,1378222185;619384688,1816529460
======1872562799,1453115221;779752932,2135953085;1691707486,898135562,603572216,698410858,1628869032,1887166408,158170223;0
======538586501,1493190331;615880598,1220260759;325080868,1918991798,434254512,639227031,738120595,1616759239,510411503;1
+++++1755856314,2006911270;1714116178,1971781496
++++++406749377,794014490;514554589,504514792
======1168489693,1661530978;308038520,938569456;1438460657,862595911,1444244823,872762441,941751082,1908518005,882140485;0
======937269727,643151806;1957848815,1027480317;821142276,640447392,1634503549,1232098963,2079580481,1926761399,943037906;1
++++++595852654,120222089;1103215569,934400274
======1111797868,498172452;850624386,951497771;1078021291,2035283150,1456724356,59491127,881181555,1140233354,1374781351;0
======819054762,1469999435;1823326174,1175248704;613535053,864830413,1317848596,1942581036,1862909609,137575967,480870564;1
++2141046345,465710692;657559210,2048626198
+++1837504834,473344049;451954002,376013218
++++118848974,1773921410;1400488497,734441836
+++++650838464,1140395309;1628544109,1512025001
++++++6919449,1374951432;736480030,1847241620
======183930807,1162212448;693137196,9998371;520831599,321941546,582771080,1865276473,1853355991,629214973,1446309480;0
======474393428,1863465527;1673044029,1362603610;835947386,631428896,1791298683,1164920029,619013581,1734058028,1599448168;1
++++++1490752590,810184365;1899723338,1500240290
======960428993,1548603550;447026021,391042441;423411486,627914139,1168010356,1661342918,1107390152,1795253129,1095915594;0
======493117498,1292400560;143360420,1533242433;870941161,1805923358,708714151,1522543374,2087852957,2073824726,1112897836;1
+++++1437072483,390585198;415511966,1266182799
++++++1010296535,1806891045;1683080102,1653606511
======857969137,1384693043;2065764585,332760846;526498759,1193203122,497698268,262632743,1376513008,422798942,595212109;0
======952283052,1355905322;1379208151,1422635511;88823549,1215272350,1696970502,1883281271,1876219774,1641307934,318379954;1
++++++341639953,1826721048;738014880,1659486953
======1129492424,591262739;2069431417,265683832;1116302140,728821014,442861560,1880350803,1020081185,916892998,140797002;0
======490840086,1643185939;581536147,69294881;722118186,1672586219,404486000,1833359460,1657965081,194925782,1309497869;1
++++424572215,2145370280;617495364,1238342386
+++++687814393,663379559;1555065723,943463634
++++++418938696,1804991554;161157938,668893304
======1177481293,389443302;93920188,2088736946;1903194268,2107637785,328939497,1983843456,328940900,1259487998,1616755203;0
======663359544,653699054;2104051323,1306789341;624771867,1689302804,1982162497,626794640,250561976,290428532,1505536919;1
++++++1178229331,768379838;1046808624,923906741
======116036814,1980857800;551602305,1888436746;1337954186,1452873340,653406544,1037009823,1391830910,1815155547,1484352036;0
======997535797,488411775;737334047,1637086031;1833988326,2072575964,831933885,2068425661,1457171287,1845515343,133455028;1
+++++1870072780,802424910;202649727,2088104829
++++++1935915882,734009638;1939221647,538499040
======1896260100,623100774;801041245,22081266;1914823862,1406087085,1258834479,358363110,969775713,1968892339,1263291908;0
======948470930,1067523458;1088240253,692065809;616744285,1760576980,399411555,558203934,559533230,1847249154,74613087;1
++++++562226500,1090473080;1286124602,1532731479
======1202070672,1480909900;556788647,967768554;1667885915,45168928,76593361,1969553628,674782845,1338942082,255569824;0
======1355701370,1204513046;1678623050,81790362;866326917,797763179,279085912,744119502,1404575910,1403525969,1599620327;1
+++1613373220,679370148;939899711,295126036
++++883834338,258289504;44022453,1621357621
+++++1583548714,171152668;1566929157,2136934333
++++++1818273504,1189744030;1003364869,1460054153
======1799070208,683952442;1326092261,1499548796;791811756,249117335,1286429517,1332318862,648730948,372594814,1730118829;0
======652290338,565975423;2102550667,1118487720;191382889,1141443401,2116057540,1097032505,116283035,1068705248,588230960;1
++++++1870564495,113027154;1730561692,648778147
======918102942,149096835;358239637,470815707;287159138,347459274,1519866424,600024552,1569261145,657144325,2023833773;0
======258078329,1026965392;733184088,912049326;1242087508,528771250,1791749107,69791486,900447580,2034176342,461005083;1
+++++2019215957,598174637;1193094674,1634347322
++++++1600455765,1708713248;559165767,348480271
======757002349,642463075;575414311,1726362348;1834103971,1544414986,324265457,2012239131,1227164846,1018572454,1157874321;0
======1891485332,1397942645;580282905,36455495;207785473,610529023,1237547853,106961309,1699199635,721631446,377639171;1
++++++1032729768,1873312406;1777848669,1788589686
======2063077091,1893752971;800539290,1509666937;1754237800,1671374255,760541189,729999898,1196649628,971543927,377136817;0
======278131088,1304966138;1362745203,777387373;1585968714,1956558329,1509902106,1834853300,671740738,525050493,1297770385;1
++++1353419264,1144346799;749051601,890457985
+++++1937783520,110391936;1048611621,1989450458
++++++28086304,694971206;1870683113,1390210064
======1958993903,1221032630;1647694827,1668099081;2007049714,2089897523,1617067734,716644816,1939319283,1952407662,1848390323;0
======939907479,1078621998;2097828245,326160761;1827178483,1115413344,534006206,1076954850,687248195,1030961054,1428829999;1
++++++484783638,384753712;2131601304,330014490
======172311766,1833714143;1981513767,863911705;310112204,1002060921,1857830434,248699521,1631020308,1548771175,359549050;0
======1165027151,776909920;1455153446,2077808172;1044214726,1964281385,1543464670,159298795,43719470,1437092368,1079936863;1
+++++1620388213,1968142619;1253112587,2089821142
++++++410615589,1485971637;1251240448,1202811314
======776537091,1871657303;1634137242,928084767;181745172,771228698,890505313,768834773,1453738494,1201615711,227168802;0
======521308166,478516199;1072691075,1886106140;1971821682,1706066764,42811306,764051263,385291678,1253848429,1408662241;1
++++++1857552450,1011359466;1027025530,310354976
======434471363,1601964083;1656148295,816124993;680524317,271064025,1299184600,1075303697,1216617804,1523426214,1251181015;0
======828586659,212303091;1026778101,87869905;1081936428,1699065007,1456689515,966809866,840140461,2024493841,1935923802;1
+++++578677756,1479749316;1548198127,1900881874
++++++672001755,1455425152;1412739723,332711218
======576409468,1492924445;2108430458,1806059532;2051916745,1475842310,1422383243,511747641,2055002669,141037927,1706975440;0
======1377934300,164949847;2043960406,769473980;1943375041,1507690747,1071067804,742621236,407347776,705549016,1490205920;1
++++++1603706076,970858935;1463673893,800511571
======631060239,744656596;1063559028,1726142037;1973026472,840923896,1356221709,1853796237,339185090,1349801178,292991979;0
======1745590520,1014906128;1402210273,1248645187;2106746924,18501387,1324430659,1272011352,233693554,1568548988,351819826;1
++++1283427591,1459238114;651854191,439197397
+++++2029267961,1662888549;1744589299,1416183564
++++++1364258660,1761238555;1450139668,925050122
======356607827,1409772267;804355590,1095056445;920226508,1797842740,1502319810,363413033,778076702,623681585,1636283919;0
======1212113282,2007243875;722705578,240830505;663384579,306257568,1287623137,303676853,749377281,1714137135,88257732;0
======1942910298,1408343073;723981626,957938464;1759525963,121037110,1128806607,1696787716,1126555291,1719716491,1925884006;1
++++++1055517484,335869581;1223927808,2128215802
======912768425,237416752;501071975,1343124103;1212103497,1429218883,1993680969,1004519836,1959935203,223154867,322599008;0
======1148336168,1500102200;1934307951,1905392563;541516453,554940543,593863340,703018900,62004408,659504980,1001216924;0
======1772058835,2058211728;945395112,1050620973;779865589,503386908,1235339406,1254968641,50005084,577100141,879189181;1
++++++1043878335,831152913;312722594,1472895010
======743494828,670478448;1364609786,204255696;761379133,750218036,1452156310,1183914654,1221278815,948511586,1114417788;0
======668358144,393321506;878760231,662250194;1818964737,121148173,511256232,2017598263,381861918,1397951381,1544587306;0
======732597839,504114434;1515313281,680481246;897377452,99784388,548471746,1001920764,586762049,633245274,1325569162;1
+++++823960259,67123175;494172383,24358610
++++++803598,588940388;354028386,152740709
======1356765506,1557821208;650900691,637904199;1496240233,701816732,547368899,142276616,484968346,1196378188,78489626;0
======1560481593,968543144;1245203278,691503686;500879029,1236666035,123399732,151722078,37621191,477954009,2117024886;1
++++++403538542,1239670515;1383632593,1011382170
======1898299995,1540118829;1579926044,1438894161;1624012668,1601047567,819279963,1322529044,560644662,1293502260,2090882474;0
======232537491,824344820;678999665,465203963;1069585196,1410344670,626768059,788430697,2039663221,2069650968,1140623583;0
======1206589351,639520012;1566798531,2037420467;175019737,1583857275,783229378,113908283,1753785793,1674576882,1250063131;1
