7;3;5
+3105908753,3580714079;3679164266,3351302583
++2837352655,2094597899;2518420116,797079930
+++1913613739,3299106865;1336168646,1400983822
===1747059184,2945586827;3204298328,1777537242;2485642761,2402952658,1892040737,2850355042,1943489399,998454988,1644485970;0
===1906163429,1038220939;1259855102,1333992371;2505512133,967556541,2931449879,2074951243,476840887,1235579283,667707094;0
===2801868035,149529115;2132109846,2031984476;2650054467,2514891216,1863274772,2494336309,2827243363,3732583470,2254064626;0
===1222329935,2348175851;1516171811,2361214322;755591348,3835237885,2131838489,2830269962,1429057642,2388387126,2702761212;0
===1985029023,2143161260;2414535045,1334687035;1107793630,1641236635,2214001709,3295284476,945929305,2006401989,2493782029;1
+++2017351858,2969269748;2563499271,2387235861
===1599434202,2085134714;3392516136,2709117214;2148468373,2519066120,2232026685,3304271420,2517755084,1677658897,1310193107;0
===2959281049,2448591550;1649342723,3401914427;2954121031,2081177648,2353689272,2205129263,523820403,3025273263,2268519341;0
===2447227570,4065605895;1530220817,3227812032;2752246748,2083537034,1826556023,2650457907,2127702157,2254330995,1974669033;1
+++2306631248,2830640889;1858355704,3133469767
===2374481514,2210142621;3136328979,2314805385;3974184082,2449920364,1643378950,1406920497,2460474908,1494880876,2002095078;0
===994736237,3564793841;3256083077,1803851017;3485058716,1618961068,3184832571,3773860482,2974830594,2190277707,702838195;0
===1837913245,1808633865;3293876844,3349104686;2494849256,1544982700,1567003274,1987916229,1644428855,2907527943,2971292034;0
===2011111832,3009986775;2651018715,3249528621;856336649,2573925769,3069229676,2141083118,928931564,2967950173,1315562552;1
++3128858820,876705634;1124584235,1613815766
+++2567787918,1989559788;1375426350,2290712529
===1644778491,2899933018;2365945353,2247440444;528984124,3310806421,2626707292,1777947130,3194556600,2389894206,1865014424;0
===921500882,2938952902;1410644181,1358144324;1976560688,1859293784,2429821341,1463233375,1401847372,165402252,1627338389;0
===833694740,1755374118;3030743936,2099875571;3541991831,447310292,2928949178,1633147735,2374048094,2646782537,556935984;0
===1474664317,358004998;1216733081,3191319303;1703578706,1439691838,3383247528,504019082,2039354893,2093844149,2321473245;1
+++2792871675,1871962438;2165496499,2652620180
===3701225726,1954173154;918562854,2279410340;1714324013,2430546919,2383000824,2262120500,2780817239,599147328,2695367199;0
===1100605948,2204947628;1836602244,803596363;1854140980,3156609648,724807398,1301464858,1307025401,2914440451,1860821400;0
===1958853048,1664271091;3126044825,2911709530;338167058,1149768357,747641819,1909305794,2821151045,3139940222,954130813;1
+++3076938471,280349990;825188020,482062260
===792906386,2048205210;2339827152,2491622027;2626845504,3083013188,1580726123,3803676272,1114328523,1883128842,2224669381;0
===2427932948,3148818708;900620118,3739539786;1886478196,1812232710,2509874493,743634633,1746467828,1624021922,676570653;0
===3069458227,1181498062;2691033616,2910401003;2924409252,669832770,2515858675,1347761323,3417419124,2388786097,1864854434;1
++1040401047,2654776132;1819609114,1842189161
+++1446649088,2063962215;1907449595,2240671091
===1768535513,1930526708;1595597178,518202052;970658105,2119106591,1531262817,2582091313,3393021944,1807497147,1221085086;0
===1492440986,2132347844;1807954966,1488699297;3319087121,2840543725,2408564869,2965839449,865937681,3233918920,1202524298;0
===3192956906,2350154392;1890080264,1026183686;2529166924,2002335504,1284729795,2339197951,753914171,974181623,390354864;1
+++3162222804,2165387992;2221064182,642740662
===1342956761,2978564611;166794024,3290142305;2195730192,3588222013,2364948518,2253551335,2316421391,2421092648,3168621735;0
===2672819031,3012348912;1768082225,3515332620;2716771790,1482314298,2182529173,4007880952,2176161976,628000324,1367188457;0
===2083527960,1587980698;718399539,2055879365;340163927,1937215983,919944863,672311255,1412533322,1793883204,3631432026;1
+++2020534930,2142704830;3433691104,2720853639
===2120292620,1201684415;1445851159,1775776502;2920154343,2184098060,2417239374,2903831194,2470977201,1968373652,2666761358;0
===2568622899,2439621930;3541572340,2205274177;1331005190,2239151336,582676315,679009002,1872429211,567472455,1387169363;0
===2006515296,2381449620;3043948340,2664130654;3691027851,79156971,2489474209,2165253789,1986477865,1995377331,1479476266;1
+3195452480,1702647759;703307415,1366126836
++1338432314,3030631989;2925146294,1532075594
+++1518336314,1592122290;917188092,1023116251
===1855849826,726042065;3284762371,3117809472;1454936158,1802261759,764339608,2337408725,1446093985,2044670223,3160358616;0
===919537495,1954977374;1852615927,3117666608;1365735602,3798119877,2259836627,925770738,2773901004,1634947948,3460454046;0
===2441767864,3339978219;1831040845,2406175981;854388689,857970351,3090680336,2207004676,1261041809,3166281955,2221318436;1
+++3643916781,550472411;2235980865,1681940961
===3734263514,489499767;3021513108,3508749130;3267179697,511611293,2055057222,1725735360,3523041526,2361593583,3475486044;0
===1868028746,3540611867;3744461334,2238270453;625654402,3450163071,1104724159,1603204193,1703850757,2834514518,2517174563;0
===813474522,3386560789;3384906567,2150163261;1660449069,2493999504,1927861718,2074413899,3206643721,3081943330,2187267945;1
+++1533416646,2065287817;1970763326,1113093373
===1667486332,1757336450;1147028919,2893818632;2317594422,2204881911,2521354525,1853658419,1257432458,2800490955,3816633271;0
===913089776,1525371858;2798974130,2012225894;2160900101,3050872824,1570629872,3386030230,1378413263,351903087,2503504764;0
===650627324,1161449728;1624987502,2557572251;2283985619,2481423997,4131142687,3947050273,2426631342,276091227,2547101278;1
++2377998984,1373467614;2352957158,756412632
+++1086840933,1227120910;1053737239,1572536344
===474513532,1789803245;1211863446,2902407103;1920129043,2699531461,2016202573,2776893149,2899673037,3166408719,853537989;0
===1757606630,514506177;1137360179,2283406017;2251980748,1630263881,1920187388,1446447163,2204264819,3957742735,1387966631;0
===1921352378,2162972194;2309556402,1143414131;2543539495,1220362891,2664244514,2944783825,2958007843,2584339857,2846061557;1
+++2170877351,3212226381;1988857030,1541933411
===2388389497,842973935;2103938767,2882981377;746998287,2171567152,2892132869,1954840705,2795128295,2488616532,1028582040;0
===1837886389,3365292504;390286551,1873299507;456167785,2084946652,3222851985,2059559030,2650399684,2330464986,3352495190;0
===1191981306,2426805625;3058186314,1174340923;833373333,2075147912,2590280261,1860116772,3303328974,2534105145,3067836438;1
+++3089309626,956093889;1050922460,2397029959
===2384075996,2261453013;3478015985,3520410199;2205024661,1796631752,986221387,2784544447,1368589754,2339142112,2747816257;0
===2844922198,3818422331;3122670533,3175166364;2221388715,2082189050,1391699261,2067629809,1855253002,4155696749,2536992181;0
===1724884892,1385082296;2003416911,3397187283;2878312616,2724594479,2260436035,1212217364,2385540147,1221829306,3075344765;1
++2942077628,625070249;1778711542,3481903293
+++2265405506,2912310815;3030841854,2779359477
===1605569415,2858511463;1010729726,4140360388;2302560195,2170791075,1581363933,2309452793,2196919333,3472036267,2134427238;0
===3526926836,2076114042;1563360453,2284070744;1646704796,3715310702,3976903969,1422254050,2922475849,1934032983,2415638925;0
===2144382440,3939497110;1866496553,2008398203;4129683029,3279884434,3208528226,1603883066,2885579966,893092444,1147913610;1
+++3416518233,2926935521;2123899548,3496249620
===2710284208,1343777725;1567180537,1182509320;497890417,2492926716,2040626748,2419658136,2120396625,3099965843,1877500397;0
===1704663131,2041803881;2017087026,329048867;3653488318,3425863088,1938205840,1284466083,1747376418,1749515541,815684048;0
===1049679552,2215895056;1469368090,2707365141;1220052745,2192115775,3178798848,2489756324,2236004828,2267030645,2440757627;1
+++874788904,1694323914;2553978724,2743823652
===4126756514,1879823364;3578936625,2307608289;1222963402,2794467488,1337762597,2321003295,2159851427,2528001590,627437527;0
===1752794050,1037247403;1329358370,2956311187;1419236981,2732281196,690175672,2506936508,295484224,995932381,1641590200;0
===3324314503,2193533751;4064427831,361549720;3113765797,1524069459,1397153945,2610729974,1371923022,1192079989,1064439006;1
+3188976096,1708615643;2205511153,848684048
++1299125906,1646553327;2759637576,3353269273
+++2309466653,3087973620;2361203040,2103031549
===1803523047,2500860378;2510374084,2606587923;1531651787,2486353805,1269975936,2223384821,1813441323,1497313391,2587642421;0
===1048308488,2306752899;3655319931,2331720349;2667393556,2538140551,2801343597,2999261199,2578186875,344420779,1879491597;0
===3329671592,1211971663;2631279589,4184752289;2538561953,3526480670,3581018524,1285176754,2460580184,1875726218,2201429757;1
+++3885729890,1422437682;2112748072,1610967013
===1474673410,3986769193;1948198682,1070389586;1624232463,1567501209,3797130173,1952872599,2716976988,2704168665,1372306543;0
===1633627345,2315829773;2412834932,1855045276;1263327420,2347335416,1496527338,1680461290,2427831380,1752180372,2535064636;0
===2889126128,1730601871;2924348446,2937715284;2901722106,3214010080,1707426057,2184774995,1773169474,817727111,2824048458;1
+++3466064843,1608046916;2719669118,422657078
===3274719390,2922314785;929315328,2504218727;2067145128,1840029848,3103507229,1917683458,2060278317,2710559136,932881317;0
===1672083959,855890882;523131225,668033127;1288913486,4081655287,1853660998,2025152208,3518449424,1729668830,2684046214;0
===468055292,2648164563;521207553,3034341696;2884844376,3943261953,824336981,3535646327,3224920177,2887520994,2214857501;1
++3077065555,2199667615;3152990253,1062015308
+++1576775616,2566529017;3148546815,2504359415
===1767877028,3328774352;1152166442,1033261968;1592781641,1809492708,730683138,2839540857,2718113562,2124309182,2625467130;0
===1306976468,2837067798;3665432058,1714665187;2008587516,143331230,2569866421,3439099684,1949426164,3164012282,1021590791;0
===2047701235,632347846;2159433067,1492874438;746065125,2956306069,1160445759,1732575024,2831275641,1751984334,2327968587;1
+++2418376546,726998478;3227818729,2222916754
===3399191626,533601026;1678916510,2098201195;1957287917,1477048816,1367847854,1801973672,2397992642,4107180437,1622932450;0
===2906209224,2747593125;1744501841,2118115060;1849087120,1813460910,1005432714,1883247486,2509162556,1280121860,1025785152;0
===2097202646,2143605306;3170983179,3160816022;1660719259,1839109798,3073288137,973908513,3441308166,2437071157,2645384816;1
+++2666142196,1721807682;495181929,3700888079
===958992098,1690392733;1052276651,1603980235;1537181465,3282362670,804690913,2042755748,1167088123,3075687427,1563723615;0
===276501925,1306850935;2602147802,2699575639;1382370501,3521683004,1531160778,2749128629,1748018372,2654065071,2034581972;0
===1003311691,2523700963;1564597985,3235161054;3714963426,1905637440,2254630136,1611705829,1739015624,1861461937,3445770505;1
++669484456,1345753776;3145080617,3430191479
+++478542769,1697415647;2219283500,1625498753
===2001769579,1106360775;1322092850,910511467;3300029960,2521671314,2008712199,1723164774,1572300990,3020609415,2003114656;0
===2997663532,1220547656;2383640734,2576670511;1429693108,1890538681,1425059603,2501890757,2177541325,3022881239,3063329129;0
===586170067,1567527049;2986188916,3495570015;1624265628,2058665296,2201106527,2208702987,323958005,3252002264,3259691861;1
+++2498660959,2338821169;653236434,2059758573
===2792650301,2099644214;1344344587,1636019500;4008364995,1804766821,2478612998,2170673535,3340485473,993066197,2995757455;0
===2090318216,1738329355;1366045767,1414119946;1933074663,1720011199,2150503662,2079877634,1565401248,3385525758,1443740854;0
===2138801201,3384745545;1856970652,3731731348;3708284248,2224509698,2333200994,1074213003,1293494898,2164201205,2030963561;1
+++1503259150,1867604413;1467540427,1168776206
===1394403629,867535568;4220235541,118791016;2219550624,1621845266,2802052266,2150461838,1012793323,2435378636,425628825;0
===3801711043,2184924468;2610292064,698342209;3992486161,3024432784,2318215944,2824257345,2585511241,2049702522,2746879659;0
===2250325211,1092453389;1987861110,2954032776;2775753731,1847720840,1702757228,1779591014,2599991825,2268617440,1147166094;1
+1762733640,1703777488;2886348664,3650017131
++1834670180,1399409378;1825878192,1944212643
+++1779895541,2705526146;2552346545,1876467645
===3263889927,1797372001;2031502840,3496401739;4002635599,1775050777,2586475324,3669847990,2115123848,2436492717,1663496138;0
===2136452756,3253304422;3697223929,3559827538;1793428595,2300699291,1693710667,2460881845,852227658,3065052965,1206609685;0
===2267587059,990077872;1938209875,89952867;2358579183,3195113688,1655145163,858451062,1292800458,2386689455,1608624750;1
+++403584888,3761835045;3681354225,1394319189
===2718377103,3183945769;2425717515,2072790675;1843341066,2165154870,3243327440,1702607499,820525972,2297497523,2390015881;0
===1068619826,1966253037;1631934150,3248113568;179649171,2940108925,1020838847,2538586697,1659377193,1910747787,1987086570;0
===3567061712,1683068023;1058656854,2626726452;3170128479,1687617787,1160741023,2219669554,2632543423,1078445667,2764253785;1
+++3119896379,68959811;3024569566,1301459110
===1205712404,2405241162;1550154191,3131664996;2416898174,921304548,3357993434,1726090575,1840511596,2898196130,2099354331;0
===642800816,2901749652;827787624,2736261664;3619417143,2800418938,3168895276,1290766862,2772270851,2697405666,1946636483;0
===2832956745,1092360969;1446661454,2564987851;2612552182,3581843712,1176944062,2104631181,2359871543,824347864,3186368707;1
++2549550102,1898711029;2146786493,1754356243
+++1467678292,2821944454;3208464864,2752595743
===1278068343,4021625901;1591605958,2804775607;2194865604,2222507713,2169811134,2220467001,2276248631,2593671864,2230555264;0
===1021413496,1825147009;2688542703,1693419900;2558310618,1584085272,2537108124,2339898439,1881759321,3167128307,3579210431;0
===2081413982,522649064;1897657752,4022389955;2832450811,2068853610,2286365199,2101297189,3090281119,277901786,2383260822;1
+++2164581496,2260469631;708452481,3638719488
===2922185287,1820183913;1224647564,1564079084;1477977052,1005215807,1053941758,2322043637,2782300660,2453558210,2047688893;0
===3451154665,1132157145;425926282,1177462111;2899418933,2160056517,1547109023,2575800396,1536185523,2016594588,1799760980;0
===2336769294,2013726948;1776447780,2530662847;1787535142,3127127239,411057988,2877034446,1054577566,3846656665,2450618467;1
+++2020442177,2089092716;1233168609,588459472
===4065911878,928055913;1505388078,1384328949;3164463680,512534811,2160019093,2117050943,2647972298,1627360547,2350470283;0
===2394463381,2830230959;2471128616,1568463474;1808547329,617558646,1734937642,2813972453,2915560515,2757357132,1367500870;0
===2219287350,986567081;3386256180,1597361568;274744496,2285993621,1913975221,3305328102,1227411678,3036914945,2503621354;1
++1300387983,2096227114;4224703897,2991428125
+++2699795029,309886559;421383655,2684499474
===3144100240,3415685265;973655685,2865287244;1704599765,2176562686,3806517291,2481238353,2134531222,2325525686,904039191;0
===283531314,2290232253;1609369668,3056294574;1049449765,779667303,1853033136,1802959909,1187799986,3399130535,2173840328;0
===2767427719,515067503;2438023108,2490836133;1819304935,3382183246,3090806555,2789607169,2012884216,1173207431,2921391685;0
===2253103653,2033692006;2080508129,1891614519;3692018877,2931146500,2730927751,3175447588,1798191317,2378570494,2208782995;0
===255826149,2460923486;567816266,1810273244;2391932048,2151300169,3559077758,2047417240,2437645208,1710338124,1310715315;1
+++2131694652,1488439705;2445199901,2519020777
===2361496747,3074077697;3792479530,2279635842;1024006875,2347417028,2593514947,3122542464,1669361604,3411119204,3629632128;0
===1578759175,361154788;829304477,685432986;2839080262,1615189340,2867381386,3348866825,2860382025,3156465960,379547688;0
===2969174349,1556046380;3600322833,1978957660;1790478640,3260516595,2227019661,1840376938,1803962969,1293767906,2907435911;0
===3017965932,689414784;3294082134,2210590174;2317897424,2083295015,943230317,825809978,1013369526,2504053173,2125776333;1
+++2102878575,2907883084;2406167678,2424194394
===1205082455,2095377462;3603089573,2562219122;2229998451,578804088,885658428,2786674165,1429130241,2194355492,1675949373;0
===1593440800,2877073863;2565919544,2582387910;2861477752,2449341180,2069152521,2855769868,3290993487,1509240333,2926583256;0
===917315645,1469286634;2155204657,2642322920;3348575419,2019520627,1279325259,1337110173,3048871589,3056709447,2035127425;1
++1071743405,2493685335;1697991046,1474339265
+++2324474653,2267426294;1890532897,3237247360
===3353964973,3052279781;1665785955,3446030523;2402884690,4125255807,1844868919,2040659260,2519833797,1161224378,945261792;0
===2378742243,2070166398;1708420348,1951780309;3226945562,2020028839,3036333472,946931387,1582375458,4005306666,2808547454;0
===1460538204,2124385086;3369260820,3295043151;2739497355,3026097176,2217181095,2052141407,2679739582,2146188685,2569262242;1
+++2125149675,2391364946;3843018791,1451268727
===3002059855,2471713194;3179081001,3084762407;1277040951,2472206631,1750511323,807254297,875228603,2957124997,3082346718;0
===3050054149,1747393641;900367277,1191419637;3015158813,2706559173,1995698976,884935048,1919209942,1505010426,1613765504;0
===1998626074,1998908468;2072227729,2000064914;1034676796,896007265,2786119058,1701332629,2282204875,2589299356,2160622222;1
+++1888107976,2174188306;1686643608,986423047
===822691783,2167061736;1385512129,622738143;3848768282,1530657586,1579483539,962925094,1277817221,3299075816,2552149851;0
===1241708243,2668926253;2377173747,3053414081;3515478469,2508528235,2417923018,2796941594,3141481238,3188776757,1355456308;0
===1253937581,2376854316;2871603615,3051343695;1775208772,1265806168,2047789975,2299566395,2217115844,2276585493,3553963414;0
===2936517209,2182191787;637452319,2238444685;2119459623,1675093546,1003792907,3325083814,1484691914,3754833706,2117553620;1
+++2539259830,2388203802;2540693051,1817827659
===3608725204,3757980260;2582460256,2451315308;2683666573,2626764202,2767797277,3385198977,3064902071,2451790001,1220033440;0
===360996594,3351169819;3424758038,2463407973;1853396139,1839820792,1415822456,2351802433,1449880146,2026546544,2589362297;0
===2573230697,642246628;1899612338,1664058311;3547166537,1003327718,752248744,761700656,1965194052,2040866393,791863070;0
===3906871254,1946360222;2124457888,2711423555;2160495590,2866730875,2325301977,1878752061,805662951,1661983986,2226017636;1
+++2019119084,2347891188;2981296318,1055949551
===3602716253,3185833378;1965318289,2207193325;1376727063,2975987896,1687737656,2548859747,2243078882,1722860819,1803001602;0
===1543419644,2430985737;2319256748,1366717175;2153174775,1646271366,2357096491,982896465,1642724201,1645000584,2085817972;0
===827511640,3769381485;2253948593,3563567098;3078045908,4093038486,3664040058,1619523531,1827685347,2369478971,3975710819;0
===1257766251,2114943973;1480916633,812932422;2502439758,3405431210,2008588276,660280355,1159831118,373879447,2387046334;1
++2541417644,3335605015;3926955595,2007754181
+++2261444773,480164216;957781647,2681756990
===1460497728,1701242940;1495417580,2964678176;1320903475,2259614148,2623698748,3752525055,1113673056,2013556227,2585847841;0
===2358505649,3430887348;1680876580,3231509327;3919817897,2049093535,2969079391,2462403010,1656993979,1545589763,2920589888;0
===1436229975,2480983683;600875969,1655421038;3651934825,2558993006,1510406735,2524913017,1768138031,1591537035,4175710256;1
+++3413018781,1065585536;1948237815,1319539730
===2127959231,1538663432;1012864416,1575986116;552713973,665836033,1458785758,3132635557,2977713564,2561704558,1421822190;0
===2444988209,3143323268;1224981366,2170322613;1027089785,2014578847,3309799737,1100208470,2788579876,1716899604,1662945592;0
===2265494939,2061926342;1178598241,1158251140;3377524407,3177379811,2210732072,2120656771,1742835894,1976865680,543581339;0
===1680297928,886984985;2376725136,2824797268;3254144473,952870225,2275113228,2172059060,2880978851,1962123989,3972470903;1
+++3018874896,2385725372;2756607570,2112385819
===2181786710,3384390234;634347938,1675424752;3364439090,1816200796,1037173652,2303218744,1893564942,3613964726,3233542779;0
===3504479884,2468695453;811951857,1884565419;1327044350,2513112005,1222594462,1512698444,3953790057,1776071575,1587496818;0
===373272485,2173969392;1625814716,2568556711;1713661771,1535077161,1679023649,757029725,3202600040,325515831,1759178194;1
+++1826659197,2680448900;1304078078,2361690586
===983946386,2515934946;1051880076,2950370366;3833172592,2623595347,2480598764,3450932695,1277513626,834124283,3096387704;0
===511042798,2549290894;2523491030,1547362785;725555114,1249243233,2656320048,1818423282,2769781139,2356374477,2517625310;0
===2132501332,2889534453;2503391278,3737533560;2658470272,2690468078,1467797484,2505914951,871997919,126559829,2176658527;0
===3519290625,1982772338;4041278746,1742282875;2466120685,3407371504,741625929,2614459291,2153630677,3259447893,3313962227;1
+++2150372346,1430339987;2554551031,3137627125
===1504791406,2297674142;2388152256,2456575466;1668846661,2225743116,1095869556,2120491776,2037349919,3208027508,394469133;0
===727616498,3680445640;1711656784,1744499681;1282228943,3330366298,3333770403,1729016185,2636309747,122633811,2200930658;0
===1912110072,1402663644;3217512461,3417627190;2388245525,2148070652,2911354364,2548044430,2707108448,843192147,869722705;0
===1770262463,2590308771;2510153240,1310037328;1723346124,1766069580,3959948878,2383839924,1770968058,172554342,1379469448;0
===2141015359,1644391999;2077936642,3767644390;1539435221,1851722101,866450191,1072100120,2125566148,3068656574,2969406531;1
