7;3;5
+1068464556,446606084;346294661,826989500
++1204347269,1782581337;1008997406,1556886273
+++385268170,621932028;1602514778,1025824962
===1958153164,347923308;783682062,488583633;25493143,1298401767,1857512362,683802917,715335320,1687455289,957678485;0
===1374734365,1251633471;1862629299,1897431956;1370939683,1782936605,316709499,1811098942,1932247036,1009158441,2016611922;0
===823797299,2077267310;786882861,1092152476;1598831084,995474555,307040236,123175806,803471798,399898946,1028918952;0
===2074389754,506034516;706739745,892926974;1986331555,286673825,927132152,267333142,845547463,1798224708,849066378;0
===810249362,539587419;1574011548,1317973364;1172409334,2145018646,1790867635,950731787,1855545785,452044477,76864703;1
+++208764005,1040780631;948366694,1526381436
===890347579,1258665726;541647208,697412939;322300993,975757601,619159338,782977865,1581717968,1820192769,1986026739;0
===350825560,296802511;1986696432,420776638;755188893,824071551,586617565,271920819,1719344098,1044275305,1650402967;0
===322103538,46382740;1720848959,990508210;1393341441,915837798,1185624052,783568458,1625349077,91843043,702981094;1
+++37666616,63560476;1363252389,782367502
===1553903427,706258521;878380456,74521884;156309888,771439283,994479097,1153855960,269038918,811609122,1768101692;0
===1186137589,268943204;760966777,1669462618;318735381,2145322856,459697490,398963748,528843257,2101253126,1978801569;0
===1258168784,1657341135;320536570,516387124;207513207,745595833,2093930305,1231016767,1142237262,543629639,657071929;0
===1592525227,783035997;598089632,636366744;1505099005,292550891,724839262,535385744,1827663429,1021143801,1555678614;1
++325231208,1396501830;1882337021,2075282673
+++1137277470,449834125;1684500172,326038059
===1097444753,810797933;1106805562,956671361;1957559678,425626216,669092449,877100994,488466472,1829289609,2030662816;0
===1853312196,1104200052;803239611,2037917729;1140953997,1050613694,225211042,1612024224,1638711950,2040971888,1933150423;0
===1884865877,1430840234;474266528,112198115;533705870,1959285493,468668445,2042159133,430550544,1608750818,1994690839;0
===1008278181,2055970713;1106136659,253592105;626837947,1759877507,842098800,1752224213,251306942,778115851,1416841496;1
+++1315864342,416247697;1916242405,1048063729
===481138554,1658788336;1731518034,1994997477;1150485720,1152337403,1580610587,631608651,716062585,1685981946,453856232;0
===1147937167,59520441;1873827126,1665761278;1287555231,975206234,1998143472,1047550603,1306175492,129302695,1933071982;0
===220475205,572029157;835511185,1226013285;1861235784,1543242072,2091615166,597375488,1030046127,480295341,1232394092;1
+++663406312,2132796058;2070733010,1756423571
===1682778121,1761639994;618477794,1021917824;793493942,480343916,1988811832,267723288,1087210253,1508950107,1439839641;0
===645249235,169854672;1876720067,194665035;1846134666,707458227,1317520476,1585818896,1245596712,890610579,1785322238;0
===316485878,1804171494;667015090,714840039;653855025,2008459873,711220119,1863411240,214481800,319270469,1208950829;1
++2017752202,1077230426;999559623,1118694294
+++772415151,1513731509;551398584,1472607800
===1989031394,492083719;1835354793,1820852428;1553176359,1284844072,1228628863,937216576,615362412,1597757272,1571658269;0
===865320204,1810368845;415847919,1655757803;788218539,158292685,97254273,496033041,1774779320,1051525135,974187869;0
===599456038,1519095400;1210090920,1201072623;1168076290,593520913,2037906123,470774137,1933464682,1469051909,2033217942;1
+++208238491,318431794;1225096308,1964867890
===1746740526,1246332865;2040323363,422540491;1391335982,702491289,261561579,371626982,280727250,423962329,249323483;0
===1302420330,1021305808;1546784065,742866622;1142956330,2123648280,26015361,195182415,435818773,2075284868,1952632352;0
===1421490579,1554601273;1676782749,1742938632;1997557053,1381799059,1548530146,1692763218,1520171385,377350912,423006567;1
+++2134544231,615233710;484979382,1171601608
===866554901,1865253191;969104193,1991027527;79989136,915459951,95819111,528117217,124653333,936150054,1285645757;0
===1017257467,1518788011;280975310,647027137;1265244396,1813701658,2040005948,2128398660,1010664711,2146361117,1718173246;0
===949204643,467269351;622117935,480926443;523941068,2112644407,1693168370,185429829,1090726892,250862536,1986986130;1
+911950456,1115439865;2063238645,1597306078
++933868080,232216880;627072876,865794876
+++1581565392,717905608;1890092160,1729635080
===1620453532,1431946423;330976475,298378380;1770390617,470475547,2105579027,15108852,2088140747,598861718,943587753;0
===1517460744,386861611;1197803487,1096494211;1227310176,327694413,419490750,2141020692,228196700,1533962166,194600407;0
===897060426,934775110;768761393,1365073332;1883478221,1301824566,655039055,680912593,1843520544,426666037,1119454832;1
+++104739561,2086785684;1551726349,899154177
===437163439,1741116109;797832931,156487605;87088683,2111707109,1038268076,647623802,342043458,943895334,505697735;0
===1955911178,398741834;405136269,1979903781;1634697019,655812949,1489270417,1121055771,1626742507,913998067,1307903445;0
===1393267472,338862755;130610501,1146939859;1209477625,107981067,896567041,1225231426,405039492,1039392464,1558583236;1
+++788412115,665818749;655107637,1121600429
===1978980849,1294462816;1763413635,627833166;675877288,112401559,1220021688,395164855,992037545,355454556,232787311;0
===1521489430,1865763516;1056701476,446742715;1220324852,426425399,1845975782,41048403,1408927347,2135919855,1305831918;0
===1554927783,1443701292;1782915863,609030728;1772903416,167105008,35397713,189292865,934610716,2028596105,1714258668;1
++995677349,853345101;1783534947,1959946903
+++1129490673,1103168523;1891338084,1700935650
===2075046911,1518726965;1401987221,458552681;1138247256,592651259,1802740761,1001091339,1382751745,33839188,1782520621;0
===1868349500,1997838077;1167966773,247471302;393302632,1784991160,643760112,967422150,1967305851,169308606,1363111179;0
===341272102,1062308974;1269411944,1721636776;1327622942,1699584830,1610989805,1261129859,255560131,1636643925,550038067;1
+++1295856823,414649472;1060728565,1487118725
===845636455,1395918427;1303624782,269200116;2142941152,597728874,1019204513,1442517640,85673222,907343105,1924741629;0
===735198590,898992901;1861456993,388279024;1948088135,551274081,247605855,835457432,96541388,311122365,799432086;0
===1486402670,1187460791;502440614,2012631823;1691915822,1793470316,1571888200,847989953,851846602,1124213193,553587163;1
+++533015379,1247598829;1346456546,1349284805
===1247090497,1970723390;442337606,456990020;1843866528,598691574,1533633673,431527548,2004484648,220844486,879227348;0
===282357273,468705064;170680459,273049168;1579135831,1195650940,1932086920,1022646000,1984378140,35944690,287175916;0
===796342960,1200081418;2051670448,535479317;289961297,1257071190,286490778,2100420771,1540058429,1543952458,1074877210;1
++891874552,1934930195;680436160,761195578
+++645006585,316052836;871113548,139209135
===1137951001,27860459;2048900320,33118389;179494885,951106533,2123997169,1309921280,2093720245,592746255,761837540;0
===296515318,1964554665;1458173621,433277174;1494110954,489887556,22289128,2140682296,195791300,1390603639,1559134190;0
===211705446,237451798;1767377994,1728691326;161847068,224454956,91300220,545485470,189206506,2050390821,1973188699;1
+++744088128,770991667;35024805,142323495
===194788510,1123778243;1262797634,1948011450;1861642242,1382749474,1410692607,1632404982,646318946,747816322,705340419;0
===1114460155,1241221204;137613306,1958096424;321234448,418589736,2129568753,1643667807,2129091996,666440081,1535002007;0
===1587239000,1118370882;753197405,380660733;1605006561,2024083076,389790533,89708721,1792078517,1392658000,865164511;1
+++1844351537,795882324;987344194,1205556173
===75845185,2121266889;463306521,245294566;1356568958,195854232,1757450712,334154606,2088467764,696599330,1816689644;0
===867666237,1738029653;1558045631,567320336;1268409555,1556776801,1531982073,437143064,1976847652,1735833887,1745942097;0
===462608193,525892619;1453464,1888831219;184583499,1910546757,2052577692,1559278417,1952736419,1713950789,1088200559;1
+893610190,1312904804;460638497,1487523752
++1653314355,683619242;1210548424,629277704
+++153232870,253112671;760290531,655896853
===1532289055,1389033826;1662313743,941717988;1154628924,319290115,1146391479,1155092432,948450758,1469214697,1405754067;0
===1966830422,1135989465;127062372,1567733922;142112609,574139053,780811655,626133598,1082873464,1851878901,882841268;0
===733178869,993168409;1237021227,77034135;1417429162,460309687,701388665,1014860769,518986062,1007434359,1617301372;1
+++28725471,1104861150;742512900,635784735
===1680299280,62996811;907237176,1206122025;957091385,1736109549,76739296,1093754677,538631669,1153582339,1473781280;0
===1096125594,1665491594;1533605818,1278952083;1609597773,488613794,656802324,1951419505,1716551990,1695495288,764230006;0
===114924934,1779322625;668656313,680118239;490662654,976002927,808093643,1917628479,621378096,1446370649,232259402;1
+++733429951,1094461622;333970151,1984853558
===262746785,11855364;1638250464,1491319481;187328488,1156164800,641525588,533779002,864868810,1223158106,1996188662;0
===1157281289,2114534443;1789393968,1624628185;2032618506,165294378,801657587,225719097,278088037,1342329650,1515233452;0
===1745375534,543498965;1744469624,474120846;268842179,16958673,1660113895,636172825,596741540,715160923,821000578;1
++1058990637,1040259705;555141570,1342520875
+++585986311,939827212;721786264,552994459
===541914082,606241583;1980764785,1181058175;870521009,1891758798,1826844193,654781571,609728317,1480348126,519451422;0
===980324159,984834316;306340277,775084663;228284447,2084202665,1103396663,552965000,1903320420,975426777,2120203955;0
===750918389,2084356840;719282943,1353696312;2076128302,296017478,1357448592,1725907744,555417496,1806484269,732401653;1
+++1379724067,1631429509;224869350,1631933646
===893927244,1664106072;1466385067,1564264883;2116544099,1146148685,1849407476,1760216561,527904571,186220190,874353573;0
===32147150,856357597;558610932,52606768;2031310713,1954148827,1727102260,1008057831,834659790,1851643817,2112087881;0
===1195594154,1341980916;1016008399,938218613;841694350,1798450008,1129289455,1247617293,466406135,1322430098,1467703833;1
+++1298203118,1048856399;2043819179,285728201
===1876160172,1250891578;1585840472,1895640215;787985018,466842506,1763044888,719190875,1405349423,877286527,1390741108;0
===1931222918,1899425905;701401595,1535803928;1697310851,420630981,1912833315,1388384928,918598989,1356835225,1265021249;0
===1347379389,1137751471;2103639100,361510671;497353172,949515247,1465052754,1771920507,1136479829,594510512,248785108;1
++1709482965,1164316595;169962752,779825221
+++1670493266,1757554154;391905756,1812585829
===1541180081,1095392177;2003492024,1825503500;74326185,1289711734,1405551203,897567465,1851264810,100226331,723972945;0
===498308694,1026128005;419826645,1648119566;1000757381,1774729769,2131008080,1398266633,1857234099,869684961,826606860;0
===2066920451,781905443;10696108,150236033;1207543415,1392636143,1807337494,1562505169,1951358902,687786184,283058869;1
+++1592399848,1938739796;1728724327,967463561
===1030645900,354540240;1910161010,1420198417;190137032,2070743642,945813130,978373187,130610007,1706193117,1187231690;0
===469091330,881559756;1401735406,1794678595;1191181698,2126018031,1579093845,1056789852,651149997,554850148,1986988641;0
===340061671,514144654;1574583808,472934596;468618167,35570254,258056588,2111861147,1971347043,1503750355,1294830160;1
+++837087964,466303711;1272224393,1163367030
===1765823141,1335723755;61069818,2101550314;2004728361,1265018175,1230318056,1646618165,2146260063,508406846,1891012000;0
===115325116,529413072;294888747,1736499812;54542852,501688675,1132255294,787624362,1046699556,971203362,417885097;0
===1486408496,1315321993;428330870,343224606;460076094,1934488883,1205984899,2009380910,308546245,1481777739,2141823275;1
+587785109,747012178;1035392946,5312869
++363438899,1732677022;447509521,1440592475
+++1848892670,1079688144;342672452,846034742
===967246857,782498011;469116151,213408036;25404983,1798826151,852897906,89324647,792397609,857754168,1181263822;0
===1205302078,335935532;88557997,77512579;1035069374,693389137,985053617,1605447671,2046638524,844153018,1052134378;0
===685578623,1655096749;1669111005,2107453313;1844941321,853286111,1549386065,1769775536,2045916973,1394092406,941903088;1
+++2044070207,412705484;341314161,1470749681
===672873758,823830222;1369123348,1703777454;728448902,689531514,721235240,923063945,2142229558,248646698,1195315611;0
===1659892545,459548636;1715385162,527699521;2013361984,285587090,1771035393,1383801438,1455971708,1635085412,1781151746;0
===343380860,680892330;1455767279,956438482;928847589,1427317230,1958997611,1310657421,145820224,1836944487,1239187303;1
+++759934298,2114404176;467414247,1880956454
===2054630666,242979323;650588621,411702167;456451842,2075457357,438512081,593006734,1201053646,14649931,1810336612;0
===1906962805,777410679;1350149744,69190590;359137343,538153867,875257500,2109785173,1261486241,564028709,1330174408;0
===552679082,1910759788;761257579,126452077;1161748424,306676412,2034071581,649233555,334587787,1490052242,594737260;1
++1620757496,1210067588;228176557,915348976
+++1815836406,233230686;649191843,1252560843
===1487069919,97208754;824178602,128149861;698291014,1840719412,1490164734,1930652755,1173058343,1531770751,1918533820;0
===1673802969,1951444732;1492276786,1241136839;51297007,667717106,1254265604,32533192,1937766104,119543368,49258970;0
===342283595,1934374277;1168775061,144775327;356462077,1016215819,1052620754,1175518530,435783142,2026621866,1597987382;1
+++68264796,1367308452;1676722639,644600102
===804200751,1716491866;1546282692,1354665347;1051414767,1616234264,1699930293,1477532049,38621600,1811116755,1726064214;0
===173154174,1572399571;1920845860,1619363043;708102747,334457089,1730864652,1332889742,2093702235,734789903,523782734;0
===807463768,570730468;1836790756,1522096571;806748238,435813647,1934387259,490923717,1957824523,326465249,1515208908;1
+++959859199,1268922390;2025446856,2095713668
===183950507,2085428289;1932060252,843395065;471791664,1775605408,821803467,1220252506,979206777,909583061,988734630;0
===520024715,19596864;112863135,1410565961;893950643,1724613428,497984330,1028038299,1168820739,146325944,1657749716;0
===325943676,1383079011;774754431,1126445809;1962804086,1565512936,1145707247,702185646,2063744158,689572650,884238953;1
++1165010717,1543382928;19735346,45908446
+++816758406,2110547161;1800101763,241227770
===444177754,177173438;1322762012,1024904206;1367285999,852259879,148983471,844280443,1688788826,1561226984,1610945852;0
===2031051857,629403746;975907987,1068234066;1237532468,1534222075,1770923617,1104830105,1169791400,667344076,1112001248;0
===373583409,1997265383;1461032211,1183693786;1973160539,129488732,891141865,1085384704,756306617,1205092101,868816938;0
===1375884290,186404457;2011453850,1611141393;388745154,1039280817,249211303,962688936,1150331115,318272074,1110054603;0
===2062651095,107758088;1795097988,1289343029;551318789,1884911241,507605356,2081773557,384625539,1940240915,1349325136;1
+++886018403,1296718554;702549509,1746511587
===775321888,1062668636;403051795,2008732772;1401076639,896610911,827109565,329332555,1539157188,627658768,93917123;0
===1958917200,2034782465;2146643028,1647394853;1306108968,1742903745,684661560,56432459,350931602,1050651005,1938824952;0
===727490092,639077613;458339630,1224039149;1888179123,357431915,2023204730,640581880,1861804913,1053229399,1114371465;0
===934568836,1586790463;947158793,288758911;1493327969,830785631,1475745358,2073994492,2065862943,1705353408,2001283893;1
+++63847047,1165745550;432956,1353024675
===1440821126,626743788;518940177,318733850;1896622449,2027266248,2034768477,1138660644,1815120137,819126658,760699054;0
===556124534,962784902;521689500,815824031;1225601671,244532103,578182634,416225922,186294648,1734291854,388083177;0
===2011043605,1579792633;454235829,1290599654;440850291,429152592,1693472313,1573248110,472186801,501629507,1306878943;1
++1443713152,1749817094;730416143,1269923405
+++50155766,213809404;1912183634,837572996
===864464562,765888260;1595341714,128929574;913071264,20888402,1115091875,355606336,190260866,1856308455,1922630012;0
===549426469,366539775;1627314040,432149689;444319618,1018796227,74643086,1436761683,1909792235,265995831,1018988066;0
===1048494037,905438533;649329442,577540222;298957716,1080201578,914925846,2037703437,954482867,1146076522,168953447;1
+++1304932756,1696396277;41278661,828091300
===557187730,308634528;578642434,810504782;946774840,1367835776,1212286865,1543983629,1349044363,1307305480,150703903;0
===607217979,1710554626;2081211210,1938717311;110951814,834502052,1335586999,1541281673,882643602,678064988,806638289;0
===1591679271,518047940;1962868008,921116811;1165646359,2060182012,929784142,867796621,2008361286,1298007035,254966049;1
+++1894957590,1105293051;1131713445,1556505612
===1948538735,1039657177;1872949205,1814313165;344662600,1669060954,1348562600,2076497228,1361626192,306553636,1053376396;0
===1988915521,392769391;556848599,806412856;356539886,120824559,1276002660,1368231134,240652399,145142128,1594804194;0
===2060831155,228090566;720546050,701542286;1973205517,1288262446,1187856854,1771376652,535347019,473032040,162282747;0
===121380891,2002791388;1843142487,1575782928;2060459116,1918041032,1518083348,791816603,1400660358,250196914,1471515490;1
+++1730826768,1122137323;737408479,1169840094
===594102196,479916784;291185365,469564742;1131871408,748661849,173203074,116245079,567245021,1233406227,1009207177;0
===2004893424,595572607;214749665,741049326;862954653,378391730,953134810,154233750,2066232268,2075011475,983852989;0
===831656257,2080409606;1171921295,1263822218;660559499,1360833561,1691268509,1830487960,576253489,1365895409,1770579457;0
===42020956,259057002;1476998336,1447386659;71872343,1357249961,1144266649,2126009121,1839969273,921099731,1931657904;1
+++1711878186,1195487009;658897489,1482353059
===232568462,266548607;1662268731,605714438;910914856,831006426,524835734,1172089311,205957460,1171641660,923881364;0
===901158101,1320668328;1160442206,1289319486;836633239,1848193596,1415853911,1978667211,1886549234,1640184325,1917898624;0
===1703126645,351641384;1527189867,173859126;1184653875,89442957,405331189,1202042327,1909301199,1197146728,20245491;0
===1627433385,746507230;1586192094,1821781680;167384696,670257819,330839682,1787452437,1149690368,2075326669,160978905;1
++1163673367,686018811;171127530,322994399
+++957704258,1813727435;1404167962,799297919
===1974321730,789182944;1515354369,702501472;1821948623,835434101,1637135035,210020219,1902544055,1800430084,1283678340;0
===1673091316,4486631;1867538621,44716713;39495886,1070811187,760821582,1034119815,855081493,1372118830,426422301;0
===2122537837,161293377;1964902660,1873432926;393092142,643582724,1345070582,1154343694,998584248,1629314484,29819118;1
+++347905516,1780378988;999861920,1005545145
===1890343137,2055584309;1491907445,1791294186;1947036380,1493075397,1028865883,218647476,440454322,1318746686,884208967;0
===164482616,918792352;1305500040,153178420;1278134448,1106406711,313418337,2042544113,109067615,1628576753,982884225;0
===1961968262,2104140042;1639659518,1583629630;121720200,294413425,1708274445,492455079,1138024721,1184974954,2131440006;0
===921324246,1457696305;742969417,1226032038;393530456,1424198435,134812044,1690670859,339119616,236613050,155258855;1
+++44374448,864077633;394210097,1798877458
===1829295075,91431511;1839039701,1271967117;572517567,1860902757,1787720117,1017264513,1720873921,274634566,578385955;0
===149578318,1278998359;1552598652,2124304268;1953401407,559625474,1408430581,848718008,44047786,688265553,1134308923;0
===1950690430,183335949;1747791892,318373766;1991763972,1114256048,765771216,1435857525,11782081,2091786818,1715860727;1
+++446956254,758444415;1338600235,1906429925
===1472845651,877794509;1326263735,1296529777;242689177,767952247,713717826,558232785,1941014409,1328659767,211184620;0
===1809233202,902242439;46113709,1506098040;1902764551,1224830082,1615504688,630603870,472481968,86807091,392737091;0
===1305155422,469141832;227127384,340723000;21840934,215506668,898472370,566503913,1788684820,2041207329,2095206998;0
===27499565,1003633286;130930560,1331140513;511966313,708301732,1653910187,725628952,1205243659,807974839,265785320;1
+++1496611320,1028690409;1088538166,378460527
===1039642568,1621746838;1418540898,361048222;869085581,77349403,1922334228,1479426344,1516206011,288468345,1996666684;0
===1496060794,248502914;1951658005,405198538;1251293715,564084387,79621142,1963245715,202040076,2098352014,939367321;0
===1074975707,2088959676;148460816,816647266;1312199966,703806129,377282493,1452559251,543188097,1461338723,1344975751;0
===676461365,1137547346;19515468,1746503545;630941252,1309505247,173491095,1215822647,809747247,2089546271,2039867049;0
===1589512361,982510122;750127079,8084739;864989083,786974847,1660963003,1330196120,1628183792,1005470180,866987243;1
