7;2;11
+39943394,919661022;888882154,1022586661
++165955459,793297226;776437333,846748573
==710133612,1993934406;574523296,1469976563;2139659270,601641308,327950484,1136747197,2134907727,2034586997,144109188;0
==1108147640,1385878449;2110857170,1843964390;2075566529,1008903858,1590021310,1283855073,294835347,814651310,1444437231;0
==940050287,822582400;437801037,118959116;561182219,1216177161,1621361380,1214645689,2054784097,329325963,1725564003;0
==519470396,1943153583;364712875,1619777982;667160337,1875892767,994973365,723060534,1546866208,1844891872,684861713;0
==822532983,1119180680;2129400707,1865218377;1515871907,941919853,325428548,1772850224,37413603,545771771,1053287200;0
==1778981419,1881987720;1613209160,48441217;734203975,1083589077,406764970,1471469005,1480094834,557218216,1815867258;0
==796273718,2029438179;60672411,180369652;1235786951,405805443,1229827961,326473191,908849866,174489890,1360133808;1
++1115519278,222522161;1726078597,829550028
==2099351083,1691356968;460110302,519283150;666062691,136251800,693836954,1963846178,322419859,575590643,700941701;0
==1886226570,755068821;1520363372,1941670512;1503200238,960748742,726756147,1756411807,866286406,549928100,550743947;0
==38718229,453070755;2048313368,1875362803;1395906549,1507700374,312851301,356133353,636326215,346975165,1810611641;0
==1543126840,1716084857;1070419455,682585102;1839403477,1528163399,695865574,1724883755,477653106,2135932871,1653849029;0
==901145959,1597517596;1103499790,1139904981;1252112077,1121181015,1330047555,118443730,1277088640,1989102625,1306766738;0
==335623422,211847290;131437282,1061344293;1432287326,889721521,1590165670,867576955,912592805,239068748,2068743853;1
++99308222,1766669718;1556184330,1983004910
==557168186,2095159723;1048555422,1784041321;1640113081,1629565860,1905214296,1503002993,496937100,1348028726,842696929;0
==568837778,612796500;1153671786,2017529466;735985696,1668275767,844109848,1764821355,143149621,212621395,1176912120;0
==272009011,1893756296;1752234915,1341968557;697546742,1258330466,166500978,1694508859,1817086386,1113661272,1122076465;0
==1256675354,53206107;1509161272,911615184;951534332,520858744,1189293198,1219561418,1376608558,751610973,1169572961;0
==253572662,877449285;1616364759,441298668;2076930698,840433159,141830819,1647170475,1362435114,946117693,294526214;0
==2100211741,2117332331;87245182,1688105734;358174443,996089675,2040548432,211135081,907786143,1993842748,167807336;1
++649616346,1840446828;1049754421,889100674
==774027449,1019221730;974789803,77746211;1330469613,136591385,1156084,515740020,1608761295,1110014799,1837865576;0
==2005040081,526102402;2099075025,1744634432;975323878,979869425,440316391,1817652505,1862295101,971374651,2015642639;0
==861746143,862331319;807605168,798935082;14817322,1036098395,890395605,1713211288,1498682340,2032982875,1070739882;0
==1093203015,1150968700;1541847899,1542244095;164193439,1837744798,42213848,618552639,171151884,2017252760,1897254420;0
==1123338171,249857670;1033852337,1598612006;434510104,1671958651,1171293126,709328271,2021289681,1410192273,1648841250;0
==1127806680,1041208169;1706510318,1289599400;464727139,1254482547,1317402361,1252342721,1700948773,1773882822,1101080266;1
++616020955,644421636;1795763766,1283741188
==1694337223,761516744;1987014335,2080201915;2121967895,1292169522,644411459,742494460,1712386839,1792763321,1439354708;0
==1757389551,2029704685;1984816045,633485617;134418170,1033367543,1923077001,1541545136,1090150190,1650265923,245741029;0
==728937124,1959726831;2054790581,475530080;650733431,1094671017,1356640318,436554813,2037866295,1332668840,536017826;0
==1987420142,551170279;1315781000,1662348123;1780673403,612075613,711380735,388922083,134135891,46982515,848614178;0
==316184794,1286604637;1064663774,1622587670;484914328,946393015,117175685,1281859462,218074432,449647320,588319162;0
==1646996502,492871603;68854505,1346257463;270250012,438355429,1283675606,227137041,1587031028,302888906,1796720024;1
++447603694,4769572;1628181718,1179867781
==591331467,1810954445;618798026,2019900860;1534656912,1467864096,712354335,362891914,1427278126,1280871180,973339476;0
==786908141,869472025;200328526,2004960876;793114376,1824809133,896379131,1812423847,1893713216,1237112276,2053027326;0
==1077670856,1969088782;1305992470,1555331135;1159562313,401028215,707584319,1093183498,261801503,157481928,2028479852;0
==1578101561,1158943186;1530510138,1499811076;2037396921,1048261951,1712633574,1269677569,1824710169,76682831,1548182536;0
==1023859741,1163849324;610139699,1013778667;1636723238,1265561084,932448361,2123127507,519257440,188592384,1395615922;0
==594120019,2036599678;1250592122,1575921078;1505599638,1737867914,410179737,2130118150,193108541,902862497,1561070925;1
+1350684959,2003232431;22358293,1721265681
++662664949,1343263292;1453960449,1064177368
==1376079876,1252734470;243587720,249771886;359402377,1489996407,882093530,862914361,1823632476,1191285459,1096995491;0
==330816397,1794432122;1712690179,658206424;78318636,1079774664,554976706,1875502929,1511579105,427044618,56255549;0
==468334505,1323444342;485301354,1098468522;1563419378,1665856826,1878636817,489318276,2145443445,84996199,1564361255;0
==673800635,1831443262;530769533,561894148;34327483,1907240712,17500290,951040498,235555387,921658267,646272912;0
==1975952809,2133885186;998064893,770108164;1991056801,510214807,907265868,1739962210,1578691537,1192963164,688562203;0
==582464640,233990126;1307372497,798238198;726139539,278497627,35985415,1278244812,1540629915,140819492,701098036;0
==1778951086,944179780;854129218,539282468;1524163185,1579381479,160871514,296706245,424737560,499911045,367853698;0
==836480030,844470689;1570527362,2003026986;1552015608,460423286,992273765,1581078608,1064360383,1897044467,1626653891;1
++1551610810,1433097373;1974695938,1206560573
==1272896048,1681276436;1167088944,839783217;1804623147,1107942514,682111397,1519166259,990405831,726074244,274312407;0
==1564007031,1244009384;1202275743,61957873;1369152985,210022586,100193629,2014765306,421903233,1249216672,1034219733;0
==2127215124,2089947001;1207714949,360559598;389493973,1931736997,110668093,137894169,1233103201,1447083119,1027831985;0
==155430926,1774039604;1741845868,1756902606;1485790984,1891112039,1597763354,938210603,1199260895,2016672770,1119327334;0
==347042163,1634249471;483168496,14160339;1781222373,634978815,2023371210,49225141,146354679,56655553,324332023;0
==181903660,749654627;2110790642,1998911828;4756004,174338234,2108782381,1932080813,2014932177,1790404128,557936914;0
==1921848743,822620201;2060258,1884507999;155716501,1798347926,876706922,1661760806,1188608069,857957863,648977319;1
++920789051,687000950;994797375,1627650563
==383400662,912489657;59092014,1397363451;76099881,668614367,1205665098,1989340519,1322329950,2075660608,95633655;0
==715584739,1195161519;1144500850,316657126;1084273476,690099573,1295790412,406951434,1938750391,425467728,1068538601;0
==1841545733,1224963467;2025497197,204343169;649795519,1867898539,865279241,590787270,570544878,767107016,702714493;0
==329698203,534169130;1416489807,243501609;2060616647,249487277,1152069546,376541492,716687740,740546986,1907216308;0
==1940184624,1476904952;1736873911,1895205519;1168076329,1653274379,1976534655,1232259055,1061505414,1694011075,1983363076;0
==1055163728,1015749558;1774283278,37163564;14825367,1300925441,490332179,442541141,81275805,897839359,957678714;1
++115233320,1183614808;1176647070,1740200813
==199352760,435601959;2032462053,211985442;1385775076,798265100,1384745178,1495440937,1886092390,1043470463,1954297468;0
==836305996,419033820;1857840395,1631467883;1332531763,1501143839,2008636012,1548685079,1326927034,1905520660,1858339933;0
==1415025156,858832242;1733304829,1007430883;900012328,1739163057,2024893853,2125452001,420187522,1273917095,430834955;0
==1988756842,1998233223;1157984483,1954560669;705005502,1721996386,980533753,1572859545,1705236827,1339063471,1969613564;0
==1805461783,77499827;1728970475,1234010443;1629608405,1049974302,338288605,484682848,148205901,495589616,1878044526;0
==177020349,1422807441;510331487,2121906799;747839246,626241738,1296913755,1535415944,439358000,173479816,1767749494;1
++1628048520,1716319878;236158214,1954328103
==1686044066,721609520;50201896,651104069;428772816,2074431308,925838106,2015917674,1899225082,1039888473,152389090;0
==1095197330,1261742850;1508377323,1525963616;40466716,570623386,248526769,1383662645,943800662,628829567,1733813694;0
==439982999,521757063;125717189,1986856112;710108566,734642704,455518894,771748726,758858548,1594522197,1182542515;0
==1829187884,1801662085;1672748141,799430544;1376400061,2070609833,169470341,1323470662,60864036,1196757204,495845382;0
==372494026,2081107272;539072410,1572818661;2080268452,1733334790,918795914,1846407455,1556622985,48935108,1569633446;0
==542451446,1266576303;1019914165,1166496466;1615868959,1434420763,621914502,1349488569,690438458,1230781401,2114225332;1
++1685598753,1621323062;299952706,1045016705
==1694550200,328941605;1001337064,554211773;1949676328,2063134106,663785660,1235178007,1142673654,1997767698,106681844;0
==1375208704,1079990131;1170647514,476241729;1341637283,686481561,97685273,229275189,672031644,1434401297,1748393007;0
==385252709,660333542;478999973,1166325646;1435745083,1370612981,442718967,1635264864,1484227142,1999997641,361211272;0
==1817713276,1919023229;814406385,98338841;1775601270,2008853398,1608683484,2054416538,1941097064,1983688602,2090156169;0
==417032773,942006223;633417241,1530653210;2007493352,1487279421,1639650037,272622979,1097800668,1008004066,1051767298;0
==1902708509,326636262;255731633,2103660787;611259871,2067705616,970048571,1593722231,1159276891,998389346,506553778;1
+1719315220,332172425;1257131519,445856548
++479070574,154805669;1745350257,274181215
==1005959620,451840539;1053216436,842601453;97772942,1176533687,1176360300,1456620695,2105999907,1500399239,175985146;0
==1229363830,833176500;1147382254,1329511168;613308480,1381565678,1545555981,1397647307,2017932110,1106353146,1980730011;0
==1950583786,2025540062;903033486,1404360223;242409073,1996734900,1934767345,937561866,985789906,995190551,873433940;0
==454926050,469099253;1615191800,855210457;1008437339,2119271759,1212036535,236174277,389865783,1563587655,309178426;0
==921113501,1446447504;2012451003,533175257;4621910,1890935457,808214056,1773291000,458129754,1564799141,828799310;0
==153976962,541803776;1345745437,1004326885;1852883337,1464985533,476368199,1607520865,1620836357,1179152353,262490276;0
==217081454,707607061;175901969,13989383;838572029,2122680286,2004144337,2102733617,1504590208,780280585,1820629565;1
++982370809,850622624;675450445,1651219596
==1935398184,1095514308;1122150210,153614582;1978900854,1016987677,873647489,627140771,502777269,1820339943,1108417745;0
==785198839,882057533;300148923,39711060;672426928,1746322746,128744829,2011692555,1118998279,1378647051,1484827150;0
==636422643,1912297348;1398496902,2049696308;1421222289,367789124,2029502822,1503728140,1745475435,904141522,874834335;0
==4398386,1622358974;397038735,345083898;788799526,3075623,1802113038,1389468875,733919142,1265554470,1361963445;0
==1613120659,410277157;1119958118,1267155449;1565958418,52852098,1579100615,362067171,887872067,54712114,1716985696;0
==266077470,2091385931;1619856446,836041539;592052264,2076065180,555524693,636374296,1182670795,522307557,229077708;1
++892212455,1099048225;542655864,1486688873
==1124918088,718479392;195668935,745767622;307061,1829336201,697034856,268518830,1910110820,1006898926,1322521848;0
==1931683222,764031426;1452143794,1056178387;1467818081,1112499864,617072276,1784075630,16345655,369697275,1703129009;0
==1445841344,2135663138;1919984294,1733242104;1460120454,1218847536,43408181,1631050453,1595179104,333269723,298739297;0
==595084882,1632446850;356456391,54158391;2138746476,1656546862,180051472,1233638262,1716019862,2124587057,817791243;0
==989032024,426975854;18562117,748983045;1228440948,232550347,536446433,2077960406,365464771,1007890783,546540035;0
==2122126194,1432290114;166799454,1081662363;1013325818,720826494,1731049471,54904560,497319487,108328258,2090192203;1
++1915848257,1921974884;835618270,946070991
==2054097055,1817459258;260740340,696258420;935250004,1974796494,57042408,772265880,767596355,1710987063,1481782794;0
==2007304852,1927549492;1013375697,1197603330;395562359,878744823,671155135,1771947844,1703350405,1912366763,1974083028;0
==507879764,798592410;407971894,305670236;1199381104,1478592571,755044855,145865938,406635099,1429803828,616032429;0
==427930137,1862912136;1843512934,1896902788;1637029889,2031241865,736616771,445509139,141276983,2041496907,102378431;0
==1506230366,461240167;2001048244,859754486;1557954875,1672266846,1841901518,1708504792,230722634,1782158651,916265730;0
==1550628401,1282034323;750602198,1041566532;276504927,1322269977,2088543175,1195063350,1652243863,1416396317,38570642;1
++1427313963,1719194802;1389140030,63717159
==530711696,619103284;902769481,902202470;57589469,401646287,1934577926,732490210,2133297852,732002051,2050789184;0
==751577501,649608912;1406271012,456039288;221837668,1083349861,1188101044,2007888835,2001247327,1491616858,208091977;0
==1679226303,306531705;820785298,1826169681;265389083,1195002461,1937116908,246611031,1064887914,2097215973,1228836507;0
==1103595195,152383388;1749131474,1580756447;1800346100,1498018431,1292860232,209807337,110761205,203025551,934868252;0
==1974450351,1780215358;1123216649,928164087;167665728,997508445,201268942,655291111,190788974,535589190,453042358;0
==152063260,724822902;664525337,793964613;512840262,99395896,1166140241,708935220,1327113666,1058318809,674444482;1
++1064458593,1545852224;861664708,950567970
==1068529294,180474131;287748324,1914553996;1548509167,784202775,556048177,806263934,1985787164,1192191842,474741281;0
==968921389,1945056850;1118918218,1811720563;1234979076,1547018461,1070045013,1671862885,2077514488,557245163,1273165293;0
==32343026,1159555055;228099447,1061292877;1783312689,1346659838,655471358,384417003,1438476250,76929650,978731878;0
==375373637,744875543;813008937,758174611;417189707,1017661586,2068724653,1931581324,437127581,1968211726,1426503972;0
==728194745,588024049;1901159183,57240193;1547446202,1768074887,1862754215,229998051,1020299860,1653283196,365581269;0
==564596805,1209204426;1209294996,1370884246;735705756,49403847,303445889,942208741,650132302,1946632382,1895385383;1
++763225335,1767229409;824299471,1007496418
==871602655,442533771;1978763403,628745568;1122653362,2124566257,1364151857,291824027,1109132886,1656444352,804421850;0
==1026667516,608061499;612035246,1733286740;2121147399,1053971201,740044318,304147900,2145309676,452272157,894748811;0
==2054819416,608331004;486240746,1835474086;1736907180,133933218,382674508,1629524007,1530051748,1424850526,480026237;0
==1404252437,1753684787;2060290019,797529796;1013716909,481154144,1504049483,1112913380,132879245,311885185,257532841;0
==2135866766,149465103;1607406801,805771261;1511006051,622889330,485398067,1397518831,2095161144,1395668650,1555709476;0
==1012783808,1591979993;2005813371,739076774;1465845119,1147069070,2097947177,764975492,2111801270,2116104564,1373197751;0
==1985127169,115889562;919621582,1194114226;1333500824,521151901,1962046784,1511684504,1045786785,1845279455,294706842;0
==540351420,668055205;342009314,1810288186;820666059,176944942,2121629991,1565245847,1062397072,820309323,474717081;0
==814888189,20852076;1713056042,1870330091;402586,495015151,1110054120,980762117,1507395061,2146553481,2009973967;1
++1956598216,985448804;1194791780,143499408
==800889104,967170840;550034757,631444264;959853666,1618110793,1062025914,598974544,2144422825,1775773646,270757341;0
==1862533552,2089948686;1262966011,334402846;549105431,676294139,2001244577,2053043821,1526148632,1547639751,1339413058;0
==1598699172,1574538058;1944303252,1766614558;399984639,135827892,1136836444,526981745,525739644,1047409476,1370293528;0
==1520906139,1548494485;463721384,90714760;1846503603,1850843606,798126261,1087328410,1862715874,579101137,1770062358;0
==1374635979,1816500383;2032825296,71014665;1052009821,982671980,1980620822,795505658,1109971385,1667356563,1478152908;0
==2069946561,1500474887;1055861136,1904303417;857690076,1506488591,1114014942,1903505585,1097083248,400471945,578245530;0
==919708607,1482811427;923362680,445617992;2142531982,726881103,1466625776,2004943038,1924087590,965054315,1638150697;1
++957256669,995146819;1307639815,84502622
==1483498704,491597452;487341167,789500835;1705919084,1376178720,953156961,1018260211,1996212424,1447297995,1128391584;0
==620755360,410721089;765403017,551989757;1891719227,1115961638,2143664091,1739702597,2080486976,1843335857,608328902;0
==1683495494,1207610375;209680590,1573253317;1491260341,640885161,2060303977,727283969,690935195,406593701,373171932;0
==1584707818,979897862;2038255591,1068275140;1277470888,1073818705,1324601121,1490541177,635067113,1919461211,195959848;0
==1152528705,2008088521;965767450,229291442;938475990,1310060372,124853317,114181573,1626555527,896440309,1756755744;0
==1653907119,1593643373;1643727463,993356245;1924037430,1613018342,1418791491,990003001,405506428,984991629,2099344454;1
++542119906,1337536821;468679477,1871558049
==835084393,1290089733;1779972342,656404628;5295927,827430232,716279447,1377428549,1782293270,735242915,623360948;0
==763947948,1244500528;1498010171,985238217;1291846286,1268169981,84323641,1725149323,2104493459,1173125583,1730678506;0
==1000507414,1701229249;302013736,848854761;973490299,1020809684,1968342480,1633229871,871176513,679226984,291732423;0
==545826734,605411492;1428254611,1860019682;212450909,802580810,870017506,837987202,110470157,626948394,377681297;0
==1707499383,938942473;1332187431,849030161;1444768565,1408164262,915843004,192086556,365044705,1697923581,1344777637;0
==1454040857,1675694631;962537836,1260533753;310177470,1940645783,1023028804,905396737,936277198,1240701,1708172272;0
==1398817034,1753239497;237807857,1428451497;1174084026,853975128,1735763146,1987417256,248584062,442121260,1299337931;0
==1008089779,638947873;2002743322,1828232854;829965647,1899216903,2008589966,870341784,937517612,1797778990,456495332;0
==687514935,634646796;550899296,867324750;1062101738,521437364,1006227891,1496713170,780871302,1865153734,1994684732;0
==1875682952,1915573488;461955348,701716955;1438638644,1651277042,2002377500,1415661643,288358555,740159353,911151990;0
==664936212,1362588555;1252227816,980353852;1143245257,135745802,852138314,444240687,1260712506,889415515,1349992049;1
++1270461790,677868235;28333774,1027798646
==1432642615,390128088;1378370761,1833786537;1075264109,955893542,821338137,1755975719,236434488,215104661,2057565575;0
==1402337749,1813282891;453708225,1346949676;638037027,103071975,1484726687,55056920,1211165747,1883142156,1112568471;0
==133645323,1474756113;10742536,216642447;1880897101,922926766,40603728,882265595,807319833,1414578128,1549723075;0
==1409790455,1828978106;1001880856,1284699492;1262119509,878033656,629803182,1095984793,195360086,284712341,74687302;0
==1650376878,977680587;835580974,318511508;1208481104,258620474,1323954019,2137316099,1386699738,94518492,581966982;0
==402345960,44000411;1357049754,917058025;953035642,332417817,1343641918,1339014898,1088244246,894933171,612684923;1
