6;4;6
+513900578,182938073;107560149,1441392133
++984113461,98221392;1103261096,1421125824
+++2088277361,73812922;391666328,1129415925
++++578329776,1060820358;74360679,361181643
====1175970586,1958377612;975666585,1064638511;136513433,1370432653,1871806241,1876941566,1481159745,1845200817;0
====444581220,137586876;994118657,344220744;1474118416,1482090987,1774364448,1083635566,1263063408,1734209575;0
====635522120,2084033036;736514504,1173922484;1134316830,1104186138,2026146062,1736748773,1882868516,1278098754;0
====57041747,1195573440;1953840426,1953623670;953038426,1641877417,1560847436,1795676319,319008642,207690021;1
++++1161523243,623463736;47136274,2045957341
====33764237,1711447770;1174690397,850858277;1433478855,2057738647,2026713614,2020720365,1228989444,1033111821;0
====48780396,1188808043;686344800,1268419632;1401493405,1515278136,971298942,2094299927,1848168961,473420977;0
====803191653,1437849123;1562393646,464193177;395366073,1109236271,1256029640,961401483,535841124,1414164457;0
====1666671110,71808520;1446097514,257082835;1471952486,346760046,1121714674,901858358,882531311,2063868118;1
++++788303127,1727164145;2064484031,1432267902
====1960062520,1473336527;936544572,1791227874;333676010,997501543,1408453594,1735456444,81457469,286199061;0
====420319096,1053175260;1425103638,370959242;1304136295,1906378670,1553044882,124353089,1403425810,152967959;0
====1044443539,1522475759;1609990388,1304482212;357759022,1946816584,236882856,915971440,367341803,2062207555;0
====608229329,1856459522;1473663561,1337735166;792855819,137110648,1623730575,502225221,111211451,776584578;0
====805671103,935957134;1910125121,1295491656;1890249166,1428245903,1435752403,1888391343,915022358,139183182;0
====1749696792,2101229401;1402600950,1240428707;1731317262,2117287089,250289767,99656238,505757410,201996751;1
+++760120277,13442071;1881278355,610632809
++++1542439569,1220242050;1751874321,20453185
====123763665,745796969;476234725,2066212232;1335943112,1603754026,360824985,1824588447,174376945,2117305294;0
====1591632209,528599947;2011760703,401990328;525267729,1949681175,1838376206,1412007357,96871381,624572433;0
====841944845,1532109914;801614244,1299637187;1875865042,2122456614,955869228,921957837,135747075,1695453909;0
====482518085,1284588123;202824981,1528354834;1962028288,403401395,694138712,79763948,79812449,1001334781;1
++++1232074496,2059828288;1749957735,1127833072
====1589249945,1551057128;757824166,1950372629;2093736702,1826481396,1884081460,1085736051,142506731,1229414896;0
====1094575710,1220122062;1805746336,469301444;531665943,658818192,768694840,1738724478,897642855,1143413111;0
====1991762570,771737963;259131700,98754454;119863010,1472050417,1880940415,1117130137,1618121986,357304774;0
====1857775491,1922149850;1767262945,648072613;980489027,661151882,105292696,1718013345,1738893921,1040372243;0
====877666369,875446693;1338669170,1240149838;1690899319,1463533734,119437701,688162077,1324066674,176501219;1
++++519525712,907727662;1575301206,1654723650
====96745844,1916389909;401755509,976429694;973019229,95490973,2043832634,390141290,1553910226,2039668882;0
====1910838835,1689755774;1301613350,1788585828;34933664,153540491,1471505969,914884470,1082700523,874187849;0
====850792183,559766009;810320389,549894916;852238034,1844787714,491132939,2122570410,973843176,1627155206;0
====539551688,1030410777;1534122515,981894896;759027454,1793729207,1308356902,790048848,2076712629,1504574826;1
++++1557477614,770601177;1544864746,1778133403
====612258608,688014104;1505546791,1608834204;894149862,886883691,209797166,1543603355,2011563910,2124567728;0
====34238449,342483053;1698615352,1678233603;1962672021,2114876040,1631831716,363760696,220846922,2025054202;0
====588202070,191034743;1742414363,1243228619;532776872,1290807808,1313987527,159292901,2051592090,1878671905;1
+++2137236742,1161896326;1294546388,1596961018
++++1475159435,573287912;1654368691,987935575
====1861828903,994501626;1338747447,1613501134;1515141306,2022682375,758737800,1006235763,123341959,855229910;0
====936804753,1680649649;619020418,1801013581;221409146,2027311593,1750387280,1278556528,855492912,701291505;0
====1131017197,1463751347;13542473,976065236;1401526162,77129752,884094464,1825090105,940103069,1866721765;0
====416640594,272560441;1576458749,1778415358;423646735,1556320586,545017543,1850448607,2119401721,1899990317;0
====1169273476,11009324;1198769270,422408939;300714209,1943741309,515080441,1541350548,294577449,1423451671;1
++++1933107028,455437233;445488163,1590893979
====216756645,552629474;1601553827,414151783;29098498,299497132,66567169,1972836446,991235512,273558821;0
====1067688471,1776585723;1844973903,275908781;1731605296,1272267460,163021036,443828263,1908792946,194896194;0
====465385170,1521886376;121857009,377011564;988181308,2093706463,733379931,1962883753,1185927361,571003357;0
====497114248,1762842705;1220856211,1900866854;1074546448,135382766,2111454934,1093067436,390182671,1050315633;1
++++1339332,1536261766;1749334747,1941120517
====65500119,1208933281;296195213,171733673;917990528,1718278782,1564052738,708264544,2113323062,595442566;0
====115175082,476719264;1265937781,1578157269;755409067,1086406110,1377893111,963119438,1510345322,1198318396;0
====2046286038,511365309;158758078,909518642;943605413,1861098673,560435056,139965297,1771158638,1405821912;0
====195637071,215496133;129051945,1311163696;954927420,288768561,35547017,524333590,628097934,1636416796;1
+++199517594,442672210;1669158000,1758170667
++++529015810,1520142164;939943403,155039214
====1485572902,1872099181;1970416077,2075320129;257220382,908865017,689006114,1198294901,1633878032,928553995;0
====450130674,528992245;2094733737,1766700255;566677705,1796921788,1099927401,1888214584,158156067,396601758;0
====1617629521,671270796;635045347,862203471;516771734,52978465,6862126,326859861,1297446721,799580710;0
====611495091,350770322;950642215,252711023;1385240707,132116594,906324416,319042996,1720873012,1527493272;0
====899776165,551739153;570356119,190458601;1125493981,1721262297,1161276849,1627142354,440297731,268389288;1
++++1645144167,1407528584;465909723,218862793
====760672190,945465079;1207420269,1094315256;1956356001,1925601212,1004883152,1740806134,1290953502,1782325608;0
====1552026788,168626458;170928040,2016778199;951203027,1127315105,1370416,1225108645,297219109,1827362565;0
====192298339,1977424099;1891440930,1922063649;1767915021,1000077743,706642263,1935346092,1807267292,576431660;0
====474253392,1166509539;1143320204,1107586614;191715092,953949558,1837275502,1826319844,1750163562,1841050918;1
++++2124579184,709711382;1150404994,185117208
====658089236,217153715;1163991986,420189792;321902436,958087194,943777117,1062210823,2104231551,374810093;0
====599087265,1888835505;556935438,95282473;1488770170,1936206674,396502345,1043981689,1416784501,2067491201;0
====922595799,911356458;1760296824,524005242;883072771,355255804,1422840086,1957983472,856995396,1264864956;0
====1965205763,633175132;1577161426,598800108;883388207,1948265345,1373388616,1869393304,1785222225,1296579655;1
++++506808334,996656720;1809303730,32342354
====445335777,741461840;1777258643,1864806193;1181997960,982747347,1266427050,2136706938,2002683954,1304070475;0
====1769950910,926060173;911841253,1480939070;1870948659,1456783181,1371488924,1487713125,864954244,1978894206;0
====959525192,126910002;770678107,2131434424;1840123739,281313858,1304344409,1047877662,1349863823,1127050747;1
++++134427877,1633471233;735051257,741250290
====364831364,923805313;419551635,1765635992;1556884044,741441819,1986778529,733512575,527856899,275775326;0
====1637247971,854175853;1123844384,1170623209;1841108917,883241066,1172676736,1108538449,1387540105,1595364325;0
====958701235,1177261606;1145800306,1600964288;1564751505,824236801,1300692807,1809781424,1281471828,1839495585;0
====274622256,1962501224;2075216175,1681029068;1143744812,1774863418,1245985147,257011013,759394565,150541600;0
====158204587,913399953;1253513539,966732420;1820159697,306633802,1621248826,532476243,1325478942,1508294941;0
====1623993863,927724413;796823201,7239209;1250784701,1617075470,724541994,862711176,1535453590,1198695737;1
++++1760164855,1869830969;181592638,202184664
====213030450,1700335716;1905419076,979578473;1324312193,414466978,43936006,276599822,571609793,1516932441;0
====1738034503,1078586976;509676042,276538490;295135236,204435575,2048547536,1389155626,930495113,413414569;0
====610377280,1536643421;1771242788,1803806415;819657345,1451307460,927743090,777619551,383989313,1015354151;1
++1872417264,1012475279;91371779,1060658933
+++1621881305,20326109;492820515,970234479
++++624693329,398134080;438463474,1723552459
====1405572225,1221376864;1778103544,491013208;342103408,609474491,288073356,1616458486,2147325690,63288133;0
====164714459,921982645;1601438069,52859556;1060820227,573201483,1151848376,817010079,1878274741,1485060910;0
====1438691037,1540391682;185694632,1379097730;2114673267,726097901,1947994158,339320193,1981583509,1557615049;0
====1663962042,497176723;1787081235,126683330;39373450,848975343,1019377700,799563951,690254109,1599579856;0
====1821822468,828310446;738357843,393775259;749650536,1140527533,982364191,233261618,1681506543,467383342;0
====1652729097,516208567;345415380,834085987;1532469747,770150133,2057659809,1617802258,682028457,623252586;1
++++1575869639,1309726887;486326897,1773129214
====1281718337,1055322402;690763886,1944584919;1131329393,1791544030,418420887,1114671503,713146962,712185976;0
====1742894932,292682212;1379951713,1246482206;836737780,1157922320,968345147,1338290564,387733115,992433609;0
====411764772,1604557131;1770069326,175665571;2076132970,1743581063,1380229979,864871429,1367886387,1984333713;0
====1392896043,1670771922;399321563,173685829;1961197056,1191840481,786112621,1395119525,240643993,794898221;0
====193780123,555067282;836179574,410486446;2012040847,139816262,1649466331,1171870674,591455212,1169406187;1
++++453316940,1181733893;580569716,663418307
====999288328,273854298;1299903297,1844612343;982798351,88180142,25659427,192162001,2113498728,77259895;0
====133577914,1341794310;379585134,1641604231;1679452979,436988313,228554195,912284003,382815726,591515816;0
====508526737,1153549038;655484830,1587927170;1693364130,2101624867,1917771268,122771207,1697642513,380800286;0
====1661122940,461261354;1341384219,119599928;794985547,452358429,1722729097,1520128522,538457307,10622149;0
====1063597466,56746809;815761699,752575472;140468763,1884658951,1271395973,607250124,1916556843,1258393234;1
++++273981448,328579164;920432952,442254028
====1235550586,317676645;2075691778,1299304188;402239231,129826659,2032294833,1119118870,1651995923,1258502250;0
====585994052,1603634986;1803816391,1330119144;1385603875,248788337,1427573510,669320533,1214853723,1044843269;0
====1104703081,482515581;1810790502,1765311441;1845896048,214084876,890349160,1651448643,1338235149,1517473105;0
====1496892372,1291518475;1435757382,263191974;981604459,17364699,431461811,1488704395,1662498332,1865903771;0
====928741810,555418227;2142720174,1957925998;1098839260,142957478,2079895705,1007576527,1377787067,1604921944;1
+++2031343801,406133098;1418581047,537546302
++++51529881,318617030;2135742736,1130083137
====1062669778,1529407761;934281734,1932728216;1975657172,2028070882,812736046,1745180452,121192291,611477186;0
====1199921107,75367541;1511002611,1320360536;101022626,86693565,931265289,1581237477,801335459,1874111092;0
====1376598472,1351009596;1482693380,2106610225;1840026525,1263769121,232635676,399764198,1719650430,2025877105;0
====497735636,653429392;511617356,706715003;875367859,106217590,1898252535,1013756576,1658274220,1230732643;0
====12967618,1259482286;772715897,807519845;1632167554,1967122361,1355174021,663243808,91551090,1609374748;1
++++1486038230,28943718;1528455829,1323278236
====1121346146,654750842;1325411526,460288531;1298260854,631017836,1681760758,1667266901,1026602175,1858730078;0
====1786363330,1613663703;408101088,629825175;492841486,1046674109,260974310,36406952,885712811,1913457813;0
====1501082860,1836623507;475845901,289024254;796454238,67675988,570198137,260511162,2132257274,127666211;0
====190847115,1187386658;998772187,589758876;1332783773,979285901,1037352812,218053238,168799605,252913006;1
++++209404946,2053783092;323050751,300394569
====1394426921,1290259145;1151414136,251890628;469039144,1701717476,1730800563,162716002,1338807599,1401919529;0
====1424688484,1020898853;1396991272,1067529899;113748370,244467722,1284025330,294935360,243779299,103960138;0
====1615140887,1965039480;1964926550,694045645;1433121864,1677781851,1065473856,127140465,2052302517,934418124;0
====1552722016,1952080757;363706215,712153050;807050850,1716017150,686525028,1124905035,1401799235,280059006;0
====382384947,1665840294;159302876,1294876132;1918629535,1811814764,803632524,92575448,2141969494,1462366264;1
++++1013522923,782562659;1121113472,541016763
====310000460,773519650;1423932314,1631572815;1483112015,1230184062,1538486955,1831730447,672670077,652271023;0
====1372931002,429647418;2093102503,189473366;541433964,1234021461,836712494,961038555,1730602164,270036186;0
====1546220267,1288047489;604648969,1336989304;247262020,1834924690,2085735759,828742101,1933755078,794792707;1
++++1462027695,1159514598;1743375781,1876602946
====169220784,2055125164;1080895895,2145522830;679837953,1644030762,1683285421,2103489015,801267265,1392611361;0
====457519395,135473293;278500786,1004209751;1219351109,1824919939,1170127032,422653401,1826224725,1309802761;0
====1903756238,1366926395;1332043459,1364251296;1714273494,1669533748,1030439217,897104857,1667331068,1600887798;0
====2106925869,1007995513;1730062763,2141060995;734063623,1161410323,1758800596,1643373318,457215550,1846581321;0
====1999566931,1252538704;991088457,1084458938;1413084297,47582540,181101765,780914104,553034599,1217731634;1
+++1427933521,378835768;2121819818,103141801
++++1706537276,1720476475;2090489329,1336193658
====1436347085,1369281860;240688234,972370434;1319103769,173632452,1313449927,142369537,1221763515,425300022;0
====582656647,1732513739;2075552858,1624805575;1884038468,1333068878,1736117415,287497688,1837938075,1789217308;0
====152077144,1521286003;420237780,1188102625;349849819,721051985,1050375580,835938696,1850790097,1135162928;0
====79676147,639850148;123382838,1209223369;787683217,1710403597,1316998569,1900743731,1027537027,1152852841;0
====1270592479,575160181;334162906,1444802923;1554922603,1385166493,706418254,2054825514,1676525810,344395109;1
++++181834698,287773010;2079093656,1301995483
====996205229,515505153;138288786,1231029991;1224791910,744897273,360588039,1278692013,2095637442,287135075;0
====1977918629,1496583028;627405428,305576860;1881162526,784474666,387417077,1975568094,1510081033,1066966934;0
====739707852,189644443;1729691934,309298798;213170860,1967329870,2009244049,1037637945,184694980,1403962788;0
====2081347903,927630486;641628112,1937111368;1230446606,1866072156,494452583,1188475124,738540790,2056125248;0
====1061670009,454700323;1604425404,544356886;910617348,168302815,1469644675,200435036,1113522237,133649264;1
++++2043059550,1273088799;573120488,558942193
====627637353,421800958;1397262772,1719961941;2139838501,1476325729,588447078,1136399755,615114362,428281447;0
====945155599,123823564;630529534,70869654;816888550,576213772,463542105,860505809,1288671648,330418392;0
====1226571903,1956281844;50014601,1511290363;104371454,870461537,381849492,176142244,1347451570,181487148;0
====1768745739,1517097104;922750333,459293309;1812097606,1059959986,1815999084,108883171,186838066,1920541019;1
++++922206725,1875212357;629992291,1736773814
====706325494,1646459435;1987058926,977711944;1893569766,683199715,1761243126,1264557574,264322795,183549943;0
====1780218572,2052882295;1610662235,1016625592;736003683,980266122,601965039,1101145003,401040334,116625230;0
====424935186,2080108653;833872079,1227749371;885349086,145259494,1242685828,1614337978,117470256,370305850;1
++++1299712987,333114284;1326858795,2127624217
====1693517782,46860395;2022084070,435614370;856136379,1430343139,1664341631,355480200,341783512,757509386;0
====1815229490,1365950309;414764264,1002110637;1847312701,1279256242,1183805430,144706494,1563406231,202957602;0
====733189731,1847417380;1115436986,1701416965;1277852433,448700183,1266270679,256426389,397920007,505486939;1
++1243934162,42914048;1112344395,1679924825
+++1473284902,1069621847;634863082,638597204
++++99499601,215437443;873480429,407202594
====993556440,299945939;507919062,1884457764;1696286785,980362285,806979930,1193183058,1958265605,921953380;0
====703730554,112445736;855583233,1427055070;730555994,218272172,1940856486,611752262,1307588966,990126844;0
====1084935403,1477192937;1475267626,1205877403;587656113,1121157613,1132795354,323503134,546848992,1643903853;0
====851450886,179089709;1092817464,579887416;1203347429,839405848,1842116829,1840840429,1784833935,723689704;1
++++1476360255,1608722351;319381398,1563614123
====952381567,1487160039;1540221961,768472428;98418806,238571311,230125455,2024360298,552008330,800324299;0
====757330003,2039696520;1980401887,275934395;326743775,1800283432,4953073,507128728,1769470431,1528842802;0
====1413001940,223330842;1926967630,1827567727;333680339,2118142902,1570919911,1494261062,1493859467,453409773;0
====228853371,56034427;42784027,230782553;1621869737,449337195,1712317800,1709947478,332633101,695290870;0
====1225358017,1798343555;402617991,516748858;1523363866,1606387271,1096900569,564310381,167954722,774501148;1
++++315831307,974352061;1860648075,342240604
====1487327268,1612680240;1796923313,984718772;1515185778,507245951,335951647,1747686067,475902636,1858781129;0
====1634252269,1194673134;1042873278,424175969;1266547607,1194496078,1826833386,2049318921,1885595463,248794401;0
====1275001060,142359788;765724049,718071779;1732175187,885209768,1804677512,1318756504,724400606,1500592706;0
====1473650613,1081211726;878840619,1865572382;546026763,456566365,822025210,1709891334,1774565068,1321329904;0
====1355407563,1089179886;1084557332,141912997;1840969553,1376575083,1960853147,873879846,1562305690,1757694751;1
+++2018158222,1857840721;1752322569,470727828
++++1075973529,1101315802;1373113121,61226628
====957590496,1942441739;2112173030,1721432301;1584393655,114204372,964077618,1740763730,1764668619,1459059512;0
====1867280049,1331838286;1321481618,498659592;1725737041,1824706347,736615491,95761446,85779101,1124443907;0
====1124390690,95993667;1008503413,521922887;1162432690,1850860731,2132602666,2125879259,199406116,1517756256;0
====148330881,92427944;1657408570,512296794;1748981666,396876716,602204797,245544560,15651581,1935979969;0
====1266109088,622604385;351485804,1186730309;1389353978,1948245681,1159702102,97125833,1489349730,2040774983;1
++++439006066,6858168;43922464,457169664
====431164485,726510336;812158641,1171699482;1158384126,2095963973,334672624,498387479,2112757909,327776432;0
====101306535,1000634964;35213603,1828216558;695949102,1184206802,574833115,878782402,2036972594,441335328;0
====1965666226,1424137824;1845551472,92957302;67462048,1156392144,365210888,336533691,1269554350,1055360723;1
++++1264271043,1348516557;380544649,825010000
====1998010993,948356693;263842317,836304592;648209897,404689946,1193726634,1499789701,1178791060,1939815366;0
====796881777,154787626;555599737,2105700242;690103573,661133543,1533316359,1070005611,1585587802,162934600;0
====61519984,2029113960;2123479328,37532602;1197573748,1111084879,2057362188,930555666,1496005028,1222589976;0
====3984469,1174781982;1529807680,699135412;353806052,1847438244,1565529196,1341812429,1793536380,1716055774;0
====1116850572,762370971;1194154038,805844817;679229110,549574995,1027374898,339496277,275103252,1571577904;1
+++271145888,158602335;839015296,887180310
++++537732641,1317369123;160441771,795666829
====960837854,477475363;822068201,1343358621;701927053,2071254191,758156444,723312575,1201910765,812389427;0
====1872748515,233559870;13815333,1902748909;1733147702,685935648,1580497921,845308157,1609742597,1371438679;0
====188409178,1520394680;1740121884,258258163;2007927716,1380218909,2100066845,1406535671,1731934925,1204913727;0
====373927636,514553861;1351056027,403595895;1903520420,882650033,856489700,324378209,1640209421,1252599854;0
====1619281000,2059462230;1044484815,905755826;1837122377,754614454,481457492,1799830849,148905210,1103677536;0
====1959454580,1900757125;1765193490,767087902;1670793727,1992496641,537699549,1167582441,2000412637,2083185590;1
++++1516884375,1236482977;461122912,1229408725
====1104408377,909631754;1455693777,955845060;1112861698,462443066,2140974940,97151132,719305058,574221417;0
====924942624,1691306878;1817419959,566413104;1395127806,1491233854,1286120850,1602486002,624539227,899901484;0
====2010450071,567981389;1983483742,2137401396;1486671503,329868579,1594768088,1095219104,702677959,132878764;1
++++1680286293,1003797249;1643526540,580559589
====1240170482,405202522;1404068809,562665967;817985364,1923981388,1727296181,1065052738,574091370,1884440502;0
====1454628323,225998382;260072733,1830451991;2076202802,1090510761,850632685,1818919342,1128082307,996530776;0
====2095713389,1133717512;1555091582,931523549;1323377003,1408622382,875371301,394116792,845882901,361473044;0
====794218673,2131019438;570731654,1348208170;667381930,1333316228,883745605,876789075,348206223,1599805764;1
++++800405957,195822944;910360691,896045752
====1314252726,1842019132;1695237418,513577325;2015990094,93137899,2132007667,794521984,557057215,1439707868;0
====2092964010,1492524820;1364460222,2075603992;1514934821,392696306,1472892336,1557478522,1622488969,320858714;0
====1376964989,1845776323;641072586,857993055;2013875003,1993309963,528082766,864517025,1190682527,1165958782;1
+467068169,74803462;1905969506,364768787
++1669151056,1859926265;617679048,390935337
+++1364985372,984054812;702308472,1854277714
++++1464633882,1448832876;1930896625,1315565647
====1978304586,2024059394;692905410,337386037;2109618119,1530450571,2115723478,676134923,1404673410,91787044;0
====30116278,913826015;1867112875,579351197;1116559941,1816024012,1355294389,771507773,70036334,1428627965;0
====460989822,1362761116;1180945469,1095284691;1334327705,1581264658,1181706734,684829243,1862071779,837007740;0
====2077926590,896767828;1057064193,2076006216;1645847413,1726932295,1633835441,41543096,1780187977,1980293044;0
====1335491619,2037314522;1918664183,1976346125;2095628680,722625376,1838569086,1097872931,1139933631,565720776;1
++++126517508,780927650;550073071,1270591118
====112641551,1787405043;1882456753,1678865816;1440345658,910697663,1062925147,2110918265,673755498,1516950581;0
====1903635217,725174227;571674160,421126031;1630029368,950078299,1601369875,1624575097,56773798,387431780;0
====1973245908,1731129301;699618533,1275642521;1731062810,140688296,1653117202,415034307,642654081,1597019040;0
====1317130761,399439812;554836815,344582457;1899397364,234159220,1129106654,687419545,844752886,50044655;0
====1106804112,947804017;1563674976,1540717009;464620182,1366376357,1198163659,1039876722,346666124,1640568644;1
++++361634299,1729592360;1256091694,239705481
====1865271333,1596014021;349036762,747804256;1306711772,1253357554,16454305,2062833272,1647077473,663917827;0
====457711078,2138566300;2084897286,753369232;2066725387,678481378,1333084695,960685864,905698621,123771090;0
====239051426,1824705938;2081643211,1105754290;101502324,248815696,364933488,412567033,128975770,1170113934;1
++++1039374514,1400871582;307958662,312025833
====131804621,375850130;881660860,871229021;1117171928,733224320,1680439033,1409262581,1555787385,1079802122;0
====1387679313,893514608;497104889,1647160113;1001052274,1912923538,186481368,702861367,1683122038,1379996192;0
====7286706,1397498786;62965166,30033836;1745472787,1100275878,688704386,1556576261,476830755,1488558548;0
====157140348,840152329;1455474143,803318745;1741926884,1159166891,638653918,1993431769,1886502422,1406139860;1
+++1307403279,1823665664;556324403,394530714
++++227541105,1411466468;1312962853,2024226844
====214146500,1830618308;131613311,1802764479;1199872754,1718615727,453182979,1141471940,1433624267,72171339;0
====1776981611,73904373;1807248962,433222674;923151548,435682730,575572531,714922994,1722578218,287768985;0
====38114107,361550646;1040857659,77472184;768669844,805732095,196822294,1030314775,402017471,84991875;0
====645620428,1170046263;553603701,243388318;638111061,624624931,682020613,1692648234,1806571127,684276092;0
====1299959821,1616907576;634787200,1407811334;1436466086,1463377742,1382658946,228869511,565313739,1679498339;0
====389708947,206142051;683962338,39701660;248533345,592206455,1330498816,1978012937,282303615,892160391;1
++++1582881675,208626238;1263469574,840049720
====106042431,205658077;655744107,1387981041;1588915907,1193595519,1149254940,1479770379,1701622821,339450607;0
====22175599,770493806;1103465969,1557308321;1135092127,1127808664,1148177310,1623492563,1210217585,1426260010;0
====1586559006,1473235570;741997354,361454566;1966549709,402195918,671259509,2058281050,844946544,974477732;0
====1874322226,222002639;1840388384,126565422;1927044163,402124908,412873845,1467830676,1045086186,1528770401;0
====1223322245,1796646353;3573992,735879589;15811800,1543760037,1687844625,1919490283,495374227,2144541492;1
++++1001844768,487885459;786217656,742038277
====767819539,548786726;133421274,519119649;41680374,2111447454,1524088437,288460651,589690075,1600332587;0
====327264268,779528245;1124661864,614867913;906932639,642661868,317689521,1827988393,210123241,1398658600;0
====896648820,1891586976;461614643,2086086797;1205283566,2000561452,1080257280,1025088732,1473324280,125432125;1
++++1993920649,97754631;1621196883,2017776805
====632424192,150022713;1606667405,1787577267;575033341,2103640328,422068812,1414858327,826198022,1563029380;0
====1154336018,944536996;1023434873,1924790764;918792098,2048171135,1565330806,1974757509,837033729,45651636;0
====1816404257,217982910;1744161717,1674044170;2049403877,787257186,2009901029,102498156,1398200706,1541180177;0
====486211150,1515073749;1361435628,1334254861;1897991343,1322566868,1309906576,397909806,1813273470,2008739703;1
++++1597168107,1856894637;1980825481,1802796893
====37101579,1903841002;1768664663,327650634;2124333285,1231106006,633720719,749854056,158707192,1559096073;0
====868655385,255133070;222797110,416565721;1913399326,1178508651,803141183,1024636516,766463021,318378600;0
====1522587574,1301707501;335962730,687652493;1876642857,727029536,18398212,858073415,450244759,1186995921;1
+++117173589,1912829223;1773597959,203002453
++++1350329779,68233730;1373610009,1931767781
====2118429095,575436054;233328937,1234800929;1474468500,847249203,888663318,1804721285,2076356942,766214957;0
====1829337477,1983534820;812074824,1092256306;650726155,1421526298,118439642,1798510882,441639038,1745336776;0
====391099629,420767091;1961641182,126573217;1770536239,1400666879,1690950320,1394877530,1044322193,1588009061;1
++++1866382438,2050951984;614402711,20849168
====1189499104,415251210;1900638505,496833626;1897529832,1984678907,1027691665,76659108,838430677,297584928;0
====141415114,432441998;1829446776,1931022488;1623365065,430596451,125783397,1318256228,1198716077,1093730642;0
====1182973361,800535882;1865105749,11029564;1063654087,1827206280,507601636,235449163,694072157,1743679573;0
====1654598925,1906788406;2027970260,344652774;126607952,9689060,134155610,1509798487,1959256887,1831256595;0
====1549162144,461892100;1440076516,1306037246;39472439,1263944248,1999684678,1853235469,1232864383,1715074850;1
++++1877172494,729809067;202917774,538391533
====1903328187,953508711;1213055798,1759233821;1849925490,729987403,1596373648,631565661,655504493,2053596261;0
====1597415734,2141531908;2123221608,1632796115;373514295,660011022,1530751389,375600532,1940100266,1385719391;0
====1944842916,1640139810;1503201108,49696366;1627683943,49563475,196853916,1830834681,167521476,76603004;0
====2030426086,1208906706;1635025270,450083498;393377230,24851042,1272232751,1271096458,588487145,1300420496;0
====455342761,73320218;1987154407,1972777268;968743044,367972565,989067639,1402280446,1275748729,323910462;0
====1794843913,842003339;522687471,920574390;1391448254,1082469677,1607036135,2031945979,721799563,1212553657;1
+++1380290030,393576957;1716232045,587766163
++++130332156,408657294;850897610,1095240317
====684463937,1953992372;1422675501,2112846281;553272525,2014830361,1500648145,1420888479,323567599,609799331;0
====95772341,1269119329;1501743829,2117666608;216694331,1046662475,989177424,1088396046,689719894,1121462345;0
====1710178447,762532860;1121700718,1015157980;355733078,1467244358,1060677553,364334965,151989666,1841674795;0
====647241795,680316032;1469638764,403011344;2029712485,1201945249,578986426,1007430343,705503255,1752998849;1
++++319105662,450804546;1641598802,934873332
====821455313,1492568671;1541311301,1786456082;200606153,440568298,1156956917,806782284,2004236109,1745044213;0
====1507417272,1962615769;1167837563,1819593542;918081176,2111846807,718539893,334061755,1730468729,370209305;0
====472089994,1248105607;472561451,623310776;1925612768,2057536308,617720258,264626191,791474293,1421241696;0
====1767044135,974552887;93268353,1777903195;617177283,72118049,852784607,96607248,1820872744,418296102;1
++++1202181736,508208981;1963706562,939432225
====1133455359,218360197;7594914,1012451529;1281163912,652222021,1454151979,569057931,811734019,444679126;0
====603623144,1589782663;440901680,1318607961;863763605,2029974388,1518053120,1718395147,532226838,1332422084;0
====443818984,1823279849;792789679,1331554760;279605794,421671650,12151185,452667249,1623178838,1089671078;0
====367440474,1378912954;984980395,994638724;148514329,809310316,1643060380,1817748048,129231454,547552136;1
++++2064526049,1562912396;1609150817,901065102
====1301545567,1806092467;1510563751,1497270975;1886496570,385895055,630946610,509848752,1524862467,1064959771;0
====2090884358,95661558;1944475197,768317026;335098888,1324283719,1586406762,82042513,466089529,5181816;0
====172665924,1417176312;1015353870,878381126;1287937699,384739119,861911977,684911775,1882125808,264428765;0
====1680940459,71302217;675588688,929208285;104129106,1689233383,1381293101,794058041,1366343995,323593651;0
====1558131125,568122273;1612267724,121461953;235396257,2141105835,203652086,1782696972,1132655176,456303914;1
++569562857,214794650;436649712,1897384545
+++39173497,378643088;1960309926,1588783727
++++2050815972,356554516;711169569,130335185
====710531594,1493009868;904909785,1547060466;772639936,1494543117,1253600750,1969241347,2074112959,680073321;0
====1912401525,40805610;1620155778,1004217772;1330843414,2104964081,1947747537,910004217,57665095,1815651085;0
====1323440823,1890434587;604787155,1968227786;1560708994,205577355,154037383,865280907,869259283,1560844291;0
====1715949291,493256320;860846589,814971483;1408225595,730371689,1839136166,126208690,1683368336,1180293915;1
++++172551522,1558070884;563454707,1569602185
====1245527017,78920086;325549010,15348173;2018819361,559042509,1171460878,345530660,847288220,1074464668;0
====1010562445,528820769;60255531,496910613;1362397414,625818448,1848199377,1855711238,1362942919,1051181711;0
====2052637187,216284162;2002868245,1749825014;1515014575,1447675191,1142526157,1104462940,310579989,1623787873;0
====1821900622,2006739225;1298085862,144478470;1652708572,2012844440,158855398,219195309,151372267,1020240276;1
++++651354349,97070191;2063544148,87348316
====1616174139,225026575;1007345101,770602888;1201403919,1180886411,126950348,1752670719,1865336308,753241136;0
====1845616628,259631052;1752788906,1594194121;217892423,926876936,1502399386,846445964,769268362,1126580583;0
====1964824154,1433396630;63399508,2014421647;1373351181,1659559747,60909335,1418987919,9194328,1019545660;1
++++1898873830,214839329;503538590,815739728
====1425894676,185908334;1765948679,1654210621;970275644,1745566297,648969974,1385846769,1092306597,876910662;0
====1477593322,1789365354;1064712108,965624388;87397264,363294189,1766960484,676306408,456858207,2076863488;0
====586341875,907437076;2000708659,1562351369;189477148,927618112,245375554,1425779191,176454268,960099859;0
====507236208,887229303;1613472183,981357893;1628049878,2014643192,1043907369,871811720,1184996070,934160975;1
+++1401669056,1048106393;1143709472,243590524
++++157810949,1593694754;1090719709,412097890
====687528606,1729015681;1661648702,2086447368;1198747528,1736795767,1305663478,2071193698,38756771,1384576447;0
====1190623982,1427942992;1870066097,1195801394;1942914892,47379909,1391143932,1308869079,1354967739,226210857;0
====1707461583,21938689;735194069,2043118019;185861620,716238418,690284662,808759061,291292071,295581153;0
====874721824,1966806079;572617946,159856088;277569859,642247913,461970690,276906682,664429395,487535473;1
++++627103728,147906655;2054084698,1387016880
====625139478,2008962818;1483639205,1874816823;1710375334,1007890526,107643015,1098898710,1847130552,912068798;0
====1031187387,999749682;2145357630,722954814;903118249,1292964207,1576182274,1379102529,769922994,302706198;0
====171776770,81408978;33084381,1099098547;615164421,338988372,1791845507,481710666,1257073266,518212873;0
====1429832302,951299137;875916760,663445998;1658821633,732994354,278404627,1433169933,1211458010,1386266691;1
++++1140029517,1580354488;856170464,1097160833
====1244892648,1753569511;39141895,66687514;235427949,442749110,721278009,963920803,1361248697,659239041;0
====1764985422,1311818706;263135736,1769076616;1358955586,487083004,1377075708,280826703,425414027,1703174078;0
====493106966,1267477034;980738309,1404857180;1075978080,1147324595,1049836611,1027620392,1366451459,1359152808;0
====1477766734,630877077;195945684,458667042;1770744063,1959401968,1309775995,114523214,231783337,325446868;1
++++1547767961,1788705087;1029130972,1820367394
====392701866,1133098093;1063023085,534180379;623009126,1890876403,994428186,499896235,624324741,1600577416;0
====2091895637,1305418531;1093759553,2045927016;1962466727,1967442413,1546165595,1753965693,1391304016,841596340;0
====165018435,1585174465;731728317,1155431995;1878385252,734864741,1748588526,21122762,1482198274,329178542;1
++++1761212133,1083776914;1740770042,967312607
====601105941,1854354569;4490175,115611194;25642167,2097397314,524783854,1957409984,775482153,1486694073;0
====842489156,831310992;43039764,448837076;1749146744,1379668048,1847706775,861187970,362754831,2115625044;0
====199035869,301237128;345723519,608763303;1059920546,1355737975,399570211,2038644703,391136752,1883575949;0
====1170181940,878383499;2032422869,1744749561;1773815784,318334217,592105803,401935736,2116931704,506005899;1
++++445888464,946675626;1297792347,201742307
====1868225984,1074930339;650007891,1890546875;845626038,1905040180,2106040287,1257464647,2144531578,808474552;0
====1660949801,766410510;388050874,1892919453;333287899,1817588700,1781532950,1320407338,1944341550,86117044;0
====107921617,262473558;2105956144,1816214841;1090771694,1912822584,1017849155,1234891640,830642866,1080203743;0
====1889712767,246809488;949233850,1333088549;1531038091,845731693,1974893199,528925487,1698504256,1066839523;0
====1224247113,984103633;1372247254,1193626615;910444226,634603685,1077557199,1432154986,60963369,359442757;1
+++2061680924,683732898;879842897,1612090442
++++1352002153,1192327798;1421035939,524326700
====567161827,1482910882;158658339,224281766;1277250251,679825181,537103752,1240863217,426564065,1139048127;0
====1327549458,91834615;929520408,116367938;1984671223,1474075446,482690270,2060850116,1526695785,2108972663;0
====366694236,1203588347;72868221,298545726;207424428,1111832722,369186329,1627822878,2106121032,192674296;0
====1071086684,928478394;697227231,1280171490;895323656,769681328,1178534446,870286553,729864520,381032893;1
++++1531843153,1753339929;1617551510,107459426
====1194676261,512138102;631329048,1878286842;1380584075,1566191592,1148957644,1544110249,1367581096,582968907;0
====303285371,1550932252;1475213508,154519526;1344870569,1513620022,725994654,662202523,1766931304,1582329875;0
====266931141,1594909;1694015546,1681788136;1785153321,624841557,1751694887,1247336175,814154321,391582915;0
====1303156762,414803126;1699113063,1173114373;1366615857,1919522500,590191284,1312589182,171735085,728253029;0
====860963768,289834893;471385062,1201808268;818425361,427356725,1795812588,1713020517,1258826568,1374180438;1
++++869632373,1954703275;1346705830,481494149
====1089662992,1897931196;1917447704,1058062636;2088676792,223858964,290699801,697929860,667268807,1252879800;0
====1192865718,96575803;1618922049,302427227;193655102,1710100991,536523559,1204836433,758950059,638243976;0
====1081644684,2052478021;1674837891,1542886219;339533996,449051657,1446726967,240182620,1403377848,878566023;0
====1299170647,262745472;1618296352,1417238680;1530835877,161813968,1078919550,1377220406,1052600876,1378962295;0
====283602243,1780530405;1214174560,1464410836;925271177,1921183593,1183087569,2037339827,1489834257,1800103013;0
====243083161,75522665;1532505175,1179766709;829812329,1347698974,706582060,1471410515,992222977,872623212;1
++++1708092255,1325669377;1911561245,385911784
====1480577288,382589926;978869965,1131785027;669440618,1915390682,145144514,1274642162,1991593566,868065166;0
====1015178240,707348819;1423210252,379613610;1937789068,79601577,1539447799,1843001802,984391532,1338713675;0
====1198118528,181147668;1489149680,946672625;2062285031,105836835,1981224198,196779222,435412015,1591114003;0
====1269426945,302274142;217861157,1693783469;501890487,1138452903,1606134541,163351894,1881735920,1325444614;0
====323514032,757209981;60475839,701453739;100638553,783965043,884451575,1996566338,2066868821,460553869;0
====1070132464,1798827749;607114431,1779443582;1396396728,781477247,1403356497,1612501938,1758376778,323288907;1
++++501635457,1694510700;154679585,1873279563
====2008708437,272705751;1446342366,1512321683;553098326,1353924545,129567696,105276159,637490899,1944265727;0
====2100663296,637636055;15382271,1210139262;2075697195,83440150,343722422,1668605167,292975934,1281633663;0
====332424461,1382321183;1763120349,1152224465;308344927,1752541463,953330060,449416202,593606935,2028339245;0
====1187692075,1895961565;1424840992,1549901689;825490431,191122583,847856752,383280655,1930471496,1812120372;0
====768292929,1829357990;1836208801,137695716;1092342728,1361870323,162706429,600256240,264331328,1787205982;1
+++1426685520,100196107;1693003872,868468068
++++253396721,1208568630;1151052227,2133729637
====1137674427,1143252099;1312350052,599939402;1077062624,1990803834,327129301,1279143629,2114285120,2092409905;0
====542567897,991536363;417943755,1927322456;1107280145,960887843,1825468411,386327335,2000850623,2092916407;0
====1504898529,1538593985;40538369,1688390363;551292004,1332384771,483636992,1353450953,506734500,2063219883;0
====754681245,1648099665;2007888875,1512379601;1666738386,1564694073,693325783,228711602,98151098,1996605228;0
====87846790,1479162247;1488994341,986743520;1646894415,937715971,1138043274,1062788153,1253378345,77490336;1
++++1205465777,560523359;391011068,171151805
====1968507486,539748849;652710346,744750782;657715100,1938730761,1468771091,1771116052,1087166460,1757265591;0
====686977373,119041545;1980132848,122348195;1808654573,1753994807,489081953,396506753,1153237571,1953250319;0
====378103455,1855132081;1821272889,456636928;1831452033,2030891203,1994221361,651799864,1805086723,773277363;0
====1231657645,261028002;2086678123,1148245952;90994018,330741071,936860321,224329937,17861334,1698291285;1
++++643234330,178717273;404744902,966055756
====927371854,297347748;1142923351,1150813034;417188085,144501090,52593382,834047720,1791495320,368184986;0
====1908260424,251500374;284020366,1752823339;990118536,441952491,1032469502,1679602794,1549478677,100610101;0
====1194115032,1150590670;1495820420,1875763940;1725599519,1404491201,328027750,1984572173,1523408108,1931529405;0
====1109300737,362643735;668576931,510364541;679825854,667614777,854989782,986804427,774350185,1426173529;1
++++326196014,1809290389;1373649688,1546087374
====1081235472,1084534011;574412276,1305221739;991924213,834678397,1111725792,1327222558,2087149870,573494097;0
====1143553617,673615673;671083747,1586410846;1772683427,1389644925,525312403,1847468804,1979213270,360426620;0
====1389080227,234970350;1302486664,231578874;1539137875,1894157679,2019812208,1590723498,1617741880,133710333;0
====1532717580,892004249;740935059,772750651;1014408368,1686821058,1915978937,559732643,1883732570,1966856067;1
+++336324021,1281253153;97983142,1354379140
++++979624472,1829510581;391544119,58294866
====1286600250,952284075;874439566,770307403;1517107485,1145525223,528164705,935156368,137236743,1891216515;0
====495160666,1398686958;1779898801,879062581;831921913,938459144,1292404685,363275096,676974937,1529426513;0
====1084928621,859725687;637782500,635806882;1581642410,695750845,1507585971,1307449352,918921153,1689578781;1
++++1717024773,631251025;1796965511,1608629956
====340629540,1984440278;1657580756,1942653006;1928030387,1720520640,1228839260,394570438,910163478,1410210621;0
====943258055,148956692;1414402298,539204250;321695252,1644455561,369333171,304153871,647343942,666238608;0
====1506602307,1071532789;2120298316,1149006686;111134086,968961727,1697833288,1244950686,45773201,2055997175;0
====1425063192,1869102244;1797063579,935303286;1391458080,1197827179,1233179858,1754777150,1380617968,1695180916;0
====323178397,1964993136;852990421,230558910;2040877304,1882272553,1314800698,986524808,1457000878,948861286;0
====896297898,698334369;1565162578,2012672887;976564705,1685938334,284434726,703933035,62800734,1224970710;1
++++663635102,516031706;1111492562,1848099193
====882767082,1555785781;1933433605,918165280;216263027,1546383246,823045876,1656263712,1351128808,1864700522;0
====1140414391,867864039;1276795572,1762643256;1682993452,1712660111,556728265,1351415100,972849553,1390638517;0
====1558672088,1018638911;2033595547,909536758;1616849901,1754288104,2050824701,1840924799,803075971,1945023084;0
====333679750,405869677;885356406,1994124539;947628146,1648054630,541861630,763768878,1001456846,1444762795;0
====961583503,2143508965;1545253285,1004540177;1926304740,253711898,2084968020,305404669,656745889,1285964149;0
====615996905,910306600;1949123026,79311212;136380845,933656668,1334335531,1613372036,1371917605,739465021;1
++++1141215049,135941339;1319628884,1573724129
====376902051,1540365151;1662367467,1854496912;1397248183,140232228,1044863216,853761994,1906950985,1054762039;0
====1209429794,1583925327;478924913,403804642;1632958110,837300805,2107361377,1889710140,2090269474,23461370;0
====1940882667,1228696774;1506829347,370701716;1609005397,1597266354,1677542908,2137940362,649136186,927831007;0
====1440585475,1683559613;1868636858,1167246159;114530819,914531964,501027314,1180452586,1179198075,662614774;1
+++2103232223,865883693;1785957523,1045387337
++++544492114,1561524622;1685590134,1619255179
====1971313069,565719341;529238304,360112580;482312806,2061023693,907729393,357447423,1275389978,97435468;0
====892639931,783372598;903474183,1901308378;348075541,894886518,1673363387,1608962448,919471972,683506682;0
====2004621003,966579286;283507236,1283006381;1488661399,307533205,2017509525,1532845680,1785417806,298691016;0
====277918758,552073327;1146237942,1379160179;485895047,693678775,9890514,1825711599,483373109,1844616298;1
++++413728841,140036428;38299812,1858505861
====2052571608,1087686783;1136122710,1716956703;1340071160,615657901,371039754,1784982235,801128972,950447446;0
====1546734238,259125556;1435314917,1926253931;1000209374,642640958,746569955,1027770283,662753276,1340538268;0
====1760514025,1199876687;1387817800,25768726;2054618745,1812399983,691303829,1442853360,884257725,947390779;0
====77290963,781479666;1697365267,484036136;1328217818,1867563119,1744700071,409437056,1183131291,884256450;1
++++1855720688,2092347409;1760138844,330485382
====1038392191,764785615;251508817,1013648432;1272724260,935349680,1178758992,1258818494,820096426,679518347;0
====430258925,31754139;944900888,257801535;41095270,2019397064,63748610,184647893,1942740015,395456121;0
====599177003,1485192895;110429234,53063799;522711412,1818422015,466469335,1485164915,842129791,1828656920;0
====1575196086,779492004;14289203,761170807;758381052,779492588,661644307,1261417204,27925910,1822124861;1
++++1109164040,1571504706;1302700512,1288650239
====1007991205,2091478022;596265208,1048105188;152224378,1141672407,102167283,5981934,734340742,2066140880;0
====2012435342,880461174;910744714,1102200317;590359493,38974035,608828285,1285625555,2011188175,1157505878;0
====702376223,1559897844;184017055,378571840;787463876,18761195,1537932608,646818271,1114002553,32971094;1
++1169080869,1192442745;129622645,1899387241
+++1957649413,1336908947;1537765068,509191450
++++1643682819,1559172803;1987036199,654779200
====26852219,1906768320;1484515598,1391748692;924695331,1709482903,746214370,2089102032,1039736947,1485555245;0
====879310214,2095615048;1381991280,1255684158;1656315325,1535245275,679627720,435377979,1642652481,1197531328;0
====245025689,1871452836;773953195,1745671621;1457551497,1681687933,1158567342,1722266663,1528509971,1030945785;1
++++326564968,285400306;1910647091,2022873009
====2084450985,2085270444;1589684573,1242515096;985043578,771831257,480658514,1658951859,1862790144,154659083;0
====842869060,908494412;2024459191,966319232;1143865345,225081936,950577283,84843115,1174745846,1786375770;0
====1987782170,2130130852;1862009408,1130037948;835873329,1819247415,2141738925,806983277,625772272,1747029595;0
====149165219,669710877;2120592166,1082755679;1683460836,1671821687,724284976,664918499,555506724,1131571941;0
====1515049863,497579808;1852023073,2125518035;777997695,206678888,1384361631,1890776877,1380393942,2116182852;1
++++1283991998,1911509765;1708865984,2060523349
====1526394340,18880948;315447326,222882989;1026819935,847549356,673251013,1477410547,224439562,1624615314;0
====1832167499,2020235069;653935260,1224829788;1730806183,663831765,1266961781,1341750548,808830219,1557548084;0
====382892147,1240354180;1706604164,58819455;414783139,366017804,1220416560,1972045479,1205085254,1300874337;0
====29209915,1583909908;543814941,638051615;1458403212,14064953,596418097,1176708527,2068851523,178567589;1
++++1203160754,2121780682;336436869,50263291
====865970633,1833326391;2039830110,1043888629;1574104607,508499995,1354101346,1585495570,1795181841,125264148;0
====11752639,921064401;909838342,435841654;427785208,1406499072,1254464112,1576337720,1916684395,745617305;0
====1797138544,681760082;1700482066,572628701;265049468,983340390,649859612,1875771508,1563617657,252972281;0
====867133395,913498794;1563593551,326649745;660426729,572081619,754149747,1120545649,49819112,171720033;1
++++674940253,307228327;1390037859,1655695758
====745127688,1026677095;348270706,1497797922;1172579166,1289033468,1734966602,1339257718,1525959991,473544802;0
====2130955140,885778446;1573319138,1110062474;1177606684,847052381,1455350777,1116940706,687023794,23792250;0
====1360912543,531504488;1109360964,1603029723;421319318,1430187955,78275087,1467551857,2029186912,793401033;0
====1670385114,318157339;1621566184,1930370985;885762645,1226127362,1992145430,1144752491,442820834,254827651;1
++++712558058,444758869;1682142611,1396270934
====970194369,973067018;1647987863,1357653579;1680404789,1247719441,506168021,667335871,1135952845,1479704841;0
====2120525388,1751662870;1070850553,52087812;1588159302,1957005469,1531525710,685684373,11009109,1791757746;0
====503126657,1487770584;7648629,298834106;1517043561,1648518127,192926132,1944364530,1763799276,2134629466;1
+++1183592060,1833126799;1021447352,230806483
++++1386615160,1955506085;1649160569,454670463
====488998928,240750094;1939133621,1014484727;135575636,1471899934,1069888606,1125727781,1950693320,533742106;0
====1140960303,2020897309;1789860766,1490021201;1688746032,639100403,903372214,1051605713,1307301030,1503790875;0
====898297222,74980545;1494712281,1477217728;269398283,523398808,2002635922,786460107,139641093,1435328827;0
====2132147986,128509111;746746795,1738834894;893339908,1928881571,564086913,761782480,1179080057,798277275;1
++++688045958,167461132;742951940,2047823563
====755263746,1015968684;1473818492,1684722668;1772189,1921367513,498406147,11923446,799047505,418834372;0
====1710126132,560162499;1267632491,60311307;1586842574,1768228157,172154370,2018587906,1239490942,2105321400;0
====1104664401,1513516248;13706742,1939256247;1028738290,2124088748,1658999644,1479070983,1618884839,408591365;0
====820705326,1200033889;917894482,1264186602;1392371649,1878605154,1947344902,609922682,749907853,2011115671;0
====1797236164,576865648;2136978480,1170580159;69300451,783314023,802818708,1914491580,454198335,2045148535;0
====783508042,401793512;165598872,368585879;937542043,804856291,1065346123,395081562,1057064810,1821258705;1
++++559949274,243748658;1014515847,783680205
====330196254,1432912713;2110691787,1951648085;297134781,1429354629,1862585233,2123432720,361109296,1532593902;0
====679408122,50785292;1559616699,814209920;1180430302,656425328,940831802,1891417818,1293513048,1208243692;0
====919781259,687941711;671361283,336339060;1276189199,919895336,631195795,14585204,733067994,87434356;0
====1460205006,843292947;1190827871,1369108098;702363963,1514595161,1892427807,269390443,695800362,450691258;0
====1897761675,2046097884;1982804348,198577659;794093536,1990637727,1720269622,2331904,1450843580,718563502;1
++++276691276,1485290758;504136116,2044696919
====653663719,1247971471;2093618726,845110375;1444575415,27530638,1684962708,289136006,1098967147,1618965905;0
====77593945,1476709574;643960441,2123880823;208873362,55081411,1723870247,991244474,122438316,714710579;0
====1611741527,184467000;1701586587,301055264;300463045,497011954,2055425957,1642921819,522432426,1366980132;1
++++1402452727,1780597497;1031050537,108913273
====738066703,144802437;1567662206,1369710464;1199188959,1727376554,839857755,169297497,1269192181,1334979280;0
====954263924,2031999103;34135537,1431160742;1823212109,1133857607,1869258060,682268938,1437431224,375688693;0
====1642948038,179752505;1536242543,1344208642;1583060334,618426366,1027607181,816350664,871590166,421375516;0
====1051619095,386200922;1924899935,246067900;1746782983,2116858253,1657848460,1479775477,251130873,825148787;1
++++1619733333,959258721;2107983888,1904469315
====332909510,1749760835;1228579139,2059839298;1168863174,263385686,1560076304,70012064,1303193713,629400147;0
====1743729403,781973614;79212296,331340845;1651123418,51328512,2873401,1603801006,224705362,2011387709;0
====886638290,207863194;1246860404,906729034;1138009054,756377674,1297086503,557422465,836565149,1224240075;1
+++11298082,744631523;1398408061,146983242
++++720365037,45876061;245069359,571256243
====1766499074,2017526552;548063303,677866289;450763803,1721413551,22093032,599685063,1659603269,567026808;0
====547054044,751805098;2065293582,1085143220;1593648003,1287856194,2044628873,1298509468,1223652785,1437939115;0
====41166304,672733574;1106068742,15386168;327868681,796082874,941252462,317000275,453310146,1744035796;0
====861684267,1611610825;2039199722,740103948;965087821,922558937,276768971,637271586,820473523,1594468745;1
++++2090479006,1947660635;900081865,1989236240
====1933478441,1347821719;1602288300,256629207;1996771995,1897666838,752353030,240998520,359122561,215123524;0
====1521347847,1959860712;734355913,168353379;2030708672,1357378766,955236790,121357911,11775399,3719861;0
====654702557,752546027;1620490752,1228556143;1890268794,1863344964,165625991,1912695288,1548298564,1471412395;1
++++1083255210,291277105;2068011804,136488505
====348008714,1958951074;2109842093,1958192241;594564503,1713363827,304016853,1332980213,1525960183,1115241623;0
====40196682,34578162;1552679937,2125422741;1942690582,115671734,1017021936,108227013,596410411,1799530131;0
====1334372183,1948469502;1971030917,1329271478;1707509614,1988984030,1693017003,1443914030,2047609799,77536783;0
====515487781,457096940;889996199,1133588068;1829634087,2122187480,2095841884,995141264,419255627,364227052;1
++++2047471982,1438443271;940003735,837874602
====1643299427,1165477237;141392031,1055781599;1033818662,1559650416,699970401,372409200,370849314,973742816;0
====575696837,978494624;754124401,47849609;453886065,273059906,1091795758,1596780915,2040746670,367519649;0
====1042342197,1982471258;1807156875,185467170;291129291,741313033,1228144252,393587148,1203760008,1262095161;0
====949293642,1341903352;1740391992,1012414495;835260590,23171370,1416707061,1958873085,1707521291,1494702902;0
====903173027,187397393;494240076,1467624548;646483987,1392656744,114989581,1723749695,239259071,1990915746;1
++++1437241682,291204425;1601399580,2099033920
====53188253,678947165;162018368,1428528270;296530805,312789300,1979497021,981733718,101692771,1738241380;0
====1539158368,668206357;1695600658,1056551678;553546212,470959364,1048380791,669603998,1135188182,328110605;0
====321654554,913212196;1893138382,1488077806;289787415,1082320487,2122996639,1594833488,54168487,155134253;0
====1064326880,302887777;1725792954,1259142578;50494362,1605729340,367668938,1973589649,1504669047,574653199;1
+++1976524205,1161053402;1034119127,49355711
++++1140174875,1706954913;1545580753,1047162145
====1096387422,1458941499;799035815,241664395;1330399177,2044848464,1967246188,1192726010,361365567,1628935371;0
====1115255647,2118328911;191390358,1216037821;821455668,735859240,462462905,1772705071,1818656010,199890668;0
====947325264,890003910;50611151,31961235;966268892,348018657,808621949,377326431,1470977636,1828094619;0
====158107621,514940398;1157479949,1885930967;361525303,1324675804,1729172190,1217710244,938026105,1654718586;0
====674731090,398715528;1034481603,1767603949;680446715,240063836,724905675,1224062073,1598981476,1756121786;1
++++2015959294,1900039031;343681364,710616
====691100360,879990797;488695623,85091711;727084912,1348000724,414447696,249579662,1977989381,1228378786;0
====1365944351,1662024301;1775390254,830575616;1616844849,1139238536,1845107276,500004613,809852010,665715002;0
====17085232,894474332;1978190463,1192122533;274239653,1573574297,934826615,1155720171,455179805,1619829808;0
====2139426436,1330581022;353197327,134909900;80113075,1188956089,1704699866,1280923676,1768922391,1686803043;0
====601198092,150705065;570127214,324207063;1877737673,164868227,1539727906,460872316,1599009558,204869598;0
====456039830,765686672;1208149952,1386921338;1268553804,341331967,572529942,1023332462,332447063,378237344;1
++++723975162,898183634;986806036,351783602
====1170808930,513646461;1220646602,760419941;918165706,2132664165,1258002246,336385682,1276536015,952378146;0
====221290437,1425445419;973015212,757528901;1624262895,1066079167,932987018,1002147069,176034858,530474740;0
====253924924,1922573895;1481342293,2089959299;1458114407,2141024361,94659900,656139893,1912997040,1382257061;0
====211850367,1082637997;77280951,552206751;1444225361,320908681,771784481,1314064322,665218710,674155543;1
++++1475362931,1201396509;277465156,1829327805
====1265916272,581211505;887937703,944901062;1856386353,696324491,458446890,929089522,1033945220,1889853118;0
====855458785,531793950;1492156038,1191675860;1984867760,1444824578,1502934693,244580088,1065802698,1981806111;0
====579597109,1121503786;883050876,1304976348;814745304,863949485,1573997709,445085454,321119825,1105171158;0
====361319743,694740687;170442958,1071247479;102077791,1200184128,1219497366,1306152884,1480994590,1518044403;1
++2141595097,702671948;154420276,914042416
+++1277700534,1968643883;1356315576,596498060
++++679010507,522164803;515354198,1145221691
====383672108,130062471;43821644,720178404;687270443,2000476812,1360468807,1145270709,791716660,1984243678;0
====1823091011,1243139387;326772047,1859582461;699964896,1234704350,1901381854,1672853972,197702390,1388804340;0
====664558497,739867189;1096554569,2089390715;628787262,362527120,642245348,310658271,287783980,908363113;0
====1978233327,453767469;562226589,1158259122;673422234,116914740,1888126887,1103069625,573913468,1311293522;1
++++1602834948,1777413327;1602062659,1637522026
====1739573853,433884124;779531388,623954399;820994018,575605044,422384020,1798094494,175628854,1170879274;0
====15975367,164398015;1401731002,25083266;936949617,2032828025,1964422614,668907474,1432868894,1497837523;0
====2126982155,1408272325;974975412,1407818199;663582573,59905246,479635726,969056649,1255268715,1777613434;1
++++539757447,1823351154;1753381756,1811369389
====1611528227,1107547594;1587116476,1094864488;1349554045,1011576856,1532685133,82310814,935103812,2098435862;0
====424692899,854974090;64331925,2015952793;958132741,1051384552,200066382,1593425936,8739044,730199560;0
====1534625216,1777290605;1348675980,1666846736;827220757,46980659,511859916,460584177,1334186201,351491687;0
====1399765830,974394496;1184353858,860755047;967511252,983758575,441189221,626024365,469231934,1158207138;1
++++1561710286,221964524;1863887286,467566996
====1140717775,1458269619;1651442812,1212774063;1395881913,785351600,1346905989,107813324,1798545521,919675565;0
====1373647347,1107228921;670555745,557027849;1611223501,1766753494,461913813,1190151591,1592225882,1547823744;0
====2024770272,1654450119;78125834,821808771;1122531313,1478196803,1334539123,976528877,67132872,336654226;0
====1112386843,462885012;1581934003,2029188670;330666389,1909474355,59175804,328447963,656611085,1280319137;0
====1783927827,1584813928;2124849286,1570046755;97402212,84722453,1716222779,34208597,163702367,1075895073;1
++++538936557,1848135262;623284619,364209469
====914652145,1472307777;525236902,374196572;1975065568,616553648,1056031818,1976588553,433072675,812293600;0
====1924044818,602588947;1416564416,1108027683;2145751029,1001306820,35441524,1933047123,222520748,1575165211;0
====1518678538,1704819987;1631169839,688128304;461936347,1371252886,1849579887,808297180,1870927172,1512678418;1
+++1970034831,1316743339;2066283997,1339905440
++++190504294,546180064;764046758,2069762752
====1366847553,1807159663;914953885,1999177965;1741109822,742544617,161610772,142990771,918790863,66290339;0
====574199318,1969274405;1784924209,702601515;1481253400,224393824,531184499,1198180011,1108795268,221931662;0
====244319420,2030536322;2146019975,1409022934;2047745861,2100870119,1426939202,846742195,1996033480,1442209796;1
++++175370703,1292375246;1420486586,1259528188
====1978309435,1980673095;1710793209,267969615;1306495792,663421395,603367346,848583364,370590412,496396848;0
====1235940763,1932977091;1017757817,213410849;2083964474,163880852,585971492,247648008,1693417842,829365105;0
====1170170914,1143201716;1314209702,1240735341;1909895114,1418319972,1060639018,593474366,168600189,441782040;0
====1020452373,509297219;896886567,1574256626;106399441,579573370,2029258916,1333498067,137375402,1337324205;1
++++527521749,983798746;1852781196,1280392380
====184357527,1016217214;1319089512,793849765;210342381,1230843285,1060202751,494777887,171124470,657224748;0
====1934169911,1795603264;277548784,1494759638;1245578925,1825516372,1140247808,1349830491,881126977,1433510658;0
====1794858773,1464074515;510909748,265611212;399823700,1571791501,426465587,1510398923,1170269820,435744328;1
++++311772595,1510247599;1023139027,495655776
====2125083907,1462314790;1476195453,499249988;1413975880,1368454944,1469930065,1008641109,12080890,1615433366;0
====1586504789,1490042152;1196739793,1605348550;221654664,1927190933,2146530556,110894209,843810722,319924408;0
====1414387709,1733527617;1177626383,482010710;1310700818,1187828066,1935391752,186172373,1803733433,316743651;0
====376007726,1881932331;889942316,1623392919;1838092828,354320156,415584259,943205722,1743469543,2002102105;1
++++2027125829,341904806;1930999429,297751443
====1304233020,346833253;617639549,73543778;1290518587,1239185810,569138188,844091046,1949281471,1169187912;0
====1775409392,1460233712;1162281360,475940871;685489508,900255985,1050697828,1400872388,1753519679,402060313;0
====1246899303,1947331062;1645470327,956018510;2142710169,628366690,703737451,1329581647,1658543105,1840653482;0
====1091574265,546402187;1340660044,1962221598;769844198,2126532161,2107418347,305107450,2087834949,434150415;1
+++733644752,1033502923;1258805243,1501131154
++++1961014668,1683870347;1054373135,1877082149
====187511724,752789251;506159860,1278282524;1287337415,1049168169,1807031468,2137715256,1580134712,1131040461;0
====948736044,1418346;1339979837,474997264;2014371901,1063770735,1066365218,809725753,554733784,906209981;0
====812868138,897515681;285814576,843741043;1999289976,1776235730,98421304,1749247349,287503095,1091392386;1
++++25130262,973284628;1893328884,1509210283
====1069002108,2127409832;1663984157,1833679176;1481629330,1672107798,160794352,336385896,20300621,456929164;0
====1654307239,509514763;2056068422,510634133;691402553,625675764,2098446796,1871030167,1386354750,1469346162;0
====1714795327,1380340432;1660811684,351732608;880823027,2114018085,188376714,2101316306,55578715,308726186;0
====364156899,1255131038;1098127814,802810740;1209225735,700067886,1209355693,417095029,1728927772,1867057253;1
++++900504260,579562224;273675535,1432808206
====159867580,1631825893;801263161,627255625;1395899711,230597726,2114487928,1668629585,1756410288,1386443273;0
====1254505009,1289365369;1845784296,2131652663;1530640202,1118198586,1933062468,2125898526,134382829,1035179996;0
====1548770005,1020737895;1094593576,939304934;723556292,356614400,878278850,466181060,1333571950,1621142079;0
====270784911,646891875;769873140,1388586548;416512499,1644906920,1265849391,659731510,293349055,1530590184;0
====1720269902,1856583018;48175162,1365735207;1203683175,1413895904,88612197,1853736216,589985750,567625006;0
====493264157,1437590861;691860826,606192087;1123963268,1952574639,1777317907,2134973762,1763941870,1972049996;1
++++1901907849,1428323926;611013085,513007586
====199031267,94288183;1053086838,1958841760;1335998713,366873727,673344397,1257542987,1544518086,867075622;0
====1525922740,577405565;1797630566,132469899;671597837,557026147,1592683629,843311199,845285497,514343769;0
====289115098,1559111204;581203229,1382427156;42614229,1266426354,1882203091,1052435927,228240036,1043468839;0
====477044520,569781363;360562249,1522760525;480315281,15573431,317808064,1147365770,1511997964,1139560614;0
====902585289,1800719132;445299125,276538314;903345215,1893261197,1809501030,1731646494,1865233667,1967128542;0
====722152146,619771411;498180132,1305691080;825318069,1956200716,1355180691,1452984363,1017705655,1033095013;1
+++1276746424,1531862556;1541006503,1894881943
++++1755185530,629060713;986159201,2036765014
====427591178,1629187580;2038380487,1549148578;713079187,876498868,1893812412,97283333,1431295481,1813779188;0
====1754252776,67985880;210615693,904238118;21306151,1884080320,53667104,658496151,931273232,1017456052;0
====1940659257,1036577768;455923791,50918267;1137320793,909470329,1539834549,1939266344,971091166,461610832;1
++++459231716,1273262962;1006558555,1043220896
====26661984,1508110559;1726639410,525274940;1258370824,920781655,1744082112,345801675,2049619254,831873540;0
====178789759,99643564;1652922266,1890073668;1233718856,1914990053,1582278876,1162189258,281622580,1583293739;0
====248911748,428049834;1324000867,1326518829;1556729374,190593964,394187325,1427253153,1476480057,636729358;1
++++539342013,1793167930;1379803665,1688481516
====626786078,181398180;1328350124,1900518314;2088256931,523056094,774693238,506397788,413726283,463882749;0
====1808649114,44470985;1696605496,1905114615;48169911,1535320832,2125333720,485399482,498591203,1398185436;0
====1400036511,1885312915;134290706,352345717;17723881,1092359935,467564650,1937876388,1902262266,1468532360;0
====1634993877,739138726;634448128,1795817981;1690891377,1785183990,1370088957,1010010441,1381678936,311257514;1
+++706649497,369770771;625229062,652700103
++++1548025326,1563909723;758830865,1323979706
====1275787215,1291876466;48196598,1358227083;1842015599,609869359,1273236290,1390594003,1182662669,254470939;0
====606931487,1403592005;1602361982,304201803;1069426281,1970380533,52300953,784387436,1019102219,1314436097;0
====712877339,465695153;1296398184,1806317797;1081551084,163477300,660843650,1920540491,885492122,139239832;1
++++1407357239,394977502;709179929,466351192
====1666480268,2063886940;679081960,522976814;135934343,1798027002,1220677842,116267774,1158743659,950327619;0
====1341532679,706731232;1002612731,682579982;391738230,1788655545,1024940013,168465997,788472970,1525681278;0
====863027512,1154392576;247878805,1123439575;1259333896,1355314763,1935436768,1409082597,1632277881,662847030;1
++++1847026376,172936069;123873207,729352445
====1630772666,367213595;1471636336,525267519;2036170226,93385242,419560609,564926183,296772641,903749996;0
====1449016888,226996404;603849193,796628387;926125701,704858376,144646484,1994737868,799635817,1284502843;0
====512129234,541580714;41569870,2120029865;1959309791,390727703,2118957521,421957228,1585182815,194827190;1
+++1606546042,1008159564;275047199,1931858013
++++323046157,1091575786;362617752,44287469
====1290166994,404053458;503089272,1635466164;1376543019,1171259595,974134781,553304977,826296334,590843800;0
====21112179,62149991;1388295848,1836187698;2128741894,460295525,1575733963,1001292451,1008812948,687402768;0
====1770709297,1575219474;160128598,326065793;342734576,1359896110,1247641121,1908527356,842910450,978847470;1
++++1960387151,1568013825;848570667,2026940287
====1749172137,947396874;1643612801,1035367011;1685886587,249042950,1170555291,2101960216,622864628,1833680672;0
====628978970,911657853;2029370207,856248787;1501999397,1134791110,1814739619,222456407,519085434,537495431;0
====36649415,1673350671;1006517870,1940501494;2012874080,1250039499,794648666,90454403,1138168665,594453979;1
++++678363139,1940726559;1220880924,1142411907
====502156806,1545182644;1939906457,2120123083;1209309226,1664209837,1367813051,1582428877,314131554,1310134677;0
====83560858,1975667350;1986553524,362028190;332541165,2046745493,851450273,384983619,365931572,570640973;0
====1351125042,512573015;231309446,820099119;1966784222,860114589,1901448719,1187051837,613242533,1060500012;1
++++629149753,411274212;304341215,2115382048
====2132268699,1518988233;491719669,1892970360;478043597,1375282185,206478003,551416004,1500573175,280091103;0
====1002579185,2080835119;612723255,2087059306;431661678,2080834881,19904059,1081247995,315610241,671697503;0
====1939057411,1832085479;1702354524,1147466102;1536313393,1277461555,113497988,1438548873,823143884,1442093852;1
++++706279780,1570650817;1091838386,1140956609
====603224968,440954035;520940716,1020301531;1486053512,955817035,1756213027,58857352,403667149,1961381100;0
====1310402967,446013029;1215630560,29097425;1538485580,1824730717,1147128122,1641757185,181209625,2039863792;0
====353423252,616687950;1614437284,514695419;526589664,1218285064,1251601780,740538672,1713645325,704256605;1
++++1886685937,13138672;1051467382,429885206
====1243587604,630643549;522404795,581584529;956439340,95297958,1822777990,714787661,1345724777,776141782;0
====861781027,1087278615;781189117,1428959975;389945027,1918410526,549457478,668158849,618612118,29365863;0
====1097355772,1671637942;1593675694,1296704360;1912382435,1491240658,1030105550,106194876,1316598833,302016269;0
====983680524,1436899820;1087927391,1525340426;1608952473,777799562,495782398,78730629,788346551,353700045;0
====1301007091,1901921635;758685196,1562713193;1560676338,496816667,973063423,1892990267,2014082041,653978896;0
====1159889489,1529252352;1090813676,578083168;2002829138,1479418356,672557265,126584777,1328845139,2002314037;1
