6;5;4
+1812042105,1432406442;1199542913,845437659
++1940963365,1039139305;1561023047,2032347865
+++1516518060,241632419;746918240,1525418056
++++1666301992,7888853;1565765476,1446067896
+++++1508872573,101759867;1441307709,464486159
=====802200284,723565386;657413909,1107397758;68214200,1843648639,1428800216,1822549932,347926014,1762590964;0
=====773140205,1258490882;902582466,1607341405;1470336538,1473719687,692699492,880212205,111664446,476608009;0
=====903400272,1160299281;952267419,733134256;90897362,260845485,1202257551,382991916,1849789488,76850152;0
=====950798814,856603616;773788162,1845389075;1848522599,1006762504,466198210,1816955087,15310703,1802619996;1
+++++1667274853,576461337;313528687,531504917
=====1194607119,1258649977;1939125172,1618369649;1857923817,763791650,2142654418,205361538,238883495,385157806;0
=====993498476,800780205;2129387590,1508683432;900215114,1284864711,1068325947,373003768,1726878651,763248362;1
++++430129890,1360797624;1273531885,252696829
+++++1584853221,1037083816;1374679282,2146885395
=====1301854375,1402273245;94457281,913592747;1396854106,1867494884,1179273927,519435999,1118074368,1366995092;0
=====1619799452,555128853;2056904407,1494698531;1445410554,1839912077,450675410,967518440,1052272171,532185097;0
=====1623937638,487366581;336417478,1135142665;364740325,823379235,341680484,1070168545,121136123,510954474;0
=====372458653,362841835;1699606682,709241499;706792486,681858076,1929822525,202707637,426237813,1793686823;1
+++++1413346328,1416371441;232368347,320486760
=====1875861496,629920160;1364563864,931998269;61631157,2077381714,1936324732,685481427,170907565,507401827;0
=====724907582,936079531;371562878,397125216;904993487,1192267816,278156693,1271523704,1110673635,917129522;0
=====1404263889,1769002346;1914749187,1223338813;2146217210,1311834717,1471755386,2113430616,1020682429,2382701;0
=====343758873,154674349;1819275101,1905949096;586670333,749904025,624563243,1656777868,423207448,1542814630;1
+++++779472823,1549910088;1706729364,2036021281
=====229242815,169699284;248991751,1924269781;824544039,823506406,1534658561,1852187961,660880587,245973280;0
=====1853389472,1299475444;1655202885,344543963;1661815407,1578127977,1284075200,1788354974,1037319877,2021409590;0
=====1758676416,1320613448;2022618856,2037657812;1154579218,1734616390,1262621366,807796175,1382516800,322230275;0
=====842530053,913056493;1813859016,185332180;717158232,1093900264,2026032816,73098008,1958635123,1761434868;1
+++2033610034,712471409;379553072,54360848
++++918789166,635658674;473065084,204907050
+++++621670750,955203500;1386851612,2133655877
=====1018535615,922734831;570713854,425838369;571426982,420992710,1133640535,696335662,1081002817,2073337505;0
=====166009266,1040825021;956066359,1354925900;619580091,1776611895,410245436,1067347821,2014445857,1245980221;1
+++++2051492197,369952354;1046583014,871175443
=====1025234844,1001268973;855641238,487419561;1731888858,1970284652,16986500,667912776,1747261374,1290109030;0
=====803230498,2016285764;2132741932,903872619;516549177,430678637,81343440,2079868569,1037766786,2005419848;0
=====248510278,164275451;2107161335,1251389771;828462137,1906836120,488146483,907714745,509772047,1376252113;1
+++++691523392,996586614;814179865,1785076706
=====455126274,1625451752;1702534185,1573372178;1381431830,1564455884,1946423303,1584162207,591757785,1645768618;0
=====1041927487,1823364624;50500185,2095742077;2094569765,467935523,1082288715,89862883,1666106284,710267073;0
=====305509361,474349819;1196573022,40835587;225108868,1091079125,1630809151,643104936,172065825,400352503;0
=====32420400,1499564427;887559888,924710606;1990490599,1632090573,686823785,243462728,389211784,1388247363;1
++++456401442,2014550614;947390318,1902712873
+++++1022006821,939937501;280165683,94868553
=====1276249763,2125927992;1439670580,1120215405;884321531,586884662,81444797,912825109,1729056216,315927495;0
=====1307249006,1093579168;1355207252,2068976886;532163612,1731430148,793990041,649703991,1950945546,610710684;0
=====563490746,1136911946;108925289,1456540006;2089697598,1426323966,2043617088,743499031,122800671,721654348;1
+++++908902759,833017163;871152542,1360626354
=====2142378630,623235528;94642440,2247601;961285905,298589819,1709620971,1230870426,2004260081,1491745874;0
=====1663953700,142448642;1564679902,914847046;347761669,970390018,1425484865,1407185480,1901023074,112299248;1
+++++1109111995,329617846;1945933410,578990830
=====1235403517,1211534839;1424950190,517867928;1679556984,73319393,1596984487,722943421,1242589135,546322111;0
=====117035998,1665103116;1429855164,1618336541;577300366,2012921986,177858940,455102338,646296556,1612162496;0
=====871261794,1567092565;206833434,707987035;75596827,1593142627,645129993,2094473414,267514153,1284619510;1
++++2078123181,923899665;481872613,236427185
+++++205537585,1986063455;1030685237,1424266188
=====997718452,1458183204;955922492,2086861599;2079152200,1907724115,212398557,1108332980,1575302809,350563641;0
=====1788466737,400292852;141890979,924041405;1623086201,1709933856,944755210,2014610847,1291212035,23280337;1
+++++1782594582,562432961;1090023641,139043191
=====258292675,681524494;2051117125,326837826;587588819,128884334,235400595,1686965781,594146010,118111324;0
=====20255718,2056123289;629309183,1336593157;2042546754,1253421453,1173368038,38814477,370630917,396489993;0
=====1446015695,1673523155;686491762,894986996;138255029,1160090528,1958518200,1552479818,780475188,1527942803;0
=====1232852034,1786518634;1745940473,616020074;192496135,75374626,1619124010,1471737628,1599999144,2017262129;1
+++394982671,959747200;347490718,1883162319
++++727422115,2070173914;1272300343,364331810
+++++550304822,661295611;1897096533,1138754718
=====2111601271,396062150;1094943116,1384242696;316599498,2130730454,254446883,768117367,1542010845,964407390;0
=====353992422,1835412733;337171242,167549626;158502891,1240626398,1298164679,1047031303,2105849852,1600368651;1
+++++34634125,1774645762;868351918,1044356813
=====1426465103,1661734655;1889769112,2115968740;884033832,312196707,660228273,227759393,1537349888,1873504979;0
=====1793128579,1793264686;1466495591,1255654249;437832039,1209062032,151722632,2124156830,936445329,951856473;0
=====41090891,1969438428;12573092,1631322417;419216907,2130319149,2130634089,1432694108,772044138,1095557597;1
+++++954847400,1928885462;2101696002,2075088831
=====1427574570,598447980;621409483,385138253;618251724,2053792629,559641236,1721551972,1856305255,375745543;0
=====61512051,171545293;1619591267,479868627;1869529278,1399324943,1926224885,1461054740,1732955668,2104339317;0
=====375515607,65154601;855376086,156890093;949430112,228653774,1035958242,1923284263,126638812,1081182328;0
=====2094747143,1830760769;2089189706,1208392548;247113225,845496916,1942186350,2052563074,1719610798,2094376417;1
++++110644573,1120190447;70384797,1681811788
+++++1973873616,609202545;1453196572,52414255
=====749951185,1390912394;352524643,1320175239;1721599730,1969934099,321219601,187608787,512626284,1353884041;0
=====261293066,637896335;1885239175,1861023105;196342307,1114279913,1956311024,1529438510,260370416,1267241181;0
=====203086626,315666383;449755100,342215831;1789831309,1053452519,794844922,1659133542,1259769736,678734205;1
+++++340839331,1507812555;105648846,233818517
=====754336640,1379387272;1909378243,1266823771;363750144,281703860,654353341,1245841868,592779046,1568365186;0
=====1267906095,1893392759;644788551,5755283;940708585,124637061,1167657501,439766915,386104201,1201630312;1
++++1661366486,199102041;587414299,808116154
+++++902530495,783312530;1429086505,374703017
=====1285924821,1361142215;506837774,635062112;139235831,2084534032,2003949639,1428355845,2025813430,76417383;0
=====2113575468,2012400686;329097591,1555055402;325462270,1592968701,1102588295,500156282,1823305738,1315502298;1
+++++1429607285,27663211;1873571376,1293249532
=====2001892913,1264668409;720282198,1109201898;248128574,1363038581,1740249711,138911076,1422545638,2061605826;0
=====1692034832,962308144;437986235,1538040038;1290993495,1326072807,1663811895,668928670,1169006251,337124752;0
=====1383026286,1207825643;1529003878,462836659;512235412,1792748463,1721671470,1346533608,524945657,291152116;1
+++++476073727,1550163730;282625203,1314801383
=====1034063937,34000951;306178411,1819956861;1924425571,1678704890,2025373935,2131947059,354743528,55475844;0
=====486992888,1256919764;605934887,800418562;2127361238,1050976454,810705918,133038274,1938295956,1118835936;0
=====1219032338,713608638;1889752260,2041599552;1619423521,1933469517,2134132277,1294962862,744942488,65333751;1
++2107601369,1815850199;929116264,1015743146
+++386567272,183802282;633283965,610120532
++++1369663618,336509422;1805194122,1146108089
+++++218397561,2001915628;1651544271,2005707772
=====1181165536,162997847;1935706032,916006335;234269565,1302295062,1533841807,1352907231,1688316594,1262014436;0
=====1155687771,933320896;1489149328,628508605;1128917316,878058651,540179089,1178694960,1465400809,522445718;1
+++++958327334,562092685;1930420554,1044746100
=====1039239276,229137455;1362735378,1512609152;2090331930,838218942,690096260,457637367,1198836601,1270603433;0
=====235173246,538897305;2141133233,1222939392;2055177038,1457247430,905830213,1974022061,1286170053,1857733527;0
=====1932820358,44790240;505578614,235491205;2097169329,374616699,1189965461,1637583017,624516907,1406726215;0
=====1471469870,1242975669;730327321,1188677344;536205917,204415490,944542699,1365343787,1008514376,1243821077;1
+++++716133782,108465359;1408617183,1124930257
=====1265551339,1531947869;419518891,1972707313;931353448,1685518776,483764349,255440157,2003395937,931278341;0
=====1593392174,767692245;851673730,1865236104;1466131293,420779243,2076249639,868875082,656839183,2067933299;0
=====1527000784,2071177130;2051280371,1380948948;77963453,1458796405,189223143,424366778,13657505,955614485;1
+++++1861891362,1638140381;872958565,164113227
=====1718706670,1964137525;153015395,1109739823;1970717093,1236529219,747251662,782072635,28104543,2017519020;0
=====991083289,2141319101;33634829,1039992028;380426734,1263872173,2104471971,1979182656,1622759180,503839425;0
=====1416615097,1223862595;1418552668,16058394;1517649158,1292260630,243165672,1471121266,1497864025,228879040;1
++++1938677412,2133051456;1650795270,1470351377
+++++1666089571,1602639542;1436954198,433377801
=====554303628,1802796723;142175345,1093275918;309714643,676487293,1634593823,688250358,2137854353,781706813;0
=====1275831145,1955241121;69916680,1472232673;6396875,1555753715,949658310,728194504,1027211958,1639421526;0
=====930881809,1232642772;1207728156,1864362647;722848134,1853153342,973522872,927659074,1285984874,464361775;1
+++++1169216938,834498702;194872626,1965454692
=====725302895,156978440;941972815,1018540787;1642585853,20878243,1750063804,444963724,185811492,1693370168;0
=====101316980,626818186;785312024,187912461;2124928342,889290257,1325936759,1977351489,290692207,617835571;0
=====1126805178,1558374653;857999884,1530792172;1469362565,2062185582,1376726562,491368210,1026371267,1569841896;0
=====1406830564,303164382;262283528,1427204212;1427442836,1071567581,891166173,12172492,258815876,1974547962;1
+++++556136443,300026073;1034758225,1584798112
=====1604102800,271336124;79336347,1050272693;855426272,913936391,1558132608,2129793423,1253681666,496826225;0
=====1650005212,759832956;498919118,1840488;449607075,492750701,756211193,1133771016,1944112162,1156896959;1
+++1909758088,322501041;1750026437,1695574487
++++2124279825,212948869;723201445,504810128
+++++888752221,1762886552;617928927,154363898
=====1423293101,241744273;1180342300,817675471;339684768,303936920,218564624,277410017,479719821,2058618977;0
=====986083755,726088444;828073486,600315456;1822798473,1947404271,1831764516,643617439,1589680826,1850377255;1
+++++1426248983,1199067235;186790428,1998991002
=====1350794939,139266393;1756443872,147456849;1513620074,821645187,1892587529,2020829420,396058783,2072017518;0
=====556322541,680036339;1980402535,43335039;2067907248,1165774061,612846904,662189956,1888401543,189145450;0
=====1370466775,932147080;127573092,742696812;2105537334,514989016,1121897916,125788280,151192521,485877615;1
+++++741528576,124840094;2132588494,392102293
=====1113038093,654976880;1117341935,806772943;2014699245,498196242,1777275033,1202598831,910842499,1215200802;0
=====199561615,473520381;489979810,603534712;573271057,2114980293,1569354581,1063593638,1724826005,1985760016;1
++++1475023470,552810111;785271862,2033848605
+++++265018927,471601945;746288875,975590646
=====121693662,1392856508;423240773,1445468599;2127492190,1582974990,1786252586,1017486594,274865982,1695360636;0
=====666934006,1381075336;523725133,1747647985;922220104,1347164201,909827930,1689586094,68651667,1795535661;1
+++++307630876,1039413100;1224521257,1144567043
=====1259966562,75971154;681297351,1888223520;1316987371,1983835225,551244101,977626058,1493272103,1018206540;0
=====1697995681,1559900610;894833132,220826229;614958853,1476910400,1289203716,1112519942,1180109500,915938860;0
=====1303730668,1769448241;1288762842,1714080104;1855981961,42641392,1872219809,1080722316,2007615133,43992295;1
++++914331022,1542324680;1137000053,212445000
+++++260692295,103677173;130434000,181953434
=====1699391855,1676988926;829480745,1712898735;716660269,1054283135,549417309,92548829,522195653,530971771;0
=====2116998566,2050068662;2065660651,1375907680;612507184,1570159155,126927032,2000236450,264006410,1671280623;0
=====486996191,505069491;1473249916,108922292;438154623,1855100867,2083296992,2018580277,280961365,1521475068;1
+++++861686622,1297210445;623283361,809723552
=====957307046,1078607765;1949303539,501345663;770479760,1669486545,668141182,1046152447,807925483,993896954;0
=====1117076096,1668960961;758083665,892404929;132652163,272837969,825965439,1605672427,1844606921,286209679;1
+++++470100143,617232128;702241462,1176756888
=====1314498008,511655907;615106615,797463799;490254562,550051815,32202632,2067114053,1747884361,1745030584;0
=====685082122,551910191;1114047407,1675879317;161151318,1214466783,1617166684,1478443942,2146726711,1325735380;0
=====1273187095,1855194530;1417083727,151084560;813988597,803498951,797029386,494187150,82445312,1287097356;1
+350109419,1504546269;2069896759,1214533977
++1453661233,1089115773;645567307,1900087201
+++684582383,1442174441;1632565090,1355362108
++++1824981591,589547373;1907558095,84201963
+++++362026500,1599903941;827545810,1198833606
=====1749923908,681584468;1923623937,195810351;1533293719,1518595970,59885195,122248437,970955863,1450202925;0
=====696101031,263245645;2052786967,1905323607;757978470,523292786,395973552,1653955944,300669809,1083902532;0
=====93754963,199455100;1910571141,275538580;1731143745,975313038,629694914,1379955271,1156017759,740720546;1
+++++1886432493,1021716423;890189434,483704028
=====2107002365,1395260515;1632315798,1429557297;245186734,340950782,900691692,1418830918,1926935548,1870027528;0
=====726257553,1011654816;1674532548,2132993675;83850200,906110308,109050333,593449709,1748349393,646818821;0
=====1769733265,2112160077;213049407,315414132;2061311115,1280258939,1979649301,1207146902,962144826,1855217786;1
++++1911094808,1251707241;808141931,607146040
+++++1629414683,1733394015;2126530606,1851667677
=====561913736,890149393;1632604126,1487799084;366949654,1019392091,109087232,1766882848,1397399956,1793016049;0
=====374543242,1306700399;116732257,121381470;1492314329,1002135739,527637050,1433093795,1451652774,1773616861;0
=====626083083,143077905;1439807052,1230418419;717008133,1368350922,114476574,1986980750,866788630,2120892696;1
+++++1458889055,1362201712;1674364689,769841047
=====1615267853,1559004992;617756408,2128343493;1544575030,647147024,1806090652,910936095,1969435038,441747115;0
=====825491418,1382895601;124603772,493786702;404320316,1867842352,1047236126,1674355236,2080376297,27178364;1
+++++1702475853,806096569;175872150,1532296700
=====481313896,1809527475;1312851009,573268660;1219070708,1501439104,143369207,1706814042,436318412,372105983;0
=====776264124,434459185;1143578936,926357842;1033045937,54863739,276122204,1251737054,745625739,460744090;0
=====433933931,1742343729;1789289381,693968885;1121141395,1954702474,883530502,175726597,1948526846,1840992160;0
=====370231533,673514613;638512405,429661190;244570764,968202952,1632260235,74477147,911634157,1377958916;1
++++14483692,1209691986;1599633209,1119346171
+++++152899376,224962450;935343675,736328912
=====149930115,1595998696;1336991522,283843700;1335012388,684536975,1747795003,18041726,622502997,1477710115;0
=====1371470703,1055245066;448798335,679507162;606619092,1263297889,1935405686,1127701123,1340468693,416548290;0
=====358623579,54218320;790423418,1299852686;2046912709,1504710577,434117194,1365202607,1190433776,912390550;1
+++++470333939,62208536;1959743667,964933482
=====1582638353,1233827909;2094739084,2089889114;1962357466,79596024,1617940262,1677479167,1640270238,402862473;0
=====348740327,790441021;107793892,2127066079;1764179129,1609335288,1920943978,1562602315,594499683,715105883;0
=====536335549,137057357;1300448933,662855416;1442522319,21009253,1530953694,65219959,1788921710,1310645028;0
=====1643433519,947001257;1881946233,921584071;1079424299,1137935883,2003748719,1963920741,1191319818,1185467823;1
+++++1917454312,861852155;984508849,1016803
=====1382875650,1647627415;630069565,932029670;1021149160,946268694,673164169,1943181590,533621632,1441012069;0
=====1822100278,1002352490;1878382644,143690370;1581657906,268359777,781169136,114135278,534970464,1910995162;0
=====1955503886,1628230711;1197541483,14087832;421824867,1797070419,71256225,725304808,1832838112,617035987;1
+++2031824710,159275329;897114019,465008051
++++629259823,689837659;366922636,2048300867
+++++1756909018,225850459;1915995822,1043666973
=====1905992680,258968957;1121322048,940612656;1482630726,702570066,11907560,635642674,1925385822,1282705310;0
=====1342663938,170061117;266116117,1893305613;1536617965,1989078779,1995324931,1064271951,545421843,712900419;1
+++++245821889,826335377;928787007,1287084531
=====121179114,1975258696;1192537492,1263665666;1782517696,2128623404,283273467,480349822,1580393974,478814570;0
=====1002717916,1021705246;1820969837,77962130;1359183580,380389027,867406661,52715681,2017439945,1011313384;0
=====729787398,1601792739;1702142667,1779232899;1793736231,1260008312,1594067667,374991910,492478912,682634477;1
+++++1408878063,1236084553;966139868,1557836083
=====1678061720,1876509322;804377452,1808385518;1277741993,188058973,1951534224,753430088,1812083570,1151086575;0
=====424216750,347039959;326761773,446471984;1455887973,1180766345,633716605,585033539,1550643752,756055911;1
++++757546677,1238333849;1134713630,2094680180
+++++1936260730,26880479;589929696,1148429077
=====2076716718,976924753;1496564349,1519269383;1473869478,647796387,1582350798,2023613773,2030463826,414145093;0
=====1993459469,440250510;1346868780,2004687944;13026698,445671717,432073686,4861888,1024518595,1267795337;0
=====1021047589,285575210;1434922980,990838184;1445685966,44040717,815482191,1706546351,1345750397,450474180;0
=====1076739056,895514705;1512297829,1060343251;216628262,473292635,292037439,1553728583,492069186,81396440;1
+++++1796606133,2081841776;759300628,660250784
=====1952789839,268051944;1201142867,1822220382;677027710,1360991010,1934226068,1296295433,1680539165,861210707;0
=====915596928,858449143;730113431,479946605;726571082,880849785,1107318714,1965091669,78676717,1506318731;0
=====1232599794,1153877893;597020033,113038448;2052466319,816105378,1665820645,1406459142,900694198,1442222750;1
+++++1145395706,1904309633;596533518,2039872763
=====1826432807,1302405460;480470954,281286707;903389978,1488034771,553432447,921671985,1343253759,1560878787;0
=====921620669,383759177;1415558020,345785488;2049391982,341165862,1323391502,393736063,332734758,1437774524;1
+++++1317522143,1289695117;1147164251,1775100581
=====550605999,1637146557;486952948,1503929500;1084072093,682534698,1961143084,725874723,1307454192,1443927083;0
=====556041689,798510085;634963551,684773653;907376789,760766847,795500372,1228659805,1097911586,1785455668;0
=====1999766380,796801763;1712627729,418214566;1051288713,1360893100,1738535833,1660928735,1464123249,1044355709;1
+++635397384,566031395;1686041142,422291005
++++1976215023,1736308478;303287112,81381348
+++++1569866418,1978116115;1466864988,358529120
=====1052299877,167702353;522394064,92779656;410177441,465251198,702656317,508396936,241603500,1524392616;0
=====972653007,1545381717;1147241689,2014859211;1040076289,1114102973,942612651,1111598660,182202479,759326593;0
=====294717558,198270971;262234920,1531787711;462471297,645513266,1270247404,376796528,317407590,1908089756;1
+++++550112290,1487576421;2131463900,1623609410
=====1914729895,7420817;1184275132,1869122285;316785837,1800290253,658635167,1479630097,2061915071,1063852668;0
=====112581181,1230905112;289527685,1025578023;1362310694,1630723146,1984366398,1637233123,703479193,1426588821;1
++++389871776,1112763393;100015809,2058661116
+++++1820042898,577471200;668520353,1474974310
=====1160936514,1161484901;249591414,309101294;1949257678,346724666,1991222126,2105883942,238326604,417184188;0
=====559115073,991570123;500255549,1207445341;493679976,96395379,2082449341,1351525184,1383853236,1123631089;0
=====742536374,1310410827;1333591408,2104895435;1262403705,1514061927,1008083812,862088341,316186593,1329188085;0
=====1240730967,1544492758;1792024477,462389303;508948461,1004546824,81539362,278881223,1745471583,1864133146;1
+++++1508322627,461831819;1246642660,293228272
=====1081123583,1835392856;251989339,626783352;1685977717,1635341614,505500131,1478604682,220537654,630955272;0
=====786576698,1412985487;723965970,505334265;1836253447,1750976719,1934298317,1888719064,1588576807,227699492;0
=====1862573266,1381293104;370110813,821347182;1171745666,108671946,1674333787,724908623,983096590,969751501;1
+++++1358386453,1286470857;169184524,1280705820
=====1557621812,1672354946;2146246942,1507350182;320690919,401253399,1245027074,446033158,1587779407,700789299;0
=====817931423,1829773350;1939710314,1379928650;1477227807,1362997029,1203471976,1269254564,1289726647,569761636;0
=====118122980,121222684;767328521,1506210070;1228093139,1287802315,148879911,159325033,250703016,1607248912;0
=====1575152685,879103718;298626035,563502904;2004309944,510927352,1430356710,691776183,613977613,464668782;1
++++538583211,1731180516;1372266368,1730200110
+++++1484682880,1266488134;1539467549,1908731816
=====1817688562,2046338497;277249269,1238559136;1247994537,1214206576,1212420037,565005804,57894504,423802995;0
=====348881211,151763784;2134999504,887687105;456976821,816219134,295669611,98101880,98759066,1702328963;0
=====1350386747,741833987;205551399,1900750244;2089474071,957577183,2002226613,19804416,564738927,228062998;1
+++++1490706457,193375508;966705727,621572725
=====336260160,1588944015;753149812,810926428;908999136,1922359649,394322948,496560254,134967325,1483786542;0
=====864581791,1629013579;474237477,1939060680;1364523853,1881562410,625480559,1835543774,17031902,1493078271;0
=====658393485,76201740;2085104248,225020790;1175724360,1322683413,1846883157,1019327728,213846230,1210020806;1
+++++1886670835,936823899;2013748425,510348134
=====1111834830,160321464;1008490548,1599389522;629243557,14861697,792841141,1635335099,1898065256,381075427;0
=====957674279,474927479;1568327998,1004222590;288620212,1300505769,1436822762,1202004887,759363917,246207055;0
=====1647927296,78063747;1044835283,1673241095;920043463,1504847758,1651831644,1847769107,576351222,164474817;0
=====707296759,699933317;1061962124,574674362;1676513470,1282401657,1783871745,587249967,562241837,1524507769;1
+++1108589128,1185305167;1523415184,1650521277
++++714646970,54375106;170134387,1089619615
+++++1143589217,1200126409;1044046736,487958770
=====586331741,762903673;445738494,33568212;1467404173,344359348,925076046,2071474602,1081907443,2077956335;0
=====2103137729,277136455;1453521899,1456101159;689908919,14703382,1679468563,1984659483,2010883427,620248274;1
+++++611630784,1322728533;2086267272,1997332810
=====1861464433,1583286059;175451224,43206688;1665554034,1245936065,2048206917,1418314616,364880300,494960944;0
=====1369429038,520297891;1712974982,1558506391;1189856866,1438398102,824077602,385240966,1582058443,198465985;0
=====1165219859,360444382;13116748,650550434;1589552291,1776359563,1994665727,43641157,1033635087,851200746;0
=====1717675161,1107085017;1610338216,1095629511;1384759116,58294718,892516821,278066904,1156591578,1624533805;1
++++345844838,1103209594;593879300,586819511
+++++1967074197,1977552688;1765457905,1865975923
=====1287479097,683831044;843213917,577847421;1922995210,2014868179,1501527253,1278806662,2011202933,1398787166;0
=====208319460,634362836;1433692194,207704277;1781075313,190628010,2029784323,740645294,906611635,604396211;1
+++++813024120,44056495;1079806004,484797688
=====1120991460,1873956939;754667416,554471069;1205402619,818900447,750866237,1805159693,575894051,1481782672;0
=====2109587239,1298338636;1255470926,1250551075;2138189998,774035508,497962535,1189828853,645291862,10159520;0
=====1528519922,811021298;1591767610,324055961;1176844851,554627955,1558211338,2076326544,1702267783,1602997380;1
+++++190995567,1706336341;2037102010,1458257400
=====1343956296,2052005825;1900653188,1853640520;788551336,745736637,995741402,135229161,568534180,518098171;0
=====1190693435,1111346552;1778562614,2024047576;1150198359,1565794453,1993136485,494624444,241638350,613843871;0
=====1879198661,866412957;1755511753,1963435376;364228673,1977850841,1371749868,139308462,1192076129,518599323;1
++748885700,343230785;1415575489,426974393
+++826306219,1314450609;1394942687,1418160473
++++1610199332,972558418;1918787509,2113997753
+++++62767701,850325515;1632054837,1501981204
=====769117542,1090565011;611672728,1814572588;1109435537,1750424387,1116287461,697380652,1921376407,215277799;0
=====590153237,1647437573;492589568,1592307754;581319864,380153342,158576302,710247158,1361626294,1896458102;0
=====1460952638,653701703;532628631,832656440;1687093526,1904455668,834034953,926438114,704979870,496648996;0
=====730147484,1085005431;1495965673,322301141;1795112647,61566956,1835939467,839527633,1917394469,119208411;1
+++++374007922,1471402109;216760456,1165434075
=====369077449,1675760891;352474194,291159069;1098805414,1261020353,2069659270,1332379336,989993191,1343907049;0
=====1014534362,704611106;660643991,2096504574;845400999,584219779,1067634755,1076643302,235536840,855755075;1
+++++192796871,564790179;1394195910,1024483114
=====484520850,1642947234;420048014,2049559249;1750742397,1895571739,494866390,1761407937,1063012659,339472349;0
=====1623472131,1067275201;950661792,100679228;1492375594,1694301850,942550386,368543740,1448123078,1515413915;1
++++248023933,808964562;959509374,1245061818
+++++2103492166,1048677078;1196968972,1785474292
=====892646914,823930296;768720071,830339804;1992153219,1777826075,258591558,850618311,1567411768,1635011514;0
=====1489927288,1976595641;1888840293,1140811681;203934163,1011513453,1910464323,425898798,189814649,158185843;0
=====1694494304,2108755099;105487344,1808421363;2063691565,2052698886,1933160037,638481536,1812308423,1597834589;0
=====127551504,514258381;1113482280,734914064;1610104292,751912156,107375547,1949702902,1198355751,230362883;1
+++++1943195988,1447776061;969715637,45440871
=====2051942954,277634904;163515939,1650317692;728174920,413095805,1210344858,500680857,1991697970,1237217887;0
=====1405033070,66554049;1382772193,1835621724;1149243320,843358285,1611673201,1909040737,974597520,348776647;0
=====377096674,1000486310;416446570,538241922;273522213,495519371,1965212462,212509928,708667854,703711916;1
+++++206685749,850460865;1350854038,39847721
=====994155114,518278718;1043235357,877800276;1854430383,1562154463,2029817124,1957418926,475349890,752601687;0
=====886630145,1203225774;599038148,776920964;289222780,535515971,486154597,974581731,1748332175,1666749049;0
=====1517796570,580200373;1663872861,905697913;1797100476,347247349,267181027,1093104370,2017232650,2044911078;1
+++531017631,2111729879;1517154014,1072810415
++++2058546318,1128405781;1284477511,741574779
+++++1200052375,1904034956;1626535715,1105953070
=====805428930,1575151411;2024391939,122662117;759980840,384640413,1133076611,2008470515,1616668692,1308366161;0
=====81041155,1277537686;1387966027,2032049110;430970610,174072110,156447618,1929041340,11987188,47174739;1
+++++973275438,1302057535;1887020460,2066154822
=====1105638477,290229758;1597679061,1942244550;1323417862,1390594809,228462531,1497195993,1855794232,2056886810;0
=====1478701135,302851834;1838747901,846441954;1684065702,961332454,2077097894,366646449,924172900,664089378;1
++++1015324293,1193382477;645251994,957618727
+++++1199527762,1092706685;225951026,177906392
=====2080969874,1545285212;1557121089,1277836111;1101845395,1098361346,1572927585,2102286993,1667452222,224970336;0
=====1392545757,265217202;1127833620,858322090;111837303,1622110198,844671039,506463148,1671211899,2032870831;1
+++++1249356373,1390108547;65468100,660833582
=====1202669410,476806713;688367462,481616265;290598925,177129837,751824204,1815348674,61643448,720011662;0
=====741944335,1363993316;1334710255,1300308167;1218783786,1587568735,174406603,1218204287,236516785,518337203;1
+++904516729,1715536373;1673916547,475213764
++++2113820934,1059837130;367297291,257530932
+++++1585811872,2021587906;6408084,238227234
=====277868318,1728719325;2132540187,497011155;538891134,1467089440,1249106021,962932730,1565896357,1187904378;0
=====578990144,90366305;780997913,1598682805;1955199184,1688648720,688005827,701011426,1819001734,802315737;0
=====1563059506,164560492;250628566,1743234486;1804184009,1803358246,114258381,782771434,1127710369,948847970;1
+++++289782196,202237453;1575316269,1001920637
=====665177784,656885369;2096661779,1039436383;60740594,212947394,831021089,123150796,1164661063,1131021809;0
=====1740550,2011708840;1956572484,395167529;288586662,1483500942,805437786,1831586321,422471263,758064460;1
++++2117355384,1967487092;904693093,1258753570
+++++998423370,1200100408;1059809676,915996351
=====849552012,479660086;1786904738,1275090383;786847060,1899246297,975826968,2120708116,2101119253,152768174;0
=====588876808,881319827;1679507454,862844039;474331969,1312286665,1088137902,891390041,114745745,976716343;1
+++++769214247,1066992662;580266401,1336448191
=====761920361,2002872667;1285568144,772432491;2001989372,930515089,2095877218,1414578559,1035067108,2040420827;0
=====2114338695,1662745511;1343562905,448397513;1436887795,291479657,1936682547,1893902284,1524426135,913104974;0
=====232788391,140161441;279571691,1065910293;1079680014,1100868482,1885088001,84583309,1211183434,1396324669;0
=====583452024,680093344;47372232,1649323063;1008192312,1044542567,703012666,580025778,85801840,557854213;1
+++++1068125585,263978832;377999583,1909380485
=====1328771728,1571699160;1772828044,715651412;308927671,721135013,41699920,180058182,2110712999,18837467;0
=====1441336832,2102270477;825070762,1449177606;356000149,213494536,1510253266,1683653909,242730839,1021629479;0
=====539381815,874384411;1403904854,1093968126;83037397,1403284740,1217584575,238280443,1056536835,265762485;1
++++429342160,17697092;1729613428,1131194564
+++++150106138,1224963433;1450421667,756096236
=====1902496184,1413727118;747616938,1001269092;615649247,1708676631,881091783,1526523806,2070956787,1007816552;0
=====640891861,1318933581;406523587,1856858385;203288279,85938642,1766047431,434456199,2076500658,1240992346;1
+++++811417907,45703188;1320769539,2014786441
=====1637510010,1386730066;75894199,902907838;491948856,695147746,1287655061,1425623569,527783551,1809332783;0
=====1297366640,665168339;1230725025,1385736435;1903756085,462111359,816560573,440374903,1904284127,1223406774;0
=====30556324,1442042365;223360626,262711322;210482324,1336602680,1949400937,1257794226,1900395927,1276908922;1
+583378481,885003904;1121665850,1771576399
++908276185,796991047;900446319,1675296971
+++1043087029,276509059;833134008,508462739
++++1452064483,1547438381;559470084,1343405031
+++++1683546632,1590254177;1836727086,1770901701
=====1806160698,1529088295;2075041141,977577926;362065749,1586776654,583621889,1060968775,2057114061,458167721;0
=====1446552579,1975332582;918022192,1239957149;831635709,62662192,727367307,2075768526,171196987,1104829654;0
=====1858344136,1072370210;1669331525,3746273;2133677469,917255265,1193541312,1543434449,293783343,1692384482;1
+++++1415881445,401820849;644226500,611061753
=====1101285377,195312815;1089378549,851377847;1658211314,927785412,1354999117,1894254883,128116303,1517321368;0
=====315947372,421037199;1270492774,1754423847;1520606138,692701009,347760851,748083272,785134053,680464189;1
+++++12470418,1392452809;1891339794,796526462
=====1186712000,1010002973;738166812,1866724522;2123683916,1674740874,1846770585,1362172458,541830681,332996217;0
=====2020445047,1505514214;879652553,1889390051;251050205,533627489,153638554,487404545,1579303990,757453079;1
+++++1539743839,1590839424;1390223419,1839254547
=====923293455,411217651;2133793936,814387610;1915156441,2145486556,540934896,2050294319,109874570,958133469;0
=====304185303,521244411;615844821,372851495;1213317201,1496984771,182788710,545790409,1689219150,1252393033;0
=====1193604753,949745247;1500228019,1438375252;3175740,1696243337,1358548985,871728648,594208914,533643491;0
=====1914636135,1079828977;1091554502,993777127;1289418203,919578076,1299101962,1115584131,839301625,744246014;1
++++1098638088,1516699769;1893376377,2081448244
+++++137683262,170545515;1039111224,1378376624
=====67113744,129900910;346946564,967110602;1675525872,1405471379,591479616,733716212,471862047,2060506110;0
=====436012775,1125701212;678509559,1483606951;33408527,1824557907,1430365965,385186912,540198973,986779027;1
+++++657694435,1003704806;1862644201,2043622165
=====1765122043,981741932;1920806797,1314735321;30075392,1923505471,1839833097,9235054,2129417079,1135022817;0
=====879707013,1829254629;688872596,1670369177;976357163,1211847147,83975537,806188567,430863511,1555202388;1
+++492529776,76956437;1222518656,178329517
++++1231159713,282906549;2020528052,1804654798
+++++508392591,1069644495;794083264,1418822190
=====793439663,1248013478;1269579225,1377911631;1429857192,887498653,1220393429,271724162,485080597,1471200514;0
=====283769611,836552416;1538553613,27736385;536025150,1020069062,916516268,1592759358,1649820562,420594762;0
=====792169110,2065950245;521189422,1690057570;1039698914,1435634688,56655745,691892924,211824833,1103104467;0
=====2072214065,335072288;1615235339,2106452342;1672301378,2001722953,868183554,1410566185,437024719,637391295;1
+++++1663401205,665781815;59784054,35412785
=====98575763,477729309;1658253754,1096653443;1576056927,1627782104,1922825631,876589480,1177820275,315515285;0
=====328213407,1086605650;1944418280,2121125680;318593388,549220787,759768888,1390047240,1120788787,1247092760;1
++++1249824081,2038068516;2141478301,1345852116
+++++450609503,1948623191;171283742,453775070
=====881299894,1095744167;1656380343,1231164256;43504652,2132487037,2086309325,1969517919,943485761,1329723624;0
=====1830641541,514789434;479310812,1207866595;357041242,684704353,1303372834,365237169,1044404130,1719198911;1
+++++1750291678,1615249279;331603504,1594306165
=====1167338532,1705107672;1288709222,1213023369;320373386,1522205097,1343852593,1457516813,2007036292,1846265836;0
=====1965167280,105529899;1411995004,575034029;2072235164,1017464195,1525883511,1789449249,1866734151,1295134430;1
++1898486160,2068958490;1742083892,1078236367
+++1310144053,1232437283;693842837,423363583
++++1063783310,1685233536;16995653,167534688
+++++605828387,1401832222;2001654301,839789916
=====1430476798,1611806485;1617015803,420962801;1656113926,755729264,1411369788,1859291352,669877561,255631886;0
=====505928462,909072093;224262945,1389496524;948824280,1767097303,836154446,788361945,2047100031,2134134170;0
=====993420114,2030856663;940043125,193766718;1720509806,1817997376,968273812,1484572581,302805700,34846958;0
=====504714663,1690261657;462441750,1057394732;1674662599,1417436288,943346618,1749517189,1398225391,391116018;1
+++++1528970961,1340398195;1210382290,605160274
=====586438035,1428586835;830001615,934960511;446686267,459300732,1635387883,2061186121,1839353909,96020424;0
=====1258394655,997087252;1414965639,2078058405;1970935803,735831965,280266904,618494735,817166882,714464240;0
=====1558638398,74937652;889941370,791695989;368062951,208930288,1649983629,999477081,354889074,171699960;1
+++++797449067,1074112876;1056520458,953369579
=====1052799820,1484663624;496460863,757672078;1221168330,1366780598,822535230,1827187624,394884389,1966789372;0
=====1456606912,1853931271;2062026021,1745596261;1088734769,200924327,2138066693,960530639,626953647,1513696413;0
=====443065957,54171546;1595612242,1412791683;2092001374,339742451,24239204,1209647058,924680686,7556767;1
+++++248660291,291657330;381239387,1368625105
=====859964054,542663984;893577436,692304589;283349007,1763060002,271856712,1462199743,2211594,2018994696;0
=====1020612514,1671750532;1648462470,997084179;2002364974,1201660644,1871016420,1847436260,1404346331,335237251;0
=====669943035,950850314;1887664980,393652869;59353755,1676644925,1376666030,879751411,1228584188,1388138250;1
++++1766936867,947792144;1223403613,1646043242
+++++423797341,966351998;1011658065,1200457531
=====1282520884,1437629171;1901313506,1593260785;1825068653,946328958,1361630885,1400815003,719869470,285048347;0
=====90297930,483420924;1469771318,27315348;1703529178,938161926,1541285186,1895495329,1359902121,1596761342;0
=====1912148321,495621343;1696419072,1574896298;768468761,755731733,1295214806,1065431737,731276253,1134683712;1
+++++443363714,600616143;19703843,1133330588
=====1141325528,1924344735;525570482,1115182188;505326970,639059842,2134420888,310532896,1334561186,596812674;0
=====1222088955,23096114;1871707975,758211619;1713371026,895071474,1314439783,502413863,2118420677,52235625;1
+++++1552395535,287204488;1304338808,1747397927
=====1919972087,762819492;450238140,4942639;308500130,56449054,929470971,518050676,1834882351,1638084307;0
=====980544282,2047162877;581328944,1309374742;226935535,198742224,772317573,1613337853,616490261,1996042638;0
=====2060399194,1873260491;1466596421,1075870640;891873168,1327275133,1053247656,1386570696,2130348212,1907251553;1
+++++524447424,1542827271;1795883009,984788478
=====231623293,298217989;1554923344,287977281;686887054,514546624,187281631,423607581,977557619,764465268;0
=====848403442,1827072258;660531250,804522798;1357808080,466669978,1570465288,95064532,1157600833,1333110221;1
+++1528617551,2102933852;97428589,1429969434
++++239762863,104264896;1666410318,1205898398
+++++1518164388,798975876;526835752,1182750400
=====1948930583,1615133223;693248561,39272803;2038918151,1225517217,302708186,1296015996,733734649,1552780149;0
=====736254735,1437840746;322483701,1664903472;1587727558,1039923580,1544239778,1641882446,1262831147,1956829068;1
+++++1062114597,2105954017;480044358,171055537
=====1058551320,419006305;1659955125,446871012;1539767461,1454429961,1258713804,1506517172,340356365,1292413522;0
=====1521707046,1021913921;787259536,1434641618;1814286017,179795992,661859111,1142365075,1602735229,439306726;1
++++266648416,737317127;800702151,413296902
+++++1278893207,1722993481;1470339178,1838798070
=====969750478,2078132852;554197663,107493755;404279696,2103574288,1157729431,1457189576,1326547677,290318710;0
=====1011733595,1985696671;559063635,175575610;62122876,1696329103,1714812730,441672809,1144928972,1101056983;1
+++++1310419680,547963979;291295879,727244954
=====13684883,157386345;787379634,260775435;1544557,2068971492,44360183,655809528,1311805457,2106805922;0
=====944868735,772587686;278727821,608776235;1253733491,333127077,1678267446,1850998474,1479485797,26623944;1
++2135101786,1390780307;1130820872,1581192987
+++1886798701,1177857209;876515154,44508230
++++2077046503,163379592;1428605923,1181666999
+++++1443391412,959407687;1880073162,236933133
=====900924500,391258318;1815480572,1274815037;1685856996,968865130,292096987,29257254,1766187012,472022293;0
=====1284556808,1570557705;594009063,687656827;1866557174,1129819552,1293173213,878511804,1366681212,83044191;1
+++++692767691,910227445;1858313522,578300217
=====1003504567,1925110691;715633354,1160728299;1539567795,1258768402,1581288078,407472853,511621251,204520727;0
=====789710221,884024257;509479741,1280664940;1828549788,1397318577,1922199495,255369688,1483176971,162697611;0
=====1574517697,1244874998;934736807,1493032448;1088670259,164796582,1429209669,429887115,1744197884,850596058;1
+++++453014656,475635346;552449118,2037201064
=====1586393493,1979751850;2075479362,1002660930;513994197,1782898850,76501103,348511918,812038998,1216376020;0
=====1294915502,1787919654;458581199,1937601105;938174489,845768648,1967106512,323789635,916416162,1196247117;0
=====1956068201,1917425542;523686172,2114303014;1954038019,531629858,1313949754,492872803,704468049,426661356;1
++++658025259,1921197286;1277213110,2013499751
+++++707837578,1317394961;1463335013,379248962
=====102509352,1281522676;51981560,1297844254;908329240,2119558905,1715249833,2026146705,414966966,956882010;0
=====373530878,398112632;619804013,1460975536;2128772203,1563317477,932407887,752434607,92733820,1189797199;0
=====1470609310,14353599;769497378,2068738857;385930767,1366035810,1903672312,2051604953,741446969,1685360135;1
+++++1792093422,1764234906;317958335,1867774950
=====1784566725,20244222;270851660,733211957;859632066,44390527,1798351392,1077774467,1048595895,1954536860;0
=====455411893,1557780034;882888579,1319282558;68250474,994348373,230303605,514163164,2129691455,563806034;1
++++146279489,283923560;1193463966,1108078040
+++++1776906487,1303446447;1197029263,1187951030
=====1862791702,134225584;629089328,1507007358;33755983,393320886,812195981,1245707736,1089588656,1542913568;0
=====27309675,1901309051;336214795,239762229;1352637500,1813386627,959891499,1478520424,1851828059,1757458272;1
+++++1638603687,1949593959;1399396880,772380612
=====820914883,467977770;317423618,1360113874;1536691018,2004896451,1911237524,1459294675,755830840,1184174365;0
=====546541305,1498889148;492389237,1550075765;129556621,638955262,321068815,1898586681,600977321,1410073811;0
=====1305240039,2028565019;1472491560,963269514;882458614,104228202,635702895,1308013987,821817797,537465140;0
=====1999180898,507147593;2087994027,2062521799;1929771087,1996855772,1019128774,1900477755,925486447,823064402;1
+++++918626159,986667609;1980626474,1397518818
=====1545600918,2034505316;1269960259,1846571400;2063193617,160202885,1456162183,1639517567,1741031199,764743904;0
=====1770086225,399758810;2133896819,251104696;822760472,903565633,1958592377,427954632,1028753770,1101894720;1
+++954865771,1825797441;1996777873,608646917
++++443747593,1506240401;1237881003,1016923761
+++++1315719269,1772122189;1995618467,1693039508
=====1012518271,1738042148;532625829,1103753805;81715137,481786889,1306523035,1099644769,1866629643,1096281285;0
=====1975719012,1312248311;241559529,850235178;1878211267,181060014,876652889,744143661,1415618294,1633220057;0
=====940470011,1059623364;552943010,1856345008;642738804,1530789651,206905941,255529699,242101769,541554617;1
+++++312378002,1977246749;2077530165,389476100
=====1504480243,288121177;1358434437,251216979;1607332106,1081274274,1087220985,1574794947,875102527,631858718;0
=====1434375179,1170429303;972526892,1609198162;1519984250,803283757,208688579,792968440,1117400766,1576386505;1
+++++1912382910,62179299;1643724424,205419383
=====1778584857,691069698;453066514,2017252816;388118149,1611063101,847618839,1821568719,25618197,628948974;0
=====603927916,1574953099;1374016187,247542991;1340249769,1147168457,123423702,991920813,1174804594,1676034307;0
=====1809133342,543994684;1609117079,195272483;934373421,1591553875,269253831,15410439,972156595,826304556;1
+++++158821372,1803162811;277713849,1512862750
=====866699812,1320275792;1436828842,143776539;238777297,604546410,354982830,1396537489,2092992773,1278997711;0
=====1278977436,1685141396;925624109,1323618175;799010959,267610975,2010968676,333661350,1995651149,886320321;0
=====288126037,1434702699;111004435,82521069;1846613194,1077947940,1970471509,1099170973,1049483842,1458217991;1
++++260567660,1518990634;1787497669,1647840520
+++++1607787249,29236129;248087974,1271719021
=====1254570509,56432018;1965026074,1144680071;1295627109,229952164,1541490511,1879963638,1860910761,41933508;0
=====1660841268,685584876;139602424,302467285;862076983,1420019833,1210043070,1345864812,1979502778,568776714;0
=====544278152,274433077;938866352,952959457;1931698344,454186051,786378300,1780090626,465270217,1900653962;1
+++++1885868883,1819378472;540630717,101136261
=====676397962,1389750522;295367210,1917623031;1032584823,600879140,49726323,492484885,659273083,1658107350;0
=====1465416621,1132265658;189454369,1071858235;2146941439,1027548378,1874246867,580893294,864622093,403568558;0
=====1285912100,925745013;1005583964,436566745;1807439927,237862572,665553572,1430702290,234540480,1615640357;1
+++++2023881462,1800101195;1598148537,663243810
=====1759094386,1957126522;829537443,1458730138;539001974,414329181,866847219,1370365670,1567572124,1913086619;0
=====666359478,727287699;790716677,263900912;1462849462,1502582710,821932146,1888041176,1724184378,508364948;1
++1323047797,1157684029;1464082985,2101756240
+++1549053395,1668693450;1330671670,1744377526
++++803636751,381837292;433334492,2046117960
+++++299339981,1775809993;88181558,1962768094
=====727134461,952010047;1497859671,1902762991;1870741071,1182617782,678399252,1698470120,1588483462,1576471831;0
=====1163263163,1882781295;1168599498,1143807121;824819641,1252445709,2072140405,96733994,1514965781,71231381;0
=====848672834,2145357668;1388083282,456727870;985829981,2142552035,550240198,174506786,811603070,741628111;1
+++++537236029,221291512;1186699338,164300917
=====239899473,1188463969;1995314330,242759780;412090757,1141475791,1618510835,1217358178,1594964465,1321803472;0
=====1773825185,1244429041;1215037691,1478621143;118125851,1981797156,1432612157,1785570183,1767099917,716065119;0
=====1993442610,1308863403;895411081,1528524496;565192476,125459475,1013106544,315965247,1301411310,863883432;1
+++++1250182582,1231182201;960397878,511031418
=====868060351,2100119500;1029318866,851127820;220014586,946146160,22285169,1958362843,756157946,4173177;0
=====415621991,2076704585;1007552540,567045967;1867755943,364461749,2116440816,658046916,551778319,581330596;0
=====1905107228,663786471;346412994,1210813769;2133377179,541974585,2074123696,706881089,19560500,1755350794;1
+++++791709101,1778430933;1955758712,741308271
=====619516950,1378814054;659364892,767806520;726447439,1078245815,869990505,990281402,1278428585,1472935588;0
=====803278745,2104047391;203986029,402985069;1494843349,266316335,217849259,1335889605,302329856,789939784;1
++++804259170,923254512;1189563184,1940054859
+++++1747875776,1775880327;1717167375,1904351301
=====1454663494,1284455733;234069405,1143500275;1300658527,2090823611,426488234,1273945599,2068760091,1410114793;0
=====1170002896,183694897;839503147,409138200;717024585,602525287,26517796,1477878419,982164734,2037350577;1
+++++1910577753,1065871924;188633745,1622874872
=====1442926742,788997923;594000625,1460331786;936965024,664570171,381058789,1687823637,337462741,1980891846;0
=====650722462,560915479;753471870,1117659050;1841447474,2035255661,980131249,311012160,1098537847,128572297;1
+++1556645519,376095040;2015061438,2028274784
++++70474701,1560593977;1436661220,11180826
+++++924672145,579375614;672845076,34604107
=====926779287,550934447;500709298,100865768;572002839,363194878,915439288,886902982,1213049575,197063792;0
=====1081616977,1292187325;72551437,334178733;1887531371,434915262,364689834,83014612,443712128,1976826070;0
=====738910657,621893410;1999950196,1191454667;2120243627,2012112335,215754567,1993521185,770390118,1538682471;1
+++++356009772,322524518;1033043772,1637883717
=====123224910,936489690;131801002,302898028;1171044325,714963717,436966091,205501224,1479283820,983616803;0
=====2083765842,1210088940;620022677,1479751359;1637295654,1967882335,1712602576,886203409,448932636,1625793409;1
+++++2031731171,1582711588;674216174,688195556
=====1928628958,1496111248;633636025,989708624;551845688,255441134,348860324,1903878249,901012934,1660831263;0
=====293069487,1923352536;1553594708,1156592616;1858549725,1158081294,926605204,437731704,612786523,1268945068;0
=====1726221661,643061986;1691240146,772054766;29952875,844315985,1820252513,637281668,1501677890,1612002613;1
+++++1035883943,390274998;843650730,1031114438
=====1680897613,1847821068;1074827675,943952787;1514296458,42545457,382520038,534221122,2101238930,1052978124;0
=====437864097,2008874191;896663356,1399223862;36031027,1494184073,996947649,1333623387,782824269,1744765584;0
=====1559531672,128490376;930896166,289956852;557232358,1558483282,1735177845,1617947583,198591234,1148684019;1
++++641812662,1978331191;476539060,516815211
+++++1348372707,809085725;1542970027,590231107
=====828356082,2060260049;1693865195,862090865;1528196602,1966924791,724043726,215611089,1161638296,1672093432;0
=====1446330555,2021277225;1632218327,830831339;1007671378,1582950562,1064810175,262329513,1924483744,594269177;0
=====177021201,721587189;1380833645,1734159429;1829851970,174479502,1375632229,443015521,218477615,1976421416;1
+++++1490209600,1017659045;1110057714,1583863754
=====1673718390,1717071122;451049161,2139161419;1995938888,108369582,779031048,1690084535,1437769568,1728139639;0
=====230917225,1063236445;639611822,60377158;1554241520,1093206801,575903736,804015991,2022482716,431857609;1
+++1609243389,876401761;1960961355,655067262
++++686392557,398105199;326281245,136129788
+++++328207934,652994888;671383380,1777576732
=====798290662,945026411;1099131727,1591090631;2072430825,1741596659,198057084,754706289,253734598,1445171102;0
=====1147727010,2143080085;2020151841,1309867160;1963419912,222644941,125798595,1983962012,1806113810,2035426079;0
=====172709195,155767227;496010663,1482930387;1446966071,235839091,1691215318,1216604131,901811583,837955278;0
=====1322497658,497442793;1614089910,640011501;324468015,825546661,559015247,411804713,652812227,1316748565;1
+++++876655114,1672648789;45261664,884018462
=====1581470423,554557994;2119595692,1898183208;43644809,2094791711,88639703,866327762,394540338,786838725;0
=====1108166494,1022579378;78452392,1407936325;1575687628,1907191697,820744790,1162582203,1052527936,1765948654;0
=====458191940,112260015;666408106,931466147;762455470,21080762,623636304,1880041270,127298020,1201730692;1
+++++1327809146,233025812;156673130,1820380436
=====1259682054,1966097045;930317492,1726011430;799440657,2091770466,213372051,2018362505,565795288,1069460423;0
=====70628379,17323645;1672832946,883885111;868414391,1532402104,1169213520,1768114307,588544831,72692291;1
++++106839406,448193234;1465518530,866195213
+++++1740355005,1853865551;673075358,53692780
=====1295914201,106738698;76464306,1307222486;955919063,891866945,838610404,310053492,1853647603,638080995;0
=====1840984657,1300630041;569888945,1608758652;791970,1522125754,478349916,1492678437,1585628340,2099824816;1
+++++966886916,1854177925;1002446702,1671127377
=====577594577,1857151380;1575827168,2111758487;925296780,1906239436,1765399167,123809629,653184314,308013255;0
=====1437417640,374447437;793005308,575391195;912884079,1541290152,1191278267,60029223,989870552,2053286716;0
=====139576753,79074552;257581502,1945653056;209005768,1158364771,1103664125,839583995,258617936,1425447844;1
+++++1734340171,1613429701;2075081219,1310814243
=====368927727,2012738036;1056688467,1454462590;597054366,734210485,815349421,1606329879,1972537872,789219819;0
=====1985210895,1620368127;1904476628,67136978;1493464325,1959533207,349708298,1338111096,578491554,1629149637;0
=====720246216,1069984130;1372327609,165340615;1214595893,1684730248,1454562296,923318577,437682344,266293708;1
++++444417359,1110908251;1244141540,1132585196
+++++785041977,1421280400;1637300994,931578261
=====38372521,1157386833;503078759,1685538764;1319204243,1060386171,572887949,1817298469,1880781237,975478265;0
=====866715632,653195968;590390785,1638508216;800011034,958289823,887099437,2146832328,1583466278,285427155;1
+++++575260731,479462755;2140376707,1962649870
=====451449119,1165919427;1929517765,1760695733;971339782,1133776746,159639319,683834998,2080708956,1922665904;0
=====513650540,1502913248;1130621259,112344554;1015134520,26956381,20696743,2004830474,1510903582,1533627607;1
+1336109819,1755564371;1359057997,590729302
++510685464,43493869;1485694573,716173493
+++543612413,1419403980;1759888721,2072317690
++++726823449,1677147835;1148604181,175758653
+++++281118970,1568680834;454438262,1924075226
=====2004040061,563226126;1867166876,1740112466;1222122222,2021961305,1138142717,792062392,1438095990,1063005874;0
=====864237820,1590011909;508978556,2081031459;560864945,1386399566,1926331538,535592861,750115792,75852775;0
=====391979201,221601858;1563464080,610955035;609123583,1705049825,165224431,548093294,365728204,565764319;1
+++++1640563662,877095741;1150296472,804848055
=====1591776256,750211203;263102120,1382251109;1560984289,1825873809,117992139,1766611580,595663314,276779436;0
=====1450175886,1646219110;1493918963,1197880813;814151970,1391214488,59312459,220944185,1132072157,1270527601;0
=====87595445,555953133;1066347403,1089108729;82868811,599561555,231473059,1020289505,1426915241,318309095;1
+++++1518350029,763230806;2074886180,484313507
=====1829924781,738058386;542685724,1831261995;1699650429,1232543653,1925682425,1673979016,2034023133,2042035663;0
=====1106079187,95341213;936793686,2091517776;2115120964,474921575,349010765,787637430,1410605532,779536083;1
++++1191783551,1521548701;985978622,1796317305
+++++1215748648,1037505371;1459042547,1075384882
=====1771702915,280271476;238877844,73588356;1197831884,1317389832,144634504,258080256,1037292425,2105136794;0
=====1027199407,67529198;406300324,1661433786;838064878,1879146849,1166075868,1815684660,1543915310,1264094117;0
=====154148095,833718367;1548295124,1823058175;119820827,988115773,236907362,2127001751,893704063,2107454836;1
+++++1359653753,1379309219;438231542,1902495701
=====1811546901,2027942902;2011779988,2110142852;635136769,1005283706,2036633500,2120310501,1270263381,2107456720;0
=====1244466874,1449718702;682766242,819207408;1867067196,34510232,1703306335,41396181,157822049,1202018236;0
=====150787875,886079271;2125736304,981600330;362216214,895676747,1143228998,503155914,243198062,963940234;0
=====951764560,1370914950;915208391,1672438979;88386437,2064250393,1873528414,974377918,756785673,581399515;1
+++++78289318,954666279;455192782,94159813
=====1718607559,258176770;163818613,893848748;274756843,703639216,873442159,604765496,1860069966,1702367053;0
=====1816728997,1646925131;1948501724,1758234983;7534915,1957185487,150050172,118207377,1008899630,1877946255;0
=====1047455334,548185500;2047873601,2054429435;3521816,126564446,988513020,1678230724,1312123734,1752284185;1
++++1771305287,1700592643;626823727,747498842
+++++1063336272,1114808168;482801911,2122601628
=====713125968,1162529327;2004917891,1011948191;531114533,1481864762,1049677887,1615336938,1592110524,488781674;0
=====1528715296,687229943;1588707347,109929109;2086539593,1972086328,1633041134,494638451,853442450,732703309;1
+++++1746217007,104254684;1203625379,2065787091
=====730868261,443636484;1261080060,1353823821;1713829313,1068244212,744787306,1049585528,1828328159,1294861936;0
=====346303285,1003825444;280428942,1449161151;486287113,1415094338,1783503546,480751605,1458278965,1695004277;1
+++++160930131,1534323514;811712610,750343399
=====606808000,1227633134;1057611004,628881487;2093174826,1772488540,309943470,1559009576,1799929796,837145290;0
=====1288101688,879093256;1901748748,1377869847;1337395533,499725068,1683328874,1909305489,1050803211,299152337;0
=====993519021,2116660545;1688148140,203672723;770830442,1308639689,801216082,2092798778,772198933,216615821;0
=====926451077,678438285;51667403,350988563;1021863356,1108565938,920726331,1724365877,1180742434,138628456;1
++++841786545,412532002;271212113,1075953175
+++++312507312,902067819;83316243,793122096
=====902184897,1076645759;1750281019,1155781863;362930018,1174057599,427840267,508832429,846757982,1459340454;0
=====528269432,1601605487;1642569482,221164735;1995580424,200028128,1923806952,834866020,1210434169,1275410025;1
+++++923766314,1470513839;1824577781,410644870
=====968234255,1349972872;1590563752,437264913;1033319450,2124913438,530567750,958570068,864105571,1595022392;0
=====1956090307,1372605231;825465924,1792403607;22252435,1540714987,1192142900,543518719,486274971,1146833794;0
=====676661176,776642768;2065328422,538592736;364847481,1555393270,1976839606,2116041722,940795781,1165809078;1
+++++1933633527,1515478439;1287860346,972524819
=====606245303,947977728;1583087591,1251791408;1752028684,240255518,679158892,324269124,648154519,1437630135;0
=====513609895,736265059;1858402631,1156040603;307817163,294542143,2127533021,1880310915,1089565875,341819804;0
=====1983270524,1968899598;1167687405,1344397984;147898716,1473116356,601843615,1251286468,378717698,2143276338;1
+++518240217,2067869974;248478454,703952713
++++2076665899,659790522;692619941,1555245333
+++++51021030,1937065407;762193902,702265761
=====1276147373,1157025763;997633357,1703568536;978976792,414023830,1537966753,747256754,604366256,1006127273;0
=====1300521152,13162972;899020700,931551605;906034672,1614420154,233422684,278126260,1376017137,1223557105;1
+++++1358123679,972938105;1610614328,1908930650
=====1653947399,890508477;1794595235,1441894764;857165354,1589690204,2020245382,1369699639,362408959,2099812302;0
=====319538939,65566647;778343799,787996042;1219419437,2082948398,662823202,1676631225,1308061711,926696713;1
+++++17257404,603823865;545445892,702920705
=====419123941,1121561358;1593808048,1205627833;1084158104,607335786,601977560,540982331,814553812,415703968;0
=====697604797,1445599997;748841496,716306998;1478826132,1763679932,1379675830,1066692643,1701271852,757779478;0
=====807152755,1447731376;893954633,1541508583;1797645378,1452659902,1223157015,1333607076,2069558916,256077013;1
++++1512126050,478346134;2073534532,1259957771
+++++80758951,1173753751;21659181,2046239914
=====1929988468,1434531714;909229459,1370976490;2035181125,155089358,969655641,426852513,1011025844,131197695;0
=====1602526905,232219939;1447126215,565646786;1605713941,285765534,877116975,1346738584,1413018011,1482636194;0
=====1185257925,530138797;32354648,1596796603;130630160,910383635,369436332,269858689,1198818665,1250904382;0
=====1742368656,1197092215;693987715,299994380;73011551,87353023,1724292739,1462901125,1406829019,1693868297;1
+++++89649736,2039835303;225419168,1605418242
=====415407755,680106040;1436355234,1425960065;1419521049,2054531282,694975574,179942387,1937804530,1285789243;0
=====261915149,1125919252;777407513,578468135;311496397,1882870229,1447181273,319896051,1449352603,100170668;0
=====1020408109,432734805;1619564488,469966600;100574395,279942789,935786914,1167042971,2003556945,1807684512;1
++++2104213599,616195716;1129189607,1162251521
+++++454191543,271291475;132841094,1996419812
=====1557799257,1322893734;449718198,1951733399;144932759,385204293,1870789627,1508149143,821772107,1917438881;0
=====293980386,889911945;315493401,783426339;2126543172,82586189,1217196138,1332138126,1313426931,706535182;0
=====299871076,813033769;844476561,2029345504;1641735370,1900321820,819485212,262995419,2057964532,874496052;1
+++++1759252413,917956301;1888376309,263310632
=====954844500,1599630378;1027616826,1447688331;1950363373,1478048281,1303794843,474693345,2074925149,2013881071;0
=====1391223888,530935510;367365330,1421704865;2139781132,700372773,310563964,1978079350,786956390,442703417;0
=====1020895208,1257565433;361915099,1624802075;511770334,993411078,1790291005,602552191,1938786460,445229454;1
+++++519746204,1730359007;861817765,1755407857
=====1494380444,1751364162;282463259,1258884293;1103431466,719228823,102597324,133296492,851391717,45978841;0
=====879207799,964183177;716768774,1630549618;166384460,1865833423,192390785,1381447313,1864623507,842529684;1
+++2003143192,1795704956;57910410,1847178216
++++916156762,56530416;48153563,437536170
+++++1469659491,1780085131;716422936,1095231531
=====1814302874,1264102669;2126953657,1697925951;1768293342,448348516,1910148485,1342848598,1681983963,742688368;0
=====535144705,359387730;463850628,573168721;827102662,1314819507,766112997,1410507577,1959217468,1965460435;0
=====1527368547,1030287328;37562624,1421800415;1930183940,1170894758,566635903,1198506070,1169829437,3453352;1
+++++2047228613,1565902218;1789012699,796349790
=====1423669991,2133592733;1384046673,1481681338;1552253132,783981572,1872357149,1948472008,1069602634,298915984;0
=====1660421457,1818651850;799302776,642353727;120138332,1388816095,2045813194,564632507,1348130076,786025061;0
=====2039845450,1003872349;1129393665,1010764534;1637892420,788498777,1167967183,1699879401,839112733,689141601;1
+++++1160377180,1516460312;2016511773,1988417526
=====1362247384,223324025;698036925,161938539;554111475,2076652570,835561706,1148961156,359692441,1420251902;0
=====1911588293,1106261462;1922380881,1198681292;35361945,1025681982,1872990728,1410917276,1429820370,1044035365;0
=====622601323,1959657878;985074790,1804075823;1177729128,1744153233,1120271545,1789549906,257895319,1692484401;0
=====530003188,1013546348;1044809613,1202817825;1134829673,1071980352,421711278,704779000,2136822144,218044213;1
+++++95537680,863639587;1680932427,1676329146
=====1619585522,126034194;2102294285,316751096;134063546,1808575655,1924323578,1243122903,1124004194,1756671704;0
=====1574418926,584143898;1632151329,112256237;605176328,1260176695,727737178,1939424773,197273829,331598561;0
=====61736197,321206796;1897477530,1655449356;1780444563,1631519455,1331980751,2093500211,165446538,1404999319;1
++++1953809289,419058462;318252343,853664516
+++++1171661216,947742028;1753208739,639140036
=====2122236749,581564379;1959506678,987017258;835475453,1187103244,1318556711,1618493350,27575210,2120226729;0
=====1850549006,286385441;706078001,1730361894;793906814,806650923,2081776562,1100789409,334499421,1217655739;1
+++++1646268008,135245756;747169920,1425795682
=====342691842,1557108264;95891494,1855917173;987829535,1728246071,1325068642,1310603888,529890478,147262696;0
=====2074195780,731604599;464179594,261458145;1685938694,205962611,1444188901,292615231,417916233,871924946;0
=====2056271873,1106390468;1610045218,1949928856;582630226,274847727,1153281299,1651287263,2003278321,568814039;0
=====734834901,714421237;268446289,1977463513;1420332448,1248283435,704411719,853295773,1082298623,652476805;1
+++++1078623264,80496288;2001925929,609819605
=====968848379,1867611459;1345065527,1280884878;584398643,2117019381,922372487,1747514076,2058996979,1938461876;0
=====299050863,461222294;1765408454,1218811568;704275398,1087112441,2102361353,90921337,268334420,514554356;1
+++++237319039,559360384;1455705669,510312192
=====633754931,992019479;285202991,364304162;663001563,56143255,1308583244,1653594422,1820314557,835556135;0
=====1101435160,1865661162;1879269920,387970530;729218070,1557154998,1729447043,836198653,47128883,1714480448;0
=====1703041585,235606099;408333449,214022783;2117408872,1551256554,2094720160,376491207,1988992697,538418701;1
++++2010261755,579227906;896961339,1660747694
+++++1083658893,1543762957;1645773909,1849625743
=====495847516,1935779598;2049352697,1645395030;885587889,1843193116,455147292,381442951,1440813604,592309303;0
=====264213886,164564594;58952060,407976906;246462001,611151661,94302288,94436416,1185375749,255527805;0
=====1831716950,1998130426;1014184500,302967232;134834157,498121546,355287365,1330357082,1779499490,128189553;1
+++++1304217110,1175497505;5621172,1813904798
=====1421057615,1416940907;2029752863,624113894;2136355984,1119593853,1944685695,1051172744,1011938031,1224262733;0
=====704686742,1125978499;265221431,1161506944;1908772273,1927774813,1163331223,53262639,1388272646,617181548;1
+++++932316458,183826221;124629015,51207258
=====479124637,1154009438;1167906948,174052305;1253069201,1517499320,2093470680,1303988331,766878957,973025859;0
=====786875358,1958903325;568910355,594268097;1562116641,1230197545,2135739871,2122921225,376996022,558679546;1
+++++1567981848,87516319;771353365,314473254
=====1668808880,1437269120;1127659987,584549517;371792126,659613249,415178522,127118145,1182697855,209431804;0
=====1499075112,378033808;688507087,8442990;976916928,25540464,184151461,254389180,1851447078,1990595441;0
=====268015575,47814481;1743670866,802731761;828221913,651930654,1829216262,1914305345,664799471,562958603;1
++1705019604,1259974883;879702956,1340426424
+++1437951523,1836947847;1662653880,1570791045
++++497186245,1930172156;1305946832,412514181
+++++145441633,108388050;1785738334,1102294098
=====175387130,746094021;1784196538,1852980853;454004927,1876248524,1532270609,1731493934,1143289121,1989870300;0
=====655330792,916541952;1303921036,161773592;1301250327,1057178712,603225685,481409672,1996813125,285784735;1
+++++1433506845,732983909;1590118568,157053448
=====1877090178,2107205778;1732817208,1237240795;1747334093,1049802627,1425644789,549988559,1732449427,1957354684;0
=====1054888855,42410349;1513273370,1912548290;1668153406,418766863,990544077,1489714567,1682965472,1495132187;0
=====69922689,1460698595;475928126,1739802779;1492975094,195228869,159636746,111427687,1473828306,753124797;1
+++++859912017,2072266520;1626491521,1893164883
=====1635059866,839251804;1532117486,2048231213;1719670100,95078366,350999545,1339475756,2023114653,3958093;0
=====1436370388,69648933;2085794659,1104193393;549955313,1081973192,1832253147,869989352,248120925,1510374742;1
++++710183373,2016514292;936553962,1760882476
+++++761330458,1393907543;624014146,1437280842
=====942524460,1313405695;276484448,331162345;528328696,219936375,1343612462,1777315778,322433646,685608454;0
=====208198912,1142769482;810939325,1029976580;413006084,727540714,1239020221,1031501126,1420488299,1652381461;1
+++++90440621,2121420848;594933620,598689481
=====1021503388,2126791019;1935099150,523081246;830609569,1172801054,2071282912,375245697,733578103,1565410096;0
=====1024392089,396457695;1758692196,1369430925;1000744491,1105156779,1227583494,2049388707,1145551649,1805518929;0
=====287455631,1568048044;1021066674,1434206036;689902289,566979582,1964454915,2037500593,948444808,872025979;1
++++1688025459,498359629;1820545889,429454594
+++++34010456,23649974;1133548492,1544887903
=====1656575971,1179853840;2143476194,1133116204;2045623303,2098426677,258297849,428375795,1060117041,589663258;0
=====1269287464,1047055628;1367217308,1645212504;1111197342,1641346438,605011262,931808623,469128789,1956884202;1
+++++1355957215,2108986954;430321212,2140429566
=====1545620036,1973696862;860701052,128113672;1304990309,743074986,15668752,127726397,459210224,2129061756;0
=====756431723,1666807969;1902615222,671997207;1903648019,1101755107,369616781,818713609,743432606,1000698450;1
+++990285176,474186374;161568807,764283339
++++1567195485,422054387;2114458416,2036555086
+++++1162661474,1032133139;1615921096,126666077
=====1033383944,102701796;527469017,552285108;2102924868,905976993,1785283823,2108671493,952046648,1823339374;0
=====983672020,1972532781;136993723,2079710672;275425004,155113584,226498393,774620752,1238714146,459095337;0
=====282966435,1352842998;641539172,1889775500;83775556,684788087,105506277,1794868557,813235324,1470967649;1
+++++691424337,526561938;1094253123,1879373741
=====757403646,1281332202;1979350274,1491218472;2053018061,711924604,216514455,1124253270,770981931,331307208;0
=====977984640,899777462;1158667744,189060611;2147299,520494124,935887399,373719316,718186920,934354370;0
=====1901191724,2044925145;420485330,1336328108;647787849,1377788598,1701108901,709687515,1648722221,483151525;1
++++104706543,1762116327;1069511097,1324247720
+++++541824096,1124979795;1956674703,582386647
=====2132432868,556234574;270966707,685885972;1852759820,1403746613,1437049494,180312681,1228166532,2045728663;0
=====1512007477,1022272829;421321816,877844099;2012466619,225287706,1718954420,602817891,565452660,1143474695;1
+++++460749726,1575904345;1569872778,1545493618
=====1717126867,1166152244;2045903754,1798982194;465115448,1383976210,1917586156,1770598735,1680959405,1893648477;0
=====1005344418,365456195;1688794703,545697947;591791197,370857953,552094234,1300985857,777969723,1014191713;0
=====798748024,1316560146;1646265021,1500047924;1453062220,395139235,1615218946,351065217,1006138867,575950348;1
+++++1967220732,1953088240;1318138007,772398542
=====845184695,1939996957;675364851,1355982716;1835612996,219318896,2122791183,1065759601,1563568357,2001197929;0
=====64590133,1106304432;44437276,801998382;1696512815,1134817387,134279316,1323446221,1488293313,268739982;1
++++1620838430,812953545;449058683,56931154
+++++809610653,442202009;1502108611,597360869
=====1287460436,1057155759;1406226139,1539926623;641482577,1242314603,848725384,1222956003,359396170,1840879081;0
=====1001855723,1938299937;361659761,1897581261;211042861,1157906359,1747566,982041441,1300097778,409706307;1
+++++1909827010,333030355;246649737,1519365144
=====1560126693,928455897;809836214,1826901198;1738427778,1117886761,497102924,1146012193,991249446,1739253672;0
=====430587169,475946176;89949673,1992406992;1671078075,441186892,2031919780,109266943,572222189,651447876;0
=====1530445281,1861015180;929029355,6782401;1637912101,152387155,783346114,1622628512,1463881474,600835106;1
+++++1017115987,1730516682;502877262,1539593343
=====1415777951,1423478773;178559807,1150209263;1475008070,1520013935,1918662403,996274275,1334530400,344903756;0
=====171551738,1547108488;697755010,764749766;954628758,1402698252,1840902712,2041032974,10265161,1888256640;0
=====262202112,1246296828;2109299793,263493916;1787446603,421594952,161700618,1637538676,1078111887,2065621944;0
=====1762168205,567019378;215548309,1786095555;1229161075,1464743449,444766201,338775563,659245785,1862984827;1
+++++1086817431,178070231;1487972456,896512188
=====1476355291,1022588270;1000916886,671990165;532245801,1212283545,959248510,1537539181,5607860,1133909463;0
=====2034383939,388668706;376729565,579330816;808869851,1730197723,307087157,507671562,1455828562,357127429;0
=====1380004104,804734149;1376036789,1321701902;1885458584,95377109,797970709,636501419,1639040189,697715751;1
+++1038237822,1313754131;1281468005,367628379
++++766464592,2065071750;1943755285,564926753
+++++1593672229,625957283;1941767197,1001767177
=====1159207955,543248073;981629994,628647281;531017124,1305204569,218360395,2042495867,1268110548,1412712119;0
=====767291923,1417073860;1526577886,1133021965;179117590,1439815914,630197685,1571483666,2118638845,1189071655;0
=====587203828,1691651204;2017385971,182397012;1836000800,1308633948,921362484,873494230,444765579,10994899;1
+++++511320091,1419825350;418230098,2093201127
=====696551996,949546792;1760248062,753272266;688082149,1903651371,300094802,408616943,523786519,1384229722;0
=====769967371,1361023875;1371443667,511910229;1126399873,115189400,1238983810,837167124,1482549424,2089543332;1
+++++797076753,972563605;201313962,403682571
=====527438037,712371985;257415225,705919451;119214576,115382263,1680480809,798158031,894742806,998063256;0
=====150434192,655350413;1825250755,534685915;19080850,805946028,609677591,899155122,1414861784,2073021988;0
=====1909113772,1202971070;1687720231,1039064091;1396365295,119227260,915587111,793608435,1730088122,1774533665;0
=====2010617351,126462957;675171947,707776483;1955808049,162342323,852292150,418862435,1484248758,492877744;1
++++1746924601,613504287;2054404798,1489535540
+++++171072619,1089813376;1994030281,699369980
=====1556011372,1226512881;1173536506,1767230895;2067150572,2055693230,938568542,801057364,1846263562,1455045557;0
=====519093097,1202433113;447546921,1247398728;600064676,931586077,1313091377,104061775,2039084185,140627104;0
=====110226926,1672239722;938216994,954364342;1628114206,1600285621,117544679,1243029888,1564906203,1380971362;0
=====2010931540,1851191903;154143561,2011279426;329529567,815555860,1499487976,1469700200,1173432866,1418651070;1
+++++697049642,158681714;1657637471,1223651073
=====2073518791,103840729;736422002,1055696613;1587324934,1777796413,612431360,1686558015,1894388516,420828668;0
=====372935253,6481493;1059163059,429541780;908680128,468554553,412005618,995930995,120617141,1573612221;0
=====281573442,1725441514;2002748132,802907112;426723555,1882286855,628731444,866487988,977225116,400022963;1
++++93676426,1095520990;1474469161,910105913
+++++1979746669,354585277;1533539914,57402967
=====1525995384,1091236307;232076756,1233364506;114706118,1745894444,151648942,1786933712,487546195,1371428932;0
=====288211677,1283361391;837832425,1768816785;1479745855,1660611605,951101471,1363614683,32486978,1850938421;0
=====396044656,167100556;1489578062,1562804089;849526862,485283264,1789162804,8427074,1352040257,485850747;0
=====27185980,1798321235;1815812005,1654155527;174989122,666658707,1944233550,28315651,1769951265,764882406;1
+++++816119012,2001109465;1860475669,1590525940
=====1460111134,555786947;1361493680,1416188343;2083457899,1244417910,1341543316,1698383022,1367321984,561203951;0
=====756584333,1882563270;663051822,1599968204;1092964532,1403429575,505171422,252444112,20392710,2110802274;0
=====1724909197,1500385468;922755606,1306235574;340031042,2121840588,1704109607,2004890978,1439704416,845572336;1
++++507972271,1431213893;1879836502,1866579295
+++++742520651,728104181;1130339261,1457602754
=====287309904,1679083506;2042235678,1943943086;762987956,1279506845,1889917035,938567095,1043455643,1949290368;0
=====581177996,1988379220;1954410810,2066940965;879911080,1155769728,452433162,1443618097,1692064306,872071955;0
=====187606795,447450867;861075892,896053065;1996893509,488827836,2004446933,848987689,2056284504,1973008061;1
+++++699086711,1812139358;798761938,1270738776
=====99498440,422654358;2062034277,600023262;2081238838,560980692,1973296788,1592082039,825651797,1850973829;0
=====1997363797,1565063327;918912953,752798055;296879565,1831043072,834141447,731302356,1811730004,1528278460;1
+++++2075318885,1418095938;1402655030,1856205051
=====1096644967,351904399;306762512,552102773;583344607,528891068,1192271245,246466392,1413664300,2065576078;0
=====195028524,834237866;16615005,1746454683;1936131759,1403558846,186617462,2109426176,1651545501,82579450;1
