6;7;3
+2084571584,268823132;842197754,92401913
++1152212721,1446555391;67070482,607073023
+++942274560,604415395;1871198911,1360997060
++++1193936264,946505353;1362831764,569550296
+++++1597163238,185759976;542037807,129274775
++++++86963789,1913270376;221064103,233767599
+++++++610221204,1687547431;1758353132,1528019599
=======840649893,130384701;850566360,1597086430;1316265320,1305271862,1321066522,1908120690,917641733,1731026419;0
=======1787243273,1001464465;1055170764,2063093994;1492915082,514958891,1487274825,644492939,1394196411,1429371676;1
+++++++1108713409,140921241;2015764572,1518368184
=======1369238483,754333470;545838335,635545565;1338154513,1939170500,2042069710,474103132,1642528167,335180251;0
=======12520534,1464291324;596897015,1522289634;1836529908,1027239873,1459008883,1046129632,1311346558,1639272025;1
+++++++171966984,1051431887;466348800,1221675948
=======1928470430,793648819;432163650,1561116067;184732211,207765088,1104429083,894800351,1959091546,2070372573;0
=======682598937,782183329;2139544886,827565275;854022179,1593741178,1929209738,1634123674,1715625385,1692361265;1
++++++1368341886,1244797960;1875622126,284605742
+++++++966739902,1524323183;747456370,237856587
=======1878571959,844150712;566077795,1243395547;1336309502,1675812046,372682297,1521007187,1274387191,1233146051;0
=======811798717,603924295;1796366670,514191084;1075112444,491228943,788540238,1286314370,1358714082,1418574551;0
=======4692864,121730159;1908847679,612538134;2135738563,1145954714,1925192843,1324246367,898273366,60548301;1
+++++++752545977,1850507985;249731117,1925118413
=======2129159914,1542536703;1209852408,1301007704;2136920716,115807251,76515735,1874212753,1936390540,1043793118;0
=======988843226,1650031888;1972469759,1585179796;1652348474,232695264,1689556193,2094159349,1371079598,1705046869;1
+++++++2123791629,470662704;1947286673,219681973
=======1794688778,1267529852;1850285442,1806737904;2012162344,824272902,2030273707,1883944932,108654345,446323056;0
=======1797775923,907059827;1815523140,340860907;1302571147,1552435024,1393853848,1521757556,569836692,63296963;1
+++++2097462086,800175792;1915885375,287805386
++++++1798284444,137968438;283233299,18097731
+++++++208463579,1651700164;614913218,1348028050
=======1652418850,192786941;740533130,654154465;427590479,1344698726,1039025599,462195187,1387701593,1734527624;0
=======1398936480,168864102;125937596,1786901560;49783898,870071768,1406489272,1774833109,318433757,1361793936;0
=======612710535,2046806270;1321728159,1195051553;1392611706,707731382,614611585,1454819834,1245642790,1618791390;1
+++++++656773896,1933865784;564847372,1511760019
=======874776131,1000974335;1420210332,357181969;1361568833,2010097724,2073261051,860774429,626719627,752624476;0
=======74011682,376991520;1256622647,40678800;670185676,152958204,1251291619,1908547939,755009962,626127360;0
=======315873269,675818627;697100776,1160104960;954985004,1805028508,796384544,956332937,641324488,478321522;1
++++++1845496716,2042880999;1965853136,1959243158
+++++++917655076,1736830177;266606621,1280376273
=======916083924,185088737;1595741136,245552152;616602671,1633071872,1629840527,1893869922,864305806,1222191944;0
=======2126394783,1135003712;1898658496,1923094146;84146946,650260416,1865213814,412717326,1304722379,1536031698;0
=======1768633925,1839359328;215080285,1583022576;241659511,1093224727,1047588936,2079538431,2054698392,2052982688;1
+++++++771307515,1357107165;1236776270,898302311
=======1135787741,875952036;736047749,733647808;1278100586,1234974195,763033655,436685254,404558615,1369263910;0
=======2100980709,529733771;1990036405,1805919127;1802900738,856535078,1286163841,1515939059,1421501746,519091036;1
+++++++1870780046,531145495;311840625,974842285
=======53077401,356885158;2075419874,1254798844;532981294,1317128408,1054210240,1238557621,426782847,1826709281;0
=======1046043418,1121667993;1772369991,1886305731;1869375017,528379566,82761394,380822176,1825156646,1566800240;1
++++1960846150,2091534033;280860954,274129881
+++++887343841,69255042;1529268935,1666838010
++++++526736183,568296436;1325173575,1718836944
+++++++2118505941,276222339;1235729543,121311927
=======532807477,438759713;1459120718,1999459714;163151426,2115495160,698195388,1144781883,1002096491,1726125655;0
=======1413214982,2109919527;1882090314,1151331481;396175116,1095318288,685107064,586731130,954102910,251331411;1
+++++++2059483677,2077891500;1382345211,1459738382
=======1506154572,428671277;670938505,803273776;1287088566,1716862495,743584082,1382965637,781329903,1735849219;0
=======472928773,359949362;493011270,1204886319;1326780865,1874701114,321092108,1962710,55897446,1656647395;1
++++++154627872,1852530547;1850929447,1309404116
+++++++1811258038,936848577;763179005,1968817148
=======1973353890,428137964;1915940628,300399753;1568118969,2074539556,151451731,387055793,1159857066,1965105816;0
=======634173774,996038069;1404101676,253565568;779655787,1854234424,1846651597,2102895049,1932043192,844316104;1
+++++++927672175,339195142;1585133431,1557910889
=======1626458586,1605100706;86960814,1489648973;1863068318,968694924,956123260,758412486,567759387,386965884;0
=======1556514464,126409734;2004036888,1011479242;1401687320,81557921,932461700,1613107001,1797945635,1424218509;0
=======306543267,1888236889;2040803005,753492295;353775513,196541507,664992261,1454804974,655699864,649955306;1
+++++1739975559,1023971248;772487054,1182300463
++++++147246885,698191370;1605313574,377130437
+++++++1683707622,1455996634;239976522,1844609723
=======1137719972,1214660386;1745811584,968024564;49171253,305135381,1545140115,1026571101,1946731696,1459045291;0
=======1867947977,1710757341;1269021049,429593174;1167459108,1630978532,1652788492,1961752973,1710032016,363355407;1
+++++++1359551881,1753470040;635844986,635331537
=======989373989,1229252983;914834323,936207794;1417986035,295049396,93138895,642114361,607017452,1853761506;0
=======1897919635,1065558971;1884617866,1842055406;967688399,1939197711,2132403443,392574631,2069567573,68870473;1
++++++1919953941,1065528400;863051951,1471964616
+++++++833241346,786583788;1379779841,2085413023
=======27582206,868188423;55358173,448153635;753097361,1132994495,692056905,555154702,1187939120,2034494956;0
=======150144089,1153858602;280899366,1533581937;1486323124,955036101,718975181,1977552985,397883920,1027986742;1
+++++++745638632,230354075;210244220,454666645
=======437815219,1345362523;2021477882,776900696;1992133987,1559130065,974618847,41704460,1708505692,1839254064;0
=======50802116,856489925;1695272323,793705081;1291900154,1042649228,1282831005,685249788,570174661,884343368;1
++++++1814961763,713765584;935717004,175815634
+++++++1235090272,1542625045;510692356,981518177
=======1699470829,1737013304;699087080,952692431;2048177613,1841989121,247051052,1668305593,90445487,67760409;0
=======1536101709,2037913530;1637936968,994018976;765491550,137448686,492164674,1880741097,129071517,327756351;1
+++++++1297925990,530208651;1548469850,2028658910
=======471784118,1661553558;2009388433,175496578;1595947328,743995403,1384265833,1376338840,685974598,1865203797;0
=======658920608,357022503;1555423029,720852103;2004079728,1063427595,1150274218,622902326,580424219,1314541924;1
+++++710068625,1353305339;930239566,1699659430
++++++2066564815,295693433;1529947513,1394844123
+++++++848068608,1532270493;1772989442,406236084
=======674498346,1165087803;252913906,1326351440;467471203,509423296,1546837311,881790018,572377589,558876388;0
=======962134642,402820775;1658725027,1283978715;1737835209,127336728,2051804739,1680050714,313896482,1795444161;1
+++++++1696397635,742899073;15356126,202115445
=======995567517,375977116;446095459,1781502700;1585898458,1376876924,2023154773,288849026,163121695,872629269;0
=======37867747,1075485657;266792458,1756800997;1451806407,1265181854,827727269,197644407,83003543,1197613645;0
=======737328684,1494829158;1423870566,282968410;2023561184,1754962892,1514590109,97064621,1242545521,940933427;1
++++++1586032988,427925540;1320982470,616116697
+++++++290432277,1274914422;104332006,1674400009
=======891928376,1282886606;1833166636,1856651841;1683783779,1592812768,681522129,860845269,745556954,949922243;0
=======2046910245,1775042946;1097962297,1460695990;168997162,1635450244,332340974,1016381814,35602969,916525186;0
=======455512469,1850420064;1953150311,853341163;345779952,2031403596,1973101549,393381008,76972411,1630716232;1
+++++++1952037876,223003033;1611277590,1114648258
=======1300334181,696367023;291136703,474308064;19848233,48206836,390019005,2036095781,690992428,949933426;0
=======485953016,1903295303;1035725811,285275519;1551483142,931438097,1513276377,526545076,678525763,465044529;1
+++++++917625522,648932123;2040390099,225499241
=======1328394786,916857263;1007057683,1884818776;1603771458,634653527,1103995185,616428178,1916760821,1681747663;0
=======464979657,381211144;1693247671,575114802;10429441,152401451,1923832763,185183786,1871529360,292192963;1
+++1297716389,1708012541;17573439,1543177869
++++416428866,1992375062;999584150,269516156
+++++1776703944,1359587874;1406333798,1242368168
++++++647446431,1819206186;1719784071,690641815
+++++++1283397977,493609177;289136281,672847372
=======900920963,1810151533;1348338986,1047057779;1773866638,1302701208,1265437162,1369965072,1180511289,1832433982;0
=======887199993,506532492;462655889,260039660;1035456998,1283467870,479914867,1338085945,1578044159,884954851;1
+++++++86654068,942502981;416541965,10704224
=======1223628513,1420163410;683643921,1896768454;687612918,1450968635,520596776,412405226,1771639115,306545245;0
=======813900728,2021764045;541687271,2063077122;1549668173,657027398,1794519694,524009313,471948567,1728609304;1
+++++++2016664441,212000698;2040907561,675648057
=======219249484,1403264292;642042579,2014326673;911931941,1119311912,1578429446,1197337736,2107393766,1825045601;0
=======1611156531,1961951564;168742621,2026487281;1184071196,1086302895,1713841898,1482420408,2104515087,158159216;1
++++++1432923770,1079381706;1376278491,880896914
+++++++1705135573,980440001;1404603475,130467682
=======1607337385,1830868273;619565235,2126208145;224965983,1938325817,1340180811,1059587210,1660789644,41786535;0
=======1987095982,906563397;892559270,1021999349;1365137138,418802267,744126825,699587881,1291363673,678079749;0
=======1467507262,904008781;910621449,1435128685;1623367368,1264609610,743073100,1584641220,1641273071,1640316095;1
+++++++1956324307,591176160;1585992983,1555241708
=======1881372312,1136412939;1865364945,1663402694;453031372,1287206265,1281451988,156903570,1769190968,131514853;0
=======424924959,2097348060;1833179369,1517823497;726156748,87324379,158428968,900013336,1231876767,1037968853;1
+++++++1711719083,646950296;1335843901,1088860509
=======552618317,1011489075;833970860,1456210172;649198810,1015173171,1022854803,351716086,1966052787,1621041308;0
=======959784854,972672131;1048646229,1415067500;1375088144,352730603,1195328161,822142010,548605497,1443803949;0
=======1370934570,1033279807;585466786,1409372138;878061743,442982658,1078851021,1655424465,1129628186,1358735234;1
++++++1281253720,249560196;257388950,298247426
+++++++127900397,1654316244;1793568436,573074106
=======491442252,1504600184;1856167979,395169390;1587839934,735774359,314501099,1095261787,352763490,6091489;0
=======2135176434,1643511142;1756787129,69090330;2124912533,1264910267,1769997723,2084112845,1864179464,984766831;1
+++++++94677631,785052843;919337232,1633459545
=======831576550,887361882;63702018,1859177750;1340024939,90855484,1296810405,695221004,527513257,449443707;0
=======938819320,1501240972;1044159177,835182271;172623326,1586178882,2039085428,1389677173,966225242,373535352;0
=======902674287,2000135680;963466100,1709758963;517058759,1159252130,2082310884,1246602090,450651454,1615979603;1
+++++354991335,1125890154;1859230208,511218384
++++++2064973744,577785413;1969466200,2104372018
+++++++2024938875,455925182;1772413246,126765019
=======1998209906,1393540775;1939124302,1791468495;1814436758,1397850850,1469121898,1127434300,1661954153,17986588;0
=======759107535,786689012;123581593,832400052;1189720731,1697624863,2092137060,1719899421,1960293085,1335018818;0
=======146829740,839746008;1891650731,1718015556;1419268603,683583245,2013835367,899167302,1048169500,982164410;1
+++++++617932806,234487545;1345297367,1363438205
=======359530798,366939175;1948196065,657209539;1876282329,1335713802,77035959,1557491498,887993854,1213043766;0
=======460518303,277143973;1052718592,1443230857;386742603,300993712,655081824,1991467910,621550382,799218006;0
=======2130312563,1255314876;1137615291,571456178;1998794994,516237796,1452060894,1168411396,325569483,724134324;1
+++++++1218825440,1102329246;65528167,1954952536
=======405980730,998973492;177919372,891243337;225436023,887450450,56237159,650329222,1892140367,772424870;0
=======1886928353,298247786;728438600,1781143061;748828232,120929330,358302894,1546531139,452686805,683578505;0
=======1425486017,1085888861;991092772,1104115165;1512294890,1385787372,148313370,238362628,260873100,163105483;1
++++++2075785720,1544114457;308889362,1332630093
+++++++494414170,319227320;1811460746,114823621
=======1946832687,1914247968;1066615084,1632461241;1330388397,1244345027,536441452,167999447,638266345,418182810;0
=======1754351122,989396112;561343486,425276337;1021720529,275310405,1782422470,1342158643,186343586,2022875555;1
+++++++382167934,1430821261;2047997494,1565059843
=======1618080779,882652137;1592107031,629164435;1402283288,1356341889,1161404399,120432832,1614702092,2063995027;0
=======109369061,300023872;1432835158,1446892899;2012248447,225777212,604773365,283252014,1299717222,494317129;1
++++++1764104580,320445952;1375570736,1536977660
+++++++1263421837,770928764;1531092019,1847322748
=======1443211480,1738383775;321458968,100852353;1927338790,1284479756,140522853,349086166,421297074,1101184804;0
=======1796206558,518035214;1886033958,1857598905;1661123774,2020165625,131317702,1878933171,1297027185,1402736363;1
+++++++946321911,1965885492;2146416341,1281098751
=======724647145,2046615533;792746134,1659050517;672213283,1275798517,1560094712,947604471,1824212962,50115903;0
=======45268059,1915399460;1762318428,584985956;1068929173,237619662,727579974,1115739201,907071379,159532347;0
=======1311581929,1005635235;1970814792,158991496;312058749,1829497698,1861833346,192542544,1671766171,710742646;1
++++553942027,1669384873;676312225,1072542204
+++++983548165,503861473;640677220,599150380
++++++1871939685,1296996211;1923838854,1530807670
+++++++904844231,635970507;1325799636,576384205
=======1590582307,1044654530;192465186,611525534;161733913,2030915969,332116823,766050011,774946200,1272245380;0
=======2019834488,1472990631;523322421,2120892678;1019058058,1601729873,1420801045,506596913,840512719,1044955669;0
=======1223734700,482639918;1937069072,1553621596;1863346070,865329787,545096753,1579713555,873314461,1071923811;1
+++++++372216608,1342385651;1252246064,1287849692
=======853468006,1393765947;2113109648,98513158;21290218,261586740,1164679790,171244930,597983472,1136486539;0
=======1809656215,1545677722;240633016,1292054864;735974227,1790992418,1080167719,2031420665,87565500,1031255061;0
=======119250171,821850411;1477466205,1795840166;1543965470,1861697695,725862389,451738785,1840012053,823884156;1
+++++++570612279,1984543041;2014966087,693409209
=======1361715039,1234301895;656119633,2125869992;845346425,1122370996,127970309,633451500,1900776865,1419234951;0
=======53606634,399278253;393517174,2080110985;528874316,1341108283,1629710326,2038264499,1507586357,1929094822;1
++++++2142484282,1879911362;700967844,370228836
+++++++675158495,438454726;508168405,1689241191
=======1168745471,1590092447;611066586,2041977343;497968684,1113859024,1202802728,662993212,1823876170,845648463;0
=======1349872353,2134247403;941992072,2008680836;135539327,27051405,1297254788,2028793037,1827950139,303228289;1
+++++++1224083305,1616886715;371609549,786112339
=======1040756413,787388164;764187174,1370694785;272350847,125060057,1520423639,1092182880,518834305,489202819;0
=======677267941,1248451502;1892942737,279479077;572098980,263194228,2007070328,1548849457,459315466,363343943;1
+++++2134508423,1701182324;2146545277,825943405
++++++1820761745,1102513422;783330016,366387565
+++++++788724495,1342150451;2100769710,70008209
=======1885895889,1579814156;837320454,874643495;248644852,336322171,356959676,464282196,9852270,513777022;0
=======1043914872,1751825059;1510100185,1447805908;1132845859,723370841,1921494891,2070746212,1787388997,2051638438;1
+++++++1823214851,1494844073;645493463,596379230
=======34368553,562912853;1450425459,1183564330;1210573812,55625627,1504048811,1674090674,1965717174,1578206276;0
=======1560182816,616748974;1605389154,1869317741;1990381814,1396031655,1625261086,1977666402,1844632149,481090440;1
+++++++199679268,1865979607;23902050,313926727
=======1146022677,1239834888;1453641439,846565582;847791669,1148323472,1224462652,480200769,1544095307,172423805;0
=======765403455,1964377374;1211059998,64515004;1583021325,646449321,1326343948,1205754671,355571615,1001811637;1
++++++1008041492,34638838;1276337449,1694563790
+++++++140281643,253596677;1601060624,489619979
=======101804459,1540834752;1245604971,1365416440;40905752,155800980,1478189097,317521741,803921678,162295720;0
=======1788310240,1042399123;877396492,814733014;339112581,1702217809,973030339,936477330,634103507,833568146;0
=======1393798201,1404047605;1219560895,109430537;1054656145,704557415,561675476,1347693569,241418118,215363194;1
+++++++229521147,1129691969;1181888882,361495854
=======1751362574,1584526826;1367196564,1459968529;633677307,293719178,1390111731,381591560,791294299,1510565926;0
=======1711557515,1678851930;1589826796,1407766015;1333897718,1494086170,1946979779,1763087893,1072678208,1899181632;1
+++++++1371156733,622215652;674128935,1929038392
=======295321212,174942747;562789455,1691325502;2080914109,1230889738,335368208,568220614,1613590002,911308919;0
=======893985569,781449548;864293630,563500052;698950382,2087842287,1903150546,2091388676,1583131746,987664684;1
+++++1716872940,1603335126;583595857,1362834420
++++++695576026,1567035;530875934,1435373374
+++++++1020200846,951176509;468947322,1430883144
=======199407253,1565181208;941176639,2077697032;342500662,582985025,400970501,108316060,329098069,1846645018;0
=======1727490312,1539692981;271497242,364562160;1153820879,326083002,296567733,646821867,1723289313,1033307134;1
+++++++70937932,928864399;1585364679,1022497932
=======164335755,1266547079;1208302967,1973488994;1068094306,1843401071,189442429,1057293637,577654272,752990811;0
=======515970525,733459681;1501403057,1745486519;1061461217,1668251101,1512913057,801455921,981885874,11446278;1
++++++460969877,560200897;1947485384,2047098938
+++++++108192130,2083078849;864460240,2052820982
=======1876171425,617014479;5191270,88383139;1103757558,1304829740,1079631401,414158981,1480959856,238121607;0
=======236677903,1096382188;756147290,1371362711;827799595,874908751,1895005803,355042106,1604989436,312499096;0
=======1108729714,1428224450;1801082204,311857024;331562209,1793084800,491685838,842516629,181804119,102505530;1
+++++++81781160,1861363544;1664325979,322988732
=======136583660,1333771308;384125714,1169866899;836828370,54151398,144914789,1986646414,204038035,1513911999;0
=======717573718,893290102;1161758321,1797991572;1150427024,1761292913,1426109199,1178992015,1695253630,669221155;0
=======1773401971,1279489915;1078692194,401829579;1127849659,779114203,785343685,1927959857,1044936011,2042554552;1
++1017623105,1062834238;352342416,1612535490
+++1985465626,1676634514;1585874023,1348230782
++++653219323,146242411;1020178007,1282709310
+++++1468830499,1820087554;113665923,1730238601
++++++1667554590,1827201005;1309766944,1847485003
+++++++794785850,1828539025;1518437539,1939901824
=======1591627769,1042810851;912407455,1756880251;1764917497,257321005,1691226907,2074447237,1217462393,2117753198;0
=======1895642789,1648671022;586817599,999999231;1182419990,339567223,576453539,1804150682,758491201,1328637767;1
+++++++1987182264,557075664;1277162272,1971530496
=======770781587,1613254688;924942046,812285233;1180951409,1864088465,2059742893,711750888,341651951,1774151822;0
=======301540650,474545815;107906837,1447155085;1445196940,1291651449,1704429963,461025539,1216441057,556243529;1
++++++580517961,126548932;564502014,2100872951
+++++++215198872,2107938861;1932220688,2094809609
=======274824832,1695388916;464116760,1069959520;776293279,44708681,965762254,146308315,2007366313,1991609837;0
=======2034544299,504936905;2028358992,1538808716;1145159999,1890882645,249085389,1304591151,455219288,1824338719;1
+++++++845434444,797429233;1856436008,1674193576
=======630356122,303772728;1096761181,442992333;750545415,528595458,196372308,1203658835,1514087726,305789491;0
=======862692636,632790932;694363936,3572320;1712222078,1174771768,210719618,1564767984,550868318,419426038;1
+++++++2093081612,1695471436;105631996,1524937174
=======1966670703,1742413668;209096213,794369930;1332169997,1986522109,1021205114,770321494,1471871691,2000323185;0
=======504639955,280455845;54375725,1885475869;915598309,1495220206,470375560,394022095,1475989342,711703362;0
=======1109421310,133720133;1767702745,543139804;1610626809,1597580574,359862582,277482682,666999752,1991911109;1
+++++375311206,1647457575;529130900,406382642
++++++1849078899,1392282923;1873942973,583029855
+++++++1625255923,934379569;934454844,204874312
=======1581397793,386715032;1480954201,376578962;1948648015,1179201956,646506520,823019006,801328822,1295482785;0
=======674393057,1975025536;1586315701,140396504;1726156126,2045569777,577320387,71947051,583433159,158948450;1
+++++++1579159690,1181153892;728983793,604112743
=======1996370568,482411356;609007976,1317641534;757348002,1738267592,1340622132,740863766,1344819157,1551518018;0
=======1400713084,2005601775;1499158791,588270709;1037716487,378139638,1175455399,1260913552,927555184,571822913;1
++++++1481052916,1487804943;2045468877,269700505
+++++++1033029913,158832422;511803024,543826962
=======1401126118,1383856056;1406488193,106546894;1456545857,1360757417,1090756970,812403394,1654128867,694375560;0
=======1805798470,456329006;777624293,301561107;1394021693,656611828,1833085552,1151468117,608061574,423853804;1
+++++++539506436,100690062;1547047174,339080775
=======1742368385,1651063463;1957085343,1281218018;1770668829,1503323809,487739594,173810503,1910588662,627217017;0
=======770722189,62338175;157758509,1674162384;1637529368,439338052,145996062,1772131412,1662700198,799694954;1
++++956474066,1010139208;1988688882,2047816137
+++++1846562847,1304376598;1703781261,994321684
++++++143247801,1755602554;1904696732,1027434604
+++++++1852391276,2114351452;1772232761,1289484548
=======1377633534,1130073619;415519112,2134894456;413816900,194898323,346480875,1365245511,17136560,1676556211;0
=======256292137,1159518934;1666768562,1408505934;124205459,457080130,1894771413,2023479784,1272344619,802072446;0
=======443889228,643216902;715492896,416846652;783484711,1468326621,1370843154,720945532,1357038463,1885567411;1
+++++++1687595182,212814082;661127410,1978369530
=======1620408002,932963244;1456360204,1486003368;2090510117,1758753675,1308787427,381430123,1635743568,513019753;0
=======177230520,2126166159;531221356,1537635747;265635692,2002364972,1476207861,1672100233,811807772,193136657;1
++++++1534396232,1452799639;1624972738,1285142047
+++++++428292632,754199501;736490216,1941475132
=======960392107,448631895;825116878,1787649462;2140737937,2000350262,1269305210,66513377,1646980239,1172614737;0
=======832317033,252539936;1142763314,734375730;1659641695,251068699,86340211,1854661214,1031727691,1730474645;1
+++++++1430693692,1761148895;971692288,29822574
=======1349491917,1090460427;264976478,259753295;1296794823,542985859,345550023,138719083,331846288,1652619985;0
=======1250633512,320602552;562563295,1350661800;843863664,562241241,1678151823,1942917377,1764377448,1892026989;1
+++++1777360584,1106703723;1570585417,577680491
++++++1968604538,131726830;1699692410,1517083784
+++++++1541014664,1066323722;893347681,1267934487
=======900874667,1865435760;301620795,2068997803;223097499,1707398211,295815276,1663098698,1114247892,1932075641;0
=======2040788043,117444544;2038861051,740607475;1289361676,1155893576,796933073,1100198513,563356150,1914960884;1
+++++++1530556208,444615655;2067153209,1184999478
=======617149184,1356212729;217154962,897694024;1883751302,580301214,418095116,1816579724,426927182,301590587;0
=======1741579207,2126799806;66095479,479836122;1530589319,799187591,1694226160,553520174,1092996067,1758787220;1
++++++1500215538,2049082966;1983549020,2005020365
+++++++535790420,950144489;255899888,1635590327
=======867012035,1532299114;1666106201,1279532769;84185625,342324817,1544848809,596200267,433387922,6605909;0
=======2085415418,1437116109;2008217357,1396077548;1722161258,1355089430,2110802846,232721836,285352829,915110985;1
+++++++547187357,391408731;1678920581,2075838069
=======2144618474,1046629475;1941796961,705194315;129979165,1532867171,1908393544,268239967,776243214,1869254993;0
=======1631519829,305263784;1340369663,1765907423;1096433420,1470892803,183032450,319984599,1388948379,1041447070;1
+++1581213260,133518031;274038502,1830610592
++++844560467,1717494471;2127530411,941362629
+++++940133580,1880853899;2124930335,240729993
++++++1161506882,1742820046;102531650,1264658303
+++++++876195476,2106831522;1114700168,822682645
=======483962107,1175361121;494674344,412608594;1399106777,1384145762,503233786,328368246,446910586,283862791;0
=======188314311,583487375;1364057077,1949712143;681388984,1271247776,1859718688,1351531335,820879696,759816590;0
=======2120362395,1047855192;1475664332,1796145926;1027849432,1835551450,806753581,636527336,72456351,1328519170;1
+++++++43914366,846647458;1619124205,1768079505
=======756800319,1375522685;1386087898,82875071;1937446262,1115885147,687973016,833743867,2000709647,1644843408;0
=======1326443702,214206008;1520670628,1704104044;266743999,1649368430,199311161,1890950172,380444449,22357797;1
++++++1525236937,600813193;1771255969,15854112
+++++++2041127073,869968131;170286075,231272524
=======1167088261,1744633552;457782353,2134499739;1709603461,2026334568,1397609050,1513126055,1818059508,1386063497;0
=======588812715,1912763904;1689884991,1810374984;305280103,1796758774,643882149,747358389,1026380943,1216079459;1
+++++++2012668317,1357718660;1452192098,858383763
=======1891038191,410928497;580172880,2115583339;231782102,1646196005,186524275,1520125910,1517915245,1241005137;0
=======1528773474,850830344;1286916150,1915619151;1199331773,548363625,494281468,108117952,141564723,978874116;0
=======1258095592,1787419678;1124600956,1225185569;856241579,1893982945,430290063,872831376,577847508,560675570;1
++++++683394800,8132872;45878647,1024727516
+++++++1584673671,2071717538;1533625830,1447194297
=======334810061,1317666349;1081462818,1265850563;1897481498,778993258,1411671544,105219295,1527423152,1827872058;0
=======754865951,839582480;1663482417,1092380392;1893770081,397646198,1262949569,1957986114,2107130097,1692579381;1
+++++++841223206,1390310506;1162422126,2000026060
=======1448921113,1899562923;1694460084,1023386288;1758620649,990641880,1899200373,1591709076,1825257848,2016832265;0
=======1724805135,389608314;623036902,1505440617;2018579177,11589851,1778763193,857131958,1210719926,2026783287;0
=======1356415496,526416625;1721817492,595938677;1372074831,1737305639,819218740,2055630543,1481411717,2065477404;1
+++++941797338,1903965547;1884251255,901233226
++++++265014854,804250062;1706895433,296972380
+++++++804383424,994760610;2095598668,1090063527
=======1799265748,1919444672;1113861427,1204170968;1310320130,852107211,1380675115,600204634,1044575278,1344415327;0
=======1443526850,131083226;1986671236,2025121536;1461606001,1216066613,207256325,837168899,951596516,161387466;1
+++++++1019742961,312819610;45595875,494705758
=======2127079604,1297789760;808349515,2114527320;12803082,355177510,1138785250,156573036,1895020825,1350592055;0
=======251988803,1509138127;1430200543,327788843;845608273,1377205460,1782834450,651094374,1485559202,1187509648;0
=======885322945,437218690;2052807667,55016528;228108105,1367519945,1012162313,1696280432,1577571396,1531776545;1
++++++1935505698,821244636;1971537255,1545055828
+++++++958674019,116883612;40895590,1442740997
=======114477067,1334513775;1144143566,1295662214;1983330764,1268839541,1801914945,1657920103,2119358755,1950089772;0
=======792912208,1485124097;1897628050,1810559510;1025412368,1431172278,1870309066,1545121510,1868343498,1659041795;1
+++++++1364711078,405786138;762840005,205233308
=======888154556,1634245584;1895839456,209925216;600599066,1936856357,776850736,1614984794,1996492842,168512742;0
=======1886908867,1982320498;478875958,1807036095;1805052578,1616197210,1176661239,1007762918,1959874170,471039656;0
=======797171623,619074305;1781250791,2101947423;130196811,573819128,62296930,1909548858,1052016851,313818786;1
+++++736884982,153269741;349956165,2022352807
++++++1627494934,480154961;1734420660,1283557629
+++++++1315359427,509640479;1263738256,1770992751
=======693801923,1046076074;1836305525,1364487339;1602655998,606702254,1112168606,1116922294,1242020564,1277349414;0
=======1966455081,1759608849;363263751,1788449951;1564823971,598611084,1127883146,1974706493,2126998549,2113090739;0
=======1264830317,1175134406;1958087371,648666820;135296059,358119250,224502759,1853737580,1222441752,1843192962;1
+++++++797489252,916291108;2122058502,973707340
=======313428236,127282802;1261922814,554259726;580145212,33635611,651919786,171569524,2087024953,439435319;0
=======946019130,825399463;797198999,1588639893;1082034468,932664114,2070289265,1839263280,1535469387,1398184489;1
+++++++590460531,737763840;1412672623,1644540199
=======2125892749,916297205;1133560596,709248072;2117103020,2020221242,232448496,2125657452,768216248,1624464406;0
=======815616176,607197714;982058939,2021545894;938053122,1052639728,1002765527,950412162,1874422915,1531391916;1
++++++2115968732,777066548;831604089,1258487183
+++++++565698666,1087454572;2075298040,1779879883
=======1271665698,401266812;1053780357,1918164645;807689729,766804505,1223724925,285452609,942270263,1887280770;0
=======899165986,1951058645;545102983,714146788;216731891,621229545,1118698146,345096864,1811392875,1093130218;1
+++++++906093009,1560661378;1306507495,1757978307
=======1896008789,1934837777;1819454439,401429829;1211742661,388902711,1645290415,64464365,872367091,1013473310;0
=======1214365078,653385784;6580807,1069391582;1978046915,1884781353,419624036,516881805,1273732819,1403870596;0
=======1847133503,1446843501;124626719,1085938546;669078005,2092724554,1943900196,642084324,645044199,521423614;1
+++++++1557953918,1473903789;2058314738,996259521
=======609495600,566800788;25741922,169696722;1525722197,909939953,1573456589,1219954170,1620358229,1543222092;0
=======429563336,543521345;1597022905,790617601;224514250,353468137,2137201376,1751192113,1453643547,1933446106;1
++++++360369916,2132287995;882099855,1838000200
+++++++639625798,2013431360;230268986,834680436
=======2090873372,1290479016;1595891973,484427789;1587397732,1008478083,1773903943,323680550,265264928,1897536444;0
=======74697115,470995774;1000760994,1126560144;54623421,125323416,1345068378,1371148558,1625824795,1091095954;1
+++++++1554294971,1539012050;1004533900,882832932
=======1286875472,1682257777;1781402025,650462592;1147327280,337899248,1672840092,626996202,1221502852,2139961903;0
=======1914073987,24124729;1445876691,1130155999;684762743,322701860,1363016922,1933049422,1954672590,145800608;1
+++++++1331914508,1744006002;590488407,108563277
=======1797281466,1495626181;1078987677,100346879;695768896,2078877786,164647523,349067284,518234584,1305387825;0
=======1759968365,65842973;1967324458,1263152931;161455936,98953569,394280138,94930656,982072642,1319622894;1
++++1289293368,1640583607;872379129,1344159457
+++++1474070175,1019895003;1171926789,1108951611
++++++614403760,503929310;1747983348,694955586
+++++++1606029784,1073091059;1682316994,1021970551
=======1774349294,574774700;1551398625,1697868333;309056754,2086510212,359891122,53489998,698748707,1584769673;0
=======1446166717,1185804027;1219794049,335847749;2021933270,1406954322,140583974,1167845711,1941840582,339466407;1
+++++++1118474158,1491886922;863483065,877549044
=======759680225,1097099469;187857859,2098453046;870468085,1797170301,26471608,1148429809,1734261661,801747738;0
=======916725521,713663892;675178702,262202419;2121434229,1824412915,442352975,2092042580,2042984382,774716866;0
=======2074167910,1032078216;1190507668,26506002;1410307537,1563900339,147583709,1776610031,1134215032,190039148;1
++++++1839681885,86540637;37447124,512565551
+++++++929039955,1893285337;20644994,1404934552
=======972362655,350000531;621530229,111363338;413425594,1426119727,598610817,187547152,952064491,1340072857;0
=======633360992,1150305061;940188557,1236935763;995673187,761098351,1788076664,71400644,1166163019,39430235;1
+++++++1005948983,303199536;746269077,1231308901
=======329289069,1546671780;88021999,1204331197;708571667,44226366,1985674644,1925622757,890631625,1282156812;0
=======1220311654,130195467;1239784834,1626346253;869420021,1837426377,2066428509,1992608003,825892313,1192085157;1
+++++1554182952,1068410206;2106297825,426487450
++++++262521758,24108176;360368743,1345616110
+++++++2048019218,2145842999;1184121388,1715556190
=======706584161,932043127;589696511,485183320;636059689,737143395,460542677,2025140791,799114436,1728206649;0
=======1676382589,965882790;1106858893,1814166668;2102301732,2039409471,517662601,70555390,1122925702,703867513;1
+++++++2092374862,468656415;1259626125,932644679
=======1165198834,496434126;1658466691,1140454341;598976054,1220308187,1156579359,1493469261,537742629,314342519;0
=======1259998040,404453524;864613503,970178444;1773141961,500707901,32588113,582456760,846826704,2027721355;1
++++++147314746,1788422266;95419153,401522
+++++++669323445,2055236433;726644634,114824082
=======1911631050,202654174;920997998,1064992535;269184624,412338215,1011739741,1935068167,1663614438,1676547803;0
=======1409317465,743232086;1853987038,1130655361;566788692,475288244,1699828963,359646464,1572749630,501600198;1
+++++++1957261469,1565909354;1493640721,1461538660
=======2048999624,26321181;1206682317,2092283500;367381286,165872260,541991396,283049949,842421934,1346119209;0
=======1419066215,101255369;1027684638,1491264828;1451634953,1287823901,6887921,511971261,1917034143,1072918534;0
=======208145857,844528616;342331306,486635431;304382663,1236694527,1346294880,54801181,1884724560,1380719446;1
+2084445196,846496521;1018232972,434308442
++1936279718,761297638;1197867639,1193238670
+++1199986075,1893855147;245509537,90786534
++++1935330796,541971559;407357091,182010266
+++++642068646,494205963;964076137,1416514012
++++++746775360,652844553;307510804,1008431981
+++++++1578491722,223562582;1485681250,84014518
=======1723402362,1411602907;647311576,1467823816;808643234,379206707,309494650,71487786,1595643082,925695457;0
=======1582369486,1412210133;1581766706,1221859940;1270062766,1347169921,1625611020,1819214405,1597356720,88129111;1
+++++++946469722,2131609245;1374228849,340827257
=======1027995476,1335574987;806435599,338644060;2091447633,476061660,237094203,1842361816,1605205750,2089769357;0
=======1797782759,1393550194;883571647,238338596;1332666415,337701920,963413033,958617513,2053926256,1184258224;1
++++++1194926970,1837004807;1576784609,548727060
+++++++1620321569,989514373;437906642,760871034
=======623830514,1361863119;1283040188,920903635;484526756,1013177979,154345981,1360885345,763014175,1879902912;0
=======1719312744,604022734;949164408,831195541;1018988976,351135652,1385911341,1100151102,741837122,607777270;0
=======387599034,243717826;1301158506,1435678635;1623296587,389971943,22198847,1025034462,1884859045,1004811121;1
+++++++898135704,553442983;265268062,1400686805
=======1787110311,188843432;2055606683,888547271;1091806039,1608375989,910829310,245286715,2079847341,193976724;0
=======144043591,1628361979;1917577355,1986160095;1801326053,1462588572,841883429,1171716718,547713121,1295394857;1
+++++++916958195,352217149;1820126566,597106014
=======134279854,560051155;1115499033,1009278443;442770047,331072861,1646632986,1194427404,76005808,2052844294;0
=======1468878989,1353871226;2101738781,1272452537;1118948059,1076336237,115394592,2032996472,6192254,1765754402;1
++++++1557651101,16335017;926344,137387929
+++++++198713031,2019472827;730749475,1167738716
=======913323915,91299505;206343733,430784397;1390820957,71787881,784281929,332825777,591987474,907362932;0
=======401481170,1128161269;880025471,1100810157;1089537186,659740049,578925122,1405227982,1437791135,2015901406;0
=======1008144096,1416877081;341194108,693156416;132455765,484301546,435674778,1834725280,552500937,1048902888;1
+++++++2116003666,1316878836;473532437,1822738737
=======423438121,387035255;96297113,856254931;365169411,1530928963,865782687,1418577084,2038784241,703824269;0
=======73420023,616523565;1690311632,1330577704;2131773466,1585426704,308657274,202374763,267590014,409499513;1
+++++++1477896433,2076917635;1354518197,1908687447
=======1184168287,739206217;736100099,1210786066;439266577,1356275072,1283614993,1715249522,1024470701,1747197317;0
=======1109792772,1912231451;2067332936,1849456196;511461981,1214465774,501401134,542224516,1429104327,1015378393;0
=======1071840795,1982161166;1706343640,1689646301;1495855655,1872992987,784400927,1778354120,536763863,106628541;1
+++++1505091621,624808342;398185388,1628826384
++++++1774317772,1697731062;1849190198,1365084749
+++++++1196570320,1118522471;628358486,1479904118
=======828575754,172628222;1273442330,1470002003;334070293,1542526321,2028712273,939011490,26980391,297235736;0
=======997142506,2135834921;660708934,385520013;686612427,466823875,1223420993,513357466,972793227,1844951331;1
+++++++585658601,1567969582;1873014659,1979024600
=======991284136,523130505;248808551,795821664;1304367378,419370133,1627683479,503658797,142045299,361231120;0
=======248830661,511742137;940329190,1968539175;655572931,1473026233,1624744176,1005804413,424111041,463124826;1
+++++++221370594,800002272;570961706,1316121075
=======1361882099,1938991584;757191636,623735018;1177261634,1837116872,955025378,1935770943,1641884953,36691662;0
=======788503761,1469989417;1381729307,83262733;1880030605,1632824388,960684885,1526292465,338841444,95834220;1
++++++1617306016,1386712794;823049895,1168682652
+++++++1014842009,1562635186;1370039152,1191073341
=======294656846,1576356224;1660003621,585665592;1528659912,1467169571,983686728,1741268639,1982182282,52799866;0
=======1493184270,825466094;643706988,1646325636;549427005,1807794880,1066428161,348092650,670344039,892971733;1
+++++++243874560,31196073;435928395,1229116212
=======58397727,619714887;871142091,1206471910;177144571,459853120,1852101177,1942855616,566024759,973801360;0
=======1247734658,1322783709;905947920,19530146;918552121,1155625805,1531109429,973567701,1276316425,1166378923;1
+++++++1247918813,1453932173;1824738005,304799849
=======1833108534,1765311694;2032657924,1021456180;1078782477,1353563213,1664746382,1244390672,1709638712,951172563;0
=======281171785,228333934;458291120,1147663725;1632378017,1783085849,1812413796,1330434581,2096063418,1322900304;1
++++355876818,451811741;338357522,290475522
+++++1300364911,2094395288;1529583142,1948861349
++++++2137185484,310387601;1598581289,2068404402
+++++++597014423,1876294099;157093016,986771119
=======1514903355,2102379027;1882509481,1845518155;1545147130,1161648400,1961992551,2072510020,1060642409,2061106247;0
=======846909229,1783614063;1275112702,1215656205;1232407860,225571420,238795166,875708303,1120142046,89015692;1
+++++++1037109436,1014387240;1729521809,157373863
=======1354294506,200453512;927106470,234859251;2072222212,4820086,1934076787,1628232605,181656997,501111690;0
=======1911797208,1235694686;1769735988,1490743568;358392429,2096878483,407549364,117885744,2054863069,1361098665;1
+++++++979361400,883392203;1942648379,2101729899
=======1567134892,270778200;1997453008,1060767382;17683103,2108790268,1796779312,1550518248,23172870,1895672079;0
=======1815440239,1388672293;1577302500,1830965874;2100793226,1491672999,500712433,63880709,1770623740,2127006882;1
++++++443440298,1823022779;77156670,1037940934
+++++++2139210827,974560287;838856092,714455000
=======540340672,720862890;2075414999,2005549794;1297389672,445193018,1708123850,1227264019,2108313442,718124708;0
=======49535987,411240440;1025838439,1057551722;181652863,223345609,665776593,1718483035,1057727522,326961996;1
+++++++977660642,1644320156;2009445524,858081702
=======1146377949,1282081727;1906515261,867108456;1408782975,894456860,569303082,368138540,855197976,190729740;0
=======644942658,969611870;1039778557,1374339403;1714728165,1910295133,2053035599,907104896,721016756,668509917;0
=======165011147,1327148397;37577572,2136898761;413793666,1855394665,1745210543,1301828803,1914186910,1641908664;1
+++++1290869003,57244058;708342341,1594623285
++++++808682612,1424529198;411878247,1327832436
+++++++2050350245,982568499;1885762043,238860807
=======387159439,1155228314;361717205,1170078552;1891774304,2083452761,1492812008,825986961,1725019362,1623057824;0
=======433493621,1081094621;780742245,1916648909;268256483,1186614265,2102993017,1325464433,485801291,1032890382;1
+++++++1374144360,138133936;361170701,1637688450
=======277881977,1704899195;1869687159,2014684587;1247887687,1096072118,2073830128,1968946233,1640539806,726673049;0
=======99546239,1101241592;1175312627,933497837;894782353,1789198912,240374528,2003049439,1418846608,181369832;0
=======1209704836,1755161625;1193554561,260863909;1026788094,401811686,1675139257,1618196069,389404314,724180588;1
+++++++1204062961,1170576938;1619137765,361158343
=======681207501,996082552;639987541,1240832302;414400463,232270533,1890263231,65385546,1181500639,1783457777;0
=======1620487883,200612292;1409610993,849403718;789402679,905072360,1271806245,307802731,1212339199,1857173203;1
++++++959557182,1067539833;1269192234,755039531
+++++++1434607350,336208226;898480804,1178700299
=======1807204421,1499328855;2124900531,777255162;673373556,1839089424,1136967086,2087041977,2093886927,275642959;0
=======845396724,254428013;901617017,269325476;430309745,1729550372,1060492331,354164406,1464026118,1699715024;1
+++++++1914081720,169033818;1725745846,1297684388
=======1502564610,642531598;736417759,1095523403;471633393,378013445,2091864480,1077656354,615064592,1705582791;0
=======536664623,441648029;550558806,1277774389;2030390747,772858656,836903294,102073294,795583425,1898178732;0
=======232362914,1858245342;90428625,758827891;1023079558,496723271,505937424,2128748725,902219630,1398995317;1
+++++2112168182,1973212487;269382019,984630994
++++++710169887,508619757;674070205,1220652760
+++++++1913093442,1788126311;1741299402,1944443969
=======938646636,878197461;1832916323,1014939731;427815039,1233073460,217495683,1989650007,1832899902,1818117302;0
=======1083569298,1385566614;1943480189,111896462;15047331,1869828160,1591680002,2005604795,1841176925,1130235361;1
+++++++147288840,238635956;638511886,1859917177
=======1563589683,906040173;439580214,2095397495;1752514806,998732960,1316353607,1480371564,526907211,1901087340;0
=======1504067847,192786927;296722791,1707619144;192385884,276688504,494899865,1584192770,1727725158,1892576783;1
++++++424141408,510244165;1703030703,252237423
+++++++1810634710,1251026698;1569171600,281579254
=======777394923,1773426600;905967093,208416884;551969777,987894744,287315140,1198025085,1963768643,1768596569;0
=======1118140579,1908097062;2070524064,874321766;1507402151,1982165360,228835977,1459922269,1193385201,274176651;1
+++++++2101477778,422371328;695671585,1249534312
=======948979751,970951152;2109945728,1026967936;1521317012,900042309,1840400075,547094814,56065299,1490764981;0
=======1759255168,624376000;517242732,223999381;72044783,472820128,2066632510,690281253,1711008270,2069530159;1
++++++1921264238,749562041;684572206,847320855
+++++++309528157,402448903;1533569710,1391467591
=======414361594,993416811;1746891435,209243216;852752235,1297792927,2098466296,1423749231,1946615788,913917313;0
=======351383345,912950774;697459339,1719598733;1557065353,72801072,1354385617,1293980798,58292658,181876971;1
+++++++2075541089,1351492997;949292725,1784125331
=======1049038619,1093374982;1298279183,1115645335;1779223616,545965032,473365765,999678645,1620313870,1787677466;0
=======2072178717,858897510;1849578729,1003517844;1980808572,280926823,309439283,818874822,1017851615,2110654213;1
++++1102742621,424243383;1357191569,1898652842
+++++366600655,1978973662;1625723808,2113423558
++++++1513083820,1696464343;638359604,1940198170
+++++++1767630684,1379341629;1311066752,682698232
=======2094917076,207215361;881958244,1891808994;775492326,816054637,1811611899,1895984763,1417986615,1733294455;0
=======397703988,375756338;660834708,1107397486;1402563797,1574456577,2145391740,184005040,910087407,967083144;0
=======174405698,1729320646;2277203,594517582;1696154229,944748612,1906132352,999661811,1149644796,1302392584;1
+++++++693241519,407123663;242378964,1699425756
=======1313417070,122220134;1216744678,918320517;465935292,2012124621,998374599,1750969593,1620544124,1109251310;0
=======150562813,1023603430;1623277119,1800086927;1398662705,473848338,1725559242,637965405,1606296709,1200786355;1
+++++++271535897,546211747;1766042344,1093607508
=======399127984,1365791883;1052671898,772191084;926444627,609661435,1976929062,878737236,2390800,653612822;0
=======1688594930,143434662;2085933344,1832356365;2128957807,1605608276,388299852,1802774410,954863269,311122673;1
++++++892930313,622971739;283226234,1769880818
+++++++1839786494,437707044;2049829525,1266519448
=======1163389202,1284908179;1518831502,686991762;1849169806,2134475130,1216814013,886778671,863104078,1716944530;0
=======761308796,1161704497;661919766,2043954321;2037910125,76191967,817032303,266798536,1109537804,1383861544;0
=======1054862016,1245242282;1675534487,162710660;1683705474,805391154,923153042,2093545029,1961918497,345028103;1
+++++++1387786346,478881924;834146975,1614455191
=======1256023074,377479441;654104923,315299075;725402505,1804758161,579932281,629617487,1510727821,996918785;0
=======1780723404,1045758595;654478650,267456647;1896297566,519572779,1129374902,1737224599,124751054,774263305;1
+++++2046649901,99546294;1061447222,359160304
++++++325764815,985352535;1841275534,2140145124
+++++++1824940432,173701535;1744903463,1673413552
=======2091059045,1865686047;1301599746,602712593;1388915400,664947985,1155337736,1074164477,352069486,1911578;0
=======938618929,960287628;2066364421,709317661;2030685198,1471665563,1202544453,1477304804,2057262365,889237296;1
+++++++1793662290,1898788431;66888097,435631468
=======1282206824,691663793;2044737481,1044628684;1570072198,1749819559,1694999112,304772529,620457610,1949968195;0
=======128834816,1389215557;1244529332,388718171;820446926,701395813,1221477064,126161993,1564435732,429226147;1
++++++1671260848,1784192799;507112911,2041814409
+++++++1693823002,1493983906;1439206710,926556046
=======955539025,582932735;336782773,244965866;251520226,1235445607,2127757629,362839743,531444640,46154763;0
=======1954562043,1028625475;1284581261,104299845;534981994,624505190,1241759045,59589706,880056127,890214075;1
+++++++1143027173,1080668732;1733109165,1929519519
=======139628667,1044418086;757443634,624457759;230175359,769690162,825218267,1025275776,423796915,511717395;0
=======2047729683,488517811;1862752090,1142142421;95196468,2056593460,1174507430,752859252,832547132,462737244;1
+++++++901320590,1102334295;1551559863,1947584463
=======1331304592,109313094;110862526,1515703488;2029524685,175248660,39748809,1821620254,1370470047,1689478456;0
=======1344999035,1322547231;275227207,1613185183;1375813058,1934337557,2137670341,1539154564,352464434,1496641863;1
+++++1463037933,286937678;1005158418,760726691
++++++1532211322,1334810686;935038846,766383538
+++++++1852618977,1473936401;1836583935,1604587328
=======750616391,1870057841;2027938924,1946682868;931898088,1212727958,588143209,1545801484,617238642,1934163262;0
=======730986773,925838431;235281057,784082330;884823895,540430136,1626496149,2016772432,1154737514,745462602;1
+++++++2019952754,1083085023;631536601,1985335868
=======2117599217,1902510344;334936830,1855387296;854983990,935403588,1602499763,32831524,1860702057,1312744834;0
=======1419750784,1713043172;1168760947,206175604;31593532,1776850726,563682497,353017660,2113377183,317090321;1
+++++++11548367,2120716028;850766165,1745435951
=======1430775353,1873863887;2079551893,1847032874;689817555,1800463847,68089555,585617950,425383008,878797172;0
=======1856259655,2012548148;68316715,1345929488;1606468574,1445498377,1968659027,469739201,695970774,287619756;1
++++++836409122,1159316338;1432893249,541464801
+++++++438278362,1519221868;913593554,254099634
=======1829487098,1799431727;1217126556,1995966017;904378798,1507505876,281478443,808613705,2031769377,995600408;0
=======623067131,1741451491;135571581,1804605683;71175410,885999972,983524548,1851166916,1586463817,947430650;1
+++++++1044316208,386493970;2028639428,296904402
=======2078946669,751222544;1480392537,1276370563;1969623582,1588689407,2065006425,1481149374,618086471,33726074;0
=======798771824,1968297770;894345529,686440662;2027398039,2147304406,281853812,1983347720,587828559,1311535301;0
=======1719323426,2027160753;174828698,1349569425;661202686,186892687,355154972,263874614,752146013,629079720;1
+++2046831899,1018264473;82141789,1854217488
++++1563004899,1687014178;426522027,810223293
+++++632292100,2038381093;1503675060,1214028771
++++++2054744981,1348740544;779528570,296820530
+++++++206117612,744606227;626694155,449864977
=======1834695843,1088148834;93461371,105476921;1421306008,1734101381,529694952,1122376219,965625664,692253663;0
=======1002040234,922223472;1476201668,1547188246;392533042,1591686068,1517351558,2022914556,323727759,1767222914;1
+++++++76479238,134952879;2102546145,396093640
=======1333445154,485665369;1414112465,2001520306;341402810,118459928,547963426,1467521860,182989377,78125447;0
=======1070984718,988445064;179808634,1059965348;412282631,625939855,973740086,336304590,1083748193,664818804;0
=======480181393,1157524803;2099547735,1114982000;554264656,1062119863,1525068931,1300440110,366583670,2109783156;1
++++++173528863,1737730934;2137767939,1114652286
+++++++1251035365,1803373106;1586402489,2006349675
=======1929939880,1269729983;763053368,1056323852;1642752486,775720578,1441409527,91239600,1949616248,1237892791;0
=======1338323830,251364717;55341468,1509916793;1698893425,1716275864,919479600,1061014112,599902927,2057293589;1
+++++++783369396,1741243299;1957263909,470726028
=======1537331570,466372852;24543483,1551563411;28071764,655808721,24314716,2053339563,68451658,924901950;0
=======449487801,949799259;1274610748,1317537986;140296768,1842450575,908239701,215410928,1671839698,1092281401;0
=======540350222,86705937;633356939,1732795740;1899036098,545992255,454407115,1965683519,1514144068,1956095669;1
+++++++806893793,1532047588;1814267950,1979448309
=======2084548688,829815132;555413578,838749719;130508042,1808531868,1420347879,973787179,1981759079,1462624459;0
=======204003856,762442893;1064817020,226717453;1026855734,1984284588,1670021564,1812741424,873804137,1994315823;1
++++++2001198221,336143275;1612319999,1912727487
+++++++1988445345,1300979546;1538642559,1556988108
=======1079481706,1840927625;790729029,327366268;535755000,19714930,934041981,79610236,1863503733,1554215113;0
=======933408043,357862455;721988938,492832087;403313397,2128496628,736606780,1784396928,567528819,1106693556;1
+++++++1757350497,1254372793;90180831,934611338
=======1459638697,637123353;1827062678,1191772023;1852019502,904932993,1578967221,1888930740,2026745876,779474864;0
=======387073686,1310063470;1876112367,1595708537;561594388,2090922120,1083804167,1968147897,820670832,633882542;1
+++++1858646165,1987328397;2098901700,1143444021
++++++101706190,247832536;992957590,858153096
+++++++1041523310,1198849067;310470904,1245173681
=======2062209848,1051840123;75206992,959258707;1247078030,249267184,1944164381,943664394,1858921303,953972957;0
=======739118960,257005840;1341775622,1139165702;107944411,1268051536,1373488422,365906502,1233807018,24242049;0
=======1006065510,1887572178;568418543,1923306033;1769742785,1039834980,1845179779,2049278137,525411060,945284784;1
+++++++81319999,874271924;131729033,1815215664
=======1169811866,877502667;791589583,966007042;900773501,1954005075,1417228977,1689213111,1368467377,813826859;0
=======1819669824,704477985;800671383,1634092222;261423533,1182641035,370506129,920517607,531463930,1686647916;1
++++++917318092,1796888983;1143212895,2147258573
+++++++1364376526,38343413;1636822199,1167606102
=======1090790422,1003154988;2042525483,1198992075;10548985,441999294,540319529,1455075522,653741839,1221747188;0
=======252964107,598022257;1527574101,1808064939;1068173944,1235652496,1243902729,250936170,1712443037,1844918966;0
=======749361524,531514955;932956484,1101656121;911469422,1914912082,1211331581,580088114,1544218590,1803527788;1
+++++++1050187714,660480699;1092428103,890177008
=======1728152804,1969281795;1962995537,1439669872;762980440,1326727988,1112795879,1346406538,880611913,987226319;0
=======364696697,1203956918;618230662,289471428;532294040,27635406,1159299459,1755312939,1656565345,1040714187;1
++++++892976360,748907028;1064929483,207615626
+++++++15445870,676733698;688709653,2032195818
=======438272849,956611850;222994754,169135023;2077036793,2001376901,182415078,378871073,771374700,1224431291;0
=======1873245572,2002047817;1661693743,419664636;996786557,2082582628,274118743,1365665966,1593969894,2002515986;1
+++++++1138092412,1742713410;1300266562,2011656308
=======1037021505,1868825235;557217411,392966728;1040560331,597195579,1363081491,1864373769,747178155,1513903439;0
=======455618262,621577646;624787595,1665910564;661425680,884885778,275696093,703824295,517336553,301894256;1
++++1657338724,927095292;1203687143,905487366
+++++206265156,78057849;1199002227,935081537
++++++990186323,301964494;2061279543,91767610
+++++++605911693,1159872397;1116637030,1520834579
=======1730845475,1301341717;1339550594,1335956813;1016862261,2118392436,32062635,1321611555,1634659603,145891548;0
=======1935857859,1314202819;1477843688,13197399;974993117,316187521,1658761049,387856699,1732064912,1016950662;1
+++++++1262996264,497238175;1150257019,2142729688
=======1451490679,589010026;430251642,1072692148;942680482,1581757038,2116771386,1089392357,1481699601,1846396586;0
=======1248735884,117004325;1050198339,2139222058;741992329,311656799,1941941482,1073362538,354286504,2094909679;0
=======1895669760,1421509893;293719397,1459049348;1233428230,681146106,405629306,85329678,991605500,971241974;1
++++++1218135882,1439034289;1121494477,49305577
+++++++2074134508,37400774;1588251490,81338645
=======1878019724,949875513;254803073,868051499;1012686285,214069928,1734384906,1238678795,1017290772,1786077731;0
=======603025023,1162499850;1110352017,661128943;351217871,281395139,395246688,902350266,1234271253,843820642;0
=======2123506732,1937510984;185208560,429945508;2034614864,1908006141,1640315542,622392343,1942445558,1947972332;1
+++++++812536176,806693299;135579032,1211406249
=======1554152809,120729758;615918170,1111951531;1415026693,2119486766,173822354,1293487060,1197683917,541293524;0
=======498847617,235340328;1711521553,695148775;2095868779,765246941,1594751832,771093525,2010697736,1624477430;1
+++++569010959,1959761561;2124683857,799751151
++++++99429756,24928636;1117953249,806582491
+++++++222751083,1814964923;1650502637,1207514210
=======501165428,1831710215;1208482180,412982908;1726624032,1196564738,1024266210,1284484828,514125900,377530912;0
=======297343591,122603978;344021145,465285599;468823461,1473744772,490697149,366515623,966081342,403812677;1
+++++++1542689151,1975750096;1406433895,1289743940
=======1200727411,1839810751;344369403,1045579898;2021040633,1439245443,735843649,1358694960,1958323869,1707996838;0
=======549208377,1253874440;1127653891,1910550254;444017936,69500319,1069069043,158116654,1638293298,1633413437;0
=======489856810,2003272917;1522699867,655364659;1662474241,396914898,2053526298,242590012,1539400377,1042946411;1
++++++287263215,674548764;1110163946,684036310
+++++++1882317193,1168181719;785639313,53460190
=======1191531206,1616873475;1167041456,1531608402;892982373,1407465938,1233179218,2041923525,1025058719,191245162;0
=======1696693502,821612115;748734646,1005566095;1862951122,609129456,1032108871,784948485,1190960559,813543697;1
+++++++2129956523,991621117;960784431,1657216939
=======2029891796,714520854;484145660,851901099;514555368,1966164325,2050878035,1859020446,1018193046,562545049;0
=======1716491578,1331801176;20735297,1253646640;1713178184,1946791626,31784309,795857262,1061761695,1996780757;1
+++++++1481103465,746714380;752159531,1740018803
=======1293430973,2033876460;1340644236,1466717703;691254594,1887429430,214499781,1190291782,1523044208,1110565420;0
=======865123798,1716457563;1036836362,2046770972;1980153034,150906687,1809760713,1825285560,1933065804,739170751;1
++1477606764,1320940119;2096942706,532899900
+++792155993,778926045;452704520,23852446
++++792230938,282296678;1738348520,157051191
+++++1127155886,1974621313;928780463,1048351991
++++++782311308,934458076;1857403957,715166762
+++++++98561828,1851304286;978728070,612888828
=======1192674365,1854906112;12888301,559584993;1819686491,1123297958,1443906153,1669545656,1321610200,380206275;0
=======1757037995,64462867;1133847177,925279884;738862899,559374426,1485729674,2099258941,1792890147,1465244204;1
+++++++371809982,320342962;1575163975,727655845
=======115269753,749042646;2023123000,311001823;1658924791,1353483180,1771968185,2048312947,542525152,2119644188;0
=======1256320865,1442068385;516613625,1352819506;1415068068,764191633,150456530,2143257821,753073298,466236947;0
=======17548395,55651095;320412518,1273972430;1842400573,776209222,1968478403,1995450408,243560101,1799518967;1
++++++934673789,677138501;1395009129,61045553
+++++++1054085835,363523514;1707775516,732863750
=======1998467973,1843399924;471120866,1363131320;278576335,1304117155,1469054934,819041720,1328203835,2000703661;0
=======89943247,1618078856;1102953679,1082465495;2042738692,1209119552,1359367392,834844008,1126491102,1030738106;1
+++++++412915623,1023578122;1284880477,1125364020
=======1951477414,478258804;848290524,168417471;1923235362,12294857,2003525715,1374014100,209359244,1437053187;0
=======452376269,1060951344;1596122075,862704927;1297684853,306669171,621430243,1104236780,1982139257,482232335;1
+++++++808778972,1314869056;1243199555,202404260
=======2049093810,923766474;1261448510,574906343;1199557549,510152095,2122292293,1539334635,2119513841,1131721420;0
=======63892943,1218026909;1689230417,1244113263;827634181,1039194389,400570362,1992952783,1402840890,1983955580;1
++++++1067644404,954786087;198825234,370602685
+++++++36725780,1992667375;192258924,180786310
=======1958297391,1921839290;766923205,535997795;2079549953,1733559221,1629632345,1711533369,1104865530,634395228;0
=======1218773100,1887437740;138810783,290760779;1935753128,460491471,2131359477,74840427,932326651,1731133809;0
=======515305571,1105896880;1140245962,910693885;1385279594,588039095,319031502,152189403,1785065841,1157784745;1
+++++++1451278727,1257436218;1596037043,1295510468
=======130439329,1406793520;1153414927,810661211;964537125,1875748289,1599945407,1905649977,93580389,1286899163;0
=======1782954812,738344853;1878403647,406933454;86518411,1185355714,1804989050,773150937,1734422422,1112339478;1
+++++++2016387333,1427042361;755527645,713879971
=======1072289016,1810043784;1076179304,347959125;1627740959,234781121,324242618,1981961589,1690652904,398661314;0
=======941378717,2058390067;1654074148,1220834103;695675561,1914486303,921287096,954111394,1544644796,574181319;1
+++++1783534403,250180987;356859336,1826462785
++++++442211604,1579276140;1824913422,2049026479
+++++++1947416383,1245238902;1865995035,1288402358
=======941789815,476378587;353194761,1018739162;2003080972,2090664054,1165116880,1333059328,1966968227,1658961685;0
=======1068401615,1419523808;1334701710,2046750618;905410037,282019720,1917244045,1746705569,922264134,2111513451;1
+++++++1985273919,723435052;400744532,495996817
=======371060017,964562163;95658722,804438771;948240186,774830289,1337812495,1432507504,395944000,462794664;0
=======564715906,2135360761;925387669,1022057951;2126362122,1966247481,2082264872,1667586753,90466527,2132591934;0
=======298635403,39493251;1916796118,589652138;460003672,1778042156,539090802,1806470571,186252582,1647800827;1
+++++++283622303,295638534;559925532,384699068
=======1856043603,994988379;1254609675,21380185;967242042,2114833377,1307024680,543282772,2049536030,1083424995;0
=======1371845612,1176435722;1480671310,1567405415;24234181,921560662,109887496,1268796247,1929162628,37368332;0
=======1183781943,1470239732;520570941,231819136;371481449,323398800,909795138,1658631117,2139787853,2104056110;1
++++++90890881,1539749221;100988561,2061938582
+++++++95361193,1702070740;53687554,2032339647
=======676153411,1388412754;736605847,1003959642;216695968,1257992475,1038071642,1092925847,738174972,1297724167;0
=======2890339,1825674263;1757217372,1459195584;95145780,1286015378,961668108,1431209722,247535360,1505483097;1
+++++++1164908387,1556853169;1166640890,179758708
=======1206253451,1614049634;299931980,437857392;1518943471,1023222987,935728360,1111813641,1279220523,1177683343;0
=======1926593933,265653374;121926901,639154831;2068241037,1116676400,138930628,2037736049,718111612,520257210;1
++++++161753992,980904811;384704131,1507801356
+++++++1304921149,2057943193;1352350445,746077304
=======554211547,309755559;785165980,849741805;958588178,736535748,1976407841,803891788,732878340,871077164;0
=======2132460750,81363087;738370856,822505152;24725961,1787479167,2518257,547057909,1442658102,1865792299;1
+++++++1638641796,1099856036;475581468,1680151377
=======1198689791,346536121;872891406,390914540;1153167537,264067687,105937119,2016379779,1504609752,1950344777;0
=======18934971,804570120;1471334251,1814539291;823186732,1012307756,1084508755,1138209913,1371579897,1724014149;1
+++++++1058813767,686288504;278609818,1244568372
=======573591584,1930385937;1933387675,2079148608;854392324,1307662824,1784766500,289213154,1187001064,259781684;0
=======1809070369,1158883082;1090451203,81388462;1569329963,1000884240,240800711,1519979195,50309427,1541962366;0
=======1085843954,287027871;2130142901,663684138;2030042020,1658786180,1145423286,1010512011,505410760,791384230;1
+++++396903881,1466418320;969421819,1360130293
++++++1744906719,2112915733;1176256253,545208912
+++++++2139601861,1281185206;797909470,1154260153
=======1859813312,178805933;324979178,136844767;153584817,1758215884,1738711983,1994894767,230213176,820138028;0
=======1123868905,96260657;1093881218,1668667066;589805651,1810827709,1871870488,356677900,947528008,368498431;0
=======512658344,1516722278;1193458080,1256503895;1168243379,1826941177,1552621864,1938007049,716995117,916451843;1
+++++++2066222042,443614389;1504287135,1605092835
=======1766154439,1530789548;161389075,408714023;347734534,1904181534,2005530555,1732058918,97704074,1293212126;0
=======1962386177,614222124;498922341,1827697037;377608664,2124536766,1136586793,1110868175,206659889,192218485;1
+++++++1171683002,355428395;420762710,230673594
=======727296403,592423428;1337147814,1671333813;463365093,1187874220,280141305,564921642,931794618,1084089423;0
=======1469175810,1214058426;76127777,1261382681;1167931112,1144866015,425986126,631726076,829783886,1150547577;1
++++++2057078832,637143258;412735452,920264270
+++++++1010287559,983546710;593551651,418818379
=======165780556,670042968;96672707,1170831451;81591674,655695396,613519300,1126510673,496964560,2027371224;0
=======1517316159,2099852368;2125505699,1329903332;1890868606,1024829570,966814533,934952267,1015522550,1056386852;0
=======275551682,2005648430;179739351,1355125009;599737146,1481447548,1701436776,461715950,665980649,97618735;1
+++++++1077181426,1279739024;747756985,945376965
=======1273544606,380958517;1016773442,2101094891;2118091686,1604983888,99785869,1486933536,792781775,740876741;0
=======90151443,477339348;673093161,80609029;1116789065,1086602810,937205697,435571740,1618458754,1599175186;1
+++++++1677010354,1809531346;136209941,592241816
=======1070142117,751043253;1306913081,1916324060;1881501033,801332365,957405743,533240096,9424315,1206425662;0
=======1815085249,496723224;721822053,1350313870;756956325,1254253279,1298586506,946986564,1553816745,1170791561;1
++++++653774479,1831319542;206633394,581321996
+++++++665388805,1752587204;1872509371,861668094
=======357626742,650252252;1174267947,484875393;1389098559,251880121,420212074,1362404317,630949117,734919991;0
=======1122341780,1171044742;1784509539,368509121;295899141,319763055,1128816782,539839473,677611268,137252534;1
+++++++1434780053,532543792;203379710,1560787007
=======86434930,3497429;1140495900,197756499;634927174,1724298681,1416492812,529548267,1273631853,1597051043;0
=======812632454,1500071669;1062038869,1039541392;914449550,1193517934,458370933,510065656,2041503169,1316866984;0
=======1446507327,1700147754;1625219939,1821250718;1901735651,1342789684,1129146469,2091064135,1681099603,168111582;1
+++++++1083756267,2007540911;1934041136,1501250079
=======1591183008,535987345;50655507,1020604322;828578427,1987762844,899342628,848238066,128581640,1246664603;0
=======993051566,687579138;740907601,232516345;305971008,1844894763,1200353590,1655315498,1843132174,2109066480;1
++++2034474318,2069614531;1432384121,1663643364
+++++1766780695,146185971;553758102,1362790053
++++++2030983096,993383022;1358215157,1233842444
+++++++398712712,1259051776;1026188802,1352859761
=======1421722153,1516401201;573592637,2113486802;268412317,1180245029,907294210,418415851,1818736536,1952341581;0
=======1701772038,1378875490;1946766936,1404983465;520724610,1152109529,2107705045,2015545011,1916116997,457288303;1
+++++++281676621,1687921337;747290452,1054213756
=======699310491,308602453;1066733917,1647811518;1565010095,1094866759,1464187350,725066914,1039185524,1561620046;0
=======1487903335,1111578475;794933546,1681796321;631850143,1388150517,476221407,1363415311,1896663770,40695997;1
+++++++524216999,178910580;2021852495,1230473479
=======1551153420,816520408;881788039,605214713;1709941785,929510276,1879610044,1955385839,1550570396,1052310134;0
=======172325317,1930953672;576008305,667661065;1867765269,203787107,1426738425,1130252272,2003144245,903822877;1
++++++298129872,1739386621;503792365,2047431968
+++++++1927057199,825707512;1079314219,1591097806
=======693199468,1614886212;2117013710,580722646;1109437779,27513923,145410410,526519971,1199673090,1051956678;0
=======336853662,533014789;2139454268,1401416280;417111587,2027329640,2125093786,1567911218,37634084,771955393;1
+++++++62226483,616963577;1062293998,1701027905
=======1219602944,1980323898;975205365,1562011654;1467051143,1307261664,1073405668,1766858319,891297069,1339950283;0
=======134918904,441692579;974072618,255220730;2070900253,1061977604,798092338,705494152,98064487,1679698748;1
+++++920018758,993837347;354054072,1153100323
++++++1063552621,1021302342;1632273734,2060790650
+++++++12411384,308560605;1494402088,1051042294
=======497767323,2063684830;262551314,1593810232;494840263,665629791,1701484308,1668290823,1218327395,847261918;0
=======1638167117,612737780;1837935468,910839479;1634799998,1324609300,1015712582,1210581499,150726762,792378145;1
+++++++943133052,95248908;1966398711,865297766
=======861091509,1833301256;1039469934,532574309;1315139742,1308462057,1959786154,1457654395,1387362606,8950374;0
=======841728914,1487641768;1630449201,371253934;1015255432,1864349371,1914547246,404257207,625879470,1917230818;1
+++++++1870877689,729264578;1154374446,1294671537
=======377796840,1871439276;1826559583,1968616108;713408676,1799319935,1504856364,1084673120,1781464907,494281660;0
=======716935061,2090609213;1505969501,1007974547;1099077506,321387523,998460687,651126054,1319509677,1225667089;1
++++++671036779,143121153;1960222242,895376543
+++++++1511670533,755838648;438251066,124796797
=======1349122212,596763493;1198055160,1075545109;457151190,564554814,107065154,1050124569,2013559434,397113028;0
=======1705380087,1750668684;1952195631,631129776;892680896,1332020198,1244539906,33529445,157776870,151171878;1
+++++++537978721,352958793;440184252,1803317455
=======639750304,1715356234;1141328072,1126781459;1001059850,153789378,1809245318,1029532407,475167862,1668157626;0
=======1055318432,1826084216;250227690,146539327;9813231,736632279,148391343,1038899318,1835467515,2021402938;0
=======141884244,780963535;763021265,1213138042;1027904062,968144069,587329332,1862215158,180161895,578738426;1
++++++1901214096,850127339;697688039,1869533583
+++++++577788829,875920003;1437570179,1503019714
=======1653943883,206463928;1242269909,81356500;48400996,1324669743,1441371882,965689952,1969195249,627130567;0
=======579891234,980774182;869843663,635950764;1075173399,1426478456,105290441,68862630,772210349,837876135;1
+++++++2138171934,959858148;1549327921,1419069887
=======250460355,2121099445;170140357,684038142;273089030,381094749,1040029144,382077989,1708463108,984523523;0
=======969772579,1361596138;857861528,2000897493;434700132,1679553245,1383957881,375635062,1602843948,152574722;0
=======1388245080,1606930483;1298286462,1516857666;1340701529,98300242,1520499252,1107569870,803506772,933827352;1
++++20411277,2061663389;510061737,1836859424
+++++898404113,2084321291;212309788,1222688063
++++++830843502,1578024930;1071128189,182070727
+++++++138457536,945812180;240692270,484025452
=======170161004,1680935706;1400716938,1186650873;1950926648,1280140226,1403410178,1154875136,1593215875,1507189710;0
=======872821789,1572870923;694696529,913721148;1821377424,91322742,89250096,732845738,346348917,872657606;1
+++++++207753732,1320633167;1542106911,1574084948
=======975798458,792760666;1747603714,1538477786;1328356903,767604817,2097656697,1804499559,963080234,661883062;0
=======765362648,553802375;1575033629,1667457980;1248930054,1375144586,1333228516,1018834249,1216575929,844007699;1
++++++1011001274,883706549;870683665,54557737
+++++++449786157,1287661072;1979502219,472314641
=======1256203423,1014146217;1914671896,484901555;971708617,346471072,327404831,1374381383,30999096,975733894;0
=======1887144822,827133086;803666302,439837537;1180289606,649130629,444620527,1996594349,834152519,1015212976;1
+++++++227531542,1147736869;922091080,220232884
=======2078785668,1290775297;383044333,1125623390;1210397065,955045249,896386613,1229806388,1504940799,1208337475;0
=======285180385,2932605;530420629,1614647598;257731450,952873007,1635689969,350703240,1777468048,355448716;1
+++++940669685,1214112732;1756842044,285336596
++++++1463419953,944250376;131827875,800012139
+++++++1583412424,1441392178;918747510,686701036
=======2004174103,1611793747;1985638672,476164306;974879749,812467710,1714225850,462102658,2035868642,1354642796;0
=======304369136,2124823947;2098782908,780614973;1961566871,1597906098,2114060732,1133272114,1397833964,464282678;0
=======1324421266,994242863;2129748648,1198990835;1088004880,2091934110,961868607,863655217,586198288,139470454;1
+++++++603332775,2015777095;1829393635,1348093894
=======1897118568,1485012151;1763860193,1685372850;1767633375,624380537,2081371845,258406646,1191697390,1948436892;0
=======172386738,783790279;166692600,1205814225;246098859,1005451751,425886911,497919879,1854436257,785067908;1
++++++2113341684,1864582641;2097511279,331456491
+++++++1112338011,769139704;972973803,1225298687
=======101955157,436460102;1475647988,1294300476;2085862526,1090126739,926325368,943183081,163896060,289419489;0
=======607880814,713467475;966243304,510049855;618754466,1598651461,853116070,2084890253,1940196760,1156718750;0
=======386227667,1987737901;344862123,1627725881;394045971,448342022,2035199740,1702481905,753604111,1478729464;1
+++++++1362064869,228437906;40141284,1641041376
=======401547005,1322937578;1034070120,1820713700;1894046442,1061110801,1488985764,1383897005,846497877,983003892;0
=======1772069005,829077669;1544106803,1281538509;324353448,529789742,257530982,1483338570,2123910609,529173223;1
+++1512791452,641725350;585377709,593039460
++++1594358595,376401257;42091720,988042580
+++++2056999577,1185564186;1915203095,1988877179
++++++303562494,1438507848;387132821,1511601198
+++++++1015013335,1385445525;1933277567,2139851183
=======1418331213,189773238;1104038067,47503458;652808121,344009676,1206227126,1114880731,805083648,1081685688;0
=======768108183,906880901;941760002,1725249533;321351141,201628029,1121669586,1856439326,1663422547,511102641;1
+++++++1902635720,887454570;96276465,1028819118
=======1592480245,1457922184;1559960664,2119905077;1139861810,2038892440,1977620800,1052431757,407617649,1049178107;0
=======347212215,1275874985;417935809,1073783019;2066775519,764121935,1471017,1405591605,1275448497,423219852;1
++++++266696925,606920703;1812674088,1102188718
+++++++1127008341,792561807;2143382616,2034442096
=======1649433739,1482732609;2032877976,2063965383;146434233,25879129,323075483,884471377,1740537931,1467213781;0
=======1106882283,1131551782;1482757668,1642460738;77457644,696976403,977669181,677604673,159562117,67770945;1
+++++++930370908,641755291;1282336621,1401787815
=======2019298665,855124786;1008633327,656419394;107378123,1300915426,293129879,1535009500,1320115486,578549115;0
=======613073327,622912684;1581596966,1855306249;1850540587,1203339630,1760715440,1891861459,239224290,880114887;0
=======960202602,1258253613;407806110,1781544107;897740028,1780476724,1719718377,68758781,871697111,605988203;1
+++++++547423425,2091179288;142596731,1898426828
=======1636486907,788117599;1148751204,1094702269;991879596,1231688055,1356595999,1506733484,266530986,176136968;0
=======217136488,810441245;1105848308,1599778264;388694294,438169823,919734022,211453095,156470770,911828316;1
+++++1518755783,1313824840;1308782869,1154182779
++++++173479762,66638143;86877628,1158916104
+++++++2001271942,1332395783;1689500454,108182371
=======11823920,134836840;1312447697,394509605;1403426533,371944501,1967520679,1305078492,1480403062,1237672987;0
=======2128849465,1720415781;534332168,1464708272;2145195251,2016649187,708005049,790430972,351825523,1722118986;1
+++++++1566100801,1123216374;968691315,447060943
=======1510151002,232532263;1823126222,238346118;1154225188,1192015912,1282248440,161245753,1987386858,1128240581;0
=======1453475727,1558246479;681447917,1920712083;1830523212,240944069,725651099,529362763,151485416,658513353;1
++++++1535580836,549835565;1536382015,1414068088
+++++++2016291638,1263365385;879837563,783441578
=======1978887308,1077484870;1702656206,1115321210;1390901146,1306606424,1473796693,1232329986,236338222,137356296;0
=======69137014,1789761330;1297837659,69317377;1394237381,700109082,650706754,1982351059,1330191479,350546612;0
=======506564770,1587926523;1345359203,610681774;1804328143,7147579,1253373299,1252338706,1721186368,1276282576;1
+++++++203233333,1483977453;633468583,2145630590
=======1712913045,1267082443;1860324482,362885414;993862264,653166279,531156349,839247431,210964687,37938078;0
=======582290814,889813074;303710248,1353385780;1316268300,2043058974,976467375,1266001888,546114534,232645073;0
=======1051751894,674216926;1596182749,853600484;149323658,819413699,1152817496,1263284917,281571273,265216676;1
++++207436150,1371177874;1517720485,410807641
+++++1505050549,243129797;352338599,1845637841
++++++1124949334,891406854;1753269304,116109494
+++++++330889382,1762522796;1282547265,415334120
=======1729378955,402803878;736860845,1971134238;804884669,149501161,1471090495,1350941304,1246572751,871563315;0
=======43118579,831782278;808757425,425547292;508188074,564805314,343408912,1855373886,1573645696,824882934;1
+++++++251474031,1213051847;3717905,2047816728
=======1929861069,1232267563;1819803624,1454861303;37588729,1631907329,680101368,1867811840,946854885,786481360;0
=======1762521663,1292333755;1251077549,1234335114;784259809,328842879,1160867672,456089527,1465667697,1471260648;1
++++++227593639,530353303;434682553,616663114
+++++++2006474984,6332347;944996386,851973431
=======491448419,727223751;1684805872,1182592959;1891748629,252617450,1061911944,1888004057,1924712941,978358912;0
=======281209679,821780538;1306250300,1500191310;164330482,691558732,1452062872,916175443,1383235486,948082054;1
+++++++1909147612,2006959320;2114963515,1458733743
=======575158199,71040699;1898307239,842593311;83165255,588658271,1541978698,1641337361,1034517035,125403423;0
=======782026806,289139056;1356738756,1229212370;744439488,1400981902,1858626868,210698607,1891001335,2117568646;0
=======735215497,1092858419;1770783972,746409134;2142470127,1308561670,788578049,1047944442,1335453729,43064535;1
+++++1354578731,2111720095;1599816821,1692876458
++++++67421245,1509726277;612613354,844175132
+++++++1601561307,960023424;1909172661,512614691
=======254740634,1229924854;603180628,776393111;192872661,290048846,1690625387,224895475,184435378,1850259024;0
=======1806596482,2086442647;1799956134,658343494;807313155,983152531,844725781,1795387122,1133522304,429997276;0
=======1664250150,1121752716;1310903897,1560978993;45993182,19716581,157582808,1429940182,891952872,1354154684;1
+++++++602986403,712613725;524960054,1891709137
=======389552878,235727537;1083760499,919727176;1277525598,1829246819,695930065,609064502,383399130,1192328832;0
=======1737164222,1691539443;1634160994,143340173;300355983,1076175028,694784481,1937380903,1642131627,423637688;1
++++++1947882232,1690128351;1284438363,55262029
+++++++409297002,1132442310;517481638,1532447180
=======757803779,1066520718;78408346,812985223;813853404,1646884238,392579094,1914923868,1433380379,1550194034;0
=======209640891,1547454441;260343121,1096161253;1945005400,1248184737,707622034,1934274471,2000071506,1148278397;1
+++++++1095797193,413573213;1672058432,184096584
=======429853181,45373591;523185799,1762498680;1511376430,224320539,1808684078,1379299193,768986447,249845051;0
=======1958988972,315624542;1082332238,216614915;809488428,607306771,1187477240,1264499887,1247676878,1763447691;0
=======1301215323,231516675;723914995,1058049941;1648064415,1974167459,1353199229,1930612843,372831783,958603520;1
++++532117696,1334410389;40244750,1168779715
+++++715946825,1617900616;127581405,1311850148
++++++1220834556,1064668006;1631278327,789313898
+++++++596878299,1573566208;701445568,742654760
=======1871905635,1039677708;1522684507,1489245414;1298713998,699733712,797033114,1683486005,1738011501,1187789443;0
=======1268531778,161642378;1724093359,1149028663;1116305498,1328493755,747107757,1692814463,148442449,1314839895;0
=======588352271,178699853;1554086510,1044108471;715979970,1411193473,150757712,399711373,949362574,1387215654;1
+++++++841154902,1760204595;2136754717,564620785
=======248013865,1986913885;152073479,91682444;1538589349,203174661,319814304,1180343547,1444300901,533786461;0
=======346721305,246964647;1070245288,712659261;189215244,1119806118,498819691,273599242,1372318934,681187008;1
++++++1524337861,1571239193;1840168628,873048469
+++++++556384661,1270629991;1826956940,1118047691
=======185406280,161428499;1610339109,1847314475;1482856840,1539508000,1360966561,977088285,321996673,1834842818;0
=======1154740224,703944695;1365748384,45027678;1003854218,1869749512,2131207988,842260086,2130059008,1469597290;1
+++++++1463152493,754476712;824824878,44728779
=======1605441574,899782707;1687385961,1834814736;1370728833,1280813677,742269780,2125117888,874416637,907616332;0
=======1536284798,1869877318;626922844,850105067;2078876245,1084939596,1952694680,848671961,1972831130,503424197;0
=======1734758718,1848215083;1967700457,1765070303;2073220193,133196591,823673249,1724798195,1426127231,373788194;1
+++++1499265648,351411277;463756480,658500670
++++++264993053,1915608254;1684861684,1423786534
+++++++1066237373,943922079;634386268,316167119
=======17090704,1883414816;974702914,1344643080;8676728,1224304179,875847777,614019676,1287386108,2093410715;0
=======287709953,852806024;638536349,1106213731;111717178,535614171,1701865912,182470118,1609840544,1915280793;1
+++++++1093695451,696785249;390305668,733599587
=======629367598,659189067;127469296,1257046038;954063263,2105135231,627991769,1749267810,134435713,1852314954;0
=======665805441,58842658;747583705,479518393;1115411910,1446715234,1010971955,1702543312,1578552695,1766314457;1
+++++++196468133,1752004518;1034467703,1880926735
=======1978222794,219447731;1392961667,818623549;497696209,784507393,1433396578,1680845295,779202794,1911096305;0
=======544954579,1490785510;849691556,1861046130;1791292493,633086769,176979086,1880694583,2092421344,1216690392;1
++++++1432977311,1527483603;596847063,1810732338
+++++++413673381,483817803;1378126087,695818423
=======409858951,1045611511;1305771286,1702803562;1461950254,222804158,1563890854,1733861898,1624012804,1053505042;0
=======964669891,1549132380;773822831,651984640;504066462,1752350981,980507859,1801754430,2068353827,1265009296;1
+++++++1408013540,1858520810;1338148944,338505999
=======1590789998,575324751;325544763,2093012157;1795221167,2063004169,1930920779,573136030,168549543,629674565;0
=======804923391,114114749;347724829,1869470708;189443053,1163968554,1017830751,1097986308,341357575,269183001;1
