6;4;5
+1057399132,2120717599;1379158786,813123675
++48483408,2051899629;1017123283,614085208
+++1922645834,477814663;133412726,1375223799
++++862748838,181215122;485633530,458276776
====1661234084,1245825433;140924469,1676836228;442069783,120481058,934631070,1004822679,1953847426,1560101141;0
====1026251093,2013852807;23413334,616979669;1613569884,849085081,84572675,2139627169,876996525,1737098608;0
====514527703,1765106929;361404895,1016034263;1191483236,257180896,1027514195,757378839,1200843095,42251226;1
++++1098162412,1928389896;1980660007,2062812604
====1299515727,1189775182;836983690,339203838;1666424237,1510704369,1200658534,1593113296,1813851017,1741273324;0
====1640976778,1637555373;1339671699,1898722587;51030169,1392995150,1649420567,1053092486,520424110,305862883;0
====1254034378,2020260615;1045304712,99335299;1654850980,658375870,1538176582,882495455,832064376,946831502;0
====1362031206,1984030888;2053307388,1770808937;799798695,1248138729,2123885658,938696520,495962756,742084927;1
++++945353486,1861679675;1576283378,1403717190
====750843387,278079410;1864027413,1392213626;1081479815,2098442898,439809320,903864493,1752764881,1565750896;0
====770065595,820775067;319416900,2018407775;2113726518,1773680247,1142211779,236254487,2117860331,1903493847;0
====1231406721,728033547;881330288,1218839663;701481368,720864583,67340893,1044200975,872921476,235079201;0
====1751831744,752242596;1431171920,1453383237;62733441,820688089,1103320595,136883126,623395143,1746624155;1
+++1057929541,219774745;393267536,1240631645
++++1534126832,1972559345;1689603663,1213762777
====573421773,1368839969;1215055850,69993679;506768681,491409719,1911823088,1871856983,301848792,248943237;0
====184611621,1092934502;1807555671,297986382;1951237173,1173661242,2047832924,1736241733,507391474,288517088;0
====1935157606,1514416694;906121827,577286170;1934317194,2004205368,1348118530,49202447,659953998,262618409;0
====178450902,473868835;2020284338,1431432456;638778990,1375845948,611337725,925662532,236240007,1420482644;0
====38645580,946860205;921023634,1849068812;184685148,4006785,196860005,1644607412,1337791600,749199696;1
++++474514977,484305462;2110549283,920313469
====314411571,1949307484;1259575985,1978192412;930576984,59249710,2007916146,1849317136,260358189,81094612;0
====273057764,811562298;274458768,683561634;267189650,1136747262,1930618872,957551674,1783560310,1875473104;0
====1248181749,700054551;290747589,474763266;1023216402,1650844780,1303590799,244811659,243871614,723015523;0
====1473465853,1065254454;1801445671,477514045;2071084299,1492289130,1133113768,1310284096,255410808,562981457;0
====360958334,2049642910;1729412065,861868912;652347546,1001068782,228174331,1725883593,25090399,746692600;1
++++58647790,294688678;895040292,342790207
====1704689981,817556727;1136989907,1631363354;1794816814,906644567,1761686157,56814095,575727148,48093319;0
====1001685184,251067782;850806673,1965901561;797088490,1356420059,510880286,1319842019,1157435682,1403635641;0
====799274295,663450805;154840795,1603654255;1962636338,1355164960,2063559269,1397671595,760418423,70180046;0
====236361236,1252134195;206048362,1152051815;2001125200,197107005,650962466,1483104621,55017929,1937222224;1
+++846701765,676429691;1398409256,1265643733
++++1064674058,187130611;1968371881,198503727
====336290669,1381903662;845671499,83036864;958415015,1746075277,2008658873,935349091,785943449,2030042410;0
====958710836,1402925994;262045968,1937117506;1187579537,1010235630,1102235882,980362951,1266893305,1148363182;0
====1451786420,885686394;1238252661,1275001697;1982976473,1459400824,1056055628,931143513,1751527329,842083552;0
====906849571,509311271;1515988906,322688084;1909432713,799372801,71548573,72943348,373842996,600984180;0
====1638492416,525859237;188750981,1643248175;1097809663,932119088,1603875786,1446217482,623876569,1533180541;1
++++690752804,1382942707;1358304840,1069587944
====668961547,1618706421;18651696,66335333;1174558536,1270479592,284707209,737074591,564561894,922297266;0
====637685545,549197811;2110206620,1332829709;905433893,1676130377,2123329873,939423730,20483341,2014839486;0
====1281916378,610147468;919837557,800837421;1631213418,676577707,1104608864,2086757371,953741278,1972299881;0
====1311701130,904935906;845471695,1142004342;1390963555,440284609,18907037,658959368,1960156662,1271461759;1
++++48206114,910930474;1140837643,1714325551
====202384130,2129298582;1943690635,1159515677;212722859,381795352,1749229694,1386087342,376599699,712509834;0
====189204123,239085825;455641936,394850314;1477917397,846302626,2055638969,2060740826,1178631141,807244320;0
====1644613777,243005447;686996090,1202731332;2109424917,339082830,558290246,1000488732,422641308,1131533779;0
====849324811,961613441;347874871,1088474065;1142914240,17876593,2133190039,1810919666,151853099,897473171;0
====536335937,1611191349;1263083574,142376684;1618558439,1078939819,1142317245,1905860243,882117403,597064932;1
++1013470606,889125157;1353936310,1690345629
+++1092264157,1268475174;1606425635,1287523569
++++1505531173,1734622249;470749496,863087243
====801912938,138301648;708796083,1381866277;1403881580,2046985408,767695082,2125863686,1060789871,270216493;0
====624354623,1774271638;1516877482,1445469523;1328049214,1843081351,512313634,1973024693,220444904,796628298;0
====67846728,1189994552;1760725623,380429567;1281811613,12324837,1447365649,1447744044,1456684560,165429076;1
++++604087080,231041910;1133095637,900755539
====675498999,2007371775;1804444964,511787082;1553182524,268477839,644041467,499293075,832529356,1172318133;0
====1634099108,1477684544;381997525,1070388573;293413468,480063261,760799963,5061368,728960827,140115557;0
====2099398407,810900849;1500277481,48033199;1621685238,1819018105,658958255,783015248,1863109775,1127840852;1
++++806283109,625397969;555893183,2025376088
====1974024577,1943929293;85731479,1299060789;1580026960,1888036372,87703552,1243797711,750233535,1627478840;0
====1886063366,417357441;848360326,1823078223;1199561504,362028698,1096031617,1244690423,1057706933,1165200851;0
====1424676163,637059775;1780257612,1752998866;1893159210,96961186,1520569907,1836210047,526797997,630487920;1
+++2134009780,1272199270;937037893,1364867551
++++1361207684,1665292434;1088072132,1539867410
====939279202,1797471214;1898443345,1819035582;2064818819,2016439983,1856812283,263805591,957541684,772161156;0
====1795696110,613591567;2130571745,195200846;419985168,1471258494,1509866761,1356074293,953259614,827789048;0
====2126918463,1112606433;509908911,1428356749;1798670690,1714135594,943961134,256523000,765658285,1688407391;0
====1657053974,1526907092;375465730,1577198780;15505474,156372543,366479168,649664613,1102309002,1495666383;0
====1097068032,1187921673;802161679,502672737;1712936838,395627135,358964227,1671515987,1266421344,1497544174;1
++++1343855014,1096487674;403914231,543166290
====65178469,1025878661;1370224817,1178691968;1232422273,448012613,291883913,153726259,648099709,107343239;0
====1167425413,124314616;1613524689,167110946;1772585366,790606075,1740839919,750463422,635756080,354653492;0
====1145078260,1998836563;2061726242,604038484;953372762,2112985923,1058902993,800818933,1802641170,1847257041;0
====1161597361,2115617174;801422059,535679248;1150614440,470119589,384157026,1343523868,1232832463,1177035724;1
++++679628667,355156577;677300159,1085715606
====238615535,1340002392;1731156683,1882990296;1081563732,1504147294,2053217867,823009371,1655149154,437740133;0
====164274994,243152913;5312658,1397299986;1327445531,1928024331,19675133,1969511611,1824051918,632728532;0
====633190057,1009178284;1861907251,1724022046;1385918028,2030790831,1709923899,256347455,1454979797,520854449;0
====834269404,665322642;614077195,1622899626;43925277,1307994629,1293998397,260790840,816854696,2132615007;0
====236865183,805032063;938041746,553385767;1395106306,2105073781,22363733,1788778086,563280623,278169575;1
+++1844203723,656000201;2090582644,2016613368
++++1554946753,2011647237;1032509484,583769443
====1449727642,1560419921;815155807,412393098;1792945073,1636270327,1138943124,1891044815,1184612935,426894188;0
====743903545,1055175564;545257180,222209187;857336851,1563452684,1398670930,1387630793,1023329795,1858484020;0
====340523618,1933094256;1075173205,2009509494;1969221448,1297657411,620032469,646402006,1805584846,632708905;0
====2084056157,644153293;393563413,252209800;1421984085,272256490,928514790,206842317,579984218,1606043439;0
====1164630874,775156394;1301077547,152198436;1445535910,310266406,1583141314,1842893303,155118868,546036121;1
++++231563613,2110322613;448424991,2071760237
====920417778,593006730;2143938655,1470345366;1944626688,202992515,424594050,1575601796,1940223273,1199050257;0
====316574836,1665739809;308947334,30427872;1450396458,173495743,352274425,1145990093,1861657600,1667838982;0
====344059282,550782583;1364233386,285136690;463690850,1821105144,1388996561,1236163318,1552915136,591737228;1
++++1677058060,478734300;399670175,2043998778
====1679003210,1480905697;629522726,1430480465;230938472,293921501,143893999,1231996067,254305855,125393054;0
====2008687162,1456109655;917562186,1078345491;1187736082,1236475062,1874886980,592467783,264921209,876949544;0
====1802676633,364908991;874566508,502652814;1301425866,1419415051,1545017724,1196476197,1371382778,82279741;1
++++659274668,1993071483;1700571968,1090877384
====1339414296,373875549;252672492,1962482937;153321912,1487186550,1286939950,1515260697,290253667,1786573682;0
====52590028,1920638330;666308198,1171829891;491961821,70363894,2129520594,649124665,536394821,289472412;0
====1697494243,1482019121;2047101343,869184490;1027147314,2126806738,491589259,1903140818,1868671295,2139431304;0
====925505709,838344595;1102194094,1143994294;31045580,213137445,1959361541,355637938,1845684799,866437154;1
++++1037760762,2136196556;757610632,507806238
====54664309,1482896291;933160380,315300719;207001435,418823394,1857886044,500775483,891009914,1239397398;0
====838980629,1940147525;325804262,53402672;492158007,1314412834,2080818414,86828715,1416543905,763849592;0
====258269567,1854071215;726872485,1503137583;941033390,1860295003,721946761,1241696551,44389944,1918314509;0
====1566477803,1692219516;1608262276,1698895435;284797017,1868724627,457155028,766078458,125339507,1081908752;1
++1184835761,1897183212;633677424,1564986774
+++796038267,1543616466;21660334,311154229
++++1145763710,1023940511;1116736065,197713838
====804598917,1402239050;1827490061,1142711746;995651163,1358364261,430331929,918050388,1509930651,1702484689;0
====1715819743,1592733849;1659395525,539394121;2146259378,1454244455,837625980,1028539178,219310195,1593979015;0
====325923186,1800686259;739900331,559875723;923404314,1062933875,1777843332,1514561374,1543690823,2135077183;0
====583331463,1824866320;1897677166,1943204965;1949348235,816679060,577990540,1425213437,1858148205,384519887;0
====287281498,1530603698;596417857,3246165;414697699,641223164,176503869,938081095,2015128372,1654537856;1
++++988214089,1275666379;1735547913,1492344018
====1652818484,1016471386;292643420,287011323;1126494850,1413651433,436266339,290676935,1303933576,1075618399;0
====1151461692,158880174;1605769548,1854619266;117851199,1258736604,956213986,1551281283,1419382825,924856381;0
====1186024422,1367994809;121952021,176299661;1148352421,1434635170,591114277,978043468,323709962,266313838;0
====1008620808,109606624;312291585,1847270473;2062775515,1832340654,1822095018,1411516027,858558628,569049907;1
++++690610100,1468163042;682502899,983448990
====1359310589,186337947;137471626,1285771970;26382941,519085026,827633869,1613268415,1790226627,1716753754;0
====930639723,1287943275;897153220,1963846976;1291183082,266531786,1922453419,585022651,1796588715,1729845414;0
====446034673,524570274;302690939,815961356;424742545,1669413429,143117101,643361509,98908342,1503714974;1
++++353598285,1247279174;189172448,1753288209
====2053817550,874566243;636496505,33706204;514691567,1305015845,524658736,1643091382,162946543,1688766147;0
====122923218,1991071223;1747719918,779412067;523234466,2072498219,1056943100,918828297,1285403561,1099951226;0
====2111398545,162252839;2136803983,503747391;1663813330,1446899908,2113705346,1625382748,1538702030,957503182;1
+++136999661,304203865;226235321,1800702879
++++610597344,1567921376;1455379881,50005513
====1158947625,933366280;1674891065,1510985583;488004210,1523030977,917167072,2086689876,1938807118,1073379438;0
====108926519,891787432;1372886622,1264349705;1223442519,1769668052,958116247,1247284095,225632253,267070206;0
====1275576524,1607427096;292386406,200736338;258767377,1598568738,1200900903,409977889,1687537176,919361413;1
++++1587120082,966346747;1117745006,1699541364
====106651185,473794965;1163237114,41103546;1617500886,1205155900,600961908,1453030897,864634526,1206103465;0
====1069206401,2142491657;1842681623,726957389;1884451698,693399465,1232783416,1025106763,1235042950,1925202887;0
====336822806,2139466583;2103866575,453298003;1765824789,1633168157,1136025617,115096815,1283397267,1962507723;1
++++2086655033,1340825503;1864917976,1291085076
====136323255,514685755;1386855168,2113621196;1877852758,427713539,1261768435,1067220187,351074848,1532224891;0
====946379419,1799142264;2126960165,1893171731;1972439066,161502889,13462683,2077713824,270300106,1821620716;0
====1893404838,642026964;531428453,432723958;760407871,82029265,1985434379,2073816439,2099935028,1933923025;1
+++849446378,52013614;1732267168,1283087646
++++403845835,1335871436;435546029,1944056304
====1310207366,1644906266;999021810,628371164;1545364285,1725279967,323065825,1245199754,1382612656,1944436603;0
====619098718,1092039034;1822514684,1497040517;1780250951,1134031537,740233311,1307837962,1202739849,1640236480;0
====1951573748,1516285120;716170084,537687603;73608551,201228256,304854185,89612387,212572016,82374803;1
++++1160538003,538434852;1628837948,1416207382
====873563113,1726561402;1527110704,1760581930;814388173,947236526,1312418655,413893245,154561736,167668769;0
====642409633,2024753527;953538558,161003176;1443822495,766598783,10635769,2057589283,610134941,2002497625;0
====872877333,773671185;811778111,1701196023;480508490,1524679338,1951838091,2009418796,136465546,231792852;1
++++1640992509,484804010;1660600244,1818209813
====1666469807,412486803;1170338550,1410521727;759547113,671606903,2049484218,1024554105,138548578,8593419;0
====976578736,885195516;1533373947,1157944016;1854716627,610620801,663314346,528978878,354358746,1240961952;0
====633286102,1096147568;1648340754,2024749220;2024250503,2056045635,1337246269,44574172,1015913298,1321984084;1
+1161172012,1824848317;722357525,1271432557
++37634499,34489263;310268232,1639652047
+++1851637934,310596552;1029134938,148544898
++++975311798,1395763541;572263279,1704641552
====1042765685,1452866191;1820442028,1286237452;724678682,1178911697,1161231075,445527875,1111384036,613507232;0
====1354219922,223508902;1916332913,722169044;1552238407,1857842363,1813130461,2091840960,1824649511,1041419070;0
====1454267968,100740924;1308973647,1505715418;97915443,1329904934,687815071,1039384559,70392802,224909470;1
++++1066885789,1131520218;2021847352,2087861018
====1483961842,1190028773;1008276870,1633910740;1606880189,243978517,1809472648,509735415,2000849579,1226668470;0
====873417156,1378565673;1907695334,1843894507;614594782,713154309,147107165,152883810,1967373503,1422303170;0
====1870319914,117315104;625198887,1927917218;1926671055,621132390,1240685688,2029513134,24694667,803787510;0
====1675859626,2027956224;745913207,693115049;741888809,1368149605,1826514413,339269656,402296262,598791551;0
====689529077,1104597498;1016302589,1682577202;2102347120,1495055341,1243231845,1272685155,1280898148,789128939;1
++++1453064558,1496188594;1643631363,2089841297
====989540781,456340818;497057799,467919124;524064778,1026896490,156232012,143422124,351349341,134501220;0
====1212512070,264624673;1151745813,1055916524;2132076876,2017193631,589410750,359178817,1022338072,2092484946;0
====1107050076,1202331660;1967140515,202899297;1688001513,423287614,429803810,208378645,2123382276,505234783;0
====2046372648,1058388028;187527255,114244746;242655299,585624432,942000931,227973627,472319739,1408500010;1
+++2007038589,1280848267;1058762624,605938477
++++74641161,1733513245;974374496,313641658
====573011658,878619884;156311834,804743769;932155936,380970039,1431941545,14316776,1377380589,463450548;0
====1803575200,1646424858;1051999159,611488789;140883086,1212250425,478053987,382617804,648259321,1388686942;0
====456670251,1091085529;831474036,1078959041;1544430448,1337124267,1610514379,2008694454,1620798021,776751339;1
++++2110046455,89053685;188545093,1543453370
====533168638,2054006161;1575429294,1495503922;1026304439,122265185,1765900596,1135928442,748275591,1494454127;0
====1968861932,706313288;686879430,477578769;1643556646,1619377129,966027951,1866363145,979866943,1643029668;0
====884813523,383460503;1660088921,73474182;1167124111,1298787290,1183134717,686464448,89429031,1221135809;0
====1192617980,164590101;1647338522,201886375;1750719479,1078668631,1759620640,634384561,1971959624,1967576228;0
====689144422,327064927;1042962717,1927916696;2064271278,1479999459,1418273240,359728433,64659223,781502527;1
++++1624571468,2099787319;1848732051,1590146944
====1263978486,12014790;1225672052,1867491621;703395063,725744724,1805747846,1013636369,1770377698,1515300704;0
====1201439453,1524940922;1478255262,1564636766;2049094343,15936701,1589915926,1201235136,1069979684,1802411370;0
====109852873,1408042087;1177264338,1620089538;1784038419,1746334340,1497972455,470189241,1151960714,406912389;0
====1818535269,365411127;97559250,1241747971;2071106145,164504255,545739800,336381591,1429443553,1318522243;0
====726057901,1939061030;1753307755,579700863;1693841615,1323589795,363190218,6880851,1185507846,1281672935;1
+++1539507049,524059113;2095665070,1732862299
++++595933255,1229603358;1042525738,481239854
====409900305,1280130777;1594624757,1254711123;1745921182,114427752,747942204,1205139107,1380230379,12058880;0
====1131022361,1476173505;1843366876,1793194573;195042701,1433270651,1138371189,678714864,962805193,1193824933;0
====1515183733,1628438411;587202026,408662872;1848433041,1807030101,571043084,393872907,1851106780,1494453793;1
++++1880901545,1047157320;1557015699,472229094
====1038920087,758108758;2145161209,210165818;920052772,34225576,162266000,611426266,762327212,5549388;0
====283837560,727838507;628431407,1039157360;461783176,1594367770,822376521,1551647057,2133416396,225778821;0
====1955019837,639137969;473415761,377033269;200841309,726257089,602513955,666157952,278865464,548719989;1
++++1702197342,1445197024;1003810128,1796913156
====1844387610,164256427;1430096569,1738261934;1606052620,1621113192,738610686,673744968,583888167,1761549576;0
====1995890542,488532380;1664614177,348743685;704279739,1034414940,682918443,998778419,1161622275,438837197;0
====262034872,2079349028;1747973226,730677520;1776315555,978692674,971520811,394996979,34812503,1465587522;0
====162549221,410583547;1230326658,1565681003;1130336301,1443550295,541345794,1750269711,867107964,1781095891;0
====974177077,973717505;2141340544,290653190;1702027071,1138167116,1119620029,1308339632,661583850,2000160667;1
++800964759,60925332;2000576089,1077661684
+++1128223904,1336081588;1460697543,133331956
++++606052870,650034985;209727278,252234415
====305177329,1257444360;622312469,1793141640;941697119,1513400671,69138446,749274923,161724222,254869950;0
====158782872,487748787;1392920381,1554643879;1397996607,235003926,820415510,834536171,475729365,610786720;0
====1519457575,839923030;1229561251,603679084;218099441,1174062410,678926000,479898698,883099025,1794594626;1
++++728731768,942336033;1524794049,1440125988
====1593058764,1164452919;406678433,1730161047;1386518657,2013381083,1038076759,447823826,35210009,1637680177;0
====895843721,1122498347;596861444,84962230;1145946240,767586298,909617680,1149008100,823866810,678323725;0
====1634506705,606614069;904927736,899133197;392656619,390723334,1376827346,956824827,1829884682,1893138300;1
++++1257232194,313517073;434561562,1650814658
====880847807,1971135353;1463664886,554415060;556254906,1039102236,1128914242,1841268632,87048075,590545517;0
====208354657,1190268380;882881364,676738907;956912038,1116521532,269090714,1315069148,1194240042,1742314017;0
====2127530937,2071283810;648926263,884504250;986608544,1317203690,610550444,1284742672,1273302224,1200292059;1
+++918090106,1581462536;1759307784,1342466569
++++1966254412,1589306816;750124053,1898576637
====2131431695,1838138620;1219484168,656813969;2035532456,1562479663,1860820709,214406467,448046193,1767110968;0
====1242729071,978828450;300971514,149785066;873450811,752523999,1364772321,1935188010,1184985302,1627435999;0
====421407809,857198246;620929052,2038506224;3742240,1486691197,1997565131,774303166,863090329,1399775571;0
====327966881,1818244456;818657473,540864211;2122520244,658992564,285238798,1719449623,1486018405,816924367;1
++++1338732448,225111841;2083011069,61465927
====885504464,1780899158;681468855,1607670237;2112605183,359988953,836865507,309366049,145433499,1228374612;0
====1428295692,226143678;817453064,504707028;844307836,531605329,137714851,1837680924,1255024474,1932127430;0
====280041962,1676106321;1997699614,2073686117;1695464893,1587259070,837996940,1127240528,1332848443,723585917;1
++++1160730892,155333351;1304115433,1581062682
====2062923962,1446117416;1827858524,1480594951;1516786013,1690398,1867187684,73554274,1525488282,1559633768;0
====287109692,519731916;1606091608,1721078984;1368961612,1504501869,1519564883,679231480,300518094,1804470326;0
====1494416400,2089802130;1636208088,1867064721;1178040051,1616132431,1590961682,1442021474,1743332255,2023139714;1
+++1513454804,908212;339504082,400294200
++++1107274658,1280362861;1322924484,1262340679
====2119854061,1238866824;497762886,2122792942;137477333,41335341,1143615004,950763117,1740966117,272528509;0
====1909353952,28559527;1566711516,1347397688;505814649,617592079,2002223936,2006669413,80108475,49939722;0
====753631098,1885173353;2142799955,2073571073;1747420008,1605339255,484584519,408302970,2074134415,1331974052;0
====46752029,862996950;1481253319,1350812481;712614341,936139827,132963212,1555721890,1462504731,605395565;1
++++841782174,1930369668;323135420,1673178706
====1605708470,41483320;495401848,2021000132;1474342091,713452051,1402729097,1889697999,432805146,848651381;0
====2007276163,1034999195;1080326371,911012988;880728768,533887024,1029068619,38692100,1983164154,233554722;0
====1292458588,1198011165;230440606,379516056;740591059,439993249,612206930,760237104,663116075,1381398465;1
++++857034776,1606174291;179709318,2142762326
====1572662838,813132723;1510210126,310035998;1078964652,584413794,1785573844,1112932574,1138541702,417370590;0
====1274240679,253316885;1851089115,168008806;1819301806,167233568,1114091658,285591077,1571766509,680405082;0
====101194746,1079788341;284946750,1110848134;1012334070,1518193791,633242672,1352494623,160179296,1425529160;1
++361703157,521263699;1059400563,1472661657
+++1932804473,2141387897;1110015063,1915856087
++++2038761577,484783323;1450348747,1597203389
====1028700440,533109073;1352882609,1286218695;1717921414,33600942,1356354135,1553296096,1498934628,1751135376;0
====163191181,1205957614;1759303560,1028844991;279871887,764298870,1237947968,1110085794,1836242996,358884836;0
====231086654,283388999;546783076,2113140099;700030038,308613499,1024510999,1337497600,1924114719,1769551473;1
++++864525528,2010007039;859273447,137837294
====1338013102,1580809685;542673106,1971595857;1399666897,323428817,1504466406,1458697522,1245643668,2115517063;0
====1427066837,1810268529;1169555370,687909684;754167990,492064540,10466485,507644492,1466658089,575472304;0
====293831469,847741803;431959604,233046944;867628836,2087643367,959387338,221300127,1597252438,1939102379;1
++++1314340421,93084615;308245371,1820262771
====175123568,220671790;1625513918,2119599096;425018374,1137489084,1285691153,1789584938,279732688,1139736175;0
====1782440630,484510904;1303172233,2113188606;16176457,606625216,584316111,2127502589,1233062110,858062708;0
====68784991,1872194524;1806966245,512707260;410418391,589929497,701401007,257883155,1117574957,1075289325;0
====163129532,831596891;1329817873,1607123864;1059848518,1740987430,938582209,988365243,422964248,218283687;0
====292331477,345162831;1445735033,63654025;1808187203,1716789490,1169050107,2021767606,303058815,262388216;1
++++1603181466,461160780;702594300,2031018382
====1543267176,1180126502;738220356,1293237124;1813792106,465121692,1448275175,1218583826,991474187,562348042;0
====732204428,283638423;948713132,540844742;367913716,1940110541,336439521,2144262545,1897210966,1767842248;0
====271814667,571840621;254793185,1819865423;1736622430,1346235617,473318195,1086561125,2065075357,198821455;0
====1108772592,1242399004;2106057092,752530678;1236636796,351749964,760118149,1545961256,1241688024,591101666;1
+++219936369,453047607;1992296476,1284123720
++++839639433,332817051;529250325,1446357435
====177999020,114135390;475405464,1143835132;604308939,1877943501,627407693,1923679260,404968661,600212212;0
====801333835,345121927;575014388,1125458182;622397319,1550649798,458169967,1550753757,1723300126,105145381;0
====246480530,1075980431;1247122908,1621001874;1541512536,687403098,1695549240,393572663,1158487191,1947259790;1
++++450764506,2140999588;1061595104,1496386063
====1603065320,1753894840;30710804,1739321631;2133342391,911367996,394815447,1754178276,836951962,1478458497;0
====1888214078,1234124648;1277986073,1919366495;1733760800,264131281,1381661209,47273054,1421046979,412207127;0
====1110803798,1241869184;1670468814,800128934;2053034469,2134397284,619505797,1263467931,1177990708,599268485;1
++++2142931847,1686768378;760271222,406246766
====1168164249,2062316888;1702375460,16739969;1518767383,350482892,897078111,1350796036,234041138,844225119;0
====286288465,1389775575;265858804,548006622;2121259895,1401163756,31229905,1455575202,1418949569,508740868;0
====576540240,925722216;1343199139,1598438114;87914899,722513432,1427506609,424041658,903108557,1486991286;0
====1383631168,1900298714;1669294323,234004021;455359333,2041061776,137406544,497767920,115417737,1969740074;0
====1751202422,577670272;1896272562,2015704057;1707138244,1382456608,1356745686,930244355,771774126,834279814;1
+++1631673959,2043135433;1785035835,1933699423
++++1439681773,1997323850;2059848740,666349701
====554998934,702091365;1258782142,1309830856;1898326685,1735870412,43467617,64874828,2057439054,1545850528;0
====164430561,167593086;468822704,472809207;1793026237,1602964480,1014785109,1890890438,1644056453,2078926272;0
====831772757,1845654418;1538377956,2035911934;195727529,1968419623,1610710511,277176314,2061810547,1417514251;1
++++1823810170,513809814;1898495545,1284483974
====1162591181,2116006207;963260121,32136904;1310314857,1258506052,637585412,1625128853,1790050083,369294459;0
====2036939869,171420604;2026039176,841901516;286558833,1678940309,836282563,112609673,1883152639,346349571;0
====548393731,1857548073;486068304,1448453210;730394963,27556390,1843028210,1821727210,863482192,608579681;1
++++1945488155,1970802074;1263411824,50173604
====1207441926,424774876;1731121460,1986549544;1008559415,2008610330,818720526,1264726570,1079568552,1514826398;0
====609407826,420188892;1090059967,1992513783;742513927,439867762,136387439,732075512,1604983384,1840691108;0
====853057742,852453138;1655874914,1119346628;2145709181,1343924697,966178161,1741102970,1947017489,528770900;1
+1506039823,1288026372;1778995790,1952637523
++93089826,420811663;1893075544,281172976
+++575575037,923291935;1947108148,1775013941
++++579185351,1360469192;685668142,2014020855
====3011791,1542069432;15244353,2034113042;1222980258,1885575104,398347841,291234522,2108714026,625808666;0
====1323341700,1412462881;1550882717,1616735094;1422641860,1068995032,1129267631,630753243,1086875437,2073875690;0
====34216651,21564250;712869265,322876344;1937740209,603182661,1541577532,1595769677,465010195,1137316540;1
++++1797519954,109526565;439563474,574164493
====37414645,581532429;1664581400,2043385740;705096603,9846291,1779283609,54524508,1573924345,2065816024;0
====24573128,244641209;1562123783,1278124719;1167273140,952141031,140428381,451671265,1337981145,141826883;0
====962830641,966670721;941290690,918731882;1890817841,651427116,882133025,1455093743,1228283048,106974574;1
++++1091211634,1526621387;332271464,1285871454
====1363340209,147679479;136988915,215733519;957195994,1177496273,1207223363,1195801282,1547053055,564537397;0
====1499077702,1163986272;1986671335,185082969;239040056,1037309551,2046174900,959400092,1314856098,465164223;0
====1929721420,371184983;1739535804,1129174349;1357482324,1311476499,927602865,93494444,1670152493,1585402091;0
====354921977,720545292;205602623,1382544342;847568587,152521998,53602854,53488740,1683761030,1547738210;0
====2067065752,603493651;656324981,352896389;475480641,484380174,79835920,371681883,1558247135,820353400;1
++++893634137,804747849;869664336,1826509925
====1358034566,2091162592;59014820,731877388;729006411,1093355761,1151749183,191494915,1881792267,724528754;0
====1267369491,1444352949;377092601,1192064786;1415053956,1176441329,244744467,446417649,1622127372,1208649824;0
====1155760468,1557247109;1669173002,664172948;315769706,1796108074,1376101988,765945105,1973331105,1040300870;0
====410119027,773176876;32256519,1552384644;1099351861,608543841,1792994527,1521331695,1536980098,1875677953;0
====1966250905,107241465;2099772277,1454265034;815513224,25305560,1044596398,1841523344,786750819,1526948413;1
++++1996946160,733038746;492839277,1780910421
====497912710,2142713971;1189799225,96321207;832929553,955272125,1533883108,1502458412,909366708,890369797;0
====708888645,1030985544;529433135,424614507;1870069797,1337076205,741778269,1358484553,1541833796,1266834313;0
====429293050,2002664403;731114501,986544345;633477426,2113844911,2123141247,1306282304,1697731939,2062328372;0
====1530873957,1897821336;144202806,653984102;175673863,516644286,1224466888,1872731048,1413859029,486807979;1
+++1280626111,633773718;1388802392,1745479807
++++785676099,780468667;655995063,889402338
====442355288,1111212948;1689869724,1047900206;928119714,1342006802,283681750,373983927,2053005594,810610590;0
====2130786542,430164208;1591115894,1841225613;180715573,780989475,1966275107,1448506499,1905998442,398759425;0
====415748182,1231346018;796697979,1884073061;157001632,827072851,1383210537,1324709820,1162253811,876097118;0
====554440028,583373621;1960351280,715158934;709286652,849241738,523315614,1720111622,668278224,208189121;0
====1821249459,263992123;486334650,288756751;1821413664,601446280,1768518131,1948275189,1762626766,1676952588;1
++++1120977750,1060640872;1616997309,1653810506
====1903360042,415934017;1745517387,128452524;1394420170,589626866,1603174636,966025811,723509351,157457821;0
====1157697732,1379686993;1348776842,1604028206;225581538,1480866799,1498593176,399745320,1378228258,2106320090;0
====975546846,724681249;2058749737,32511953;989860165,1506901732,308416222,21574050,2097289969,1550134042;0
====208333118,942699037;2004296058,1318303091;362640432,1394527145,118219050,1768709752,741936089,1323090898;1
++++127056935,643611255;1706721748,228219098
====252504644,1583511362;232022797,417301608;1288087579,1302742683,981064227,1782099905,743902408,1262059904;0
====419745219,562581221;1706389128,22822138;1059686456,1360215484,791922137,1301442744,966719944,546753155;0
====770333055,1485791527;1537765042,313006635;1158937762,878993024,2031501718,195763834,1841104978,535528526;0
====614043223,918589906;991863168,2050697058;357040868,1732363820,1617592948,79489625,109983104,130499269;0
====338003627,1278711387;1295988368,493365107;1238654444,1395958566,759836573,911286194,1536062253,1608110236;1
++++1061638432,1502799222;1075536391,1917019197
====1138013894,2032213233;1339432973,958288076;332152967,1628694990,1328109789,1431448107,893251663,944891934;0
====1826867641,275701018;1290627290,185061233;1451444507,1714830916,359788142,1870820047,115110944,1070295719;0
====371956467,1370227104;618570511,2119103700;2053474586,2102934965,2028564701,1535919846,1168734430,1199202755;0
====2057343947,678914080;1091777585,421109681;587017497,1681331039,644156149,2083195548,1959562911,1330061883;1
+++1995844152,1974709852;890660200,1311509259
++++1785644580,195785688;602656651,226123426
====1090246448,668320223;666149253,1980249779;1539653113,551462591,1115827901,1612779481,1705765523,1129207302;0
====314686746,1647287185;1665788941,129807852;1383631761,948294136,950647776,256103983,852324218,705412845;0
====749045524,386775750;1818920432,1387653148;403303457,834567281,1949377525,46898546,1604820998,514250694;1
++++1970959403,318626330;519996749,848322300
====149620582,1624122814;1879230402,1621720347;1014498414,592339002,1466691515,1003337448,1580136454,1762861884;0
====1452850938,1651996274;1535318414,949576011;1823958789,1108842586,1692616847,566167521,1355407629,1504382620;0
====2147090855,889816892;1747445778,939050648;1256350391,397367442,1474854714,1585118026,1272483193,1877058486;0
====2032303778,483372519;1583231975,1405286735;468232553,736745464,1620269440,1740591729,592222176,1491083205;1
++++1281566857,1635428486;2039497319,2070373495
====167204160,1562303224;1750081884,277535658;621820151,1038492476,819216903,1320697357,1675965816,9772350;0
====538713148,747441478;463687795,1073529480;706467441,1755928683,307953166,1524966563,1772620378,761443322;0
====1158610904,1790218533;1681407966,1688968463;1761862384,664431913,1078852859,1884426607,2134607363,1799273064;0
====1110478303,2085724741;160387411,1993620095;1788071343,173147422,1924877758,462391457,1855876275,749665207;1
+++278349570,1469607296;1338274373,124963742
++++912067963,1735435584;1471680891,1198889501
====747827674,168007967;390325004,826483312;1996503553,214444561,215556938,972089422,1814777664,1060969212;0
====1266203312,1331350040;1505596905,1179641917;493304249,1747490971,1265438652,351597715,1838933731,1953277945;0
====1967995039,1292123613;519379617,1280346827;244579284,587072391,302083190,1300759365,441014661,1990514944;1
++++1960599788,950319392;451735894,678664731
====226747154,1437354035;860509029,206492146;899921593,433786466,478679509,1045791234,971177872,287682688;0
====221964164,1323001345;303883164,618521597;1167604153,1504616156,297459719,1171058957,2038929944,821773333;0
====1096735467,699984893;712716577,2012741627;1856070412,539688114,451826163,571516213,1700216866,689223220;0
====1965145362,515341344;2099212069,220796343;438989667,1332903403,836008284,1962141486,860172843,414261771;0
====197712830,2029823426;1694657802,1894108829;1217449308,1481407294,1823354497,549866105,273838779,1417492563;1
++++1829216408,448619999;675247348,450971501
====1412434418,2036146281;247341933,579128008;728790546,2078926011,869839235,2045992938,1168663540,2078628898;0
====1978599101,855932620;1598862060,1083152921;1596364245,1943938372,2049269451,271123830,387466542,1078546313;0
====598751175,516790722;2000450246,1841732363;1089205256,906500374,1144846961,1033553447,2074337709,1508636394;1
++679187167,1277399437;717391171,2032054701
+++560641441,1945309331;1960313403,805509921
++++1032584503,24718421;1957588340,1434650846
====417567445,234079279;1635025233,1271761325;1528689907,430742505,1607137458,484080834,397007077,795202710;0
====989313948,1734788661;2038552512,1916936549;581508197,73015945,212753332,447145528,74051797,947175981;0
====1521043577,838552369;203321797,1139991369;572679326,2097983531,503769852,1704629951,118223959,1795105052;1
++++1837493520,326572883;1072147930,1145186818
====1362430574,2022227332;2080520622,1084732952;1935207062,1476749422,386366068,181727062,1167461030,1988965533;0
====177343506,1889019009;596866067,1687768140;1600923644,1193195254,1951600569,1667690330,874480725,1636020011;0
====416466375,1491271616;307077689,130437955;1805182340,1503446846,1106762816,271243057,1136962334,1649122976;1
++++1881671952,1498114731;1738413193,1454310875
====198779053,704495321;406373768,441960765;552424364,675645225,208293721,192385371,652303106,2119921457;0
====707388570,260638942;916732324,1411921580;293135819,1156088488,1561361624,1810484306,1905414645,1563265697;0
====2072840092,527387877;2088450586,1189512855;825830303,1914413698,846342763,1852256747,183045482,1204752438;1
++++1560460686,588735043;85518448,1266112172
====971832771,1921237205;1958048528,1878136387;640448791,1516044155,990710990,1681176295,877337065,1524813692;0
====1706681394,1273130016;1602612672,1920999965;1120647197,1045654136,534752254,566062696,824455053,138125940;0
====264479797,1586033437;549946500,582980525;1326682191,1227315273,551388464,1048114837,773913595,209135363;1
++++1728234388,1464848676;62093362,1792750077
====377165980,1381079947;804219864,1109289341;498042405,2008523682,445778602,350243649,86686997,503500767;0
====783810344,245686884;1810776698,1720800439;1388033989,826316898,722429473,381600797,1363939692,546961490;0
====1516127573,1695425906;1314945208,257325240;2034431203,1285109630,1841519693,1890336424,347386132,341164059;0
====30029406,1264766249;2135730526,192944591;305081156,131403691,1109711699,1370908445,568468418,272727873;0
====1887533336,913257153;129416155,242700059;548415855,1090635326,1956518701,913068448,833077653,1124459828;1
+++1161472337,1512827083;141846896,40714755
++++697515182,1742268431;436869613,1136815883
====617236918,1987528160;1749587090,1272918144;2042523065,1940174518,642465206,1505454809,1933049089,1440463628;0
====668654344,132519232;1100086981,2069842537;1886030790,132970158,490388649,1388696568,855233037,1597526370;0
====1773989300,2101397774;729963839,247771280;1638162899,227165915,2134202115,1311874060,1806059154,1769141733;1
++++2006858275,1358338798;1874043261,1593727213
====953357602,1760699592;657298124,1922149226;245831259,848115817,1904307237,1443343670,1958043482,1125286295;0
====2102507759,1273834260;1892124286,18199682;167369497,383309866,573286622,574898147,475832776,771971315;0
====1451042306,1954411878;1364731257,95410768;342171221,771438881,1308543977,2044256589,1078664140,332845199;0
====532941364,482827645;619786735,124365176;762832758,1723868193,2020842701,37542447,1906472188,257879651;1
++++470646880,1104787373;1254272872,1588603034
====1240886080,120495519;586347667,1535373327;581740883,556450195,1701106506,1281347575,1109315639,1142203431;0
====970648630,960654394;2030992345,1028558823;1106211476,439364255,2101799168,948149740,254423539,224469122;0
====624324447,254387455;2022740398,609734201;672341130,1212260884,1920763843,559503960,1398535641,104151532;1
++++1585379934,609465790;1099422073,29723354
====1905580109,461624742;85388608,1822163364;1373038756,684902618,1301487698,1286430539,1518464162,701078633;0
====1289095052,251642410;28147604,1974476619;1287672937,1603002097,1895559169,998095517,527792734,1242620868;0
====1367726444,754432803;2075000836,655380456;2022351585,2829721,651466347,1150438288,80696848,696931531;0
====691289274,2021228767;29921259,1727676560;615540630,1557278039,4694712,141687706,1219007853,1956800096;1
+++1290700994,535541138;1098995852,461010120
++++1903444802,185272060;461496331,249006536
====1069205025,54072246;562096280,276487300;1422299479,477904558,575027539,2050501394,288676747,279432643;0
====1779391569,95530416;377539018,1202026441;418131898,963383158,26466701,1212854844,1955082852,838364440;0
====2010936860,1769460374;32117921,1438301673;602541977,1929618641,1074815300,897805036,1217263003,869350394;0
====1742850662,986974110;2078521433,1243414119;1555186327,372900897,1084284259,1611970008,1128863383,376286503;0
====161191913,1754788058;199721095,1227147893;1878142914,1489586359,2058244164,449267448,735820816,2073717996;1
++++794538852,1386080025;1727164804,329310296
====272608211,988348013;2047326653,325101713;1225969122,1771471418,1449745924,669557335,377027641,1614893799;0
====1126469487,1165055702;1469085808,1675330662;497745702,2062194006,1345830431,756250849,1103479596,736476027;0
====2046822472,673358951;303066744,37128939;1013257255,95503325,1295566584,552670655,2684825,2133840348;1
++++1975768160,281675180;180701396,2024092019
====1477519508,1942098812;307980505,1909285551;1460386404,1612759984,2069871016,1896923992,773677610,1092381051;0
====1165275899,1869227410;283383843,1190273712;1411496443,1952271495,1649593176,1748314406,1938561992,923803651;0
====450415559,1992952373;142412262,1517552736;1512717584,880975577,577245691,1720587412,1052371442,1811675959;0
====2021363849,1173376137;233110177,836193182;1931813362,1419216040,1143579946,112621966,496106523,1468750463;0
====1554631429,1835054850;803815687,1472255308;1219914713,936025434,1046984430,868630625,230776645,1335896259;1
+++1298882385,1938751713;929335203,210017130
++++684044732,270393564;2035857997,1325496573
====2055358245,791484334;916250846,288885762;323834996,302653261,2081394044,798364263,138385384,1711036683;0
====1487128393,1679966048;1678736678,1790941308;749401340,1423473470,2001736933,994942370,918573727,2029132948;0
====1250173876,1462433158;1839860283,1755630218;160326595,850636155,1404526721,1164100582,766428828,35973982;1
++++1548461214,239161806;829950160,1442951688
====1446038055,2091705169;1266338012,48343429;1835868069,211195338,817364416,1403503602,2067797792,2000693135;0
====1928309536,1456231192;106485400,72943677;828212865,124535383,466220800,533494790,1882915126,1258076931;0
====1508690336,454888686;678571763,974293978;2117957571,1849358617,1309723865,1148186625,2092521994,830132127;1
++++1450994694,1166933156;1594899920,1833301485
====168572114,1996651420;799020685,2125371259;597447727,663717318,1394500448,1990870353,1060737453,1406944473;0
====1074308173,864267136;1713680884,71005699;1696331820,1313524134,1066485131,1819884041,593305136,56163054;0
====1596131097,321368918;2132338672,864784278;749103410,915831778,1857626025,1944550549,1900636325,1456096297;1
++++320210513,792740021;1568585544,2118923885
====153141260,1545827961;583185907,1617623621;1534883944,158340821,1205197542,1378314223,421059108,1439639525;0
====1850647825,103567404;1104234304,301768027;1606603018,1461128072,738278029,322290341,695427995,903885213;0
====795460691,436800647;1673069508,632955538;540383873,1469588163,72035734,1990236718,698588819,329642205;1
++1718638418,83952787;1265742112,607431782
+++1791687457,1892160874;1230184286,1480972525
++++870740301,115174384;592206569,1441899815
====666751112,1678736558;1604959781,391032304;1251489068,269702323,1619415489,2050524003,19424748,2050944796;0
====1166385626,1522932882;1726810035,727785296;1074802613,113693636,1931918909,685900995,1287017204,1434789465;0
====1609741576,373262986;17433021,1564238006;1587644923,140283280,925402246,1967328710,1623902463,655454269;1
++++1877721544,596515417;380017234,1311577158
====252709604,1960633214;1409325088,157764261;1431861601,47660296,1154552171,1470700508,2131575691,190386768;0
====1621571736,557008853;1021380,640903779;1664122474,1100231658,2128777133,656602124,687326721,1136715693;0
====762200332,1150251932;941133657,2109971585;1787017340,1714114068,1408791551,1950952505,1773054673,1864507875;0
====1042962783,1167404497;232478485,993546805;1846381472,445141137,2115742478,366617170,1531523288,2089698091;0
====2045525387,223804565;1807211470,1735570899;1425937932,458333512,1234391590,1676987956,537294865,606966875;1
++++351149732,1288455949;1963046851,246042260
====1264437551,930987171;647826531,295320205;865574456,6816388,1426414514,361787191,1229106137,1584149069;0
====136088281,1490674997;2071826624,1340765722;1542383716,1085207506,906021244,1656277574,960175436,649387598;0
====1193736349,1030541275;472272540,1036751271;578930536,1973250921,956269172,389210814,167544671,1082204120;1
+++776583246,1407591237;1951455963,2094159095
++++146808829,1976780773;679572087,1589990780
====962950461,2096390151;707813003,1767771065;2088189616,1185291610,1217884608,1599716457,645219398,1094983696;0
====554680922,222154986;528306848,1871207238;446859911,321523575,521035862,1246843932,1641476466,1088109418;0
====1415886986,1265932149;1020595415,1368148888;1291390806,203825117,1135789974,1283676535,4203884,1101988096;1
++++330151981,758800638;1648024394,188548697
====1252535804,786802036;1000567897,1213199854;1835738595,786121801,1090013053,312371572,1579942088,1759173127;0
====1618745737,1827279507;611150689,319499823;526489851,905831930,556595197,762772701,2100827457,2135706519;0
====2060877516,1529455340;1874830506,1685733538;92828240,393661639,1684261770,106151742,727318297,1719496259;0
====1966166216,1625291938;257558051,2002995091;966774093,1820380287,850687969,1888466746,475624766,1275525815;1
++++183006035,1528468082;916146527,1797984824
====454913529,905183051;1257559659,21901755;1517003178,690447137,888983170,2042459246,1459469587,1708776915;0
====777572851,360832832;839476418,1427542505;1110336964,752010092,300000826,1863164481,614040175,291136950;0
====16670367,739381960;32688438,951332494;176178062,80059177,1389622397,1295056662,93945828,1165731018;0
====1722884389,2033159686;515139436,175781559;36938996,585538389,322928423,1329894924,1423822256,1585229634;0
====1769341319,368071131;629144868,1977960254;707775605,1421682227,1776952363,2139341816,130642271,1218331677;1
++++988700369,244692304;19520836,203795
====1658261322,2120739888;11391262,803809899;1868741548,1376301828,1947869690,1324547545,546289873,1941051909;0
====1161885967,1153371665;1330016925,484383892;1495348880,1616604481,1906856594,1657187340,974347157,568977278;0
====1090787350,1784122946;1606575895,390569363;1537191818,1476118542,1765455981,1905250480,2066079021,1886033085;0
====332745454,251134869;1915428846,1279399500;695625997,1436879628,1205958579,403524849,208730775,778650666;1
++++1884705057,119742406;1148918043,716059202
====75010541,2056522378;1962862950,439832024;1755803134,2121509979,1238048407,2134603670,908891559,915331270;0
====621287449,999406426;302151737,1439221761;58650810,1987551530,1100379231,786763387,599148351,725240492;0
====1710544331,992706696;1513988262,645366167;1310129218,1259134741,792017785,2146016907,119420428,1721250747;1
+++216441339,837287950;1434868672,257061712
++++1223139089,2018731543;685150281,618791513
====1169575877,1045376736;609074875,1596594912;1188464830,1422369616,878199542,1246421644,1370018973,1412037328;0
====973067087,2146176588;1144273934,1716415394;1364962699,288724015,808251225,383422572,1524904893,2101523148;0
====836698529,249814199;1072674044,699530283;2126309259,455505715,1865873912,1891766182,1410191808,1632307524;0
====1891415248,218702587;1178259956,1140104908;2061252541,842136794,1071756289,1359966071,988636816,425233202;1
++++255281602,314570258;1436841613,2097696803
====399057525,700266208;170462951,1477605289;1386955024,1653781252,1334039461,1983060863,1678045429,1340356948;0
====705101586,1358950911;495322903,827595345;1100784831,1748007115,544769486,2020274111,1562586088,1309695660;0
====2013909151,869261120;1202275980,997866859;494729424,1009525393,1974147269,674792018,935474746,826698419;1
++++1265230645,1144339916;1479858358,1832603516
====1647488718,313606470;1775214222,736301656;616408140,2060133600,669148906,665327475,801025747,1739392521;0
====1118520632,2835795;85141680,1211610669;70305434,1098182766,232589507,490516132,1995190849,96045202;0
====50814444,1442918733;764430438,1140360782;2114472154,1745194290,2134315847,602856568,161438002,1207609066;1
+70683134,920779264;103117443,897858287
++1898307303,1767144163;417685832,1931795081
+++534430603,765922980;453192916,1732546759
++++1482792622,1434287675;741214825,1258232298
====1566761170,1599067752;703968293,339763122;1142286771,1190736626,682582843,457633326,1513680175,260878004;0
====1011179149,1538267674;1900168072,350596406;182564564,161545823,1980776506,463538138,899145930,9678319;0
====1043139586,170081507;163017733,1750071249;1366014018,1797296129,1570153302,2105724268,1763470552,1168012565;1
++++1193050696,1247853370;1158027268,950753221
====1293941900,1819171356;647125708,950143639;2059543648,1591381207,530474461,602009296,162448449,285410915;0
====1479838214,1766540331;168558700,1151832183;1143242836,1574001100,1316024141,1084598865,1156187605,1741323419;0
====860145906,1075641324;996482155,546514441;1688864920,2046891503,184750697,495284786,508124035,1202589137;0
====1635516270,1112640886;650806395,774520588;996287431,351435015,776117517,1269746649,347708730,1711867112;1
++++78811628,1403923331;1450148089,467695408
====418120940,1034335430;947948505,1108402114;76771993,410101472,563352754,1750345479,281253386,760585558;0
====1182515872,1267674140;1370637041,729701489;23927568,471018579,1380012220,402594864,1444438466,251043629;0
====1971756060,368560558;624103546,1065201403;1613866500,1491925448,1959450000,391255327,1551328628,1366314876;0
====1657376679,446718333;847347726,1575628106;105363987,1377596848,1961680042,2054633799,1159813999,1569360441;0
====780341764,902077851;514175760,820050323;1657305751,351781701,1714636923,2046061050,1490834171,1103758935;1
++++714538314,1117599988;1369998884,51753044
====1886769364,1034540530;816669716,1304662999;1732604466,856879981,1903175586,2068161569,2008851443,1829333137;0
====1044071599,252060786;1288830512,1337494212;744243794,1874901439,175887739,1682834696,1431421533,868256973;0
====301628248,590418312;422508475,808819974;1574069020,775006143,1006885950,813840242,774789928,1041601012;1
+++712725181,633597513;2038172863,77975033
++++1739683927,6664153;25994831,1965218045
====2084594437,1148286547;1396171805,743366374;1224212381,2097926632,1094838087,426583180,685687605,1844014091;0
====1888669414,1462925809;1740011107,1833098398;241546543,929309404,504978640,12158518,1464720606,615266152;0
====914586967,892536829;738438992,1087001998;2036194704,747536662,1984127814,2021865922,1871894143,556416373;0
====1892022819,1201764346;1803153476,560518956;752007261,121957668,1997383906,1959616354,2066789234,984396186;0
====184372408,203268211;298537958,90233783;537965558,1635764222,1965107058,501562240,54305350,284195885;1
++++523828566,819896216;789287042,1151097580
====1761397847,1702275794;178728890,1374309334;403986981,611313183,321721551,319464680,890469901,373793426;0
====1534194116,699788136;748329835,1037860800;1183765638,163719670,2118188755,888157583,200255167,632119444;0
====158629191,228964308;56103564,1517977611;1241899110,1399252193,427855926,189018267,1006826648,577223641;0
====2052662370,1109837064;2115551863,704298109;704437783,473461921,1288298098,1516227004,376265875,802538002;1
++++1079658368,2031274231;1709134228,278995367
====542121111,1694062391;506424555,1432526942;580591336,1573475315,1692264807,1766265323,707237879,1573178092;0
====2116078916,886819989;1991565042,381183197;821658189,44705507,1384511895,586282350,188804267,251396614;0
====1307133302,542800541;1227600408,170993183;1855220665,215973900,1039861017,2021758866,550914076,1052758732;1
++++1730555518,1325931860;215091724,75135600
====1230146681,381049395;7959380,222674311;887060475,1969418953,556911711,1353890304,386804913,1341149441;0
====1300934148,355251804;1280049668,59067608;1183561216,214061016,98248968,1738358027,1480382388,239162502;0
====244045214,56518196;1130968478,1696659995;1947398337,2018008098,1372594770,1679319556,1212386072,940748530;0
====1456069584,1392219525;1352916100,1367830809;812659735,418593116,1166842757,151659894,1039052507,228627936;1
+++782113677,2072730113;488545406,1249398320
++++1553156613,46646005;1757192241,74587139
====37942939,1830853941;919248461,409056608;666416811,1137768644,307918228,1808319358,1120705503,414149425;0
====2016501606,623904456;200409306,1368382320;1613534590,235148177,1366215274,878842939,1471011128,1941059514;0
====518288338,23970082;306908339,360756400;1964543946,814053101,810138745,1674316990,298855545,1780504894;0
====1270009944,1988506237;396000695,1275833806;1214741362,1790101963,1223830570,1462966352,841220073,1923629654;0
====2008876715,1339954109;736331623,520645136;232228245,1292616421,1380128761,192759766,208730347,344732135;1
++++76854221,1728669178;2073703292,505079227
====1745635535,1833899715;1787853728,1302422962;2098916235,2115477593,1245229732,291935058,979844414,2032411693;0
====1545992582,1296403812;886293918,1778729350;1336611454,597366027,1264374580,784773021,1175092894,1798207118;0
====1561655745,1313890138;1658414270,1454004424;759694201,204391246,882762604,2077621909,1592946065,602270311;0
====1119459158,1873871047;1419579266,1960542660;69251933,1020079282,917366258,1687011789,44038636,568642300;1
++++34745853,1276724866;1149083574,633701928
====1357722872,138551730;1864021063,1634212453;1953598978,1990749214,200721095,487891689,78000019,176824567;0
====24954060,1727890515;76312946,1386013133;1430633796,1879141409,1487901020,145893222,1739185534,835529641;0
====964598184,1238100067;1334314887,1074576162;813082885,487844598,180981280,913288514,1043151212,889164715;0
====1192709324,2020987190;1039003990,1109826095;1970921081,351684406,324300383,1097395633,1558363383,992778317;1
++++1218932341,297087356;241351920,552538592
====1124953719,242004484;1226204142,1711941124;1669601547,1206667241,1043075375,766506134,280047203,398365240;0
====747333526,1138859461;1552076950,1625665565;1522055205,1376631408,408732626,1566494093,1498398678,1943490178;0
====1236139271,548861464;1994584313,1507720499;908615945,252091800,1534073917,1203635398,1508012137,1687062236;0
====2047688229,1229593927;1307348890,1665628961;1714157755,1664256460,960904197,1416961423,727762525,1947267384;0
====1023730621,305662418;1255702945,733258462;1944886563,890218339,1309501811,1144060436,67299611,1983389268;1
++++472891007,2026052799;759549623,2145648353
====449161815,2124898591;417195053,2131512641;1330466801,1252104054,1419961732,528972576,156457262,1604152350;0
====892310505,990610377;1379508127,1182008018;320364924,236657969,1736694365,2141022000,96813877,403798341;0
====1064200301,1402695223;1313595383,346825748;281101361,2002345626,502171937,381745400,253568723,1334654164;0
====1692835113,1855004913;1548421715,1393537848;1303628061,239378562,780824883,954272888,2003174948,242592506;1
++1245672828,1017848919;720659170,675232921
+++334909046,828655069;1036779255,1489917251
++++1798905903,1321077070;1750412792,125790557
====1016693160,84586206;2147435123,595711782;265325108,103753886,614872300,2015145131,770396467,1228945097;0
====1486759587,403369813;2057235260,1776373359;1540474981,1066589948,521938287,54271270,363677395,626165494;0
====585366196,1298944120;1394079691,1200746923;570066763,2082337441,1128345228,1183595533,852660387,181474089;0
====1583990981,1293450755;784280687,759573448;1912444513,2129085127,908436604,1654317997,363566483,2067017567;0
====378047584,1290274450;1614359823,1079038750;1680416136,1389891144,449753120,1248386505,474108351,1517245760;1
++++455288870,1609178878;210011849,1511608005
====2012075002,42816672;1684575746,1830858146;1885365145,1715782255,1111217844,1242370193,1850279866,432544880;0
====1479242374,2005222846;1185037785,125111350;469942703,1612429798,184834710,1707563411,1053670907,366670173;0
====1987736180,972958227;1549419886,1954374250;287514077,747404163,1292102917,1149890601,1137184746,1859132831;1
++++1974083033,1990346915;1218188090,1638062089
====375177279,1701915816;1075321797,448660987;2057116480,858582115,49122573,22070241,980526438,527357928;0
====349446417,670523431;28666451,622107061;1153722444,217087338,1818941870,1512095072,669082723,1479258055;0
====669503690,1228578368;1008974604,1428542501;332939979,1712545309,941011273,667633644,193547378,1133278788;1
+++1110036000,383394968;822720577,1033468386
++++1200986782,460144090;1773016823,70929842
====1397335879,1747483240;161164464,1327344899;1322886559,2032637364,1972398640,1564700666,434538085,509090707;0
====233507125,1165942424;1268612129,1345066262;3535671,237073986,538074613,2129321349,1393160225,64408978;0
====336699439,331707899;1096407627,1835216551;976688105,452725646,248978021,1341836299,1309751038,1294316643;0
====1402605413,1808471102;667352354,1138633253;1173420521,384765198,1552062981,796647807,298231064,1537262273;0
====1099207587,840640226;2005611080,1487734786;1878157651,495968405,472144023,1715320211,826534965,1718497236;1
++++2084272903,1678404537;925890221,415226164
====1012901618,861645657;1638216147,1314554574;1664705196,47220463,1359799828,1024727357,437341107,504167963;0
====872604533,2056134596;2050870981,321599805;462674356,968064649,2092820446,1412258076,998175868,1649335423;0
====801773139,1861350401;505137259,1898065771;1067834670,1065878850,1957327159,891793655,824511991,655177776;1
++++1466318365,638486304;149991438,1246263024
====1325743050,573459309;195965591,1251213299;1267519240,1364732599,1493343563,1424392209,135465238,1152531347;0
====709573124,1231590103;1869720660,740226181;1017277071,1366563803,2016272254,1129933978,1112173357,1427212161;0
====1723119232,1576004118;1654742139,1672761886;681578008,545108099,1425567507,346468648,1337618199,444664663;1
+++572739276,1582694447;1037209157,1671867896
++++1960357486,53808359;2117401609,987072581
====574993528,882688590;580690467,1509989862;1527653917,1551415674,1516678923,1395497427,1434810614,853346782;0
====1723660651,400451644;302751396,1127089508;132141372,1261238995,527197179,1905511749,421487878,1569646745;0
====578502267,1706579627;944494660,1528250686;1235663040,531614574,1404816201,1567375272,1422082307,1408192387;1
++++147040423,560694674;892146020,995288242
====2123512252,1025833261;1834020832,1882971439;851548163,1507644007,1509183253,1380888200,95610205,753257746;0
====886671000,92811375;783601379,1473711036;1908375818,362437068,337959949,1646176030,680529926,891600819;0
====185696937,1826502090;1754051570,549072924;2029409091,1085152587,1253851678,1554544267,1606279770,1566783942;0
====811460633,1614985871;972584748,1316818237;1149893845,211268845,1537778500,555229455,1504174174,162839178;1
++++253513636,1905168353;2062415952,1490670947
====1357393461,849147710;753060602,1539733241;940989743,1824348303,1955160316,898987814,1541859539,1214882806;0
====1804976661,1991498374;2026726238,613255877;1126996672,1496001364,1843859193,1806462086,155382699,1303603751;0
====1788178730,428519647;1335289980,1932098942;1933804473,1216811329,367712850,1515973194,396551660,636853607;1
++309178866,864593807;1309966156,642004394
+++1947799651,1426739380;1037644546,1366535526
++++947058484,624624036;1617030167,343822847
====552703689,1656866279;1855673512,1361557327;1939566608,1725094558,1172807579,1659293717,476850217,1915637013;0
====38856440,2137229392;2040362414,2100280;704360451,175101138,661542446,412469244,1173839608,345578515;0
====563883044,1321920674;1325486217,1423276310;798076969,376809653,2001411156,185832601,773412336,1925440198;0
====1843444162,1588869745;1289402761,854892032;815040275,8973900,135229581,746901298,1838969964,1305351585;0
====136681527,928055644;971749396,1510847308;82390851,1115589451,444372538,299582485,2051393260,1035833965;1
++++1929373526,1397397083;621769661,1874596020
====1223351282,2003016359;2144280351,1935264829;1794268413,1192497781,1561663312,1490947535,1649402086,615791644;0
====1540345821,1800726874;456221472,320952713;1818275356,538826299,1483870143,113542225,2006111818,1762117981;0
====783285692,1222835676;1258577639,1884309873;867325330,2052184069,1624654665,1757713380,905709628,267452397;0
====620678486,1646667068;2102052115,1662832907;1174033790,881153474,1991296248,1961904703,1126932567,1620125206;0
====1976264352,1730885565;1798395896,134227827;1735335694,244192139,412903766,1543814832,793721735,561716314;1
++++343488388,1379453461;1276953293,1669246495
====1964580524,1900674224;1173642503,26855994;322667819,1111170684,2119684075,168183964,177227677,1823509308;0
====666305242,831510402;987354812,1012153886;458124343,145718198,1264391030,1724235903,1179136700,1031038847;0
====1052343253,61773125;606916330,814505160;1409868568,1833968299,1952641566,1908744879,1056545395,1758799550;1
+++1881884550,946893603;459060520,488519835
++++238887343,31314407;1969331712,295727251
====1649077883,1726233701;1397487293,709602296;1049928756,155923043,1432682540,1043256201,1290438002,1400665547;0
====791513714,1744130831;1854569383,1379392950;2006073305,73213336,1720022306,2021257299,2137610497,1776445369;0
====1052925840,99503630;1016603398,1293322516;274716530,1843614354,1518657604,74497259,1443692647,1990445832;0
====949223736,873891156;509767439,1466088814;935656310,2023345016,194189754,1415851397,701804652,1422729379;1
++++1924825766,174278355;1300305082,1630541464
====197473735,1353786897;2004154227,923068140;1467907178,623618378,1690838475,1657331660,682824325,2053236330;0
====761138656,944236488;63962951,986508351;242498605,992020249,213674500,1396677072,1148152279,1358242819;0
====176588793,327137905;1385755776,584823337;470148634,1057363282,626198596,216584831,1208396054,121712928;0
====111199411,873018356;601523681,1474238101;1520369858,1883821149,1963487789,2009786625,1214672637,487334661;1
++++1024589244,1574609381;1113582968,763139159
====1752165040,1825208121;1235335969,538333817;1969913538,260582193,626955566,2098144437,28084598,1112146324;0
====95213048,2070653159;1225472572,889852057;1043211830,1407702678,1816740227,1315947529,971123652,539380017;0
====788524731,675378020;1919715622,776813484;10454968,703438282,571250227,129468257,794287517,860950199;0
====1437192204,361918320;31575051,604918029;518116963,1575148475,1087098922,1444652338,60731570,1085765623;0
====839942556,101433247;508369115,1386927488;1280100205,92385609,1772476038,713534053,378210364,1673085061;1
++++1701677225,540797479;395032287,1809411235
====729321902,548533626;1868490038,1619486133;850491949,303137770,1817104588,1626968433,277599508,448953054;0
====1076872990,858553407;626074113,632301124;1244568861,690402519,1459919227,1915825535,825824738,2100957443;0
====1880363839,1841693625;1047538188,8301993;532444829,1772788399,1416166264,521442924,992919557,1206372857;0
====1563662979,1535716842;178970733,811019101;961573845,1949769204,1215278203,111133565,960402193,1439196063;0
====731620326,816560478;399618856,1507335006;231326540,1580056865,505029455,1502389882,983925580,857878267;1
+++885205082,784385040;602692862,918176015
++++1601836160,2133524363;225996102,509864215
====299501510,1621613471;151953197,2027322212;253150687,1445404506,80834482,236147583,1748671249,1343977666;0
====1542178996,793516828;53411585,348177067;773259715,549764405,370247920,1843321906,1724402409,1318593977;0
====1516943241,1032273391;654033500,1254547327;2132805057,526479637,115993634,1264329426,196115145,730661747;0
====1309222114,360715256;312941191,601679231;375907727,1424335166,1496820304,337747048,2110080005,1642314952;0
====79243498,1789331173;62677748,355434350;843210863,2027033105,340041420,1606756535,1107082388,1529022509;1
++++1519939105,1202427128;1395030517,1891292072
====2049921530,105621992;1806784091,515459866;600121044,230345808,1823762723,247589504,2039926832,2076945002;0
====99074617,1660119734;1638707096,1500069398;286321026,77857144,1124561664,785588178,388268966,927471193;0
====1585345643,954019690;417335273,780370976;1917732469,351387342,1650018312,1850316824,92918841,595753600;1
++++1912362913,838031124;632168372,366470626
====1522457305,802657060;973884222,1932427904;446854207,1444706709,1584427712,1908127500,403402589,579983229;0
====879965501,2102459500;2056433072,1418163885;1854651100,2084764894,1026987545,1593643044,2012443406,421555020;0
====1961641986,1930446152;1143158427,1802493006;1148084310,743054069,187142199,1653296776,253607592,296165879;0
====228104976,630360852;188765261,590193545;1119966900,1551755262,2111012851,93693143,459869941,1159232471;1
++++2053804604,771930615;689093316,120876523
====1757940524,113510890;289914565,352547860;1193969249,1284252272,1879452391,1584740972,448080583,1584476317;0
====1951555021,1638051431;1319849001,1962199728;786646116,1582103674,9801239,1318119236,698273964,1324106319;0
====359175951,83299674;71224624,2058137713;814124220,794868624,709302137,1148117802,42232287,1527713120;1
++714092087,122861646;593433507,282397708
+++720490889,1587658350;1386640511,1394361600
++++1529294496,1319047239;974801061,1974861480
====1864354333,1840741381;1386999281,62038098;981480554,2045208353,2113000071,89311961,2063873681,336405368;0
====42074602,1272632109;1485632105,969246583;1865910366,2125855415,153160868,57251572,1800442554,2001800062;0
====1387072039,1814691760;1612811736,924099793;390541295,765263577,1532648853,1942798141,725285319,251575128;1
++++1925137767,1765034067;449075371,2068802495
====227038523,1472532057;455563673,1668866932;1141982120,774980103,1946896550,1052319305,1189716403,1901260040;0
====1856416189,1521131845;1760891476,1890642564;1475145301,1528978809,2024564235,1102177450,1987512722,1674338960;0
====1408120035,642462006;2134834580,1783131162;1084612967,27658567,1453311950,1958890149,884149599,761713614;1
++++1906985617,518275148;311064848,2062199920
====946874551,711356733;199177743,1276366437;1136379582,1003958949,173590487,845973873,86130029,1201279739;0
====1189198645,506524581;896404526,1854872740;1712287489,872522343,1237236500,2111167945,1960190427,1202124186;0
====1686648413,1973315030;1177948707,1816086079;784745937,1682080373,744432048,267966321,1493971615,1014449105;0
====2033658829,1875977266;685915217,267454858;1316620661,1159296756,1385835272,638156669,1372333932,267646043;1
++++1006716177,844590784;454179736,784553736
====1042539788,1395248174;1853618644,1608179406;1801483536,1406522004,1369629880,1234730386,2100776338,1519512340;0
====1442893305,829044230;1709260744,1750295025;112228143,282599627,235865400,1713383326,26175245,706390309;0
====381808059,88849128;1603698757,395726872;1312616846,664803647,582579947,1289525584,1818469984,249875656;1
++++997168252,1283248047;1605367467,1152516571
====487473263,1139220559;1900591758,307834035;1711791640,1926791856,971812422,1888302142,1036396200,220928032;0
====1351999781,20839385;1402146342,1949900185;411220712,876117891,1069298069,735607960,1859644397,1315483964;0
====1431744900,1704375573;1838164169,1610882440;928815381,555172331,503275927,2110282467,61265049,1970147679;1
+++957247409,1445868922;185234738,1294212140
++++273575255,236811364;1721579175,240654280
====653462843,1944745092;112884846,638057495;418523096,1670255411,1261217664,961649466,1587499386,619364294;0
====1141398313,1575190966;1504189510,292933415;1065471195,2104767029,923038226,37414952,1949763221,496728138;0
====1917848930,193318464;623622822,1392148592;2078059048,1428851520,279671963,1917102316,925887237,1861655816;1
++++1639916330,759066673;1587250898,302163444
====1403073272,197914101;1017960349,1746022680;748056346,1644528275,291138983,2035983234,1690374280,1919864822;0
====287022868,1503799375;568744257,1396479272;1254152632,721294571,2106509399,1292759968,1867467487,1734988007;0
====857713766,1467288085;1582164431,1148633481;17537306,313284839,1613941325,1286047210,372426916,325993921;0
====624843630,1743235983;104933858,113646992;708961240,1691608951,1313180179,361781706,1284717464,707134080;0
====2129118960,123981850;1713615058,559981413;1676044970,410791501,750477771,382431128,810745456,437921586;1
++++1213669260,373131779;560903938,1312398103
====1044600905,700911558;209156372,927628909;1952404745,1697925351,1359722509,507728279,725554000,1714578714;0
====466172217,1625203170;1315726647,368050507;1635798205,1734771378,607447253,1265155534,888547267,529478086;0
====1550022115,1596975711;569215658,1385978489;515353850,1283800287,408028719,981216778,644321578,1605137295;1
++++496684087,1134580923;615123460,1288241555
====133250238,109465753;1550911070,228979732;2099728419,168895559,1828986963,1697439891,1718797162,971942608;0
====269650607,1744163713;2087804864,92902969;877578663,1428556701,1829642126,489520407,1806393381,940680600;0
====560315556,155662564;388615087,1857359465;525245906,446368782,1505450714,642762779,1719934409,1114065465;0
====1358193470,237230161;686190633,880148717;1071895229,694643044,1787737514,1710728809,546030950,1889576481;1
+++419385016,730745294;103669977,315630742
++++665278075,971622577;492621229,783149687
====1886005856,1929013183;720558480,1266028465;1571878260,1837770815,825303493,1561533818,1072168082,1282999669;0
====1234664546,1128824303;195087497,1431158143;1813639710,1129616236,627816644,854983786,682320330,490197031;0
====2041127238,1931981224;375943223,1294665258;789963797,304909762,1006771792,1088225809,1993879469,720838426;1
++++1697403530,1204575637;167222463,1340886000
====43746522,1554959748;656352278,2034064574;1358278511,1235998355,1616881814,862779353,232824723,2052962358;0
====1385967504,878099058;212686419,1464833156;1080006900,11938513,182222569,1562668906,512226497,686699905;0
====837158970,245851833;565707416,1653180154;1314683457,1337895765,1966854797,1753702716,1348845158,2057587578;0
====492630962,1634080649;1375239178,976918271;1145852101,1176662891,891860356,2147415764,671763145,1256654447;1
++++1533719820,1550804255;1900206393,1609916027
====335792433,224230692;869884084,1341889088;1257345126,2105495101,1152920910,839547305,582891690,265039036;0
====879670756,1533524856;52711816,1867627283;1691964727,575248328,339812532,1486175169,197734023,1999594193;0
====632155851,1130205430;1834346899,55455945;1632530484,408486331,669427939,463448560,417173244,144837202;1
