6;2;11
+175996106,206781556;1856485053,1041631703
++1816112442,1386763610;372679807,1784511759
==711964908,1817676494;500983022,1722927434;1065402541,1060784556,1076192500,1262620262,1629567150,1375844936;0
==1241291519,1614559350;1299675910,438460259;300419281,312232323,1812419243,987348086,1600884956,680342178;0
==1331623268,1901710321;571415299,266568339;654676049,1353520870,2079699350,1752067959,1381404726,822111878;0
==1705452844,977902069;1192748280,62540247;1472908158,484651296,459233703,1209725345,139167218,1627874111;0
==92501675,41409820;685054570,1546665178;1614045774,458895413,1788215293,2126548959,1421232027,35447458;0
==1895267124,758076911;1008571180,1964557630;81829971,905049353,2041984087,490294683,1817252498,1364844962;1
++1449664546,2146359979;1482460085,1869160414
==1402662834,1550294865;785246983,2065438318;99370100,578590402,1129731126,1036212837,1936197829,2116137554;0
==1678930557,643431278;523209022,2041642263;1860020018,1342762894,1991215939,98325200,248044287,301200732;0
==1441993362,1666890569;319079768,1593016328;1803747176,1591167494,360303766,1380805264,1196000923,89182514;0
==795347316,1354526146;1793858251,1477663876;157381065,2122058174,166857917,1717792127,953313149,178363856;0
==2025042916,1181508185;498999266,1112453907;1973212833,145511511,1315165917,1334388253,1547707976,878509605;0
==523845919,976532308;1613844837,200944632;744336557,1093237387,2139751628,2121125620,1789256531,508859115;1
++126806471,1866313472;1708914687,1582981420
==629893299,731673935;1808362463,990192522;546596543,786627548,90675806,1054109432,437391126,1304483176;0
==542365736,716064689;871214985,1904069588;364830799,153449806,693006202,54059596,75512132,644861487;0
==1814786505,1239911945;1647373143,2146410776;1866453161,708676872,1805734012,1923495335,625827964,1686921894;0
==1998089135,1098625432;2025837523,277329036;1073474452,241139482,1400160047,1234163872,678063638,1196692295;0
==557896261,152728984;718053534,2006211466;1134421779,1494950572,1409417778,524280158,670422027,633285266;0
==1602096347,983181517;1887679213,1471067061;584706300,372429528,413462713,378023769,929574308,705313833;0
==1301292393,145073636;809158816,2108440915;1712109918,1054063394,1153325157,1208615483,1255099607,1063607626;0
==1777767508,1200349105;1233458899,350952323;1792463394,1411790987,833964336,207900508,979227186,1398668784;0
==1871029530,906984817;564701994,2065478067;952502247,697904102,1357617176,1147193624,539060008,2050366010;0
==835707783,23202596;1596626585,189306175;557894417,523773269,2014828746,1154856198,718794571,1230343123;0
==601709207,133526142;1249472153,938123110;47855664,266549067,604930110,1535267470,895569315,56047044;1
++1889075538,2097497626;1901010929,980836957
==756364080,1993240970;242829630,467296632;168568085,449045672,1528147350,883655947,809877474,1010318547;0
==454672996,1883132425;498730984,439289592;1115133125,1192858747,1924854001,717273759,1716638561,742250824;0
==484469021,1133559502;1094294245,1702243223;1989237356,1791240909,557035225,347701877,483567768,1008286319;0
==120034766,518336760;171373563,1996029629;1261873896,1468797454,649374230,2009850913,1629530415,382034771;0
==1060124662,1512085345;331553517,1452421660;1868736191,1828315030,101228353,1678201917,1531242429,1270316709;0
==1458689940,304161342;838236443,1700990249;1399150567,1492675461,194796909,1598206427,1090554245,1207438943;0
==495537969,447202489;1125118311,969661226;1946812208,1728375447,1875025979,366638806,1376668348,1716124430;0
==184303167,1756225992;289840641,1955929613;841864308,1414239447,2013366070,1624697352,1628709327,1522684211;0
==1196225986,942576716;893071408,36130112;708675394,2114279784,1391944809,873916906,129434531,352227298;0
==352727146,936930793;1453532964,876887442;207046025,990974976,2083516211,1536595275,1637561358,738514184;0
==2066730568,284328442;2080465470,1480742518;399212923,783850899,1798742671,961372181,726381913,168596262;1
++1615623360,57048172;700044518,1976035193
==1600178615,2040386464;1897959453,1509714259;1045045182,1341311618,1008928174,1694773483,714904728,920505891;0
==1997450060,1681434477;693944348,113251368;1282228583,1827570151,750252800,1584349993,744132308,138100539;0
==1333815608,491395916;1305706703,1332232322;1456288605,1706303467,1194190924,1688325929,1541298233,2086091394;0
==1678391752,725583010;2042849374,2123643541;1527866120,162197641,343242571,833919407,813769774,897611946;0
==231371927,573020722;1047659517,940813416;1910774024,227793538,1142627679,1553658781,1483174217,203154753;0
==1540982704,574837493;1997966597,1084964772;737682336,682940275,581724549,357727450,935983143,140296394;1
++892259187,1628042128;2110301887,457142008
==1418789723,600656792;1873827651,1125206755;1585887407,1765769370,53570189,172382566,1627766128,491355493;0
==1483236513,1655193365;387239934,1893053036;103090408,829468037,1931599497,909122273,976682061,354836033;0
==494994011,528569176;196903208,1201189590;635616561,1398716278,768537637,1039072943,1913022628,1816306563;0
==67843178,1021784713;460001355,95228698;498318245,133481527,1242311038,739200747,461409278,224150216;0
==1686904498,753235411;1612190738,407547869;1764697701,1431520317,1851553976,1862487093,1978454016,1522925392;0
==205730833,1195320594;1764277910,1497021665;1911012508,229598766,1598697450,744639279,1702080229,1885687374;1
+1767588683,874890423;2108780518,1992114761
++2056217298,106628972;2000983448,1292352618
==612805928,2023062279;1578423126,1843904220;1044246320,789884698,854914874,1868414360,683608631,959695647;0
==190888893,1672186138;177816899,19071461;1934786251,2018299700,339915895,1030847887,96199827,1753547509;0
==952071711,1332527899;488592178,559747258;1386386375,1251648614,996643833,351416561,779985446,1739176864;0
==710460290,2083284627;1725394000,73102994;445038656,1513776621,490925246,204657306,110439794,1803808004;0
==1945043259,240494906;1088528477,668772101;1325339233,1847850883,1823899225,639745378,2085200200,179876207;0
==1677419294,1583780235;132020019,1064371856;226105997,165606655,4623070,1502856912,1609267061,2123955071;0
==1402862278,1849293816;729291144,1370487310;1422586200,1699387977,1293166223,2143144728,93107556,406494668;0
==616553121,1882197614;817432306,939696250;2129756241,764706511,219372708,1578951158,1264181595,896108846;1
++52964562,1250028630;1271882611,964164068
==1578689179,621441549;345081217,59986807;987346878,77264922,408819380,393314230,1934537491,1826580359;0
==149140508,1271274689;224912214,210003898;1036138173,984294393,1266841866,502235543,1654066729,807637381;0
==635727276,887966695;1893120383,1442470942;1044780157,194826307,1090432413,383784062,460906559,1878161048;0
==309219327,475340254;770071723,232632802;1613983548,424903595,1541335677,427075091,1853543011,72462849;0
==486072539,56794352;2051885443,1963101627;1302709724,820147898,1774947412,824221257,1769352147,610910071;0
==1365467193,362354014;2111173029,483148;2030779250,1807213644,545627883,333503263,1443018807,36623379;1
++1665882697,729308858;1719042277,1031308617
==351061767,1675296985;416816202,865984676;337847989,737939693,1174860381,291969771,183746409,192527652;0
==838390958,465181044;2067505310,216414935;288225221,1075680425,246673962,1268283962,1473381283,1232549561;0
==680887864,349392769;1597361200,979846618;606627216,944994727,572588463,2129257755,1211453454,1540037278;0
==1173408417,781877158;1151569606,853706346;939887395,444752267,1455764328,647063346,148846774,870580905;0
==68148395,1610465703;530243608,942470349;1495542640,671799759,1630314074,1891099809,1381926848,1596341845;0
==986370047,339124670;10756444,602670533;1028532892,699803675,1420994878,36958261,844601808,1263922039;0
==1762432981,2060664812;812704179,1339048453;914064235,965526491,35924120,1168279733,1690198060,1685619249;0
==436533947,134385276;183396855,1529667497;1091626331,1858641096,1799842402,893308876,2133446090,2093049479;0
==938356840,1002751944;404419284,1282606261;448475206,340265701,1686431974,370000499,206435092,1562608483;1
++1231216212,1306794274;627307616,1044866892
==1395728108,160239017;258749698,1548422524;285665406,982509575,2061061122,1201756185,503780867,349757532;0
==415697733,1593203956;1591214089,1026158139;917375166,1224329046,1982954310,1636855328,654750121,491865462;0
==699354236,604612201;387442669,1141747177;974365195,232352780,505312801,2026264705,575685752,1546775924;0
==2048599723,23780434;1713175131,647826430;799674478,561350182,806920923,311156574,874432208,377462132;0
==1162604758,113778231;2142889157,1144346746;1703904199,1546368619,459685673,1392773926,1688245631,1620447761;0
==214006056,1374201420;380982329,2071095736;656127231,124203212,120733911,2061867828,687790681,904292678;0
==895704199,1657482143;174081321,13713948;1055109965,1364242700,1025589861,46398904,715198304,730993294;0
==1257234996,1825019455;1941042180,765931297;1510163494,246675122,918179277,1176636913,1678107509,510464304;0
==1972210551,156336069;240471288,1403556131;2039636895,1015902519,1547734003,912065197,1611018817,1923133029;1
++704077173,1111105399;1555759408,1364884567
==1719284903,704867852;33996511,916514778;698697191,1347498767,1965446610,2028916649,819213315,1904038446;0
==1121015094,972162916;416808066,1867946180;1358351177,1004440860,1593839672,1336289090,2107413448,1616339337;0
==1859567059,1107324986;327898335,1462205380;157386905,1462159859,1195815703,708150011,729524538,891851546;0
==2079264663,429058954;1635849161,1763609954;600629465,729173894,1474613409,634316463,1166197380,827612958;0
==196025996,1449253748;1500080918,1652989551;1717203892,977062245,624849128,1742133253,1780029664,1541190393;0
==707541462,1732380032;1384179014,1537034369;763117199,834319587,1764894112,1788877568,975001066,596387031;0
==1719645807,803281407;1687353021,2067647452;101449667,759867271,598983173,1399243854,1973130851,566699994;0
==943523945,1045311375;1437240015,2063121630;1051647061,597069863,1783780680,1859246867,1750912365,1446294045;0
==832740968,916111981;458322296,1860563061;642880162,190041852,1584231916,1055474794,1008862987,1392126473;1
++509094978,1710020720;1757863371,1979215592
==1149787825,2024938284;1187928003,52341658;528544003,252503631,345477559,1407610615,516097876,1985462597;0
==1031149414,2070794174;1479712482,154715068;1207549907,984807061,527360374,147602669,867525546,1580696561;0
==1693461558,20255370;1347125299,303220334;1502010346,674254807,325430660,878305128,1642285671,301398812;0
==1403775370,1678922254;678932656,1206124134;1864201294,1812430545,1537890664,1417694809,967131647,1591955918;0
==1760715752,411103310;1947288374,246016979;1122659390,1972766062,6597562,305661934,1163920914,407176815;0
==918228437,871997416;1541381523,541827049;926028821,1644684317,1273258135,415418383,1134005310,637548154;1
+221147258,1364873804;73286231,890601318
++1622414276,1816242572;2117379198,1101889268
==1727654185,1116360196;702059074,216425719;1097739824,1316362246,1757470423,1769046305,1385144724,999634737;0
==1546330932,224716348;522369694,480647913;1888228941,2127079633,1610568171,487531612,810937637,824703866;0
==1928555447,1665522273;2132511468,1625006042;346015060,636725671,985570100,1402490631,549064173,1080205756;0
==1763426463,1616938253;1502335470,1152102429;1894988082,1067519532,1530403078,137893861,1688710886,1761544253;0
==574461373,1019790149;609265014,336100814;875710506,1607305738,866586025,1188342545,1890605185,2046842047;0
==416061464,2123590573;359836465,1113435377;582581859,1799113626,908993845,2099301422,860098956,1110411017;0
==440045249,890318771;1138675909,1620722961;1835354823,1137824483,1823756123,91413681,1862247245,1676260780;0
==1379583607,1094984834;1016802071,1029281938;1383611583,1735499732,182865673,1537909114,1642714838,690471642;1
++1789760,242123870;783802664,474696937
==666737122,1227508398;1033342106,817132240;2086395797,1673845339,1461285454,1572517938,1848459015,890426699;0
==324300656,1307769660;1237798616,1986985979;878581969,1762505398,1828883591,1488363930,1308124393,447211119;0
==1933235156,1434210254;1524795624,102109560;202968614,1794054547,1431203818,882680830,1179406097,337300301;0
==115954376,388640189;1381457520,784099313;1931691511,1169622345,1616312436,724601025,1880611909,1973058027;0
==1079440200,1879879044;2026633049,89969024;1804577562,1361294345,1108017208,1665953042,312666229,565348711;0
==1759883396,412389547;1639762162,1985869263;1727437697,641896795,1894807669,1331100897,1504948129,1368735894;1
++1504032622,698019544;1106996794,149914124
==1478825291,222915752;1583619805,1200685534;874342992,1083914482,1743529624,766854464,771129783,737565738;0
==1394332123,2054766256;926353445,821198799;603546181,286763125,709423133,312782026,1123391469,1792802656;0
==1951018581,378024514;2120643894,918275301;2111144475,111968407,311887701,673040411,70020758,552070190;0
==1317770714,86557265;395630925,977966893;649660610,933445943,238796519,1921251586,2005875429,286970729;0
==169730604,2117163543;315346751,1662652887;1108328641,483569006,2073574545,2140276062,2420376,5107132;0
==1375263779,1471220862;863891454,1730100448;384042199,1291118527,1178764441,129791383,1669321030,943783642;0
==628278825,1902145328;2110779046,1600456039;1734434392,398045282,423532355,702258435,183890563,792112288;0
==107994141,1633669385;741346392,1734840453;28550221,536735861,1418175880,629094794,345441752,942235641;1
++481902092,1567712294;777659767,71750393
==369947780,2101513155;1518388766,1841976792;1580926369,237288714,312320540,1166674066,1844467825,1251389995;0
==1948923159,1023418220;1154040446,185685305;1912992529,2118134567,1564460539,1230555623,1353077108,632156861;0
==785288947,1773543259;1565317349,1266131079;165665058,588482006,1710608304,1787325437,673301469,210312795;0
==2146096845,2013588389;468960153,2129560440;1310620782,641782103,266697705,525630565,437340330,1972498104;0
==359876869,1878653156;1509557653,1387874744;937120554,1925064948,1263989055,634564279,633116530,814579859;0
==1585812304,1064851208;1542451765,301069846;1002677869,353815376,108624936,1625116769,373325826,149038546;1
++1269477377,1844984430;1869111578,69121908
==693421861,1988557976;768255627,2066974175;1360629581,1787605537,1767479334,1793463456,1463179035,230660309;0
==1765840054,551494596;1062796776,1910343083;838050148,1273398018,1002808952,1693240095,1572454102,275380340;0
==1274538606,1838795058;816463783,350137542;1982253866,1007723989,2006657691,960959072,1004506699,916774622;0
==579721235,1674364395;2037608524,2145441703;649943390,376854187,2048737411,1129694704,1478316396,706500003;0
==2093827989,285160414;2118629117,1556247251;497834986,1970241563,181607571,233867498,901301891,1275382895;0
==1645790734,2090173365;918228335,1560154027;192809906,976460406,1317802995,1251808624,1052229761,1481974585;1
++1603204127,796195846;1209406681,279898948
==198334361,388128052;1405710428,484001783;1604061341,1708491234,45753026,1549785444,2104466049,1323222570;0
==771591466,382416817;1838069400,1519181862;1066419952,2112700630,1617023750,848828865,1803687104,49884465;0
==1597036754,258176891;272065895,1584873203;1129966099,1309341199,35696255,750004545,1443983759,30274394;0
==704186384,940799651;122690147,1699676794;699369796,41869576,1914166802,1163796589,1171302572,1929915458;0
==685334495,216035317;2100512772,680246459;1439437696,546922777,1191704055,1248463679,1178709017,1936915984;0
==637742086,912712021;699738373,1032001752;15770916,1790599622,733649989,861124782,12181371,1097463525;0
==283505926,374986766;1076220128,1140506714;219568104,1592193563,551883547,2119696669,342812118,1042389793;1
++1706562824,1894008178;1479243009,1296032933
==1480147892,1488948628;723729182,267645067;972579115,1993748544,383715377,181817417,1142263881,2096476644;0
==1220168333,1663631592;1280154887,571720116;1093062745,423733877,144923702,2075450572,557505308,23029208;0
==1255354971,448343078;622465185,984850581;274598273,1740975750,1400731402,705938977,423926493,1379146639;0
==531139067,930532358;1001181559,143972762;393256380,141954258,29896264,1995008994,923608654,1889620034;0
==2081418594,2030724720;1713743575,1833648763;1275468922,1579434752,490068679,1398037763,2088964122,414512454;0
==1397953479,1205170851;989825911,1033171776;1878017291,476839376,1335771147,1612478934,838344194,908735567;1
++1863600504,1538337820;323340566,160450606
==160071280,428459703;1181030665,1025908792;1036466115,1154594132,2145667960,204453314,1404195726,570464132;0
==600654128,1052135200;1601303111,1001737717;855592213,1840854247,298998178,1064826070,1693758959,1524712449;0
==1355167904,2012236927;840933148,776949079;1616905356,1286551018,1245770847,1022049327,1318501544,686478213;0
==1263259903,2095024594;829956111,247079547;690795495,1403740970,853916825,1794391283,236237179,716262029;0
==1784651535,1743824934;773239425,1987130775;1040530925,1737302895,1923247283,1640290907,1732629312,682336391;0
==421578578,196124245;77291089,713052940;792587819,1493052739,1193701214,2119011538,963801389,306082071;1
+1282385829,745304893;1513870722,29933140
++843725865,165101975;1390840382,454907119
==1270130463,2073180567;868762502,2042418076;1229841955,434037792,1279331105,2131089034,576435528,228072898;0
==580290871,865677033;1269424594,1127613935;2074950472,323973926,900225961,230638404,887072757,277828519;0
==376957513,612206899;542215989,1382173386;1760780744,1372998602,363555454,1475169660,1035212973,1040870387;0
==642686515,1356367448;316308112,1112586566;2158268,392986984,960175945,1668821603,536871620,136747346;0
==1852838460,705829735;9509702,2018026724;1954428473,812662211,74588725,521793522,1491451112,426675748;0
==1246207281,1013914724;1829607702,656745090;1643682501,684435043,1910429142,1405825892,876807679,890941983;0
==302390614,1224877253;1778901756,940062044;701736681,271478425,1745005139,1873634062,90713995,1876143266;0
==104017202,1713429673;2014133406,571985894;711732881,1346227427,402752494,256266410,1108367781,1212492829;1
++1653921140,544322207;1535780916,1941060190
==771052025,491497519;2093073219,266151449;1292958316,588298119,840895053,1821684856,1833830229,134796099;0
==1539430530,1492889951;442938135,539483409;69667745,395828627,1965579649,708736437,1704441133,1411002342;0
==2043760156,143371528;149121778,756046467;2043201231,340721288,797442365,758200229,61312293,751958840;0
==144238806,1278357848;543552884,713128232;1368053730,1024076736,1779536880,1418132361,519194374,345388131;0
==2078109214,1481470945;569817587,1935433829;1450528031,183111150,1919217184,1343995682,878143028,1510757508;0
==1540803305,1609448187;1529482755,829453000;1899834063,777837713,947384885,1232470551,847588863,1339457136;1
++269030178,713209631;819637913,1408228066
==458794938,618016994;1481762130,1783194893;88157625,1074897452,1653150704,22501480,1705248996,1021988021;0
==1180385647,1242159108;382429946,1572832025;480506756,2025910399,440504721,749092165,822786872,1338143881;0
==93005328,962477101;1858168471,546685824;451712,1488199823,497648795,1718723067,662565726,2121436357;0
==1553062669,404048343;240440402,1390097252;1902863897,1288631916,321851036,1344699424,1611535041,467444966;0
==1317782151,153883421;828199000,173297996;98477832,305428012,1502565198,1678559575,1419131587,1428520767;0
==317801128,1473160341;348084572,1205782873;580625487,236072609,1960969169,4986066,4566598,26974047;0
==655769819,2088713320;722936339,1639811832;1411749973,978011841,694507319,738112462,994417591,635666997;0
==424958745,2118537671;1003432424,576693170;1806684785,1242007928,224091006,1160333847,1483970251,1765325712;1
++1477182498,1774914078;1882378656,2046413566
==1122133755,1242493023;643463068,656726043;179173938,1253700471,1617394649,906597016,523617975,1815479181;0
==26689992,1800452247;630173243,1732991616;1428849968,1412532052,2070279790,905322058,1159348022,486562537;0
==2012752453,679384223;577265358,445372805;1352448490,439324416,1430974451,1313016443,1933516522,1247165977;0
==1081353370,151558935;314461843,414893677;34308886,1253627811,950376244,803009571,393043749,584634568;0
==802734601,1757438498;2147070684,1867946424;1604981773,591026050,1662479735,805290645,1538694715,1878155164;0
==251109093,1914290698;61653503,96003998;175060643,829476607,1413967271,1023428552,1436191828,1908806798;0
==1460033954,524590292;1402879041,1162336690;1475308851,389242519,184422929,1909959830,758854702,872813553;0
==2002922934,1612911983;898623518,819733194;1643026965,605733322,231731655,2023347637,520108765,1468369027;0
==2131427379,185150412;77860711,1997398122;977983999,694028805,1841960642,1612461520,431908735,587190961;0
==270358373,1567266147;740625033,757030690;1638245157,98898092,770480602,2034711665,1697331333,595042648;1
++946282021,428851210;2039954189,1165387876
==1806404192,581709547;1188849858,1959562885;1181651188,316693114,598678780,1082984868,1522916537,408121952;0
==1992864630,840951131;1041446080,1022727393;1000210307,2085078551,195339269,214065716,1552119656,1555157936;0
==14175979,475103133;306575941,1083495475;460997579,1339117169,198915370,553698648,1982383013,1741629012;0
==2055172443,655004397;940181736,1446303940;1534286159,1308566680,458819704,1762570158,1935429588,383038294;0
==2105848281,1259773280;850362178,2096810903;1543874470,1856446495,1814823841,1781241150,1093997191,681487065;0
==1281308205,1724866562;1770267148,2031035704;105060826,1244800903,1447137637,1708661474,2110733420,1720748496;1
++1205125355,422699091;23431716,2028622037
==539974003,1471259617;1966388126,1615438650;1798212193,1989035999,676661877,1225158026,839422838,1151758921;0
==91711325,1453239843;952178725,1077509422;843879899,1415414191,1211303059,658375307,2134942056,1323224446;0
==164224305,2044541423;260115114,2056064809;1061581137,1591066672,703800369,392008079,2124872301,261547010;0
==2007795992,1942129893;1162099122,823011780;1766583016,1189860400,1382866369,2120481405,1813806810,354558591;0
==1417376369,2005785504;934364069,1969143677;507560787,176374882,1348026693,1199463599,1735161540,1932456127;0
==1092578,105347257;2016058513,475332540;1115618826,396399010,803669539,1690783829,2017452778,1013511413;0
==1850231824,2005183186;1142226584,54045136;2128030609,831852201,47953485,1337878254,716308760,7391649;0
==1410584151,1815695453;959104061,1562861465;233722988,1421217760,318293526,1964560715,1402334374,773500596;1
++428203514,904544176;606954934,1833098678
==1740464476,1644107562;1490583304,833615542;769540170,1466142894,1680001125,24996216,761507448,1593140885;0
==1795121378,290238006;2077072269,272454352;168237130,577049625,864176843,11356329,1903808106,1747638292;0
==1474749077,1139857568;1877769490,1093707006;132333452,1103014566,1923411386,827020169,1291445440,2043459850;0
==1671569754,1372006082;1763785267,433173881;1560723292,899719996,1104846800,1475947218,1792102339,1428714177;0
==1812964948,1929138367;942119193,18678941;62260554,895546104,1612020273,150428313,742578511,1231659255;0
==297140171,453239958;1409802225,1438750872;261699297,1439525162,1736736180,592477511,144598495,1204285495;1
++950728857,207827171;1992715472,1404510138
==1356546711,1316969634;275269351,624094480;2013596475,1980209905,1084453639,74270070,1243510891,42061531;0
==1052591861,472079499;1270017027,837280730;1786261679,1113263084,616719016,282070014,1274749251,1376980689;0
==805863066,447411321;797292963,133918715;1792233201,346066393,158231879,1864146812,110947816,242509169;0
==2035791562,218185200;1796396426,990845560;156445252,2048129972,957140344,1553629515,1912015110,1412471284;0
==1766129628,701418580;919197017,1167698104;246548751,402471174,21962764,1390159063,1514105484,745958784;0
==386630649,859046928;1463951113,1255097606;405923320,1255771871,1028198346,802570097,482909534,154302853;0
==493227366,1223533829;795963613,213866421;286385847,446986371,842256307,1335127641,1852133283,1961689611;0
==197451854,671901126;1864796096,1487382380;405669271,1336145197,1660912395,1206333616,620133141,510531022;0
==1092262978,1246963282;653067528,387716105;1568112011,1015952696,1914416355,1254697724,1474728722,610879044;1
++1991143800,2134092438;1268348241,246919549
==1866679271,1503225003;94969241,92271982;992715506,1568775805,932898918,2135362669,1443497379,846966089;0
==64481106,1333023075;1711114676,320825943;1004606898,1319111624,1939656931,235085329,1366938648,1277719969;0
==922197190,935765579;1159343280,535447941;315923921,1477994905,1789753025,9476666,2090692155,1664900611;0
==1253355923,1077913391;853404494,1982136516;260626098,714529788,1529216471,485559663,177863306,44248189;0
==189445155,16430060;663611645,354977185;286614189,646322036,795813667,1105089069,1449277032,9242611;0
==1032218567,1061292789;1911304071,1960493408;977246143,502533843,1186541793,1075930459,601503754,924341146;1
++1476749586,1721316771;1097354536,16885933
==1513922118,181008256;1750894692,1480688433;769843933,1265719230,173818680,1740907077,997347904,64956664;0
==115436352,82555562;1584033380,1489647606;1304749773,457823873,66282092,1103315649,633729023,788735017;0
==1765102648,1001316417;1871873748,1245013212;1353480854,287354070,413302333,543009601,310222562,1700426849;0
==588402194,1872295086;1774668916,1074402336;1495044769,1704294033,1703471487,752724920,1316153198,95777891;0
==1817074113,464162950;1336023424,609291234;2014839915,2072049891,1325871002,1557451691,1670734502,1680810236;0
==1533722121,652841962;1032257329,1139527280;1697868543,1882200145,692351386,65927259,1131118165,61940702;1
+1061500606,1902186922;1099031475,500202776
++1335893497,1368405086;449205264,527716366
==1221446528,198508307;131435616,376800128;1694604543,1123781092,231165648,1441900394,565541021,1216924522;0
==427033767,517056218;1703779363,621725839;46672007,1893014507,198840920,1381389643,1887717565,665464476;0
==1460449665,1574918785;1485415667,1886097766;387323618,1435530016,226070117,1439167608,614127559,718679477;0
==1610196560,1539788136;202679257,391698200;174297139,1882991406,725228909,253314824,1448886551,1405597730;0
==530436562,598813626;751733871,1747285795;885974784,381846760,880571106,1853323043,886324335,1462484178;0
==1611386894,546341791;949694788,913844186;2032291225,1398154418,927884899,373285527,1128501795,281482425;0
==894222139,264509871;1871112256,1289176361;1242738451,831759439,2013718683,999202874,136223282,1768848454;0
==2094964611,1047645957;1775025356,620165679;1039042774,428108851,1523404705,1827674566,1918773198,2103396813;0
==1372661162,867174947;2036761076,1787673824;555833256,553865399,1631020240,1636881578,1058026816,220816728;1
++281012289,82931685;345760276,1502828334
==430127596,127684556;66874193,162297701;1443478522,2057888475,886845434,907614857,2012125276,1656749471;0
==1586486081,1938561881;938286327,1369333146;1057359664,1082821040,1281964266,996964423,1860855759,367194005;0
==1419701947,213242164;2107118474,2018249845;2056925756,762532455,198590883,1706056808,705451589,217025283;0
==1523774160,1396186156;1792314199,1495806591;606245396,1352491712,1146702822,1822170842,430314359,521535226;0
==66258246,59491786;1616334792,2108931861;1514017958,1941333770,552197764,1877346083,1140762210,1987782430;0
==482021544,1426060151;864972262,1466101456;762237742,2121713338,1184150082,538204609,449092463,1548284778;0
==2106596768,1966462905;1378156869,242042850;28108943,235330380,1890363363,463927867,4957356,1245288460;0
==1816641384,345186349;1764097764,414883085;1679000920,700546892,2052951345,2124327464,2011093789,73756995;0
==1533767697,308375122;205780152,1827658356;1816784473,1473131570,310230541,1731252833,1126950062,336213229;1
++1945089882,1501234525;1797654823,786243534
==894054223,849516815;89106343,337795352;1542159411,938385014,158589493,266368569,784287191,1690910710;0
==1766331259,982741610;644671004,1125994093;1109334324,1571162128,1229178652,935193886,788429831,1214880381;0
==269560304,1532805633;759052294,60612051;471811488,1714056556,291255052,522062378,682766272,1243165803;0
==384575157,1352708606;1332125639,159931983;141300187,963660618,1354342912,1627413978,656794240,1839105019;0
==1709357732,470707511;1408055015,469608026;389132494,172216033,1136588513,828312283,225226466,402615954;0
==691006212,2044532652;47873822,193204130;1269304511,1218456422,231933320,788509556,1562133353,1602903562;0
==1475022149,712653519;1060524370,1130894123;531002382,1063555690,693887263,1295850469,1877197150,163061884;0
==1903270630,241977156;2055702585,1977571933;896664756,1085254268,2051507252,899254811,179239722,1912475352;0
==1959183379,1365738088;845040233,1869621336;1431191577,1126515337,1337775181,1278900124,477039598,1768520896;1
++1678645560,1495152196;769180468,821229309
==964329507,105717006;358980311,1357015382;2087816370,1559336558,1284475157,2023239283,2078416632,982372677;0
==2083670824,1234266208;1707732848,43799879;2081511746,1850192592,1719997431,136199319,716644702,609755565;0
==109445675,878322274;479855540,1478311215;194314603,70867602,378065771,1434475618,1781846460,569356531;0
==1952424677,1528737156;1788203078,1531424830;1870662965,1653818356,1611341483,773409231,1823823751,1069473442;0
==1584611150,1757481234;384178590,897278661;843904034,920269412,240314310,232804002,1554265148,1405065684;0
==1758343036,2119956186;879701305,965678923;1824127287,1852234460,974349847,853121968,1433602782,737013961;0
==1083564999,1378081722;734997247,1322629707;630066987,236506163,12192126,1536411044,192960495,510236815;0
==1393391695,1263232819;1009626124,377687184;1036373340,120493793,1011714622,556733054,789038778,779580185;0
==678367114,1125898456;1204417961,421460898;1034539522,965096899,1140973802,1572473523,2097262276,1351674210;0
==433638409,1923586689;681953690,345851354;530321970,226817788,1543070800,1946584979,437703775,344814246;1
++1848711154,1815756886;242709572,118217033
==600517558,1104665177;1510621699,1921505691;1575432480,2122749597,881935624,1372976484,921212539,427732006;0
==1088347507,1954787215;696272683,472380134;1305482178,783358541,336397359,1651462840,1057278770,73745263;0
==753975751,1991911967;1994814395,1995429253;1973862534,1796382879,881392578,588300610,644636083,1626014614;0
==838766956,448018089;2083036528,162333443;2035326249,335930751,124562660,693436018,1771502124,1649156555;0
==1310636357,1167714837;86793847,2041975377;384840229,330135596,1247249,822088176,386999509,1446955603;0
==1944922099,231586888;226496551,1379346866;960022971,1645275790,754313458,1904786915,1775827311,1027842903;1
++469017692,217200530;1034405195,1469590229
==1469079100,205732117;2044988279,178246234;130284960,1063513870,439896347,637890484,1542018354,145020459;0
==931432926,1681568924;392325115,2003787033;216864327,1648396394,258924378,1608940573,428741043,1648755371;0
==765357197,226004469;1241995355,4120751;894186261,607076755,618698831,1624480283,1273528697,1631456514;0
==598120684,1531896584;1365050212,280382737;598308997,1272675096,1764573594,1306128588,1297496445,1931912911;0
==343168416,23708805;131159047,1887167640;533043925,1146231649,606199224,1789437539,377367893,1253188996;0
==78398233,607099866;1902916289,339403447;1257468244,1881692811,150134496,675930964,195586912,1229222510;0
==1677120724,1329146139;1424887143,2111939808;589378171,1230604427,402600785,563293478,1195067268,1019484382;0
==65695943,1063920198;2135864135,1048498501;1375112987,1793350784,1858094039,476796810,1043927438,25130751;0
==1147515320,183196545;235548883,1527751786;12909847,538755530,1078740897,1928855395,192277553,1639225308;0
==1136735450,973369440;2127804143,1288069242;148041625,1222175555,1931767354,1032564834,1108095363,1598653965;0
==1388801299,718604648;1253292182,1020153827;1557093442,2047898375,1413881743,1115047703,1154608674,1615421828;1
++1006957535,380017222;1456870804,1493092263
==1123956644,626755796;1155565908,1423914973;1599818122,159477181,1861316955,1406745843,456695058,882662041;0
==73200800,493406900;577737530,683972529;1224784109,995827898,619365782,128657925,274747184,1332413356;0
==1702554095,1806154353;388927380,1499915998;1408076483,491478657,906588612,686471182,61929702,131646900;0
==247179550,703713518;514432702,27975990;596669798,535415479,835757769,65885117,1120461716,926968948;0
==175848799,2074555023;79664240,484844125;1097745020,1196163446,808252267,1480684666,639047026,1772578235;0
==1927088250,977655160;1161598684,709228661;1474770500,263300856,1311038181,1757485764,644530799,1069215537;0
==862342972,928338063;1263269016,460843270;1540955204,1130653035,1617307668,1697311749,600163848,2083555169;0
==1388608950,400042646;457453176,1787130172;830406973,2057832983,1173896351,584894459,1855849674,632900203;1
++1529138254,558056631;1258161781,288036424
==614422849,1182300008;1510025321,250522090;178322074,910397263,1300585575,264353228,2079696696,1251314726;0
==1509490642,821949624;918056762,2103635678;783748084,97991595,1589252946,1234645594,90109949,2123685420;0
==608762737,761043854;1128470378,1509510989;773963424,1842611593,1468544664,2132908027,1050648605,1300126107;0
==1798065207,1805027975;60983918,863494135;2041122074,1398115052,1485686078,169589366,1413459489,218624299;0
==165794138,2071182556;1662503828,722180729;1994690643,650115039,2055055365,1072740697,1127673708,351175522;0
==1855572661,1457326358;1468489654,1011183203;2005773459,1943827793,108647798,2146661752,1848013663,1168084593;1
++1622332928,1756848824;2053360947,1631039416
==1571033304,598698229;1609996421,266247267;1810502444,1390448397,1601471359,1486333935,1770040645,307144376;0
==1985893111,328791111;1983356502,643172672;1128098710,754050344,1486235004,380702985,374514103,682824729;0
==151899165,1847407715;411028542,571765255;287021951,351225964,1086806302,2077557597,415905516,2095180817;0
==1398729290,137513867;670303509,1671908191;938691778,887679486,643800132,91764312,2067531932,1384923915;0
==1855561385,895041223;476814782,633697420;498753651,1756550929,1565080679,160791501,790582359,1268794546;0
==1649084687,1571097614;956892619,1917400373;613796831,1520317932,1875754178,56627213,1303484408,1632372035;0
==1077056278,143895511;270579241,2118814540;1421961806,804302785,219051492,814870686,141274199,701629374;1
++793197215,255806744;741696431,1799186057
==1529692121,1460839513;1772244278,192310621;797191203,960715473,1211536095,1060796319,23833019,1117803363;0
==1198669153,872555312;2009718620,1879237610;754067511,1468563292,206296557,701873332,772859359,238428791;0
==1587531272,2139120995;2030887007,24783699;1894226520,1517065703,978364982,1785398948,1574802190,45585350;0
==1655669993,230264209;979085441,530076627;825340949,385094984,1310829675,943597846,1997232844,560786769;0
==52260201,1736118650;1631137525,2016133429;266225916,1423768111,347735628,1832109342,1656822253,945677955;0
==1573374215,1210650772;134812621,1420632718;459050783,418596927,2027717305,169788745,1401629586,643597491;0
==1139585498,162488992;1041200480,172931473;1148474885,694883989,731970549,1733438783,1264738818,783545259;1
+2076878623,1299710873;1184820760,1718766551
++2030649247,230372753;759144949,1517822322
==1115998682,1009849362;1582913973,415468632;42132194,1038191544,1388407563,1039682471,343022724,1815769046;0
==764139645,841907291;359854674,867365996;337921019,657412522,1421884406,513629730,211535687,126915348;0
==796712483,724590659;810349981,1984125303;817021279,1288721529,777502039,1233848963,692266804,71062001;0
==1876706528,1804949930;70612952,805735570;1226955048,501846986,989831196,1949614751,701923328,1943991926;0
==930283972,1362356624;467324225,446844588;1447832280,1821629589,1603418703,881376267,2078141586,1945013286;0
==477225823,1877604749;813009263,1155031260;1464492059,1762063428,1876508443,923978585,1500979582,1715587931;0
==357132510,1802056464;1293756983,929655968;942158298,1069469810,1447126728,1181370386,1666581334,84965412;0
==693619620,627087647;1663195779,1117447961;792696422,612046812,515119698,646095992,1563786761,911350517;0
==678305376,320539895;298344958,350475991;53986439,1645323837,1537385724,120386671,1061499765,1472214382;0
==1041346994,740943406;1761719758,1964775250;975614916,1748133000,1313982230,351312697,470374715,246968120;1
++1264101018,1502046344;1898258238,262030095
==1759288210,383370793;1960695673,1545087568;1985794278,1995657946,1771619925,978182015,2098271483,581024785;0
==1480319720,598938810;1666990245,1158581363;1658401603,409197558,752227737,413695540,1400301709,1490186329;0
==526142950,1723906510;597334506,1978931752;312463029,1327696676,1683281146,1098104486,246489056,1491661960;0
==376467961,1739000754;1338838631,2086140321;1389567880,1009083151,307551690,1711598167,2097891436,1985992530;0
==146768587,1542773759;839093397,1841659272;980799667,1054322912,1344871542,1633044459,1895963112,591395470;0
==1365581389,255447578;674598824,1757857411;2119101595,826684576,120700945,962125248,1567315715,246656824;0
==249065986,69413323;749512412,1591105910;1398441702,1780454805,1556100097,323121656,750977837,1485158813;0
==517197905,88432559;936637964,1439856696;545539686,1836702027,224463245,1856726091,316117619,830786634;1
++1209559060,1009139154;1873744230,810183827
==670905566,486261227;600392552,1301468581;1987435684,1290272921,1990256877,323481076,932672802,1315878891;0
==1428240499,50474940;1190471463,1678882642;1133217959,2071438151,1304946103,1652782724,82264264,353541883;0
==305751216,1654019611;1294654014,443412762;786373084,169159218,1427013318,1557489379,1959992934,2104550562;0
==215715173,156595055;1026463168,159027559;1789064689,439486001,420334221,56834869,1723664459,1863024669;0
==979877020,883612495;160087677,776388212;1690326201,1406454210,1337503490,560716544,981852535,1831388505;0
==457066931,1394962033;2007016608,80394953;769261235,565417711,1513455857,256035307,767632466,1661738095;0
==853249395,1764906507;68725593,1567360597;2135544258,138761974,571931052,125186864,619188694,630377600;1
++514421283,1231274479;2103631717,167127691
==935608984,50309353;1702954414,1466207647;1207179778,1319532158,773448533,1478697437,1385171992,101227733;0
==422311710,1599019081;1232838449,1533630423;1089677831,2101398194,1321090258,1109364338,1744853836,1617789505;0
==648240394,258547656;775747114,1088569531;1531857885,95300962,357044386,1984420511,1540728392,1573999421;0
==1911373427,880357193;1426652703,1760940590;1912072228,517922128,2075272443,41377726,157031017,382757453;0
==290201722,1617652723;661780210,1032236116;1319184185,1626459282,931959452,1756935085,563238157,1746373643;0
==838736166,510077899;1096854225,1405180703;1100592888,69039761,835932425,1104369784,266486483,1505678685;1
++1889306965,1177823273;1724741868,1801814663
==53427588,986340218;1887203028,2051240595;1522970246,739438951,1727849702,1457921116,644751814,430180611;0
==1243547935,1865536444;1415892656,1572281181;1711285626,421902931,438415213,938114174,676715414,650543961;0
==2007618695,1781598656;1191557572,1277913603;1284158184,1223423893,1632165685,1557621504,32710099,1028606226;0
==1362653078,910345750;454831622,445247988;811369537,1534260645,1663099337,1355242620,1242279825,639411655;0
==292994304,2078543004;1120489232,1542590352;1883128756,88718075,451486354,990380321,46703639,795766136;0
==386659218,519069582;1625631696,1973808244;1956163407,732924922,26805108,563359899,1452321183,1361303848;0
==836353863,844289507;49754313,374882167;1848332265,1267916668,414867536,1047505505,1237095424,155576095;0
==775349919,1915041773;682855814,1591102579;366114848,454178063,1903150764,1736849683,1532140292,1868501865;0
==1403382379,965795759;913825166,1911028091;1060582473,1787208127,1610860567,1449770014,1953050569,233494064;0
==1177070792,614413194;1138110350,1201021410;1496256019,375024811,1986103355,518010627,669462471,1768319789;0
==1674322577,1854581259;1836238784,2044917283;1442546217,1565440945,854430570,2120534453,402521293,1881056243;1
++1505460932,1297939521;1075741214,1868683384
==472564585,1070509956;177582520,81744643;1527500363,1630007006,953063686,1976608192,1479884281,675589578;0
==1900295815,1197327183;81086109,1536407859;720958691,1808270595,117742566,1608627843,99928364,451390704;0
==854422664,854732060;259444005,1769856332;1294819724,1225545495,924016519,1493165164,1494002009,2019702760;0
==1756608564,1738724361;23361788,1568858377;984948920,1777986333,1312649674,598065578,1470514534,1497421147;0
==1758676139,293965378;2107201847,1838393650;1659140546,1505921263,634360303,2050796593,1062404821,669669506;0
==94188857,550241967;1088461134,282016927;990553859,94527228,6121085,808713776,554792531,752804660;1
++657596527,559252426;1956843329,2104127496
==1806018320,733633163;1635018671,1155304088;1594955518,1249112234,1147535856,1898424851,1941511664,158070068;0
==806143534,2074081653;783837207,1414775117;1810965030,1374064451,797735726,1699631817,967552861,1048583735;0
==836573720,954586908;564363804,856682336;174014491,1654804856,254850904,198256419,1011457649,27105085;0
==5752398,763785243;958746202,2084610423;709886704,436729687,1997105172,1860844004,152507402,1039465924;0
==56691032,1606619264;137993262,206579549;961220667,1962853632,1850120468,1477938009,839787957,390078422;0
==1887406794,591298438;1886018384,354945020;894194852,143848600,2012931451,2040449188,917601477,1303917437;1
++272891592,288801475;961883206,1939069053
==950119155,286798904;2108052715,1800157799;579418335,701547329,475183527,324201578,300207741,181339718;0
==1118802352,1356468346;1593153147,482039035;53569262,677295033,1832455284,1716600344,745564102,912541461;0
==731443015,800161757;2137681585,231619407;547365565,1116614628,1095432559,379823111,2100215514,2085467435;0
==1147837522,2086146002;1543588248,911332982;1817201297,888304001,1094083449,109707532,1252320024,1419148170;0
==33971233,1584663923;111494605,210255494;48637888,214547609,488528413,839896116,2018512562,1249304593;0
==1280307838,958755166;190253983,909809342;447193612,295808072,1378150950,1605140668,1787453860,1593161186;1
+458264749,1487042426;1821114911,1450808636
++1330872044,132717230;1525368519,580800280
==1480918643,485867043;1516371071,1597415633;2088079455,1612647755,453072187,1704711722,430355951,1608415039;0
==222929429,1112734114;674674272,1662169066;753249676,359140334,396319123,2022537358,1213621956,1027871809;0
==642247830,1983985531;1879526454,122661753;354089124,119439076,924783232,2023880013,426919932,998555155;0
==1947247360,1879460360;1263156855,467338347;1727163102,1208006754,960312371,2086021431,330466588,610714162;0
==1093409435,2051738121;1809749084,1517422904;1249932661,139994707,975916262,1930365210,1226455227,683368991;0
==423585386,160022613;2125577944,1382145601;1231761710,1257205171,1638022300,1910329661,1361880921,393001566;0
==1873496780,1274413821;747079014,1203231491;1439592299,1326316373,233939068,1916540172,1577297650,471638925;1
++1117694182,153038153;1045173155,1753753578
==1864204603,545749239;726558288,37999843;292852944,1068663003,572236411,1772569824,1887360913,1036309016;0
==1303560703,765564201;884956531,2094948768;147023607,425631247,1231544135,763548678,1327257426,986327408;0
==1038425772,2058000497;1830052820,539490201;26995147,621372110,1876717668,747724853,1994441762,352091770;0
==1171312882,1591285304;38120099,1104623027;197990908,1908735477,1774761236,750426707,108463717,1880740482;0
==571331937,1549531652;894348854,349038169;1745313319,210608725,1290044186,1200107903,2006023374,1031560157;0
==1165520899,2083711335;187803528,577865134;412569619,1791046145,79277448,247640571,1340081160,506565141;1
++1710303582,1971412533;1183641016,405923962
==2079034601,1872098456;170126037,751561951;606215516,811966736,1783185293,396473653,597179566,1171207684;0
==1543045877,1467895452;679699027,740949765;540955764,685414227,1630209742,89316738,180118717,839083291;0
==1212073898,1989875257;1789663971,157032057;1345702566,1048147475,228511980,247966168,1959572632,1833870673;0
==918980178,15670557;1174646539,1100377518;1173359875,1325761313,1674809241,1416842329,354468136,1232828467;0
==1358434290,1105530114;2089081417,855119770;509976735,299205962,2088338580,1093939510,1088850309,391655291;0
==604030909,1925380434;353059085,254471636;1863797176,787538074,1359634540,1732531561,1802425778,1042938523;1
++1629615151,1273982848;1996020504,960445232
==999935247,1309797101;749650826,794694982;538645097,67649365,1741365218,1215603324,212226375,900281909;0
==489066598,1845724738;159246342,1358023964;1344002691,1844901858,923712914,208188150,1760360811,1455749785;0
==902137099,1099863143;1026589109,1733784339;1050282054,474504436,919625597,1706101392,1135372164,951551593;0
==518514297,971047852;716614408,748829539;1486466749,356283643,1913632656,2010265078,338105501,2076115811;0
==1781234605,716075697;1360621906,2094162429;1746762144,244961661,2018077575,1939943158,181998110,348660132;0
==1082599107,2036063236;58075845,1695997715;1503006979,250795498,980068062,1236837055,1764819549,959505782;0
==392479916,1486628182;990621823,1169438396;544019360,1687107741,1044851724,1632988110,1409586651,1627091154;0
==1679544688,641197319;1416928368,217012562;1155950969,1456483674,2078787063,1413931325,854923349,329327264;0
==1784845973,1233567354;893313207,1151469731;933421936,406104516,1841438845,1413805951,736628380,1739533599;0
==1738099451,491523336;1328945684,2073226018;703475502,664356917,1075921521,404281356,1402469747,1557075046;1
++1528456203,1284306628;865533830,384210733
==1742341812,1076684180;1142738,700089407;1328891,1795361602,1386268965,1807723531,1273141210,1258201472;0
==234236308,777474236;2016453808,612554347;950256875,1645326616,1044747327,1641504236,848297916,538543749;0
==1163864136,844833288;2050978145,1148489573;2026039415,2088368258,126111176,268320425,32377748,1620737686;0
==679358281,693198226;416978210,1773732572;1450065602,1733495164,1759061740,1548241421,1381766588,1138174353;0
==1343839506,980882354;461108405,308142995;110533618,658262457,362984268,529218289,1839619105,1587844087;0
==325544103,1411335196;1151587275,578242482;220216444,1428751401,1415639705,1090303852,46013696,67819769;0
==1174590166,331757048;466458600,1216930873;1321070672,593289121,1021902915,936248053,635744683,870199149;0
==957037278,556945118;1221007338,1645491713;170523817,432004921,2002174654,1691965548,1075168857,893360922;0
==201633111,2056285977;1121167492,2098854345;1649590748,803147874,1631192322,1343028665,1140734639,1274161434;1
++884500699,1246271133;137579161,640697999
==757006334,211928307;2004612929,620691274;10738257,1427126768,1588807419,74663492,1128736275,56900144;0
==19710771,1069413401;1448877699,34093914;1815061664,112728585,1966958510,1001197431,493429120,1622788126;0
==1938139990,1959138378;1149017277,1839921266;24011313,1053030282,1592504437,1157891903,1539449388,571405496;0
==81146693,78019564;1837612135,695001314;53453210,977898772,745818045,1532100596,2084440024,1552616785;0
==1624440304,1262110914;361107543,795834416;2041680767,2101512122,929928852,908250307,1829033222,108176875;0
==788335555,1455334348;290119793,2012914544;1064903595,1222547667,1891880592,1842232027,983696835,5913490;0
==2038847481,2099329531;148099327,1365760752;761908777,749031201,205749838,1635084400,1467765850,139644606;1
++1350026372,1113996504;437073093,692199882
==2074823044,1219622524;11260552,1920377899;1644638879,458608656,231670736,1940669139,531439924,954411171;0
==638240905,1624147902;1320300136,649806779;527632721,363643301,620519795,986150559,272759746,1742814919;0
==1391930885,101014654;644473968,815531619;2046252430,1367904569,1726026132,1270540402,2000220838,941429642;0
==738239101,515153522;1874258252,1773570640;1970560345,1172599906,601861358,2002538280,1462428312,1475758303;0
==717262957,1198029280;1633204488,914403749;141442965,1481358978,1155467014,884788053,350771089,1754419045;0
==1742952152,2103948624;584739079,437483451;2107945479,750787004,1068809834,1295870199,467264971,1088003126;1
++1383398982,1577524726;1221964425,1598095921
==1144063460,478059920;665487589,1368630052;932346866,705205800,1657218395,454698589,1279060486,2077352024;0
==958954624,502528220;1440311123,1955515289;562003426,1434983940,122139439,849803956,1199951407,614260200;0
==403993785,2090273649;1897140360,1057841667;381245587,1347980907,1690246971,1586973064,1564587285,503773341;0
==1852334993,243533670;2066943988,382457999;1298383085,1559019066,334021363,983963125,735579028,254691973;0
==804527469,1845837037;423832694,299275113;1200049395,1267261431,2072540374,1182983621,1424107272,1733635677;0
==1375984650,1620675700;1011297926,404870554;1046651072,1823091850,1984719588,63459536,1538173836,1569880709;0
==221334848,1573736103;1428391110,840135052;310771377,1823656275,1937092936,115756544,1262023594,2120432136;0
==1840844980,478971022;724536692,1371382453;879369895,1289128840,1583036479,1575420796,1444394921,1955567252;1
++285636757,1819082006;47222201,1480765283
==24426441,1858471018;2019517105,1634584278;937861051,1694760938,1630065535,155685355,270365091,310620530;0
==1883915515,362794475;588570889,478535535;1730563721,1190593236,809577907,1808979547,1806076882,596914663;0
==145997512,2019090730;1295066436,115949118;877919637,653727301,1908202417,804313769,1396704431,1757914424;0
==1981353236,2003286861;783295335,980742146;674320734,2095508256,304537704,933214757,584754552,378167700;0
==348528009,995654182;1586817963,1129545517;1962619157,1632298857,1457785395,621397874,180726176,1420237085;0
==1790606599,958465298;2035955676,1949993410;2023880813,1062988844,325641063,611515841,342048440,172543295;0
==1822506810,15195360;261112732,885609102;133574800,116453236,226324416,1416276340,1155854650,988299287;1
+2100384966,1728556728;942015920,2039081453
++387112695,1165024617;2123922226,1025471997
==629729403,1524112146;391460748,596313607;1988374149,505058915,1518728704,1171267214,1521838948,2057462378;0
==1234180477,108890237;1936696687,231446031;1104205738,1923182818,15882391,1703048454,970327735,819370360;0
==344352472,813243656;266036208,699598512;1649556273,1042319151,1905677968,503170929,1924851211,1260470140;0
==1701496141,1294445884;91602749,658910952;1310274243,1491564989,1360846983,1475436193,2074153206,949415522;0
==462573537,1020491624;729430113,152628024;450962086,536453140,1890934979,1960656434,96221765,689189363;0
==1606273634,227825275;1127309272,1870011947;839122909,1191915384,981441746,943083949,391392475,399510584;0
==141198632,2052592312;1010988790,1107738028;347756521,125107938,1656042416,1404258666,319274510,536885063;0
==1832237084,717412317;52872482,928998252;2027634176,1403352347,1744404179,1845020900,1004411067,1197069231;0
==443414978,520731451;1509623523,2117898963;749539325,782392445,927219121,521449803,1077201831,526327553;0
==393617814,949297876;675801838,881153844;1108906528,817728819,671360195,1692175628,566521314,840638141;0
==527990042,649107898;254043744,78398194;441801466,2056603058,503005540,1083519690,1048954635,1368577134;1
++777121783,929983828;150642567,1806551516
==1387562217,1595442353;684501565,564009046;1198884549,298092663,1010359423,553772725,735013656,1958180008;0
==83799634,1923281213;113454340,719697864;171574393,845026422,419282565,106121299,1054407133,94274838;0
==64136995,293209888;1203026417,2054531270;493442254,96511974,583260991,1251647185,1395329940,2104221822;0
==800259068,1537032923;1646556166,1244303716;1436396396,320084754,176523351,1979007657,928805194,909198806;0
==52312377,1712151699;1281050587,1739031498;194792518,1513981627,419021585,2015251249,132611734,769460119;0
==866575242,711613868;875876190,729245233;1230694385,1192341830,263312811,193206357,1627156608,1479201739;0
==667258515,2059317100;1119188856,77058353;1488318215,1737373483,632339655,1842062824,418602379,753158571;0
==2079776434,783286784;1636196102,404134399;410454563,528928017,1511662575,720924858,29181958,975350909;1
++377158574,2094799927;785224907,1316435931
==1007594238,92817231;1214358327,1387930010;119559355,1347174549,864870277,115062069,301002520,1796620479;0
==1084879860,2098303718;651430455,1832736010;1820763756,181008197,2126843350,2044300090,7646261,1128266981;0
==1911005565,326062233;1685914724,691781815;765544334,343154429,1950947739,685675539,1022774539,1428544180;0
==1228982974,854273156;1064734244,455520860;83030486,1208574505,52173348,703586970,1442068346,665518282;0
==850603170,1952146267;362967678,1802801871;414448348,1959677546,1178330340,1876894158,741109915,654941424;0
==1962160902,232572394;797002959,991839175;1554875232,573002112,1409345059,1870817982,324572626,2014527114;0
==440631227,1010342660;545249521,405203902;1778985965,1231800828,231774832,790590638,911720251,1173345230;0
==1719503517,1774485364;1767929421,442399675;392378914,289891937,955094648,1885314345,1302143608,1109212280;0
==711953196,2005978722;488237937,1662564080;160125537,1252382340,643273189,1760629863,1348806009,858008582;1
++958938198,299888215;1670528117,1540743752
==957788875,1843671910;370382657,676158887;1927302426,724403266,463992704,521135006,1098206340,546023922;0
==574723674,1153558207;1928623952,729436296;11434554,1232210619,994455713,1469588548,1043075805,707395218;0
==1437053172,1125586705;700472338,1910093568;240729778,1341721162,1506454654,731097105,1130328840,1312844978;0
==620897132,368444738;856635716,749855947;831622974,323650203,442539023,2026191633,573256532,483906989;0
==917223441,567048923;1883264582,1828523427;1795848663,1291252092,916028835,1774854981,814407505,433254089;0
==302154405,63299842;1892882624,1763420956;2123611010,1767246182,1869805004,2088456551,341441792,1806366867;0
==1365307367,201398068;459413056,948169731;2103745342,269207716,1372396593,8269130,1091641364,1430120354;0
==1905679840,245358553;1211870535,1724891959;717853555,1566531079,339330389,843793544,1587546629,1044457617;0
==1153357749,1375589575;539736899,1653221802;793786134,301551927,1791839398,348321828,34163485,12636946;0
==1724305013,1768341411;747924088,1591881722;78943810,569956883,1550463065,2086401138,925141035,1655550880;1
++188815284,1405910087;100700761,580788129
==1422676951,2101042393;1682573139,1133950818;1760261392,1844259042,1331861881,1455868743,944883849,90551713;0
==1997706798,1880764866;1663594574,1203954678;534896079,1628395325,791748182,1940102245,67709972,664619109;0
==1468450755,121289160;453131473,49993271;35264407,1086506924,1439364536,352349631,1779189932,2136846991;0
==1678021389,181402900;862667876,24079275;319197260,2062584634,1830831073,562084436,1620635793,1356682069;0
==513981100,1150865422;1041486242,526547153;1278441942,576902368,1924814047,1582634930,1881190454,422402800;0
==301006195,1530860085;755013048,1988105501;1748839717,208552190,802838636,127318423,937767973,200766437;0
==213781214,1967766820;2058879772,1919202029;1643981134,1610006269,33535011,601653129,857653385,421511882;0
==761735304,369851479;946919411,1648273308;677486614,899606083,2123839597,1986917243,545766931,567603844;0
==2143161864,418529937;521071873,298970403;1590003968,1711845027,1937551665,574438110,1056134742,1021953166;1
++1013987393,1279111450;1695237949,696303578
==271625534,739476040;186205071,1384022053;952807436,169908573,568278240,1874876064,230378009,1490212040;0
==96431870,51626259;159238202,1712066240;1886413428,693180189,620517674,620488345,2088468495,332746016;0
==159656733,916097603;1178614505,1216832823;1185485402,539418312,186239230,720387618,1107607037,850442212;0
==1715264782,41610851;1991628866,899376540;324167347,1378431393,1734787323,571561421,1490257059,947908279;0
==776871567,1488727027;1715252399,338691896;1467940474,2012066289,2011226810,341439125,224267162,2031456174;0
==840202460,2097061439;1776973640,903543690;406891873,2005838526,1226391153,838605081,1082557653,1590511915;0
==2093236463,1790778738;23770615,1640647280;1191867970,1043132609,536146227,1813314936,168264479,1627942137;1
++152413630,871174421;1223032339,1465291024
==672440586,824546574;322658847,1441173254;1110576739,1871662478,1497307420,802663637,1156532937,1568310198;0
==1959252736,1386770794;1018931622,132878499;1939465474,515903164,57573783,1777381775,177149971,1951400342;0
==1368470963,344160896;296516573,1106254074;1757887946,349690207,981423943,402899334,684861918,1022425865;0
==1711741000,1845019937;1281205713,561766443;1534485272,689173285,1699559117,1877724074,82502375,349940393;0
==1844262139,1124348516;2026306770,1687495987;868455607,1701582122,276809008,259657084,1793098643,1208716043;0
==964203297,480186404;239264827,1275495760;97901946,1340155610,355691409,1198029101,1165526138,273488611;0
==381396436,767520603;87799867,1860598107;1745626227,44585002,223337180,2098028048,1866824902,2072167203;1
++802792292,1724156521;192424564,2026226118
==582829571,962601468;505361487,234397045;2043761581,1395699295,2041287806,1326362120,166274565,130717371;0
==237162976,1802375267;241963505,2046823847;2112945782,572495033,1001350515,1421122500,1246336045,119538792;0
==2090987373,1348692328;1149554986,1439013228;1176811044,467167915,52317684,847621213,522473642,370933540;0
==1787468500,215508299;853184984,999772639;1281526869,242498284,1701773070,164493293,236033346,1187123859;0
==416339541,259591861;747840689,921248074;419265012,511997992,2328265,1362960851,1200929964,1392496789;0
==1832907989,135514070;2137889402,2144536316;859108529,1032926637,1847277153,1492855190,1305368403,2013532141;0
==1635569069,1103754011;1138898855,803638209;1169923268,1731338548,463209065,250675636,1815545031,267596870;1
+1616644456,47491938;400470916,548458074
++763179186,1668502034;1991959500,149304036
==1404696277,66357678;1567838625,1660999173;1965913008,1068279749,18689423,2048235606,128579628,317771676;0
==398729815,1180181848;861206086,722796070;34993642,1275789827,1922213893,701506751,1296564136,33443619;0
==8552062,234719474;902283405,583818821;1986417374,379342948,402713702,624863994,1973915384,1083981931;0
==68088137,578196978;1406811434,196569739;1779965596,853072721,365471577,55565053,1788817580,1024072352;0
==748429035,1155221854;1442528299,97338642;1252758229,112542827,1832724568,705227627,585230675,968013863;0
==534320128,1520791471;1540436564,1282065281;1626899372,1535584773,2109388965,139702913,2103264473,1056690956;0
==2043636439,459912150;1880098925,935968582;1259106466,1603571797,1909820572,2142481173,2035222770,30852195;0
==555764897,776907731;1693236977,330668996;1007603263,1746755237,168021501,212143947,966935761,879548177;0
==336490842,110323243;1611313118,1384957887;1033716740,1946890649,2090614168,1969252125,429049800,1911583742;0
==780802360,753283449;2102933879,144981241;990605417,854642237,661303421,674046126,1341513989,617399938;1
++62722951,466408338;1814016369,820845806
==863792225,2063554509;1220085806,1925810920;218617531,1732309372,28421710,747321719,1806421154,781129907;0
==1168981128,47239699;538761471,676883473;30555781,1821434857,844373885,1860093567,1349985734,1366001383;0
==1316050358,1540780729;1456372750,1978145401;597585464,943516859,438572002,507376869,660878009,183471872;0
==496974039,368526495;1860909042,1928421017;1138373879,1285678210,2130955564,1127407968,1866238258,362824276;0
==182043463,1329844530;750260582,1453442113;1230578514,1021522958,2122058360,342181427,1563193368,1562611196;0
==789761952,1290657697;750338403,178359792;2120245612,2052342881,1414632269,1882962816,1825431042,2021635421;0
==1537866994,897900276;740614219,368349268;561616163,336626312,1272506708,2114202621,2114716070,700485826;1
++1577731061,930323002;1220927434,31242604
==692813794,1311959784;371472725,1370633135;636866239,2076804352,20728411,905905790,1545272220,1076169483;0
==2117404569,2035240369;1459777756,1748544568;1175925416,622929402,1521191014,1839254995,720999138,578635412;0
==458879365,1311978142;477660450,1277415348;1149548290,1800594673,1205545253,1684407759,150459228,486134161;0
==1792266049,673514423;1722199584,1475288609;2094610239,1590000517,197346831,1333657892,2079549016,1926008671;0
==1475383961,536173511;1227255205,319176879;1577138821,538133834,2056235065,1696874337,1748176843,1015513709;0
==714030156,71750436;1993010535,1039772296;295787260,1298137258,556509295,1465125865,1313608034,1244473988;0
==1044797797,1828829870;1924424344,1183577768;1037569952,1692205915,1256882484,1656062056,1359855232,692401274;1
++87239366,1070934873;457108797,1484983196
==1971425558,543172667;81066525,1880582217;369610573,1240209833,1622992361,579968283,2030224949,315299677;0
==1581878428,1204595406;1924215275,983814651;843340429,210467131,1777489389,339409263,444219571,1406799220;0
==574323946,1813642695;253069860,640690613;1430693929,1100200922,2131980814,213561542,1725533172,1175773149;0
==2127579058,750038792;1801250084,743168415;447194979,1017281975,1093242040,633962502,281676834,791466479;0
==481904134,1585858583;1294341390,1663784007;1643468957,835874656,2002181966,1504698161,1028581413,308282446;0
==329787190,1299350138;1927529401,1224639689;466681632,129943024,823755559,525775539,551833355,306687311;0
==1790536540,448677221;416873582,1776297110;985353650,1330320746,216215630,1930794020,449535788,42744819;0
==1446057167,500599859;1929994312,103007772;1042828103,1016287985,346434292,1932771610,563282315,907315718;0
==228441263,1045835094;860544635,1554293884;1295286978,1925879874,1929034821,1589019590,545311525,9575629;1
++1184205804,2023112356;1207364416,542698477
==896522119,635552833;1685266986,537151562;1341740606,58930925,1387299887,1372420604,2069446714,903938358;0
==1634126286,2098893654;2020332058,1405624216;1631384976,954877123,1726090676,1850117429,497089399,282810269;0
==1691745984,842956462;1729990364,387218859;1715121440,1596675820,1824153323,2025156098,1800596389,107774108;0
==1663010027,7161836;828775650,1889619406;148520064,1828043328,1060102553,1685802277,1744381796,1799801105;0
==787469983,717834395;609422647,183384802;1530106219,146264445,1930832705,1161882820,1009925526,1780475510;0
==1137456025,2024629276;183533665,635711203;1714936913,2005185575,311297615,454736612,529956847,1100838224;1
++52281128,1057050960;1908251440,67268902
==2062463157,1229814858;1091932248,567594925;453610674,1196569372,43778308,1389496327,1481991895,1494555254;0
==512673881,270036558;1215150704,2079511348;521512637,1188907687,1396144415,1975853697,1375336088,1967538354;0
==755009115,888331766;1439200584,1098519628;819102424,1740456987,394680321,664944950,317824148,2081587001;0
==1626726949,165385830;946233670,55290769;1708897258,2099353445,1610926971,1264646382,854332693,916802911;0
==953360657,94639995;908515701,1947762470;37962812,1341780739,1156611162,894889003,1199648981,118999218;0
==1845954654,337457759;251807094,1201776491;653419257,1365548665,1806806538,2054124900,2032520341,1887422163;0
==1129648121,55885975;53659921,538730592;1745232440,2112800892,1237135307,145768470,2082691969,1152001742;0
==1933942485,897778519;128642699,566413174;334999646,780015450,245318570,431670751,474725972,1720297921;1
